 36
 1.00E+03 1.60753E+00 1.66118E+00 1.68761E+00 1.71392E+00 1.74001E+00
          1.76585E+00 1.81669E+00 1.86619E+00 1.91415E+00 1.96052E+00
          2.00534E+00 2.04852E+00 2.08991E+00 2.12974E+00 2.16884E+00
          2.20797E+00 2.24704E+00 2.28611E+00 2.32494E+00 2.36236E+00
          2.39705E+00 2.41417E+00 2.43465E+00 2.45529E+00 2.48024E+00
          2.48701E+00 2.49228E+00 2.49290E+00 2.49349E+00 2.49357E+00
          2.49363E+00 2.49409E+00                                     1.790E+00
 1.50E+03 2.08378E+00 2.13951E+00 2.16692E+00 2.19426E+00 2.22145E+00
          2.24845E+00 2.30179E+00 2.35395E+00 2.40455E+00 2.45325E+00
          2.49975E+00 2.54382E+00 2.58547E+00 2.62504E+00 2.66373E+00
          2.70259E+00 2.74159E+00 2.78073E+00 2.82054E+00 2.86333E+00
          2.91094E+00 2.93499E+00 2.95551E+00 2.96849E+00 2.98691E+00
          2.99367E+00 2.99701E+00 2.99719E+00 2.99771E+00 2.99773E+00
          2.99786E+00 3.00108E+00                                     2.218E+00
 2.00E+03 2.48461E+00 2.54384E+00 2.57260E+00 2.60116E+00 2.62938E+00
          2.65722E+00 2.71171E+00 2.76421E+00 2.81432E+00 2.86165E+00
          2.90589E+00 2.94685E+00 2.98473E+00 3.02007E+00 3.05453E+00
          3.08965E+00 3.12561E+00 3.16272E+00 3.20184E+00 3.24550E+00
          3.29546E+00 3.32058E+00 3.34027E+00 3.35048E+00 3.36585E+00
          3.37206E+00 3.37457E+00 3.37459E+00 3.37505E+00 3.37507E+00
          3.37521E+00 3.37778E+00                                     2.562E+00
 3.00E+03 3.12487E+00 3.20288E+00 3.23818E+00 3.27227E+00 3.30420E+00
          3.33400E+00 3.38783E+00 3.43389E+00 3.47299E+00 3.50694E+00
          3.53821E+00 3.56746E+00 3.59506E+00 3.62148E+00 3.64801E+00
          3.67581E+00 3.70512E+00 3.73606E+00 3.76896E+00 3.80480E+00
          3.84404E+00 3.86391E+00 3.88161E+00 3.89328E+00 3.90591E+00
          3.90911E+00 3.91143E+00 3.91170E+00 3.91195E+00 3.91198E+00
          3.91203E+00 3.91133E+00                                     3.094E+00
 4.00E+03 3.63136E+00 3.72996E+00 3.77035E+00 3.80790E+00 3.84044E+00
          3.86854E+00 3.91530E+00 3.95247E+00 3.98182E+00 4.00551E+00
          4.02642E+00 4.04516E+00 4.06184E+00 4.07682E+00 4.09146E+00
          4.10719E+00 4.12456E+00 4.14442E+00 4.16767E+00 4.19465E+00
          4.22436E+00 4.23916E+00 4.25351E+00 4.26412E+00 4.27386E+00
          4.27630E+00 4.27825E+00 4.27847E+00 4.27864E+00 4.27871E+00
          4.27871E+00 4.27525E+00                                     3.497E+00
 5.00E+03 4.05485E+00 4.15623E+00 4.19891E+00 4.23887E+00 4.27396E+00
          4.30430E+00 4.35244E+00 4.38426E+00 4.40224E+00 4.41105E+00
          4.41678E+00 4.42106E+00 4.42452E+00 4.42795E+00 4.43264E+00
          4.43975E+00 4.44908E+00 4.45952E+00 4.47048E+00 4.48419E+00
          4.50341E+00 4.51494E+00 4.52597E+00 4.53366E+00 4.54110E+00
          4.54303E+00 4.54454E+00 4.54467E+00 4.54480E+00 4.54487E+00
          4.54491E+00 4.53969E+00                                     3.815E+00
 6.00E+03 4.41235E+00 4.52101E+00 4.56550E+00 4.60666E+00 4.64185E+00
          4.67122E+00 4.71470E+00 4.73849E+00 4.74582E+00 4.74258E+00
          4.73624E+00 4.72891E+00 4.72122E+00 4.71408E+00 4.70867E+00
          4.70606E+00 4.70584E+00 4.70632E+00 4.70652E+00 4.70925E+00
          4.71822E+00 4.72525E+00 4.73248E+00 4.73778E+00 4.74265E+00
          4.74397E+00 4.74505E+00 4.74513E+00 4.74520E+00 4.74528E+00
          4.74530E+00 4.73933E+00                                     4.075E+00
 8.00E+03 4.99402E+00 5.10950E+00 5.15447E+00 5.19516E+00 5.22818E+00
          5.25378E+00 5.28573E+00 5.29307E+00 5.28033E+00 5.25524E+00
          5.22747E+00 5.19968E+00 5.17251E+00 5.14696E+00 5.12389E+00
          5.10406E+00 5.08667E+00 5.06915E+00 5.04995E+00 5.03295E+00
          5.02347E+00 5.02211E+00 5.02150E+00 5.02114E+00 5.02065E+00
          5.02068E+00 5.02074E+00 5.02070E+00 5.02068E+00 5.02074E+00
          5.02075E+00 5.01555E+00                                     4.476E+00
 1.00E+04 5.45458E+00 5.56935E+00 5.61177E+00 5.64926E+00 5.67793E+00
          5.69811E+00 5.71661E+00 5.70750E+00 5.67623E+00 5.63192E+00
          5.58568E+00 5.54051E+00 5.49708E+00 5.45626E+00 5.41853E+00
          5.38425E+00 5.35227E+00 5.31945E+00 5.28386E+00 5.25030E+00
          5.22528E+00 5.21653E+00 5.20830E+00 5.20179E+00 5.19608E+00
          5.19482E+00 5.19377E+00 5.19362E+00 5.19351E+00 5.19353E+00
          5.19353E+00 5.19074E+00                                     4.770E+00
 1.50E+04 6.30054E+00 6.39618E+00 6.42537E+00 6.44872E+00 6.46166E+00
          6.46469E+00 6.44578E+00 6.39610E+00 6.32283E+00 6.23724E+00
          6.15279E+00 6.07264E+00 5.99761E+00 5.92776E+00 5.86261E+00
          5.80127E+00 5.74207E+00 5.68091E+00 5.61533E+00 5.55146E+00
          5.49708E+00 5.47350E+00 5.44875E+00 5.42818E+00 5.41154E+00
          5.40756E+00 5.40407E+00 5.40366E+00 5.40337E+00 5.40328E+00
          5.40326E+00 5.40765E+00                                     5.248E+00
 2.00E+04 6.88489E+00 6.98644E+00 7.00172E+00 7.00682E+00 6.99419E+00
          6.96690E+00 6.88705E+00 6.78944E+00 6.68192E+00 6.57131E+00
          6.46531E+00 6.36513E+00 6.27019E+00 6.17916E+00 6.09154E+00
          6.00633E+00 5.92323E+00 5.84123E+00 5.76013E+00 5.68291E+00
          5.60870E+00 5.56983E+00 5.53122E+00 5.50239E+00 5.47726E+00
          5.47086E+00 5.46571E+00 5.46518E+00 5.46474E+00 5.46451E+00
          5.46449E+00 5.47485E+00                                     5.531E+00
 3.00E+04 7.73056E+00 7.72404E+00 7.69747E+00 7.66469E+00 7.62090E+00
          7.56695E+00 7.43516E+00 7.27619E+00 7.10019E+00 6.92146E+00
          6.75521E+00 6.60547E+00 6.47173E+00 6.35155E+00 6.24183E+00
          6.13813E+00 6.03814E+00 5.93678E+00 5.83054E+00 5.72437E+00
          5.62390E+00 5.57431E+00 5.51961E+00 5.47350E+00 5.43894E+00
          5.43050E+00 5.42270E+00 5.42189E+00 5.42133E+00 5.42101E+00
          5.42102E+00 5.43694E+00                                     5.835E+00
 4.00E+04 8.30465E+00 8.22626E+00 8.16325E+00 8.09457E+00 8.01589E+00
          7.92816E+00 7.73240E+00 7.51507E+00 7.28697E+00 7.06281E+00
          6.85773E+00 6.67537E+00 6.51470E+00 6.37188E+00 6.24235E+00
          6.12062E+00 6.00414E+00 5.88790E+00 5.76812E+00 5.64815E+00
          5.53181E+00 5.47360E+00 5.41051E+00 5.35808E+00 5.31686E+00
          5.30674E+00 5.29766E+00 5.29670E+00 5.29600E+00 5.29568E+00
          5.29568E+00 5.30983E+00                                     5.985E+00
 5.00E+04 8.73901E+00 8.59263E+00 8.49624E+00 8.39502E+00 8.28529E+00
          8.16803E+00 7.91750E+00 7.65161E+00 7.38112E+00 7.12024E+00
          6.88383E+00 6.67474E+00 6.49152E+00 6.32930E+00 6.18239E+00
          6.04501E+00 5.91440E+00 5.78589E+00 5.65572E+00 5.52583E+00
          5.39885E+00 5.33576E+00 5.26959E+00 5.21576E+00 5.16955E+00
          5.15818E+00 5.14847E+00 5.14738E+00 5.14652E+00 5.14629E+00
          5.14625E+00 5.15422E+00                                     6.066E+00
 6.00E+04 9.05368E+00 8.91225E+00 8.79288E+00 8.66282E+00 8.51456E+00
          8.35332E+00 8.01996E+00 7.69717E+00 7.39470E+00 7.11862E+00
          6.87508E+00 6.65963E+00 6.46169E+00 6.27368E+00 6.09911E+00
          5.94062E+00 5.79541E+00 5.65808E+00 5.52310E+00 5.38803E+00
          5.25201E+00 5.18478E+00 5.11829E+00 5.06670E+00 5.01619E+00
          5.00377E+00 4.99387E+00 4.99260E+00 4.99165E+00 4.99152E+00
          4.99143E+00 4.99141E+00                                     6.112E+00
 8.00E+04 9.55023E+00 9.34043E+00 9.17278E+00 8.99238E+00 8.79063E+00
          8.57556E+00 8.14652E+00 7.75475E+00 7.40454E+00 7.09114E+00
          6.81021E+00 6.55709E+00 6.32303E+00 6.10264E+00 5.89927E+00
          5.71634E+00 5.55059E+00 5.39617E+00 5.24656E+00 5.09588E+00
          4.94679E+00 4.87910E+00 4.81422E+00 4.76334E+00 4.70760E+00
          4.69441E+00 4.68403E+00 4.68248E+00 4.68138E+00 4.68145E+00
          4.68131E+00 4.66912E+00                                     6.149E+00
 1.00E+05 1.00809E+01 9.57477E+00 9.32411E+00 9.07881E+00 8.84301E+00
          8.61603E+00 8.18384E+00 7.78069E+00 7.40539E+00 7.05672E+00
          6.73415E+00 6.43852E+00 6.16783E+00 5.91962E+00 5.69187E+00
          5.48467E+00 5.29766E+00 5.13014E+00 4.97865E+00 4.82830E+00
          4.66613E+00 4.58508E+00 4.51450E+00 4.46831E+00 4.41308E+00
          4.39610E+00 4.38586E+00 4.38494E+00 4.38346E+00 4.38339E+00
          4.38347E+00 4.36688E+00                                     6.145E+00
 1.50E+05 1.06552E+01 9.97633E+00 9.64874E+00 9.32987E+00 9.02647E+00
          8.73736E+00 8.19384E+00 7.69514E+00 7.23785E+00 6.82030E+00
          6.44113E+00 6.09783E+00 5.78668E+00 5.50307E+00 5.24206E+00
          5.00120E+00 4.78154E+00 4.58117E+00 4.39734E+00 4.21913E+00
          4.03839E+00 3.95106E+00 3.87306E+00 3.81947E+00 3.75964E+00
          3.74306E+00 3.73179E+00 3.73066E+00 3.72933E+00 3.72919E+00
          3.72908E+00 3.72399E+00                                     6.090E+00
 2.00E+05 1.09849E+01 1.01774E+01 9.79531E+00 9.42472E+00 9.07454E+00
          8.74295E+00 8.12398E+00 7.56226E+00 7.05281E+00 6.59206E+00
          6.17802E+00 5.80590E+00 5.47010E+00 5.16465E+00 4.88258E+00
          4.61970E+00 4.37711E+00 4.15361E+00 3.94633E+00 3.74762E+00
          3.55258E+00 3.45941E+00 3.37337E+00 3.31150E+00 3.24878E+00
          3.23405E+00 3.22169E+00 3.22026E+00 3.21920E+00 3.21893E+00
          3.21874E+00 3.22851E+00                                     6.027E+00
 3.00E+05 1.14071E+01 1.03771E+01 9.91071E+00 9.46264E+00 9.04675E+00
          8.65932E+00 7.94854E+00 7.31874E+00 6.76069E+00 6.26296E+00
          5.81637E+00 5.41412E+00 5.04916E+00 4.71430E+00 4.40110E+00
          4.10439E+00 3.82555E+00 3.56724E+00 3.32863E+00 3.10685E+00
          2.90140E+00 2.80538E+00 2.71198E+00 2.64110E+00 2.57768E+00
          2.56225E+00 2.54968E+00 2.54826E+00 2.54709E+00 2.54685E+00
          2.54674E+00 2.55288E+00                                     5.965E+00
 4.00E+05 1.16947E+01 1.05077E+01 9.98612E+00 9.48733E+00 9.02861E+00
          8.60527E+00 7.83711E+00 7.16513E+00 6.57694E+00 6.05649E+00
          5.58921E+00 5.16704E+00 4.78317E+00 4.43047E+00 4.10072E+00
          3.78873E+00 3.49485E+00 3.22066E+00 2.96635E+00 2.72840E+00
          2.50767E+00 2.40564E+00 2.31017E+00 2.24017E+00 2.17330E+00
          2.15724E+00 2.14477E+00 2.14329E+00 2.14200E+00 2.14189E+00
          2.14173E+00 2.13925E+00                                     5.982E+00
 5.00E+05 1.19088E+01 1.06141E+01 1.00568E+01 9.52497E+00 9.03773E+00
          8.59014E+00 7.78340E+00 7.08282E+00 6.47291E+00 5.93517E+00
          5.45237E+00 5.01543E+00 4.61765E+00 4.25204E+00 3.91055E+00
          3.58796E+00 3.28422E+00 3.00023E+00 2.73667E+00 2.48947E+00
          2.25818E+00 2.15052E+00 2.05017E+00 1.97707E+00 1.90790E+00
          1.89156E+00 1.87895E+00 1.87743E+00 1.87611E+00 1.87600E+00
          1.87584E+00 1.87274E+00                                     6.049E+00
 6.00E+05 1.20813E+01 1.07090E+01 1.01279E+01 9.57367E+00 9.06665E+00
          8.60193E+00 7.76784E+00 7.04734E+00 6.42144E+00 5.87013E+00
          5.37491E+00 4.92628E+00 4.51750E+00 4.14169E+00 3.79094E+00
          3.46009E+00 3.14887E+00 2.85794E+00 2.58767E+00 2.33406E+00
          2.09434E+00 1.98148E+00 1.87554E+00 1.79809E+00 1.72673E+00
          1.71004E+00 1.69707E+00 1.69552E+00 1.69417E+00 1.69403E+00
          1.69387E+00 1.69264E+00                                     6.145E+00
 8.00E+05 1.23534E+01 1.08804E+01 1.02711E+01 9.69025E+00 9.15949E+00
          8.67393E+00 7.80616E+00 7.06137E+00 6.41510E+00 5.84504E+00
          5.33178E+00 4.86579E+00 4.44047E+00 4.04906E+00 3.68396E+00
          3.34018E+00 3.01718E+00 2.71519E+00 2.43349E+00 2.16787E+00
          1.91287E+00 1.79062E+00 1.67458E+00 1.58894E+00 1.51173E+00
          1.49366E+00 1.47946E+00 1.47779E+00 1.47634E+00 1.47616E+00
          1.47600E+00 1.47694E+00                                     6.388E+00
 1.00E+06 1.25644E+01 1.10324E+01 1.04092E+01 9.81516E+00 9.27264E+00
          8.77683E+00 7.89268E+00 7.13521E+00 6.47752E+00 5.89594E+00
          5.37078E+00 4.89277E+00 4.45557E+00 4.05256E+00 3.67638E+00
          3.32213E+00 2.98906E+00 2.67701E+00 2.38432E+00 2.10545E+00
          1.83512E+00 1.70385E+00 1.57842E+00 1.48492E+00 1.39983E+00
          1.37966E+00 1.36375E+00 1.36188E+00 1.36029E+00 1.36008E+00
          1.35991E+00 1.36049E+00                                     6.661E+00
 1.50E+06 1.29216E+01 1.13249E+01 1.06927E+01 1.00898E+01 9.53906E+00
          9.03658E+00 8.14391E+00 7.37465E+00 6.70381E+00 6.10793E+00
          5.56802E+00 5.07495E+00 4.62222E+00 4.20287E+00 3.80905E+00
          3.43552E+00 3.08161E+00 2.74715E+00 2.42928E+00 2.11868E+00
          1.80937E+00 1.65494E+00 1.50257E+00 1.38440E+00 1.27469E+00
          1.24803E+00 1.22663E+00 1.22411E+00 1.22205E+00 1.22177E+00
          1.22157E+00 1.22120E+00                                     7.309E+00
 2.00E+06 1.31337E+01 1.15224E+01 1.08960E+01 1.02985E+01 9.75217E+00
          9.25378E+00 8.36807E+00 7.59898E+00 6.92505E+00 6.32504E+00
          5.78159E+00 5.28530E+00 4.82880E+00 4.40403E+00 4.00156E+00
          3.61538E+00 3.24551E+00 2.89281E+00 2.55411E+00 2.21671E+00
          1.86992E+00 1.69188E+00 1.50863E+00 1.36038E+00 1.22254E+00
          1.18934E+00 1.16264E+00 1.15939E+00 1.15661E+00 1.15625E+00
          1.15600E+00 1.15658E+00                                     7.859E+00
 3.00E+06 1.33644E+01 1.17524E+01 1.11466E+01 1.05701E+01 1.00456E+01
          9.56731E+00 8.71118E+00 7.96213E+00 7.30066E+00 6.70718E+00
          6.16541E+00 5.66704E+00 5.20590E+00 4.77512E+00 4.36650E+00
          3.97351E+00 3.59270E+00 3.21925E+00 2.84590E+00 2.46010E+00
          2.04685E+00 1.82460E+00 1.58616E+00 1.38045E+00 1.17442E+00
          1.12859E+00 1.09774E+00 1.09388E+00 1.08814E+00 1.08707E+00
          1.08760E+00 1.09055E+00                                     8.713E+00
 4.00E+06 1.33798E+01 1.18675E+01 1.13100E+01 1.07768E+01 1.02864E+01
          9.83259E+00 9.00051E+00 8.25549E+00 7.58742E+00 6.98628E+00
          6.44375E+00 5.95147E+00 5.50070E+00 5.08140E+00 4.68096E+00
          4.28974E+00 3.90384E+00 3.51792E+00 3.12268E+00 2.70030E+00
          2.22913E+00 1.96768E+00 1.68289E+00 1.43215E+00 1.15983E+00
          1.09246E+00 1.06126E+00 1.05887E+00 1.04988E+00 1.04763E+00
          1.04981E+00 1.05328E+00                                     9.348E+00
 5.00E+06 1.34267E+01 1.19319E+01 1.13977E+01 1.08871E+01 1.04176E+01
          9.98222E+00 9.17895E+00 8.45640E+00 7.80573E+00 7.21787E+00
          6.68527E+00 6.20025E+00 5.75467E+00 5.33887E+00 4.94061E+00
          4.55006E+00 4.16257E+00 3.77140E+00 3.36457E+00 2.91877E+00
          2.40438E+00 2.11019E+00 1.78135E+00 1.48733E+00 1.15780E+00
          1.07329E+00 1.03759E+00 1.03548E+00 1.02438E+00 1.02145E+00
          1.02456E+00 1.02742E+00                                     9.835E+00
 6.00E+06 1.34474E+01 1.19685E+01 1.14561E+01 1.09657E+01 1.05137E+01
          1.00935E+01 9.31576E+00 8.61346E+00 7.97898E+00 7.40394E+00
          6.88147E+00 6.40443E+00 5.96512E+00 5.55429E+00 5.16001E+00
          4.77233E+00 4.38599E+00 3.99307E+00 3.57926E+00 3.11642E+00
          2.56748E+00 2.24584E+00 1.87906E+00 1.54558E+00 1.16362E+00
          1.06289E+00 1.02081E+00 1.01859E+00 1.00593E+00 1.00253E+00
          1.00626E+00 1.00801E+00                                     1.023E+01
 8.00E+06 1.34394E+01 1.19954E+01 1.15220E+01 1.10671E+01 1.06448E+01
          1.02500E+01 9.51653E+00 8.84966E+00 8.24362E+00 7.69133E+00
          7.18709E+00 6.72480E+00 6.29776E+00 5.89771E+00 5.51373E+00
          5.13608E+00 4.75824E+00 4.36988E+00 3.95162E+00 3.46440E+00
          2.85659E+00 2.48719E+00 2.05602E+00 1.65808E+00 1.20084E+00
          1.07121E+00 9.88440E-01 9.85910E-01 9.86930E-01 9.84220E-01
          9.73810E-01 9.80620E-01                                     1.083E+01
 1.00E+07 1.34259E+01 1.20069E+01 1.15613E+01 1.11319E+01 1.07309E+01
          1.03545E+01 9.65395E+00 9.01467E+00 8.43181E+00 7.89913E+00
          7.41166E+00 6.96391E+00 6.54985E+00 6.16175E+00 5.78925E+00
          5.42271E+00 5.05498E+00 4.67424E+00 4.25794E+00 3.75968E+00
          3.11549E+00 2.71198E+00 2.22937E+00 1.77272E+00 1.23726E+00
          1.08110E+00 9.75280E-01 9.70250E-01 9.70610E-01 9.67690E-01
          9.55630E-01 9.62190E-01                                     1.128E+01
 1.50E+07 1.34583E+01 1.20544E+01 1.16390E+01 1.12379E+01 1.08622E+01
          1.05090E+01 9.85214E+00 9.25384E+00 8.70988E+00 8.21458E+00
          7.76329E+00 7.35071E+00 6.97069E+00 6.61500E+00 6.27202E+00
          5.93114E+00 5.58553E+00 5.22383E+00 4.82406E+00 4.33940E+00
          3.68274E+00 3.23466E+00 2.64499E+00 2.04585E+00 1.32162E+00
          1.11308E+00 9.73940E-01 9.58040E-01 9.39480E-01 9.37000E-01
          9.35800E-01 9.35050E-01                                     1.205E+01
 2.00E+07 1.34206E+01 1.20482E+01 1.16583E+01 1.12815E+01 1.09277E+01
          1.05944E+01 9.97324E+00 9.40664E+00 8.89103E+00 8.42164E+00
          7.99442E+00 7.60477E+00 7.24716E+00 6.91410E+00 6.59453E+00
          6.27819E+00 5.95785E+00 5.62106E+00 5.24278E+00 4.76811E+00
          4.09644E+00 3.62458E+00 2.99010E+00 2.31821E+00 1.43758E+00
          1.16903E+00 9.70140E-01 9.46780E-01 9.26190E-01 9.23480E-01
          9.22020E-01 9.20280E-01                                     1.256E+01
 3.00E+07 1.33367E+01 1.20124E+01 1.16579E+01 1.13147E+01 1.09912E+01
          1.06853E+01 1.01131E+01 9.58966E+00 9.11236E+00 8.67762E+00
          8.28246E+00 7.92343E+00 7.59633E+00 7.29520E+00 7.01094E+00
          6.73457E+00 6.45872E+00 6.16951E+00 5.83703E+00 5.39219E+00
          4.71272E+00 4.21449E+00 3.52748E+00 2.76672E+00 1.67560E+00
          1.31220E+00 9.80440E-01 9.37030E-01 9.10920E-01 9.08230E-01
          9.00050E-01 9.04550E-01                                     1.322E+01
 4.00E+07 1.33270E+01 1.20152E+01 1.16740E+01 1.13435E+01 1.10319E+01
          1.07372E+01 1.01864E+01 9.68403E+00 9.22774E+00 8.81429E+00
          8.44097E+00 8.10466E+00 7.80145E+00 7.52559E+00 7.26808E+00
          7.02013E+00 6.77523E+00 6.52053E+00 6.22718E+00 5.82577E+00
          5.18515E+00 4.69310E+00 3.98328E+00 3.15463E+00 1.88039E+00
          1.43478E+00 1.00556E+00 9.43280E-01 9.00360E-01 8.97190E-01
          8.93370E-01 8.96230E-01                                     1.364E+01
 5.00E+07 1.33212E+01 1.20199E+01 1.16866E+01 1.13637E+01 1.10593E+01
          1.07714E+01 1.02339E+01 9.74508E+00 9.30267E+00 8.90371E+00
          8.54565E+00 8.22560E+00 7.93981E+00 7.68276E+00 7.44541E+00
          7.21926E+00 6.99861E+00 6.77181E+00 6.51160E+00 6.15018E+00
          5.55269E+00 5.07589E+00 4.36179E+00 3.49048E+00 2.07171E+00
          1.55191E+00 1.03348E+00 9.53540E-01 8.93860E-01 8.89840E-01
          8.89950E-01 8.91110E-01                                     1.395E+01
 6.00E+07 1.32929E+01 1.20199E+01 1.16980E+01 1.13855E+01 1.10895E+01
          1.08084E+01 1.02816E+01 9.80052E+00 9.36380E+00 8.96997E+00
          8.61794E+00 8.30566E+00 8.03019E+00 7.78721E+00 7.56941E+00
          7.36856E+00 7.17544E+00 6.97052E+00 6.72272E+00 6.37820E+00
          5.82125E+00 5.37869E+00 4.70543E+00 3.83420E+00 2.26486E+00
          1.65793E+00 1.04360E+00 9.55030E-01 8.99080E-01 8.95810E-01
          8.87860E-01 8.87640E-01                                     1.418E+01
 8.00E+07 1.32800E+01 1.20258E+01 1.17107E+01 1.14050E+01 1.11156E+01
          1.08412E+01 1.03282E+01 9.86166E+00 9.43972E+00 9.06039E+00
          8.72212E+00 8.42339E+00 8.16250E+00 7.93674E+00 7.74123E+00
          7.56969E+00 7.41318E+00 7.25104E+00 7.05136E+00 6.76114E+00
          6.26149E+00 5.84671E+00 5.20064E+00 4.33071E+00 2.61569E+00
          1.87213E+00 1.09214E+00 9.79870E-01 8.98760E-01 8.92040E-01
          8.83220E-01 8.83250E-01                                     1.451E+01
 1.00E+08 1.32660E+01 1.20309E+01 1.17212E+01 1.14205E+01 1.11357E+01
          1.08656E+01 1.03609E+01 9.90240E+00 9.48857E+00 9.11768E+00
          8.78843E+00 8.49962E+00 8.24989E+00 8.03697E+00 7.85664E+00
          7.70342E+00 7.56964E+00 7.43628E+00 7.27339E+00 7.02951E+00
          6.58522E+00 6.20019E+00 5.58345E+00 4.72477E+00 2.91915E+00
          2.07366E+00 1.14418E+00 1.00636E+00 9.00210E-01 8.90380E-01
          8.80270E-01 8.80560E-01                                     1.474E+01
 1.50E+08 1.32359E+01 1.20413E+01 1.17403E+01 1.14478E+01 1.11700E+01
          1.09060E+01 1.04119E+01 9.96295E+00 9.55842E+00 9.19787E+00
          8.88096E+00 8.60691E+00 8.37460E+00 8.18198E+00 8.02490E+00
          7.89886E+00 7.79900E+00 7.71115E+00 7.61063E+00 7.44916E+00
          7.11694E+00 6.80172E+00 6.25139E+00 5.43111E+00 3.53943E+00
          2.53640E+00 1.27209E+00 1.06947E+00 9.07830E-01 8.92390E-01
          8.78750E-01 8.76950E-01                                     1.510E+01
 2.00E+08 1.32219E+01 1.20560E+01 1.17541E+01 1.14610E+01 1.11836E+01
          1.09207E+01 1.04305E+01 9.98779E+00 9.59118E+00 9.23965E+00
          8.93198E+00 8.66726E+00 8.44430E+00 8.26090E+00 8.11257E+00
          7.99601E+00 7.91154E+00 7.85557E+00 7.81029E+00 7.71330E+00
          7.44438E+00 7.17206E+00 6.69215E+00 5.93408E+00 4.01278E+00
          2.92371E+00 1.39772E+00 1.13919E+00 9.18600E-01 8.95150E-01
          8.76740E-01 8.75140E-01                                     1.531E+01
 3.00E+08 1.31316E+01 1.20628E+01 1.17645E+01 1.14747E+01 1.12003E+01
          1.09401E+01 1.04556E+01 1.00188E+01 9.62837E+00 9.28346E+00
          8.98316E+00 8.72677E+00 8.51346E+00 8.34151E+00 8.20699E+00
          8.10756E+00 8.04532E+00 8.01959E+00 8.01781E+00 7.98722E+00
          7.82354E+00 7.62601E+00 7.24221E+00 6.58741E+00 4.74006E+00
          3.54028E+00 1.63216E+00 1.27674E+00 9.43540E-01 9.03220E-01
          8.76030E-01 8.73310E-01                                     1.555E+01
 4.00E+08 1.30538E+01 1.20657E+01 1.17689E+01 1.14808E+01 1.12078E+01
          1.09491E+01 1.04674E+01 1.00336E+01 9.64652E+00 9.30518E+00
          9.00888E+00 8.75705E+00 8.54900E+00 8.38325E+00 8.25610E+00
          8.16571E+00 8.11521E+00 8.10573E+00 8.12806E+00 8.13618E+00
          8.03831E+00 7.89111E+00 7.57772E+00 7.00842E+00 5.26729E+00
          4.02265E+00 1.84773E+00 1.40777E+00 9.70430E-01 9.13250E-01
          8.76840E-01 8.72380E-01                                     1.569E+01
 5.00E+08 1.29741E+01 1.20596E+01 1.17686E+01 1.14855E+01 1.12160E+01
          1.09596E+01 1.04805E+01 1.00479E+01 9.66106E+00 9.31984E+00
          9.02422E+00 8.77397E+00 8.56876E+00 8.40788E+00 8.28902E+00
          8.21049E+00 8.17210E+00 8.16722E+00 8.18483E+00 8.20426E+00
          8.16776E+00 8.07288E+00 7.81824E+00 7.30655E+00 5.66342E+00
          4.41932E+00 2.04782E+00 1.53128E+00 9.98020E-01 9.24900E-01
          8.78050E-01 8.71830E-01                                     1.578E+01
 6.00E+08 1.29344E+01 1.20605E+01 1.17703E+01 1.14878E+01 1.12188E+01
          1.09628E+01 1.04848E+01 1.00536E+01 9.66865E+00 9.32926E+00
          9.03533E+00 8.78681E+00 8.58364E+00 8.42532E+00 8.30959E+00
          8.23493E+00 8.20161E+00 8.20389E+00 8.23216E+00 8.26854E+00
          8.26288E+00 8.19543E+00 7.98608E+00 7.53215E+00 5.97861E+00
          4.74966E+00 2.23783E+00 1.64872E+00 1.02594E+00 9.36920E-01
          8.80040E-01 8.71460E-01                                     1.584E+01
 8.00E+08 1.28840E+01 1.20614E+01 1.17722E+01 1.14906E+01 1.12224E+01
          1.09672E+01 1.04909E+01 1.00615E+01 9.67849E+00 9.34122E+00
          9.04953E+00 8.80343E+00 8.60303E+00 8.44796E+00 8.33618E+00
          8.26650E+00 8.23983E+00 8.25139E+00 8.29341E+00 8.35219E+00
          8.38750E+00 8.35702E+00 8.21279E+00 7.84843E+00 6.45293E+00
          5.27354E+00 2.58948E+00 1.86787E+00 1.08174E+00 9.62400E-01
          8.84550E-01 8.70990E-01                                     1.593E+01
 1.00E+09 1.28517E+01 1.20619E+01 1.17734E+01 1.14925E+01 1.12249E+01
          1.09703E+01 1.04949E+01 1.00666E+01 9.68462E+00 9.34851E+00
          9.05818E+00 8.81366E+00 8.61506E+00 8.46195E+00 8.35256E+00
          8.28599E+00 8.26344E+00 8.28068E+00 8.33114E+00 8.40403E+00
          8.46529E+00 8.45850E+00 8.35879E+00 8.06054E+00 6.79755E+00
          5.67555E+00 2.89949E+00 2.06825E+00 1.13673E+00 9.89130E-01
          8.89460E-01 8.70710E-01                                     1.598E+01
 1.50E+09 1.28031E+01 1.20624E+01 1.17749E+01 1.14948E+01 1.12283E+01
          1.09745E+01 1.05008E+01 1.00739E+01 9.69301E+00 9.35823E+00
          9.06970E+00 8.82742E+00 8.63130E+00 8.48091E+00 8.37482E+00
          8.31253E+00 8.29565E+00 8.32062E+00 8.38252E+00 8.47501E+00
          8.57269E+00 8.59962E+00 8.56634E+00 8.37567E+00 7.36362E+00
          6.37692E+00 3.53976E+00 2.51267E+00 1.26980E+00 1.05862E+00
          9.02330E-01 8.70330E-01                                     1.607E+01
 2.00E+09 1.27758E+01 1.20627E+01 1.17757E+01 1.14961E+01 1.12299E+01
          1.09766E+01 1.05038E+01 1.00774E+01 9.69720E+00 9.36310E+00
          9.07545E+00 8.83425E+00 8.63937E+00 8.49045E+00 8.38614E+00
          8.32612E+00 8.31219E+00 8.34112E+00 8.40894E+00 8.51159E+00
          8.62864E+00 8.67377E+00 8.67631E+00 8.54921E+00 7.71379E+00
          6.83689E+00 4.04013E+00 2.89630E+00 1.39682E+00 1.12922E+00
          9.15410E-01 8.70150E-01                                     1.611E+01
 3.00E+09 1.27469E+01 1.20633E+01 1.17765E+01 1.14972E+01 1.12314E+01
          1.09785E+01 1.05063E+01 1.00808E+01 9.70130E+00 9.36798E+00
          9.08118E+00 8.84094E+00 8.64724E+00 8.49983E+00 8.39737E+00
          8.33966E+00 8.32873E+00 8.36177E+00 8.43571E+00 8.54869E+00
          8.68591E+00 8.75024E+00 8.78979E+00 8.73374E+00 8.12971E+00
          7.41463E+00 4.78531E+00 3.51414E+00 1.63244E+00 1.26705E+00
          9.42230E-01 8.69960E-01                                     1.616E+01
 4.00E+09 1.27314E+01 1.20634E+01 1.17769E+01 1.14978E+01 1.12321E+01
          1.09793E+01 1.05074E+01 1.00822E+01 9.70325E+00 9.37047E+00
          9.08415E+00 8.84437E+00 8.65122E+00 8.50447E+00 8.40287E+00
          8.34627E+00 8.33686E+00 8.37207E+00 8.44928E+00 8.56748E+00
          8.71503E+00 8.78943E+00 8.84802E+00 8.83002E+00 8.36860E+00
          7.76727E+00 5.32042E+00 3.99851E+00 1.84762E+00 1.39900E+00
          9.69520E-01 8.69870E-01                                     1.619E+01
 5.00E+09 1.27218E+01 1.20635E+01 1.17770E+01 1.14980E+01 1.12323E+01
          1.09795E+01 1.05078E+01 1.00827E+01 9.70396E+00 9.37168E+00
          9.08613E+00 8.84721E+00 8.65453E+00 8.50779E+00 8.40636E+00
          8.35044E+00 8.34183E+00 8.37693E+00 8.45355E+00 8.57689E+00
          8.74510E+00 8.83042E+00 8.87330E+00 8.82633E+00 8.54391E+00
          8.15636E+00 5.65946E+00 4.29963E+00 2.07284E+00 1.55756E+00
          9.91050E-01 8.69820E-01                                     1.621E+01
 6.00E+09 1.27140E+01 1.20635E+01 1.17772E+01 1.14984E+01 1.12328E+01
          1.09801E+01 1.05082E+01 1.00834E+01 9.70510E+00 9.37301E+00
          9.08730E+00 8.84807E+00 8.65543E+00 8.50924E+00 8.40838E+00
          8.35285E+00 8.34498E+00 8.38251E+00 8.46323E+00 8.58684E+00
          8.74503E+00 8.82996E+00 8.90823E+00 8.92945E+00 8.63124E+00
          8.17774E+00 6.04445E+00 4.72026E+00 2.26591E+00 1.64777E+00
          1.02429E+00 8.69780E-01                                     1.622E+01
 8.00E+09 1.27034E+01 1.20631E+01 1.17774E+01 1.14989E+01 1.12335E+01
          1.09808E+01 1.05092E+01 1.00844E+01 9.70613E+00 9.37418E+00
          9.08872E+00 8.84982E+00 8.65753E+00 8.51171E+00 8.41128E+00
          8.35633E+00 8.34926E+00 8.38785E+00 8.47012E+00 8.59634E+00
          8.76019E+00 8.85061E+00 8.93864E+00 8.97993E+00 8.77391E+00
          8.40991E+00 6.52415E+00 5.24759E+00 2.62432E+00 1.89915E+00
          1.07907E+00 8.69730E-01                                     1.623E+01
 1.00E+10 1.26962E+01 1.20626E+01 1.17773E+01 1.14993E+01 1.12342E+01
          1.09817E+01 1.05103E+01 1.00854E+01 9.70687E+00 9.37470E+00
          9.08926E+00 8.85063E+00 8.65869E+00 8.51324E+00 8.41322E+00
          8.35874E+00 8.35218E+00 8.39122E+00 8.47402E+00 8.60166E+00
          8.76929E+00 8.86315E+00 8.95678E+00 9.01065E+00 8.86500E+00
          8.55847E+00 6.87171E+00 5.65648E+00 2.93522E+00 2.11890E+00
          1.13369E+00 8.69700E-01                                     1.624E+01
