 70
 1.00E+03 6.61980E-01 6.91040E-01 7.05825E-01 7.20740E-01 7.35888E-01
          7.51270E-01 7.82710E-01 8.15220E-01 8.49060E-01 8.84650E-01
          9.22620E-01 9.63370E-01 1.00738E+00 1.05525E+00 1.10789E+00
          1.16519E+00 1.22388E+00 1.27539E+00 1.31102E+00 1.33370E+00
          1.34833E+00 1.35329E+00 1.36039E+00 1.36658E+00 1.36229E+00
          1.36053E+00 1.36060E+00 1.36062E+00 1.36035E+00 1.36040E+00
          1.36026E+00 1.36032E+00                                     8.889E-01
 1.50E+03 9.43800E-01 9.78160E-01 9.95991E-01 1.01414E+00 1.03286E+00
          1.05216E+00 1.09235E+00 1.13485E+00 1.17981E+00 1.22733E+00
          1.27754E+00 1.33048E+00 1.38605E+00 1.44400E+00 1.50377E+00
          1.56442E+00 1.62456E+00 1.68171E+00 1.73147E+00 1.76579E+00
          1.77465E+00 1.77049E+00 1.77093E+00 1.77708E+00 1.77743E+00
          1.77539E+00 1.77626E+00 1.77674E+00 1.77658E+00 1.77642E+00
          1.77675E+00 1.77653E+00                                     1.205E+00
 2.00E+03 1.19559E+00 1.24000E+00 1.26281E+00 1.28593E+00 1.30960E+00
          1.33381E+00 1.38372E+00 1.43569E+00 1.48972E+00 1.54580E+00
          1.60381E+00 1.66366E+00 1.72504E+00 1.78752E+00 1.85044E+00
          1.91284E+00 1.97330E+00 2.02983E+00 2.07971E+00 2.11999E+00
          2.14319E+00 2.14250E+00 2.12871E+00 2.11087E+00 2.12548E+00
          2.14292E+00 2.13763E+00 2.13386E+00 2.13426E+00 2.13515E+00
          2.13291E+00 2.13448E+00                                     1.487E+00
 3.00E+03 1.66064E+00 1.71954E+00 1.74928E+00 1.77925E+00 1.80962E+00
          1.84037E+00 1.90280E+00 1.96638E+00 2.03090E+00 2.09613E+00
          2.16177E+00 2.22762E+00 2.29355E+00 2.35947E+00 2.42575E+00
          2.49208E+00 2.55604E+00 2.61292E+00 2.65717E+00 2.68585E+00
          2.70008E+00 2.70494E+00 2.71066E+00 2.71631E+00 2.72101E+00
          2.72114E+00 2.71974E+00 2.71951E+00 2.71963E+00 2.71970E+00
          2.71966E+00 2.71968E+00                                     1.965E+00
 4.00E+03 2.05600E+00 2.13435E+00 2.17245E+00 2.21027E+00 2.24759E+00
          2.28438E+00 2.35640E+00 2.42620E+00 2.49398E+00 2.56045E+00
          2.62668E+00 2.69271E+00 2.75830E+00 2.82301E+00 2.88663E+00
          2.94846E+00 3.00649E+00 3.05738E+00 3.09777E+00 3.12746E+00
          3.14646E+00 3.15279E+00 3.16230E+00 3.17328E+00 3.18084E+00
          3.18112E+00 3.17784E+00 3.17731E+00 3.17768E+00 3.17770E+00
          3.17780E+00 3.17774E+00                                     2.357E+00
 5.00E+03 2.40407E+00 2.50038E+00 2.54588E+00 2.59048E+00 2.63348E+00
          2.67486E+00 2.75312E+00 2.82525E+00 2.89206E+00 2.95551E+00
          3.01838E+00 3.08109E+00 3.14323E+00 3.20398E+00 3.26241E+00
          3.31744E+00 3.36789E+00 3.41277E+00 3.45089E+00 3.48128E+00
          3.50299E+00 3.51169E+00 3.52434E+00 3.53875E+00 3.55020E+00
          3.54986E+00 3.54565E+00 3.54491E+00 3.54532E+00 3.54555E+00
          3.54543E+00 3.54548E+00                                     2.685E+00
 6.00E+03 2.71509E+00 2.82640E+00 2.87784E+00 2.92780E+00 2.97511E+00
          3.01974E+00 3.10163E+00 3.17365E+00 3.23720E+00 3.29537E+00
          3.35253E+00 3.40945E+00 3.46578E+00 3.52062E+00 3.57292E+00
          3.62156E+00 3.66570E+00 3.70495E+00 3.73905E+00 3.76819E+00
          3.79294E+00 3.80486E+00 3.82068E+00 3.83717E+00 3.85047E+00
          3.85043E+00 3.84588E+00 3.84504E+00 3.84552E+00 3.84580E+00
          3.84563E+00 3.84570E+00                                     2.964E+00
 8.00E+03 3.24914E+00 3.38340E+00 3.44324E+00 3.50044E+00 3.55289E+00
          3.60062E+00 3.68329E+00 3.74919E+00 3.80106E+00 3.84449E+00
          3.88692E+00 3.92994E+00 3.97310E+00 4.01530E+00 4.05473E+00
          4.08996E+00 4.12101E+00 4.14943E+00 4.17700E+00 4.20485E+00
          4.23453E+00 4.25092E+00 4.26999E+00 4.28730E+00 4.30225E+00
          4.30381E+00 4.30009E+00 4.29946E+00 4.30005E+00 4.30008E+00
          4.30026E+00 4.30018E+00                                     3.411E+00
 1.00E+04 3.69979E+00 3.84480E+00 3.90782E+00 3.96741E+00 4.02084E+00
          4.06817E+00 4.14648E+00 4.20346E+00 4.24268E+00 4.27108E+00
          4.29780E+00 4.32495E+00 4.35240E+00 4.37960E+00 4.40547E+00
          4.42930E+00 4.45126E+00 4.47246E+00 4.49453E+00 4.51987E+00
          4.55142E+00 4.56981E+00 4.58906E+00 4.60469E+00 4.62027E+00
          4.62298E+00 4.62188E+00 4.62162E+00 4.62213E+00 4.62215E+00
          4.62230E+00 4.62224E+00                                     3.754E+00
 1.50E+04 4.58485E+00 4.72984E+00 4.78925E+00 4.84409E+00 4.89074E+00
          4.92938E+00 4.98553E+00 5.01450E+00 5.02108E+00 5.01392E+00
          5.00407E+00 4.99443E+00 4.98593E+00 4.97952E+00 4.97637E+00
          4.97755E+00 4.98273E+00 4.99018E+00 4.99934E+00 5.01541E+00
          5.04426E+00 5.06210E+00 5.07591E+00 5.08272E+00 5.09520E+00
          5.10021E+00 5.10713E+00 5.10804E+00 5.10810E+00 5.10811E+00
          5.10809E+00 5.10815E+00                                     4.351E+00
 2.00E+04 5.25121E+00 5.37679E+00 5.42460E+00 5.46741E+00 5.50126E+00
          5.52643E+00 5.55432E+00 5.55371E+00 5.53005E+00 5.49265E+00
          5.45300E+00 5.41449E+00 5.37863E+00 5.34712E+00 5.32246E+00
          5.30643E+00 5.29803E+00 5.29316E+00 5.28941E+00 5.29367E+00
          5.31339E+00 5.32639E+00 5.33162E+00 5.32830E+00 5.33438E+00
          5.34036E+00 5.35426E+00 5.35624E+00 5.35580E+00 5.35584E+00
          5.35562E+00 5.35580E+00                                     4.742E+00
 3.00E+04 6.22047E+00 6.28948E+00 6.30762E+00 6.32076E+00 6.32500E+00
          6.32080E+00 6.29127E+00 6.23577E+00 6.16058E+00 6.07531E+00
          5.99123E+00 5.91219E+00 5.83961E+00 5.77507E+00 5.72112E+00
          5.67889E+00 5.64663E+00 5.61835E+00 5.59007E+00 5.56957E+00
          5.56483E+00 5.56457E+00 5.55324E+00 5.53394E+00 5.52638E+00
          5.53146E+00 5.55236E+00 5.55552E+00 5.55439E+00 5.55442E+00
          5.55395E+00 5.55429E+00                                     5.237E+00
 4.00E+04 6.91754E+00 6.92976E+00 6.91925E+00 6.90410E+00 6.88069E+00
          6.84958E+00 6.76875E+00 6.66593E+00 6.54784E+00 6.42431E+00
          6.30640E+00 6.19775E+00 6.09948E+00 6.01212E+00 5.93705E+00
          5.87407E+00 5.82119E+00 5.77239E+00 5.72346E+00 5.68128E+00
          5.65288E+00 5.64039E+00 5.61765E+00 5.59012E+00 5.57306E+00
          5.57540E+00 5.59419E+00 5.59713E+00 5.59583E+00 5.59584E+00
          5.59535E+00 5.59568E+00                                     5.553E+00
 5.00E+04 7.45817E+00 7.42083E+00 7.38542E+00 7.34568E+00 7.29828E+00
          7.24384E+00 7.11854E+00 6.97472E+00 6.81954E+00 6.66311E+00
          6.51675E+00 6.38374E+00 6.26468E+00 6.15894E+00 6.06635E+00
          5.98551E+00 5.91448E+00 5.84793E+00 5.78203E+00 5.72183E+00
          5.67293E+00 5.65049E+00 5.62101E+00 5.59113E+00 5.56871E+00
          5.56753E+00 5.57825E+00 5.58001E+00 5.57890E+00 5.57888E+00
          5.57853E+00 5.57876E+00                                     5.781E+00
 6.00E+04 7.89713E+00 7.81758E+00 7.76083E+00 7.69998E+00 7.63190E+00
          7.55726E+00 7.39315E+00 7.21323E+00 7.02522E+00 6.83955E+00
          6.66808E+00 6.51383E+00 6.37666E+00 6.25496E+00 6.14686E+00
          6.05006E+00 5.96279E+00 5.88077E+00 5.80070E+00 5.72552E+00
          5.65921E+00 5.62880E+00 5.59568E+00 5.56687E+00 5.54182E+00
          5.53695E+00 5.53665E+00 5.53677E+00 5.53607E+00 5.53603E+00
          5.53588E+00 5.53595E+00                                     5.960E+00
 8.00E+04 8.55464E+00 8.44961E+00 8.36040E+00 8.26261E+00 8.15019E+00
          8.02719E+00 7.77135E+00 7.52196E+00 7.28527E+00 7.06389E+00
          6.86116E+00 6.67770E+00 6.51169E+00 6.36046E+00 6.22113E+00
          6.09201E+00 5.97280E+00 5.86346E+00 5.76308E+00 5.66750E+00
          5.57356E+00 5.52928E+00 5.49043E+00 5.46519E+00 5.43747E+00
          5.42539E+00 5.40701E+00 5.40426E+00 5.40398E+00 5.40433E+00
          5.40387E+00 5.40405E+00                                     6.221E+00
 1.00E+05 9.04644E+00 8.89595E+00 8.77681E+00 8.64780E+00 8.50209E+00
          8.34507E+00 8.02555E+00 7.72386E+00 7.44536E+00 7.18985E+00
          6.95727E+00 6.74688E+00 6.55544E+00 6.37946E+00 6.21600E+00
          6.06373E+00 5.92230E+00 5.79140E+00 5.67006E+00 5.55451E+00
          5.44240E+00 5.39020E+00 5.34493E+00 5.31644E+00 5.28600E+00
          5.27016E+00 5.24242E+00 5.23805E+00 5.23784E+00 5.23848E+00
          5.23766E+00 5.23803E+00                                     6.394E+00
 1.50E+05 9.85956E+00 9.59350E+00 9.40797E+00 9.21167E+00 8.99751E+00
          8.77308E+00 8.33141E+00 7.93227E+00 7.57820E+00 7.26404E+00
          6.98390E+00 6.73053E+00 6.49374E+00 6.26740E+00 6.05372E+00
          5.85528E+00 5.67251E+00 5.50303E+00 5.34498E+00 5.19520E+00
          5.05032E+00 4.98083E+00 4.91762E+00 4.87323E+00 4.82479E+00
          4.80941E+00 4.78720E+00 4.78403E+00 4.78356E+00 4.78368E+00
          4.78358E+00 4.78344E+00                                     6.623E+00
 2.00E+05 1.05009E+01 9.92659E+00 9.65139E+00 9.38278E+00 9.12586E+00
          8.87978E+00 8.41434E+00 7.98431E+00 7.58770E+00 7.22313E+00
          6.88994E+00 6.58582E+00 6.30783E+00 6.05238E+00 5.81454E+00
          5.59124E+00 5.38371E+00 5.19146E+00 5.01260E+00 4.83891E+00
          4.66400E+00 4.57857E+00 4.49839E+00 4.43915E+00 4.37566E+00
          4.36112E+00 4.35645E+00 4.35641E+00 4.35484E+00 4.35452E+00
          4.35427E+00 4.35435E+00                                     6.710E+00
 3.00E+05 1.10689E+01 1.03148E+01 9.96319E+00 9.62174E+00 9.29834E+00
          8.99139E+00 8.41681E+00 7.89415E+00 7.42058E+00 6.99210E+00
          6.60546E+00 6.25673E+00 5.94090E+00 5.65213E+00 5.38259E+00
          5.12683E+00 4.88511E+00 4.65798E+00 4.44275E+00 4.23278E+00
          4.02432E+00 3.92400E+00 3.83130E+00 3.76377E+00 3.68966E+00
          3.67166E+00 3.66546E+00 3.66536E+00 3.66356E+00 3.66323E+00
          3.66284E+00 3.66302E+00                                     6.778E+00
 4.00E+05 1.13703E+01 1.04955E+01 1.00955E+01 9.70811E+00 9.34325E+00
          8.99891E+00 8.35887E+00 7.78171E+00 7.26353E+00 6.79847E+00
          6.38078E+00 6.00488E+00 5.66450E+00 5.35211E+00 5.05772E+00
          4.77476E+00 4.50437E+00 4.24957E+00 4.01151E+00 3.78615E+00
          3.57224E+00 3.47058E+00 3.37161E+00 3.29532E+00 3.22002E+00
          3.20067E+00 3.18347E+00 3.18137E+00 3.17997E+00 3.17978E+00
          3.17966E+00 3.17965E+00                                     6.822E+00
 5.00E+05 1.15829E+01 1.06122E+01 1.01761E+01 9.75492E+00 9.36019E+00
          8.98958E+00 8.30532E+00 7.69278E+00 7.14533E+00 6.65460E+00
          6.21225E+00 5.81219E+00 5.44869E+00 5.11514E+00 4.80309E+00
          4.50671E+00 4.22595E+00 3.96134E+00 3.71312E+00 3.47751E+00
          3.25351E+00 3.14686E+00 3.04326E+00 2.96358E+00 2.88500E+00
          2.86470E+00 2.84596E+00 2.84359E+00 2.84212E+00 2.84194E+00
          2.84182E+00 2.84184E+00                                     6.874E+00
 6.00E+05 1.17294E+01 1.06895E+01 1.02286E+01 9.78411E+00 9.36867E+00
          8.97982E+00 8.26504E+00 7.62835E+00 7.06048E+00 6.55117E+00
          6.09055E+00 5.67239E+00 5.29152E+00 4.94219E+00 4.61730E+00
          4.31169E+00 4.02417E+00 3.75328E+00 3.49798E+00 3.25583E+00
          3.02572E+00 2.91560E+00 2.80738E+00 2.72305E+00 2.64085E+00
          2.62039E+00 2.60312E+00 2.60095E+00 2.59929E+00 2.59912E+00
          2.59894E+00 2.59899E+00                                     6.939E+00
 8.00E+05 1.19117E+01 1.07820E+01 1.02912E+01 9.81861E+00 9.37827E+00
          8.96755E+00 8.21642E+00 7.55180E+00 6.96027E+00 6.42907E+00
          5.94674E+00 5.50708E+00 5.10549E+00 4.73707E+00 4.39612E+00
          4.07804E+00 3.78050E+00 3.50007E+00 3.23409E+00 2.98145E+00
          2.74011E+00 2.62342E+00 2.50753E+00 2.41602E+00 2.32667E+00
          2.30503E+00 2.28878E+00 2.28693E+00 2.28505E+00 2.28473E+00
          2.28464E+00 2.28449E+00                                     7.098E+00
 1.00E+06 1.20262E+01 1.08387E+01 1.03300E+01 9.84086E+00 9.38628E+00
          8.96350E+00 8.19331E+00 7.51487E+00 6.91263E+00 6.37229E+00
          5.88147E+00 5.43379E+00 5.02444E+00 4.64827E+00 4.29926E+00
          3.97268E+00 3.66622E+00 3.37664E+00 3.10102E+00 2.83722E+00
          2.58286E+00 2.45885E+00 2.33613E+00 2.23931E+00 2.14268E+00
          2.11874E+00 2.10026E+00 2.09811E+00 2.09616E+00 2.09591E+00
          2.09569E+00 2.09540E+00                                     7.276E+00
 1.50E+06 1.21494E+01 1.09044E+01 1.03822E+01 9.88043E+00 9.41519E+00
          8.98394E+00 8.20220E+00 7.51387E+00 6.90370E+00 6.35702E+00
          5.86131E+00 5.40959E+00 4.99610E+00 4.61448E+00 4.25709E+00
          3.91839E+00 3.59688E+00 3.29088E+00 2.99738E+00 2.70993E+00
          2.42307E+00 2.27843E+00 2.13196E+00 2.01379E+00 1.89568E+00
          1.86545E+00 1.84096E+00 1.83810E+00 1.83577E+00 1.83544E+00
          1.83522E+00 1.83493E+00                                     7.701E+00
 2.00E+06 1.21790E+01 1.09290E+01 1.04111E+01 9.91343E+00 9.45183E+00
          9.02400E+00 8.24833E+00 7.56247E+00 6.95317E+00 6.40714E+00
          5.91306E+00 5.46361E+00 5.05227E+00 4.67169E+00 4.31286E+00
          3.96942E+00 3.64027E+00 3.32444E+00 3.01848E+00 2.71262E+00
          2.39604E+00 2.23009E+00 2.05386E+00 1.90605E+00 1.76397E+00
          1.72937E+00 1.70139E+00 1.69786E+00 1.69481E+00 1.69448E+00
          1.69414E+00 1.69524E+00                                     8.065E+00
 3.00E+06 1.21579E+01 1.09291E+01 1.04312E+01 9.95331E+00 9.51083E+00
          9.10043E+00 8.35209E+00 7.68625E+00 7.09114E+00 6.55493E+00
          6.06743E+00 5.62216E+00 5.21355E+00 4.83524E+00 4.47937E+00
          4.13937E+00 3.81133E+00 3.48929E+00 3.16509E+00 2.82595E+00
          2.45455E+00 2.24907E+00 2.02188E+00 1.82119E+00 1.62123E+00
          1.57966E+00 1.55193E+00 1.54818E+00 1.54230E+00 1.54117E+00
          1.54164E+00 1.54897E+00                                     8.634E+00
 4.00E+06 1.20711E+01 1.09047E+01 1.04380E+01 9.98883E+00 9.57055E+00
          9.17943E+00 8.45663E+00 7.80532E+00 7.21819E+00 6.68810E+00
          6.20874E+00 5.77378E+00 5.37639E+00 5.00862E+00 4.66018E+00
          4.32297E+00 3.99354E+00 3.66672E+00 3.33275E+00 2.97115E+00
          2.55559E+00 2.31777E+00 2.05105E+00 1.81097E+00 1.55384E+00
          1.49445E+00 1.47154E+00 1.47008E+00 1.46096E+00 1.45854E+00
          1.46072E+00 1.47214E+00                                     9.062E+00
 5.00E+06 1.20140E+01 1.08751E+01 1.04285E+01 9.99870E+00 9.59829E+00
          9.22320E+00 8.52685E+00 7.89695E+00 7.32708E+00 6.81076E+00
          6.34236E+00 5.91607E+00 5.52562E+00 5.16352E+00 4.81997E+00
          4.48695E+00 4.16041E+00 3.83399E+00 3.49549E+00 3.11908E+00
          2.67064E+00 2.40604E+00 2.10201E+00 1.82389E+00 1.51802E+00
          1.44507E+00 1.42233E+00 1.42181E+00 1.41044E+00 1.40724E+00
          1.41050E+00 1.42276E+00                                     9.396E+00
 6.00E+06 1.19600E+01 1.08455E+01 1.04172E+01 1.00046E+01 9.61946E+00
          9.25791E+00 8.58487E+00 7.97400E+00 7.41970E+00 6.91608E+00
          6.45800E+00 6.04013E+00 5.65668E+00 5.30056E+00 4.96242E+00
          4.63436E+00 4.31183E+00 3.98754E+00 3.64722E+00 3.26046E+00
          2.78611E+00 2.49933E+00 2.16348E+00 1.85131E+00 1.50027E+00
          1.41389E+00 1.38925E+00 1.38931E+00 1.37614E+00 1.37234E+00
          1.37645E+00 1.38788E+00                                     9.671E+00
 8.00E+06 1.18679E+01 1.07937E+01 1.03956E+01 1.00111E+01 9.65034E+00
          9.31032E+00 8.67550E+00 8.09640E+00 7.56861E+00 7.08707E+00
          6.64747E+00 6.24521E+00 5.87517E+00 5.53100E+00 5.20407E+00
          4.88668E+00 4.57367E+00 4.25628E+00 3.91708E+00 3.51830E+00
          3.00655E+00 2.68522E+00 2.29737E+00 1.92643E+00 1.49390E+00
          1.38167E+00 1.34820E+00 1.34841E+00 1.33263E+00 1.32802E+00
          1.33319E+00 1.34166E+00                                     1.010E+01
 1.00E+07 1.17966E+01 1.07538E+01 1.03784E+01 1.00148E+01 9.67237E+00
          9.34865E+00 8.74322E+00 8.18912E+00 7.68264E+00 7.21937E+00
          6.79554E+00 6.40706E+00 6.04932E+00 5.71647E+00 5.40042E+00
          5.09367E+00 4.79066E+00 4.48172E+00 4.14715E+00 3.74369E+00
          3.20793E+00 2.86155E+00 2.43335E+00 2.01338E+00 1.50818E+00
          1.37139E+00 1.32430E+00 1.32362E+00 1.30611E+00 1.30105E+00
          1.30668E+00 1.31232E+00                                     1.043E+01
 1.50E+07 1.17467E+01 1.07299E+01 1.03785E+01 1.00380E+01 9.71688E+00
          9.41321E+00 8.84601E+00 8.32816E+00 7.85630E+00 7.42636E+00
          7.03475E+00 6.67748E+00 6.34979E+00 6.04538E+00 5.75505E+00
          5.47067E+00 5.18748E+00 4.89722E+00 4.58280E+00 4.20511E+00
          3.67874E+00 3.29583E+00 2.75708E+00 2.19874E+00 1.56752E+00
          1.39979E+00 1.30040E+00 1.28806E+00 1.26892E+00 1.26734E+00
          1.26414E+00 1.27103E+00                                     1.101E+01
 2.00E+07 1.16791E+01 1.06949E+01 1.03643E+01 1.00437E+01 9.74081E+00
          9.45397E+00 8.91735E+00 8.42695E+00 7.97991E+00 7.57269E+00
          7.20222E+00 6.86498E+00 6.55668E+00 6.27150E+00 6.00071E+00
          5.73638E+00 5.47370E+00 5.20388E+00 4.90819E+00 4.54275E+00
          4.01266E+00 3.61580E+00 3.04513E+00 2.42850E+00 1.65979E+00
          1.43584E+00 1.28984E+00 1.27244E+00 1.25031E+00 1.24788E+00
          1.24480E+00 1.24941E+00                                     1.140E+01
 3.00E+07 1.15586E+01 1.06314E+01 1.03331E+01 1.00431E+01 9.76784E+00
          9.50596E+00 9.01374E+00 8.56139E+00 8.14704E+00 7.76834E+00
          7.42327E+00 7.10958E+00 6.82446E+00 6.56400E+00 6.32213E+00
          6.09269E+00 5.87034E+00 5.64400E+00 5.38804E+00 5.03960E+00
          4.48748E+00 4.07129E+00 3.48560E+00 2.82852E+00 1.87778E+00
          1.55573E+00 1.28084E+00 1.25087E+00 1.23588E+00 1.23160E+00
          1.21525E+00 1.22714E+00                                     1.192E+01
 4.00E+07 1.15459E+01 1.06292E+01 1.03400E+01 1.00588E+01 9.79200E+00
          9.53836E+00 9.06260E+00 8.62704E+00 8.22984E+00 7.86891E+00
          7.54235E+00 7.24806E+00 6.98333E+00 6.74431E+00 6.52470E+00
          6.31845E+00 6.12088E+00 5.92200E+00 5.69749E+00 5.38548E+00
          4.86919E+00 4.46183E+00 3.86253E+00 3.15449E+00 2.05509E+00
          1.66241E+00 1.29975E+00 1.25242E+00 1.22281E+00 1.21818E+00
          1.20479E+00 1.21563E+00                                     1.226E+01
 5.00E+07 1.15390E+01 1.06385E+01 1.03572E+01 1.00831E+01 9.82216E+00
          9.57331E+00 9.10530E+00 8.67591E+00 8.28442E+00 7.93009E+00
          7.61243E+00 7.32983E+00 7.07999E+00 6.85943E+00 6.66238E+00
          6.48189E+00 6.30925E+00 6.12583E+00 5.90539E+00 5.60974E+00
          5.14868E+00 4.78336E+00 4.22071E+00 3.48997E+00 2.20590E+00
          1.74161E+00 1.31710E+00 1.25938E+00 1.21736E+00 1.21111E+00
          1.20784E+00 1.20861E+00                                     1.250E+01
 6.00E+07 1.15349E+01 1.06410E+01 1.03632E+01 1.00928E+01 9.83540E+00
          9.59024E+00 9.12985E+00 8.70862E+00 8.32572E+00 7.98025E+00
          7.67165E+00 7.39845E+00 7.15864E+00 6.94913E+00 6.76461E+00
          6.59871E+00 6.44351E+00 6.28133E+00 6.08583E+00 5.81528E+00
          5.37685E+00 5.02401E+00 4.47639E+00 3.74539E+00 2.37360E+00
          1.84077E+00 1.33494E+00 1.26480E+00 1.21456E+00 1.20709E+00
          1.20332E+00 1.20390E+00                                     1.269E+01
 8.00E+07 1.15276E+01 1.06467E+01 1.03737E+01 1.01081E+01 9.85552E+00
          9.61507E+00 9.16418E+00 8.75305E+00 8.38106E+00 8.04741E+00
          7.75171E+00 7.49266E+00 7.26832E+00 7.07563E+00 6.90915E+00
          6.76284E+00 6.63045E+00 6.49708E+00 6.33898E+00 6.11479E+00
          5.73177E+00 5.40958E+00 4.88927E+00 4.15547E+00 2.66446E+00
          2.03776E+00 1.37755E+00 1.27835E+00 1.21082E+00 1.20502E+00
          1.19493E+00 1.19798E+00                                     1.296E+01
 1.00E+08 1.15237E+01 1.06521E+01 1.03821E+01 1.01194E+01 9.86976E+00
          9.63231E+00 9.18760E+00 8.78311E+00 8.41814E+00 8.09184E+00
          7.80374E+00 7.55281E+00 7.33749E+00 7.15524E+00 7.00133E+00
          6.87049E+00 6.75719E+00 6.64729E+00 6.51780E+00 6.32778E+00
          5.98674E+00 5.69122E+00 5.20311E+00 4.48812E+00 2.92544E+00
          2.21451E+00 1.42006E+00 1.29713E+00 1.21077E+00 1.20324E+00
          1.19055E+00 1.19438E+00                                     1.314E+01
 1.50E+08 1.15124E+01 1.06614E+01 1.03964E+01 1.01386E+01 9.89364E+00
          9.66073E+00 9.22501E+00 8.82961E+00 8.47378E+00 8.15684E+00
          7.87843E+00 7.63807E+00 7.43475E+00 7.26687E+00 7.13105E+00
          7.02371E+00 6.94130E+00 6.87259E+00 6.79709E+00 6.67304E+00
          6.41107E+00 6.16367E+00 5.73449E+00 5.08108E+00 3.48027E+00
          2.60563E+00 1.52032E+00 1.34849E+00 1.21730E+00 1.20137E+00
          1.18928E+00 1.18953E+00                                     1.344E+01
 2.00E+08 1.14934E+01 1.06664E+01 1.04044E+01 1.01495E+01 9.90721E+00
          9.67676E+00 9.24568E+00 8.85480E+00 8.50345E+00 8.19125E+00
          7.91813E+00 7.68383E+00 7.48757E+00 7.32813E+00 7.20256E+00
          7.10802E+00 7.04210E+00 6.99528E+00 6.95011E+00 6.87055E+00
          6.67500E+00 6.47051E+00 6.08922E+00 5.48224E+00 3.89961E+00
          2.94118E+00 1.62365E+00 1.40327E+00 1.22537E+00 1.20467E+00
          1.18695E+00 1.18711E+00                                     1.361E+01
 3.00E+08 1.14630E+01 1.06782E+01 1.04155E+01 1.01602E+01 9.91813E+00
          9.68850E+00 9.26062E+00 8.87480E+00 8.52990E+00 8.22508E+00
          7.95970E+00 7.73337E+00 7.54526E+00 7.39397E+00 7.27625E+00
          7.19036E+00 7.13850E+00 7.12060E+00 7.12620E+00 7.10956E+00
          6.98455E+00 6.83139E+00 6.53519E+00 6.01943E+00 4.49977E+00
          3.48386E+00 1.82359E+00 1.51642E+00 1.24522E+00 1.21332E+00
          1.18434E+00 1.18466E+00                                     1.381E+01
 4.00E+08 1.14238E+01 1.06810E+01 1.04194E+01 1.01653E+01 9.92430E+00
          9.69574E+00 9.27005E+00 8.88662E+00 8.54434E+00 8.24243E+00
          7.98031E+00 7.75763E+00 7.57376E+00 7.42743E+00 7.31557E+00
          7.23690E+00 7.19449E+00 7.18975E+00 7.21524E+00 7.23123E+00
          7.16118E+00 7.04776E+00 6.80334E+00 6.35434E+00 4.94532E+00
          3.89888E+00 2.00703E+00 1.62791E+00 1.26779E+00 1.22259E+00
          1.18414E+00 1.18343E+00                                     1.392E+01
 5.00E+08 1.13752E+01 1.06743E+01 1.04177E+01 1.01679E+01 9.93031E+00
          9.70436E+00 9.28205E+00 8.90003E+00 8.55778E+00 8.25529E+00
          7.99286E+00 7.77054E+00 7.58831E+00 7.44578E+00 7.34126E+00
          7.27349E+00 7.24213E+00 7.24062E+00 7.25941E+00 7.28384E+00
          7.26888E+00 7.19949E+00 6.99557E+00 6.58556E+00 5.27876E+00
          4.23904E+00 2.17975E+00 1.73226E+00 1.28916E+00 1.23469E+00
          1.18489E+00 1.18270E+00                                     1.399E+01
 6.00E+08 1.13534E+01 1.06770E+01 1.04212E+01 1.01719E+01 9.93415E+00
          9.70768E+00 9.28452E+00 8.90272E+00 8.56175E+00 8.26126E+00
          8.00111E+00 7.78118E+00 7.60137E+00 7.46114E+00 7.35882E+00
          7.29340E+00 7.26518E+00 7.26908E+00 7.29720E+00 7.33593E+00
          7.34603E+00 7.29932E+00 7.13189E+00 6.76715E+00 5.53815E+00
          4.51403E+00 2.34038E+00 1.83788E+00 1.31440E+00 1.24260E+00
          1.18573E+00 1.18221E+00                                     1.404E+01
 8.00E+08 1.13274E+01 1.06773E+01 1.04221E+01 1.01735E+01 9.93660E+00
          9.71095E+00 9.28941E+00 8.90908E+00 8.56950E+00 8.27051E+00
          8.01214E+00 7.79430E+00 7.61685E+00 7.47929E+00 7.38017E+00
          7.31875E+00 7.29585E+00 7.30719E+00 7.34639E+00 7.40288E+00
          7.44587E+00 7.42991E+00 7.31716E+00 7.02344E+00 5.91807E+00
          4.94968E+00 2.64269E+00 2.03078E+00 1.36082E+00 1.26248E+00
          1.18967E+00 1.18160E+00                                     1.411E+01
 1.00E+09 1.13110E+01 1.06773E+01 1.04226E+01 1.01745E+01 9.93801E+00
          9.71288E+00 9.29236E+00 8.91293E+00 8.57425E+00 8.27619E+00
          8.01893E+00 7.80240E+00 7.62642E+00 7.49051E+00 7.39334E+00
          7.33436E+00 7.31466E+00 7.33057E+00 7.37665E+00 7.44425E+00
          7.50756E+00 7.51124E+00 7.43695E+00 7.19703E+00 6.19093E+00
          5.27915E+00 2.91089E+00 2.20802E+00 1.40667E+00 1.28312E+00
          1.19431E+00 1.18123E+00                                     1.416E+01
 1.50E+09 1.12857E+01 1.06775E+01 1.04233E+01 1.01758E+01 9.94000E+00
          9.71554E+00 9.29630E+00 8.91809E+00 8.58063E+00 8.28387E+00
          8.02811E+00 7.81330E+00 7.63925E+00 7.50561E+00 7.41113E+00
          7.35546E+00 7.34016E+00 7.36227E+00 7.41777E+00 7.50091E+00
          7.59243E+00 7.62346E+00 7.60699E+00 7.45688E+00 6.63872E+00
          5.84842E+00 3.46666E+00 2.59882E+00 1.51824E+00 1.33721E+00
          1.20709E+00 1.18074E+00                                     1.423E+01
 2.00E+09 1.12715E+01 1.06780E+01 1.04242E+01 1.01769E+01 9.94135E+00
          9.71710E+00 9.29836E+00 8.92073E+00 8.58389E+00 8.28780E+00
          8.03274E+00 7.81870E+00 7.64557E+00 7.51306E+00 7.42001E+00
          7.36614E+00 7.35322E+00 7.37857E+00 7.43887E+00 7.53045E+00
          7.63721E+00 7.68222E+00 7.69582E+00 7.59990E+00 6.92051E+00
          6.22176E+00 3.90190E+00 2.93113E+00 1.62527E+00 1.39303E+00
          1.22022E+00 1.18050E+00                                     1.427E+01
 3.00E+09 1.12564E+01 1.06787E+01 1.04253E+01 1.01783E+01 9.94297E+00
          9.71886E+00 9.30048E+00 8.92339E+00 8.58722E+00 8.29181E+00
          8.03737E+00 7.82397E+00 7.65169E+00 7.52035E+00 7.42879E+00
          7.37684E+00 7.36635E+00 7.39499E+00 7.46017E+00 7.56056E+00
          7.68362E+00 7.74292E+00 7.78590E+00 7.75029E+00 7.26061E+00
          6.69218E+00 4.54652E+00 3.46259E+00 1.82491E+00 1.50501E+00
          1.24591E+00 1.18026E+00                                     1.431E+01
 4.00E+09 1.12687E+01 1.06854E+01 1.04278E+01 1.01775E+01 9.94015E+00
          9.71506E+00 9.29640E+00 8.92031E+00 8.58588E+00 8.29250E+00
          8.03989E+00 7.82792E+00 7.65646E+00 7.52479E+00 7.43062E+00
          7.37393E+00 7.36035E+00 7.39598E+00 7.48213E+00 7.59735E+00
          7.71368E+00 7.77059E+00 7.82285E+00 7.82191E+00 7.46518E+00
          6.97585E+00 4.99579E+00 3.87736E+00 2.01123E+00 1.61624E+00
          1.26933E+00 1.18015E+00                                     1.433E+01
 5.00E+09 1.12635E+01 1.06855E+01 1.04280E+01 1.01778E+01 9.94055E+00
          9.71556E+00 9.29708E+00 8.92116E+00 8.58691E+00 8.29372E+00
          8.04131E+00 7.82958E+00 7.65840E+00 7.52708E+00 7.43332E+00
          7.37717E+00 7.36435E+00 7.40102E+00 7.48874E+00 7.60649E+00
          7.72768E+00 7.78946E+00 7.85137E+00 7.86924E+00 7.58722E+00
          7.17040E+00 5.33460E+00 4.20583E+00 2.19205E+00 1.72434E+00
          1.29269E+00 1.18008E+00                                     1.434E+01
 6.00E+09 1.12600E+01 1.06855E+01 1.04281E+01 1.01779E+01 9.94073E+00
          9.71583E+00 9.29748E+00 8.92167E+00 8.58756E+00 8.29451E+00
          8.04224E+00 7.83070E+00 7.65972E+00 7.52863E+00 7.43518E+00
          7.37939E+00 7.36704E+00 7.40440E+00 7.49316E+00 7.61265E+00
          7.73726E+00 7.80230E+00 7.87050E+00 7.90105E+00 7.67297E+00
          7.30973E+00 5.59851E+00 4.47883E+00 2.36025E+00 1.83224E+00
          1.31554E+00 1.18003E+00                                     1.435E+01
 8.00E+09 1.12356E+01 1.06791E+01 1.04260E+01 1.01793E+01 9.94432E+00
          9.72056E+00 9.30290E+00 8.92653E+00 8.59115E+00 8.29662E+00
          8.04319E+00 7.83094E+00 7.65989E+00 7.52991E+00 7.44001E+00
          7.39025E+00 7.38280E+00 7.41575E+00 7.48740E+00 7.59813E+00
          7.74302E+00 7.82389E+00 7.90329E+00 7.94393E+00 7.78507E+00
          7.49755E+00 5.98942E+00 4.91196E+00 2.66247E+00 2.04172E+00
          1.36110E+00 1.17997E+00                                     1.436E+01
 1.00E+10 1.12319E+01 1.06790E+01 1.04261E+01 1.01796E+01 9.94469E+00
          9.72093E+00 9.30320E+00 8.92672E+00 8.59127E+00 8.29677E+00
          8.04350E+00 7.83150E+00 7.66071E+00 7.53092E+00 7.44129E+00
          7.39191E+00 7.38491E+00 7.41830E+00 7.49050E+00 7.60289E+00
          7.75042E+00 7.83295E+00 7.91862E+00 7.97403E+00 7.86249E+00
          7.61360E+00 6.26748E+00 5.24804E+00 2.92842E+00 2.23133E+00
          1.40474E+00 1.17992E+00                                     1.437E+01
