6
11
3.912023005428146
16.76196057588945
57
0.
0.00016276041666666666
0.0003255208333333333
0.0006510416666666666
0.0013020833333333333
0.001953125
0.0026041666666666665
0.005208333333333333
0.0078125
0.010416666666666666
0.020833333333333332
0.03125
0.041666666666666664
0.0625
0.08333333333333333
0.125
0.16666666666666666
0.25
0.3333333333333333
0.41666666666666663
0.5
0.5416666666666666
0.5833333333333333
0.625
0.6458333333333333
0.6666666666666666
0.6770833333333333
0.6875
0.6979166666666666
0.7083333333333333
0.71875
0.7291666666666666
0.75
0.7708333333333333
0.7916666666666666
0.8333333333333333
0.875
0.9166666666666666
0.9375
0.9583333333333333
0.96875
0.9791666666666666
0.984375
0.9895833333333333
0.9921875
0.9947916666666666
0.99609375
0.9973958333333333
0.9986979166666666
0.9990234375
0.9993489583333333
0.9996744791666666
0.9998372395833333
0.9999186197916666
0.9999593098958333
0.9999796549479166
1.
0.
0.00831481271111265
0.011759819064686795
0.016633427717055276
0.023530373230560134
0.028827475870730753
0.0332972511674646
0.04714699800367108
0.057813882950715094
0.06683989104660953
0.0949960495339467
0.11693260319647877
0.1357125186966101
0.16795400060777674
0.19602791979717935
0.24553590517790025
0.2903915478309946
0.3751375552282322
0.4612851514656578
0.5569793354855616
0.6741693626778317
0.7481162929436965
0.8409410814620046
0.968878730333008
1.0582613362770936
1.182293624621212
1.2677834841733915
1.3790333909185533
1.5167145803070208
1.6523374949431349
1.7621153256315363
1.8493372822322864
1.9837791857387692
2.089269656305797
2.1792651218623025
2.3353553146817676
2.4780464990095714
2.6221185517133754
2.700017752424463
2.7872507425098547
2.837246191032758
2.8950746332352364
2.9289346516117436
2.9686254742299747
2.9920836118324456
3.0197504702657403
3.0361727838575674
3.055598653255309
3.080842071644567
3.0889935084969844
3.0986557708994407
3.1112385308846306
3.120131977527531
3.126419128110434
3.130864082580934
3.134006774046489
3.141592653589793
4.455742677191283
11.56552394714464
50
0.
0.0003255208333333333
0.0006510416666666666
0.0013020833333333333
0.0026041666666666665
0.005208333333333333
0.0078125
0.010416666666666666
0.020833333333333332
0.03125
0.041666666666666664
0.0625
0.08333333333333333
0.125
0.16666666666666666
0.25
0.3333333333333333
0.41666666666666663
0.5
0.5833333333333333
0.625
0.6666666666666666
0.7083333333333333
0.7291666666666666
0.75
0.7916666666666666
0.8333333333333333
0.875
0.9166666666666666
0.9375
0.9583333333333333
0.96875
0.9791666666666666
0.984375
0.9895833333333333
0.9921875
0.9947916666666666
0.99609375
0.9973958333333333
0.998046875
0.9986979166666666
0.9993489583333333
0.99951171875
0.9996744791666666
0.9998372395833333
0.9999186197916666
0.9999593098958333
0.9999796549479166
0.9999898274739583
1.
0.
0.009505191758628784
0.01344442767151085
0.019019118359063437
0.026913591721410217
0.038108408306903915
0.04673069793914691
0.05402679019085619
0.07678775651952774
0.09452233027801643
0.10970605394932645
0.1357760104607907
0.15847832971096054
0.1985161088240022
0.23478867317161764
0.303272977084254
0.3727235645525555
0.4494230733715336
0.5420380832947927
0.6685504994764951
0.7576212164005576
0.8803269603705477
1.0611160744074737
1.1816748168807094
1.3214355426630642
1.6206210846514062
1.8914443773783298
2.1308272638483348
2.36107459035198
2.481826809083599
2.6147701001071106
2.690119272390547
2.7766789957848763
2.82712133321841
2.8860673065907063
2.920829743168638
2.961766675152271
2.986043107350127
3.014734499611645
3.0317944819068066
3.051996050910361
3.0782742935734184
3.0867654235175666
3.096834204560468
3.10995082852738
3.1192220899274594
3.125776067806011
3.130409533831597
3.133685441274186
3.141592653589793
4.99946234895442
8.09647994312314
49
0.
0.0003255208333333333
0.0006510416666666666
0.0013020833333333333
0.0026041666666666665
0.005208333333333333
0.010416666666666666
0.015625
0.020833333333333332
0.041666666666666664
0.0625
0.08333333333333333
0.125
0.16666666666666666
0.25
0.3333333333333333
0.41666666666666663
0.5
0.5833333333333333
0.6666666666666666
0.75
0.7916666666666666
0.8333333333333333
0.875
0.9166666666666666
0.9375
0.9583333333333333
0.96875
0.9791666666666666
0.984375
0.9895833333333333
0.9921875
0.9947916666666666
0.99609375
0.9973958333333333
0.998046875
0.9986979166666666
0.9990234375
0.9993489583333333
0.9996744791666666
0.999755859375
0.9998372395833333
0.9999186197916666
0.99993896484375
0.9999593098958333
0.9999796549479166
0.9999898274739583
0.9999949137369791
1.
0.
0.007624418947915971
0.01078421035783074
0.015255854315516152
0.021588294092337177
0.03056811431058497
0.04333700142463268
0.053209207441256276
0.061594965733027994
0.0880008708015539
0.10891228658061086
0.12712031053775333
0.1592211570367501
0.18828020189387437
0.24302030531244362
0.2982047058613827
0.3584216188882574
0.4293732880707708
0.521256325009982
0.657030348116386
0.8918663401283019
1.0735642742422247
1.3080689638351208
1.5931784090016095
1.922430026701154
2.106533722657792
2.3131652331892636
2.431188513769004
2.5671598389535872
2.6465010660389545
2.7392700666689054
2.79399268997154
2.8584445883647285
2.896665926979756
2.941844296760686
2.968706191701808
3.0005137569032945
3.019449940640635
3.0418928602246478
3.0711147226038316
3.0805612284286306
3.0917646158050074
3.1063625133388233
3.111083466093676
3.116682983309959
3.1239797569369347
3.1291389048916156
3.1327867483801173
3.141592653589793
5.543182020717557
5.620289380861214
49
0.
0.0006510416666666666
0.0013020833333333333
0.0026041666666666665
0.005208333333333333
0.0078125
0.010416666666666666
0.020833333333333332
0.03125
0.041666666666666664
0.08333333333333333
0.125
0.16666666666666666
0.25
0.3333333333333333
0.5
0.5833333333333333
0.6666666666666666
0.75
0.7916666666666666
0.8333333333333333
0.875
0.9166666666666666
0.9375
0.9583333333333333
0.96875
0.9791666666666666
0.984375
0.9895833333333333
0.9921875
0.9947916666666666
0.99609375
0.9973958333333333
0.998046875
0.9986979166666666
0.9990234375
0.9993489583333333
0.99951171875
0.9996744791666666
0.999755859375
0.9998372395833333
0.9999186197916666
0.99993896484375
0.9999593098958333
0.9999796549479166
0.9999898274739583
0.9999949137369791
0.9999974568684895
1.
0.
0.008535485386459603
0.012074680663034486
0.017086609977873483
0.024193733349421678
0.02966758292079934
0.034299415301523355
0.048748197479951676
0.0600049928590134
0.06964129864206119
0.10057874299719569
0.12594144412883862
0.14886947115102656
0.1919241092494757
0.2350257435911235
0.33504283733496787
0.40171015599699644
0.49342841202808013
0.6374769556399664
0.7465277158705556
0.8963850714175992
1.1074002071881193
1.4164548091339013
1.6279420742493345
1.8968718262309123
2.0625037043680545
2.2610859213862793
2.379761270837765
2.520378712085017
2.604034355611704
2.7030674994289265
2.7619991397422945
2.8318098245299255
2.8733815449073328
2.922656546469324
2.952013431102368
2.986822620836731
3.007567023205322
3.0321684617074496
3.046831534728892
3.064223138194736
3.0868865423586556
3.094216443061284
3.1029107900225874
3.114241044801581
3.122252445135742
3.1279172108325386
3.1319227301697268
3.141592653589793
6.358761528362263
3.0599775009495427
53
0.
0.0013020833333333333
0.0026041666666666665
0.005208333333333333
0.010416666666666666
0.015625
0.020833333333333332
0.041666666666666664
0.0625
0.08333333333333333
0.16666666666666666
0.25
0.3333333333333333
0.5
0.5833333333333333
0.6666666666666666
0.75
0.7916666666666666
0.8333333333333333
0.875
0.8958333333333333
0.9166666666666666
0.9375
0.9479166666666666
0.9583333333333333
0.96875
0.9791666666666666
0.984375
0.9895833333333333
0.9921875
0.9947916666666666
0.99609375
0.9973958333333333
0.998046875
0.9986979166666666
0.9990234375
0.9993489583333333
0.99951171875
0.9996744791666666
0.999755859375
0.9998372395833333
0.9998779296875
0.9999186197916666
0.99993896484375
0.9999593098958333
0.9999796549479166
0.9999847412109375
0.9999898274739583
0.9999949137369791
0.9999974568684895
0.9999987284342448
0.9999993642171223
1.
0.
0.008305277554352787
0.011752505753159897
0.016640604048133282
0.023590426720608435
0.028962704111360413
0.03352525447162743
0.04788535207667794
0.05924688790164188
0.06912880744262502
0.10220083371432483
0.1315272735946252
0.16063519188038583
0.22653078236782576
0.26857851218040085
0.3234342820017315
0.4036007944187467
0.461859327997467
0.5424107532460691
0.6619458480164935
0.7465926843136823
0.8589204255550044
1.016301772737436
1.1220264178005532
1.2557943884054619
1.431493694978344
1.675282017902243
1.8390253813872028
2.050082412319903
2.1838126115535172
2.349154798633943
2.4507489339286783
2.573754903002192
2.648189110726841
2.7373844348409633
2.7909533502148443
2.854819076230685
2.8930297800521485
2.9384709604141426
2.9656123037215716
2.9978458891629267
3.0170778543405095
3.0399056940012152
3.0535205164814765
3.069674736136779
3.0907323388663555
3.0975444605217293
3.105625644498707
3.1161584690609234
3.123607134754523
3.1288745539354648
3.1325993903885503
3.141592653589793
7.174341036006968
1.5297266605237425
56
0.
0.0026041666666666665
0.005208333333333333
0.010416666666666666
0.020833333333333332
0.03125
0.041666666666666664
0.08333333333333333
0.125
0.16666666666666666
0.3333333333333333
0.5
0.5833333333333333
0.6666666666666666
0.75
0.7916666666666666
0.8333333333333333
0.875
0.8958333333333333
0.9166666666666666
0.9375
0.9479166666666666
0.9583333333333333
0.96875
0.9739583333333333
0.9791666666666666
0.984375
0.9869791666666666
0.9895833333333333
0.9921875
0.9947916666666666
0.99609375
0.9973958333333333
0.998046875
0.9986979166666666
0.9990234375
0.9993489583333333
0.99951171875
0.9996744791666666
0.999755859375
0.9998372395833333
0.9998779296875
0.9999186197916666
0.99993896484375
0.9999593098958333
0.999969482421875
0.9999796549479166
0.9999898274739583
0.9999923706054688
0.9999949137369791
0.9999974568684895
0.9999987284342448
0.9999993642171223
0.9999996821085612
0.9999998410542805
1.
0.
0.007932242200592918
0.011231231831174509
0.015921325667876962
0.022624798803568765
0.027844800330641416
0.03231101462017856
0.04662949166213404
0.05833447499493195
0.06887824648627973
0.10794874107117856
0.15132072743239455
0.17842438677792707
0.21297713818102432
0.2618952639642875
0.296587269073547
0.34407332360545895
0.41503827237668767
0.4664015122071388
0.5364789355666835
0.6388364228356015
0.7106522496040003
0.8055651172747073
0.9383739765453473
1.0278586739352011
1.141950877653575
1.2944452858610376
1.3929340954492642
1.5139618170196298
1.66842204239124
1.877656849752382
2.0167004174044068
2.1957742951346213
2.3096557841124636
2.4512225570471298
2.538691796899349
2.6450966512417606
2.7097395077119564
2.787428925640454
2.8341972387610506
2.8900422352858244
2.923500779380734
2.963319483235287
2.987114655216459
3.0153913209061582
3.032269615121248
3.0523044438639304
3.078432101682489
3.0868872088821653
3.0969192524741005
3.109997708390179
3.1192486109240027
3.1257915072874822
3.1304187944658284
3.133691161208142
3.141592653589793
8.261780379533242
0.5570205463591767
57
0.
0.010416666666666666
0.020833333333333332
0.041666666666666664
0.08333333333333333
0.125
0.16666666666666666
0.3333333333333333
0.5
0.6666666666666666
0.75
0.8333333333333333
0.875
0.8958333333333333
0.9166666666666666
0.9375
0.9479166666666666
0.9583333333333333
0.96875
0.9739583333333333
0.9791666666666666
0.984375
0.9869791666666666
0.9895833333333333
0.9921875
0.9934895833333333
0.9947916666666666
0.99609375
0.9967447916666666
0.9973958333333333
0.998046875
0.9986979166666666
0.9990234375
0.9993489583333333
0.99951171875
0.9996744791666666
0.999755859375
0.9998372395833333
0.9998779296875
0.9999186197916666
0.99993896484375
0.9999593098958333
0.999969482421875
0.9999796549479166
0.9999847412109375
0.9999898274739583
0.9999923706054688
0.9999949137369791
0.9999974568684895
0.9999980926513672
0.9999987284342448
0.9999993642171223
0.9999996821085612
0.9999998410542805
0.9999999205271403
0.9999999602635701
1.
0.
0.009294765945052071
0.013207498077929137
0.01885980353456435
0.027210603155106417
0.03403125152750972
0.040169022244330777
0.06283349584509008
0.0877560539744436
0.1225265586332335
0.14949001020290884
0.19387806790488224
0.23193901675284143
0.2596618526589154
0.29797043026584014
0.3551798952328688
0.3962715401800593
0.45182213861847975
0.5320827047378103
0.5880161677940078
0.6618392663358451
0.7657200627111139
0.8365782920925424
0.928451466261445
1.0547625744743347
1.1389457054782515
1.2456597444077613
1.3877686001181897
1.4794723064597919
1.5922566779736755
1.7365451028007504
1.9328940864106452
2.0640402213418887
2.2337500587842554
2.3421402216713085
2.477341460031361
2.5611109351056625
2.6632169438163737
2.725344383574757
2.8000999988074176
2.8451359136745187
2.8989422764543384
2.9311979489593356
2.9695978128047487
2.992547226263355
3.0198219672366142
3.036104674934711
3.05543567733571
3.0806465519138304
3.088805072474119
3.0984852719974443
3.111105134728083
3.120031721234335
3.126345270718612
3.130810374736034
3.133968055476504
3.141592653589793
9.349219723059516
0.19649585703032882
57
0.
0.020833333333333332
0.041666666666666664
0.08333333333333333
0.16666666666666666
0.3333333333333333
0.5
0.6666666666666666
0.75
0.8333333333333333
0.875
0.9166666666666666
0.9375
0.9583333333333333
0.96875
0.9739583333333333
0.9791666666666666
0.984375
0.9869791666666666
0.9895833333333333
0.9921875
0.9934895833333333
0.9947916666666666
0.99609375
0.9967447916666666
0.9973958333333333
0.998046875
0.9983723958333333
0.9986979166666666
0.9990234375
0.9993489583333333
0.99951171875
0.9996744791666666
0.999755859375
0.9998372395833333
0.9998779296875
0.9999186197916666
0.99993896484375
0.9999593098958333
0.999969482421875
0.9999796549479166
0.9999847412109375
0.9999898274739583
0.9999923706054688
0.9999949137369791
0.9999961853027344
0.9999974568684895
0.9999980926513672
0.9999987284342448
0.9999993642171223
0.9999995231628418
0.9999996821085612
0.9999998410542805
0.9999999205271403
0.9999999602635701
0.999999980131785
1.
0.
0.007652940716138848
0.010927576556193572
0.01576445412018388
0.023265968302331123
0.03636543955697045
0.05071890046345128
0.07060909682624793
0.08590715520532001
0.1108911226986006
0.13221772556886088
0.16930551515989126
0.20171287304899566
0.2571718945074335
0.3039175859243565
0.3368775628066611
0.38090545692930233
0.44401565054413356
0.4879613517805464
0.5462035648052488
0.6289932055919567
0.6861967916171046
0.7614018950892878
0.8669362589529888
0.9387847494965923
1.031755265213668
1.159122024362774
1.2436380832319072
1.3502668690953723
1.4912614573185214
1.6919544268773197
1.8319508323486937
2.020346122440004
2.144891739747044
2.304666467768849
2.40596724659459
2.531611856643724
2.6091034402516007
2.703262485608395
2.760412305610797
2.8290532751755104
2.870350008891869
2.9196573809493844
2.9491839255002024
2.9843206820344843
3.005319540444251
3.0302695831184514
3.045157127319531
3.06282726616913
3.085873007221867
3.0933312621198894
3.1021808381214178
3.1137182458640043
3.1218794452041796
3.127651796416069
3.131734221653558
3.141592653589793
10.43665906658579
0.07109157243409625
60
0.
0.08333333333333333
0.16666666666666666
0.3333333333333333
0.5
0.6666666666666666
0.75
0.8333333333333333
0.875
0.9166666666666666
0.9375
0.9583333333333333
0.96875
0.9791666666666666
0.984375
0.9869791666666666
0.9895833333333333
0.9921875
0.9934895833333333
0.9947916666666666
0.99609375
0.9967447916666666
0.9973958333333333
0.998046875
0.9983723958333333
0.9986979166666666
0.9990234375
0.9991861979166666
0.9993489583333333
0.99951171875
0.9995930989583333
0.9996744791666666
0.999755859375
0.9998372395833333
0.9998779296875
0.9999186197916666
0.99993896484375
0.9999593098958333
0.999969482421875
0.9999796549479166
0.9999847412109375
0.9999898274739583
0.9999923706054688
0.9999949137369791
0.9999961853027344
0.9999974568684895
0.9999980926513672
0.9999987284342448
0.9999990463256836
0.9999993642171223
0.9999995231628418
0.9999996821085612
0.9999998410542805
0.9999998807907104
0.9999999205271403
0.9999999602635701
0.999999980131785
0.9999999900658925
0.9999999950329462
1.
0.
0.009057767806582897
0.013366635358289025
0.020886625118215225
0.02911594210544605
0.04049243773650012
0.049217030661918675
0.06342392499991231
0.07552806973660686
0.09658477944116038
0.11503164700429655
0.14673746260821074
0.1735974867776638
0.21811381664236024
0.254899465062702
0.28069723012031045
0.315152651596613
0.36473000365642755
0.399456206056138
0.4457774817439502
0.5122356125972471
0.5585828561004048
0.620058110728579
0.7074044515941127
0.7676306853922781
0.8465461766114505
0.9566214164185944
1.0310392184582133
1.126655763938464
1.256357260816101
1.3415972036763133
1.4482203874873685
1.5877172913170692
1.7835819344362578
1.9185304496113245
2.098261441355753
2.216060707447167
2.3661849441748566
2.4608643962503467
2.577855205187779
2.649806436968837
2.7370526874001446
2.7899009505762824
2.8533093873287596
2.891452154956519
2.936962542631448
2.9642053763329246
2.996625705200403
3.015998628978621
3.03900869756723
3.0527339371753723
3.0690219702228254
3.090260963228962
3.097133487969038
3.10528742195816
3.1159168514049944
3.1234350550229553
3.1287522596411548
3.132512607357626
3.141592653589793
11.524098410112064
0.028487964399799014
63
0.
0.16666666666666666
0.3333333333333333
0.5
0.6666666666666666
0.75
0.8333333333333333
0.875
0.9166666666666666
0.9375
0.9583333333333333
0.96875
0.9791666666666666
0.984375
0.9895833333333333
0.9921875
0.9947916666666666
0.99609375
0.9967447916666666
0.9973958333333333
0.998046875
0.9983723958333333
0.9986979166666666
0.9990234375
0.9991861979166666
0.9993489583333333
0.99951171875
0.9995930989583333
0.9996744791666666
0.999755859375
0.9997965494791666
0.9998372395833333
0.9998779296875
0.9998982747395833
0.9999186197916666
0.99993896484375
0.9999593098958333
0.999969482421875
0.9999796549479166
0.9999847412109375
0.9999898274739583
0.9999923706054688
0.9999949137369791
0.9999961853027344
0.9999974568684895
0.9999980926513672
0.9999987284342448
0.9999990463256836
0.9999993642171223
0.9999995231628418
0.9999996821085612
0.9999997615814209
0.9999998410542805
0.9999998807907104
0.9999999205271403
0.9999999602635701
0.9999999701976776
0.999999980131785
0.9999999900658925
0.9999999950329462
0.9999999975164731
0.9999999987582365
1.
0.
0.007525845607077455
0.011758667463534553
0.016388733810583124
0.022784161503770377
0.02768384376142313
0.03565436869508558
0.04244060347793544
0.05424704775186187
0.06459912057213836
0.08241893700840276
0.09754228954174768
0.12266269905741713
0.14347931535840328
0.177714022223687
0.20603701682979514
0.2527012159148475
0.29135872918099237
0.31855758355268365
0.35497121908086704
0.40744383065176704
0.4441826480748993
0.4930887303209398
0.5629332446193838
0.6113556099786943
0.6751718433917278
0.7649888922759086
0.8263322492120889
0.9060048131561512
1.0158800867491864
1.0894077034064944
1.1830930629673964
1.3089714059848716
1.3910856910084994
1.4932804784827711
1.6263952600855958
1.8128652521158042
1.941507073553241
2.1135583742395325
2.2270217391639386
2.372590665287115
2.465015016416286
2.5798977933580063
2.6509217258400715
2.7373567235577494
2.7899178933837647
2.85311155432942
2.891162052550928
2.9366348885157176
2.9638887167753643
2.9963235094622136
3.015711758055774
3.0387551339245835
3.0525099459477043
3.068835950460994
3.090126529174458
3.0970162509873496
3.1051909093302346
3.1158478784652863
3.1233859191632707
3.1287173325764503
3.13248781861089
3.141592653589793
12.611537753638338
0.014318262654984516
67
0.
0.16666666666666666
0.3333333333333333
0.5
0.6666666666666666
0.75
0.8333333333333333
0.875
0.9166666666666666
0.9375
0.9583333333333333
0.96875
0.9791666666666666
0.984375
0.9895833333333333
0.9921875
0.9947916666666666
0.99609375
0.9973958333333333
0.998046875
0.9986979166666666
0.9990234375
0.9991861979166666
0.9993489583333333
0.99951171875
0.9995930989583333
0.9996744791666666
0.999755859375
0.9997965494791666
0.9998372395833333
0.9998779296875
0.9998982747395833
0.9999186197916666
0.99993896484375
0.9999491373697916
0.9999593098958333
0.999969482421875
0.9999745686848958
0.9999796549479166
0.9999847412109375
0.9999898274739583
0.9999923706054688
0.9999949137369791
0.9999961853027344
0.9999974568684895
0.9999980926513672
0.9999987284342448
0.9999990463256836
0.9999993642171223
0.9999995231628418
0.9999996821085612
0.9999997615814209
0.9999998410542805
0.9999998807907104
0.9999999205271403
0.9999999403953552
0.9999999602635701
0.9999999701976776
0.999999980131785
0.9999999900658925
0.9999999925494194
0.9999999950329462
0.9999999975164731
0.9999999987582365
0.9999999993791182
0.9999999996895591
1.
0.
0.004024783000518869
0.006292972846988944
0.008772915522358298
0.012196626425385418
0.014818030837207468
0.01907938672553431
0.022704948694267518
0.029015431089621246
0.03454946514543564
0.04408331658264818
0.05218357515743675
0.06565572559885481
0.07683661064004067
0.09526363558040363
0.11055184595186097
0.13584079890350528
0.1568986174345301
0.19179355741854945
0.22083026434209285
0.2687717017432502
0.3084245936767829
0.33623101134100064
0.37329953369869834
0.426343317267148
0.4631966476714144
0.5118752153254232
0.5806375017438689
0.627794270330727
0.6893155459504392
0.7747635688084876
0.8324100412708159
0.9064963116477237
1.007390580695342
1.074199323225975
1.158655443249051
1.2712562245492858
1.344374962704292
1.4352373518510235
1.5538094591137337
1.7215104264366532
1.839231207601629
2.000681632190416
2.11052215230768
2.2563685063271572
2.3523519178535937
2.475799538899943
2.5544957076964407
2.652815184322291
2.7138908503585304
2.7885947335986545
2.8341445038341835
2.8891104881690035
2.922310808953755
2.962018909343917
2.9858476159513256
3.0142518760269708
3.0312424302925316
3.0514301116310754
3.07778080342692
3.0863138711074534
3.09644209856983
3.1096519689354043
3.118999954512331
3.1256135847714672
3.130291937297328
3.141592653589793