8
17
3.912023005428146
14.054608359547286
75
0.
0.00008138020833333333
0.00016276041666666666
0.0003255208333333333
0.0006510416666666666
0.0013020833333333333
0.0026041666666666665
0.00390625
0.005208333333333333
0.010416666666666666
0.015625
0.020833333333333332
0.03125
0.041666666666666664
0.0625
0.08333333333333333
0.125
0.16666666666666666
0.25
0.3333333333333333
0.41666666666666663
0.5
0.5416666666666666
0.5833333333333333
0.6041666666666666
0.6145833333333333
0.625
0.6302083333333333
0.6354166666666666
0.640625
0.6432291666666666
0.64453125
0.6458333333333333
0.646484375
0.6471354166666666
0.6474609375
0.6477864583333333
0.64794921875
0.6481119791666666
0.6482747395833333
0.6484375
0.6490885416666666
0.6497395833333333
0.650390625
0.6510416666666666
0.6536458333333333
0.65625
0.6614583333333333
0.6666666666666666
0.6770833333333333
0.6875
0.7083333333333333
0.7291666666666666
0.75
0.7916666666666666
0.8333333333333333
0.875
0.9166666666666666
0.9375
0.9583333333333333
0.96875
0.9791666666666666
0.984375
0.9895833333333333
0.9921875
0.9947916666666666
0.9973958333333333
0.998046875
0.9986979166666666
0.9993489583333333
0.9996744791666666
0.9998372395833333
0.9999186197916666
0.9999593098958333
1.
0.
0.007581548604926678
0.010722377323468549
0.015165002413053888
0.021450146333637097
0.030345269239910287
0.04294353421014764
0.05263028149932098
0.060813199674035666
0.08623606197762079
0.10590555242831554
0.12262539951591094
0.1510204471302803
0.17536740794122163
0.21726417255835515
0.25386298781573186
0.31872024775387664
0.37787906343611005
0.4907669320390545
0.606871489434841
0.7365678131467014
0.8942130336233726
0.9923461316428149
1.1157756447708511
1.195749527939824
1.2445257859196313
1.3037623604757014
1.3399107180161953
1.3836541655280705
1.441701685509068
1.4821564222598578
1.5085883521459367
1.5436305762248888
1.5676680213069423
1.602067654194856
1.6287056337866674
1.674503413567654
1.7089109880128341
1.738067200612803
1.7586213009616272
1.7740513535066151
1.8140503336553542
1.8399008536849246
1.8597095958651693
1.8760714690596756
1.9242237291196735
1.9588630107938771
2.010585189855111
2.0504274636712987
2.112680075996442
2.162366811045577
2.242568752576529
2.3088226113710384
2.3672219653376203
2.4710812615618707
2.566755648913205
2.6612197242393734
2.7613326562564056
2.8168931169862312
2.879991580702201
2.9164877890316188
2.9589410838288144
2.9838964808170365
3.01322407659075
3.0305891178921356
3.0510939200544946
3.077695348609919
3.086276430293265
3.0964438973969863
3.1096795259254524
3.1190307047535804
3.125640427637096
3.1303132386086436
3.133617144291854
3.141592653589793
4.183882841309714
11.848366961957687
63
0.
0.00016276041666666666
0.0003255208333333333
0.0006510416666666666
0.0013020833333333333
0.0026041666666666665
0.00390625
0.005208333333333333
0.010416666666666666
0.015625
0.020833333333333332
0.03125
0.041666666666666664
0.0625
0.08333333333333333
0.125
0.16666666666666666
0.25
0.3333333333333333
0.41666666666666663
0.5
0.5416666666666666
0.5833333333333333
0.6041666666666666
0.625
0.6354166666666666
0.640625
0.6458333333333333
0.6510416666666666
0.65625
0.6588541666666666
0.6614583333333333
0.6640625
0.6666666666666666
0.671875
0.6770833333333333
0.6875
0.6979166666666666
0.7083333333333333
0.7291666666666666
0.75
0.7916666666666666
0.8333333333333333
0.875
0.9166666666666666
0.9375
0.9583333333333333
0.96875
0.9791666666666666
0.984375
0.9895833333333333
0.9921875
0.9947916666666666
0.9973958333333333
0.998046875
0.9986979166666666
0.9993489583333333
0.99951171875
0.9996744791666666
0.9998372395833333
0.9999186197916666
0.9999593098958333
1.
0.
0.009492772010950046
0.013425913109285268
0.018990233379165465
0.02686510233290772
0.03801808977145058
0.04659326883184848
0.05383693165272469
0.07633987934049563
0.09374788181032834
0.10854341975411153
0.13366567651159328
0.15520112848839784
0.19224737938477976
0.2245961689338861
0.2818980937105647
0.3341570718112121
0.43400598549897546
0.5373382403587693
0.6546214476564517
0.8018668382832789
0.8967188267529305
1.018558708062946
1.0974631807118005
1.2000200462871633
1.2683840911803699
1.3106726136221247
1.3622654992806849
1.4305542537057783
1.5369127036305872
1.6187723554993103
1.7063211305397814
1.773168398832428
1.8222743085666588
1.8927294028376054
1.9444639192818371
2.0219078150602985
2.081593700196978
2.131551640496502
2.2147951248494495
2.285070499036527
2.4057093816213193
2.5138089426192725
2.618798831950037
2.7288449804922017
2.7895417222604157
2.858237408523907
2.8978810819934075
2.9439304583301147
2.9709730053796566
3.00273297949694
3.0215294333186207
3.0437176350919892
3.072494202046654
3.0817756035212343
3.092771527664906
3.107084248634473
3.111710494593111
3.1171963578453235
3.1243435347198663
3.129396471728709
3.132969044113692
3.141592653589793
4.591672595132067
9.134408137071295
56
0.
0.00016276041666666666
0.0003255208333333333
0.0006510416666666666
0.0013020833333333333
0.001953125
0.0026041666666666665
0.005208333333333333
0.0078125
0.010416666666666666
0.020833333333333332
0.03125
0.041666666666666664
0.0625
0.08333333333333333
0.125
0.16666666666666666
0.25
0.3333333333333333
0.41666666666666663
0.5
0.5416666666666666
0.5833333333333333
0.625
0.6458333333333333
0.6666666666666666
0.6770833333333333
0.6875
0.7083333333333333
0.71875
0.7291666666666666
0.75
0.7708333333333333
0.7916666666666666
0.8333333333333333
0.875
0.9166666666666666
0.9375
0.9583333333333333
0.96875
0.9791666666666666
0.984375
0.9895833333333333
0.9921875
0.9947916666666666
0.99609375
0.9973958333333333
0.9986979166666666
0.9990234375
0.9993489583333333
0.9996744791666666
0.9998372395833333
0.9999186197916666
0.9999593098958333
0.9999796549479166
1.
0.
0.007998555215993972
0.01131257243886739
0.016000961985831934
0.022636051142649185
0.027732307941505076
0.03203282049570117
0.04535974635813006
0.05562609887863573
0.064315000140438
0.09143326736223557
0.1125794521705451
0.13069862498451112
0.1618473526342179
0.1890209477342322
0.23708447120888196
0.2808238806097689
0.364099895856009
0.44985210335463427
0.5467750806283423
0.6683603284617118
0.7467947450772631
0.8467645851084303
0.9853448925747008
1.0805887150985947
1.2070523815784266
1.2885774020981249
1.3870916180721602
1.623050466228264
1.731463034570544
1.8224533088964265
1.9650356865749816
2.0762639997523333
2.1701756784923547
2.331040678813974
2.476341125566119
2.621850758110458
2.70016424532049
2.7876371506955286
2.8376843716736904
2.8955118264422275
2.929345752195556
2.968987212457324
2.99240809357711
3.0200231783150997
3.0364133752830718
3.055798752475808
3.0809854058495882
3.089118176177515
3.098757868627991
3.111310941232265
3.120183389921911
3.1264555873116233
3.1308899156565237
3.134025067036911
3.141592653589793
4.99946234895442
7.042090871571634
50
0.
0.0003255208333333333
0.0006510416666666666
0.0013020833333333333
0.0026041666666666665
0.005208333333333333
0.0078125
0.010416666666666666
0.020833333333333332
0.03125
0.041666666666666664
0.0625
0.08333333333333333
0.125
0.16666666666666666
0.25
0.3333333333333333
0.41666666666666663
0.5
0.5833333333333333
0.625
0.6666666666666666
0.7083333333333333
0.7291666666666666
0.75
0.7916666666666666
0.8333333333333333
0.875
0.9166666666666666
0.9375
0.9583333333333333
0.96875
0.9791666666666666
0.984375
0.9895833333333333
0.9921875
0.9947916666666666
0.99609375
0.9973958333333333
0.998046875
0.9986979166666666
0.9993489583333333
0.99951171875
0.9996744791666666
0.9998372395833333
0.9999186197916666
0.9999593098958333
0.9999796549479166
0.9999898274739583
1.
0.
0.009595722729328536
0.013572557650407324
0.01920060044702291
0.02717104394423723
0.03847478003018952
0.0471822138489624
0.054551419769060694
0.07754849836707667
0.09547772953620592
0.11083735500359101
0.13723343371622135
0.16024919755665226
0.20092129410751214
0.23787644532670316
0.3079994402073281
0.3796964220322686
0.45973735162841145
0.557857560872616
0.6948222607076567
0.7930287930301825
0.9292080792521371
1.1271286190659895
1.255829267109884
1.401946932603469
1.7047742577214233
1.968950459012574
2.197501449795169
2.414692958255915
2.52788012464421
2.6520644328558887
2.722286397041248
2.802837969724862
2.849730415430707
2.9044916081735197
2.9367696201393705
2.9747691863693095
2.9972966991937895
3.0239201872329864
3.0397472316830116
3.0584873623772015
3.08286388217953
3.090739624548374
3.1000777519237426
3.11224159095973
3.120839989681727
3.1269191334850466
3.1312173225551847
3.1342563938907086
3.141592653589793
5.543182020717557
4.991273600944202
49
0.
0.0003255208333333333
0.0006510416666666666
0.0013020833333333333
0.0026041666666666665
0.005208333333333333
0.010416666666666666
0.015625
0.020833333333333332
0.041666666666666664
0.0625
0.08333333333333333
0.125
0.16666666666666666
0.25
0.3333333333333333
0.41666666666666663
0.5
0.5833333333333333
0.6666666666666666
0.75
0.7916666666666666
0.8333333333333333
0.875
0.9166666666666666
0.9375
0.9583333333333333
0.96875
0.9791666666666666
0.984375
0.9895833333333333
0.9921875
0.9947916666666666
0.99609375
0.9973958333333333
0.998046875
0.9986979166666666
0.9990234375
0.9993489583333333
0.9996744791666666
0.999755859375
0.9998372395833333
0.9999186197916666
0.99993896484375
0.9999593098958333
0.9999796549479166
0.9999898274739583
0.9999949137369791
1.
0.
0.007678340736154576
0.010860530694764363
0.015363968402329845
0.021741698574077938
0.030786479154674057
0.04364991108204489
0.0535974780819206
0.06204919789576143
0.08867763736532237
0.10978537211749571
0.12818211274363445
0.16066377891325329
0.19012921578731368
0.24582350049122048
0.30225887049479316
0.36421739697347144
0.4377719233804007
0.5339254079864966
0.6774115405550603
0.9247506559038712
1.1121546924771064
1.3494923291769974
1.6334844381030562
1.9575173156317767
2.137497678693052
2.3387797264183807
2.4534786255990952
2.5854313522447154
2.6623509010267385
2.752230475885891
2.805223935203783
2.867620509778826
2.904615173891429
2.9483366561103383
2.9743294619463074
3.0051056216078433
3.0234275677858626
3.0451401857449643
3.073411253415253
3.0825503849943763
3.0933884389530775
3.1075099269779285
3.1120769250005718
3.1174939159809982
3.12455296738757
3.1295441231559624
3.133073229609814
3.141592653589793
6.086901692480694
3.5035741353675567
49
0.
0.0006510416666666666
0.0013020833333333333
0.0026041666666666665
0.005208333333333333
0.0078125
0.010416666666666666
0.020833333333333332
0.03125
0.041666666666666664
0.08333333333333333
0.125
0.16666666666666666
0.25
0.3333333333333333
0.5
0.5833333333333333
0.6666666666666666
0.75
0.7916666666666666
0.8333333333333333
0.875
0.9166666666666666
0.9375
0.9583333333333333
0.96875
0.9791666666666666
0.984375
0.9895833333333333
0.9921875
0.9947916666666666
0.99609375
0.9973958333333333
0.998046875
0.9986979166666666
0.9990234375
0.9993489583333333
0.99951171875
0.9996744791666666
0.999755859375
0.9998372395833333
0.9999186197916666
0.99993896484375
0.9999593098958333
0.9999796549479166
0.9999898274739583
0.9999949137369791
0.9999974568684895
1.
0.
0.00859521321408343
0.012159282044455776
0.01720663109510523
0.024364520094940514
0.02987804147409142
0.03454393134204116
0.04910258332853484
0.06044974838616326
0.07016750156627385
0.10139826437985894
0.12704577437025882
0.15027191456210792
0.19400338087474547
0.2379455916949774
0.34052179410976824
0.40927605922749377
0.504104098793039
0.6526850609158436
0.7642230508094814
0.9158111466391863
1.1262009015608878
1.429618791450072
1.635788368807294
1.8984709655562497
2.0612237868911696
2.257621463668998
2.375657305231959
2.5161067466398537
2.599931847586163
2.6993868911639023
2.7586684007256217
2.828973127159992
2.8708744005406555
2.9205680594482324
2.95018713171661
2.985316938495749
3.006256612088456
3.031093387517544
3.045898334076066
3.063459179766453
3.086344410817124
3.09374640222294
3.1025264792201974
3.113968813146822
3.1220597068734692
3.127780803603628
3.131826215347633
3.141592653589793
6.630621364243831
2.3891055219200332
52
0.
0.0013020833333333333
0.0026041666666666665
0.005208333333333333
0.010416666666666666
0.020833333333333332
0.03125
0.041666666666666664
0.08333333333333333
0.125
0.16666666666666666
0.25
0.3333333333333333
0.5
0.5833333333333333
0.6666666666666666
0.75
0.7916666666666666
0.8333333333333333
0.875
0.8958333333333333
0.9166666666666666
0.9375
0.9479166666666666
0.9583333333333333
0.96875
0.9791666666666666
0.984375
0.9895833333333333
0.9921875
0.9947916666666666
0.99609375
0.9973958333333333
0.998046875
0.9986979166666666
0.9990234375
0.9993489583333333
0.99951171875
0.9996744791666666
0.999755859375
0.9998372395833333
0.9998779296875
0.9999186197916666
0.9999593098958333
0.999969482421875
0.9999796549479166
0.9999898274739583
0.9999949137369791
0.9999974568684895
0.9999987284342448
0.9999993642171223
1.
0.
0.009508869248919041
0.013455932489075449
0.019053303428176547
0.027012924696985765
0.03839532261699726
0.04726514957678006
0.054859720211094455
0.07925246838091027
0.09925946792117044
0.11734811463324442
0.1512901215402269
0.18516170036075835
0.26264537440500507
0.31274312523017583
0.37887636040560174
0.47670010368260773
0.5480460462390716
0.6460061922150492
0.7884163324330394
0.8867865052195466
1.0142510736639556
1.1873455000362276
1.3002596178665269
1.4394994707063316
1.6166946596842384
1.8530960660011107
2.006586962485004
2.199237387006394
2.3187644904702225
2.4643099471401047
2.5527088640983253
2.658872599866953
2.7227271242823634
2.7989253357172283
2.8445469874361007
2.8988211965310464
2.931245173409729
2.9697630501616037
2.992747559132722
3.0200314998639373
3.0363052409889693
3.0556158795806727
3.080789160871055
3.0889328369506504
3.098593722495034
3.1111856323445854
3.1200905495942717
3.1263878233889453
3.130840941675926
3.1339899084856815
3.141592653589793
7.446200871888537
1.2503842056345735
54
0.
0.0026041666666666665
0.005208333333333333
0.010416666666666666
0.020833333333333332
0.03125
0.041666666666666664
0.08333333333333333
0.125
0.16666666666666666
0.3333333333333333
0.5
0.5833333333333333
0.6666666666666666
0.75
0.7916666666666666
0.8333333333333333
0.875
0.8958333333333333
0.9166666666666666
0.9375
0.9479166666666666
0.9583333333333333
0.96875
0.9739583333333333
0.9791666666666666
0.984375
0.9895833333333333
0.9921875
0.9947916666666666
0.99609375
0.9973958333333333
0.998046875
0.9986979166666666
0.9990234375
0.9993489583333333
0.99951171875
0.9996744791666666
0.999755859375
0.9998372395833333
0.9998779296875
0.9999186197916666
0.99993896484375
0.9999593098958333
0.999969482421875
0.9999796549479166
0.9999898274739583
0.9999923706054688
0.9999949137369791
0.9999974568684895
0.9999987284342448
0.9999993642171223
0.9999996821085612
1.
0.
0.009144039126848006
0.012947498082679173
0.018355690131290108
0.026088115159918265
0.03211211295356303
0.037268597429950236
0.053818239331380836
0.06737228906121057
0.07960430585222854
0.1251412826857406
0.17607132895342176
0.2080554821282809
0.2489239870865016
0.30676254260763297
0.3476109496412154
0.4031050485300069
0.4848790348981238
0.5431603978770494
0.6215745395716885
0.7342744094498006
0.8123547634908332
0.9145835050677399
1.0560842112902638
1.1504661149196405
1.2696402509541023
1.4267397646757507
1.6481273077449858
1.8004083929118895
2.0021525641737457
2.13348431351469
2.299700499774407
2.403864891652398
2.5318966770153484
2.6102977890304273
2.705050793441508
2.762326133128665
2.8309309235794227
2.8721101276778516
2.9212011794843225
2.9505765829109922
2.985502288642318
3.006358641176223
3.0311307083288086
3.0459119936537427
3.063454466201997
3.0863266337348545
3.093726957862148
3.102506679794819
3.1139511955981383
3.1220454398211794
3.1277698101545863
3.1318179891313584
3.141592653589793
7.989920543651674
0.7779471838813214
54
0.
0.005208333333333333
0.010416666666666666
0.020833333333333332
0.041666666666666664
0.08333333333333333
0.125
0.16666666666666666
0.3333333333333333
0.5
0.6666666666666666
0.75
0.7916666666666666
0.8333333333333333
0.875
0.8958333333333333
0.9166666666666666
0.9375
0.9479166666666666
0.9583333333333333
0.96875
0.9739583333333333
0.9791666666666666
0.984375
0.9869791666666666
0.9895833333333333
0.9921875
0.9947916666666666
0.99609375
0.9973958333333333
0.998046875
0.9986979166666666
0.9990234375
0.9993489583333333
0.99951171875
0.9996744791666666
0.999755859375
0.9998372395833333
0.9998779296875
0.9999186197916666
0.99993896484375
0.9999593098958333
0.999969482421875
0.9999796549479166
0.9999847412109375
0.9999898274739583
0.9999949137369791
0.9999961853027344
0.9999974568684895
0.9999987284342448
0.9999993642171223
0.9999996821085612
0.9999998410542805
1.
0.
0.00993135835751771
0.014079434256329102
0.020009707439449277
0.028582853760144723
0.04126793859020406
0.05165013731673538
0.06101238547395374
0.09576806227397802
0.13433418406776518
0.18862466954874854
0.2308991600235588
0.26039212173310355
0.30017286594080633
0.35868931507852886
0.4006290885434043
0.4576329946610538
0.5409917732026326
0.5998276024702778
0.6782916850868268
0.7898163976761029
0.8663012005870924
0.9655862285884379
1.101713154887284
1.1919068400581831
1.3053897453452774
1.454763133664972
1.665807224088371
1.811864822307196
2.006920094566178
2.134971356060368
2.2982721987525583
2.4012932465884846
2.528585670045333
2.6068572525086546
2.7017510370233837
2.759251251608434
2.8282270503072082
2.869692690506251
2.919163302271997
2.9487741241241805
2.984004132102213
3.005053603865358
3.0300563335173636
3.044972748705442
3.062677012550644
3.08576703104441
3.0932395596853275
3.1021060367708815
3.1136654210797516
3.121842126372663
3.1276254250332367
3.131715582805416
3.141592653589793
8.805500051296379
0.36724140557849094
58
0.
0.010416666666666666
0.020833333333333332
0.041666666666666664
0.08333333333333333
0.125
0.16666666666666666
0.3333333333333333
0.5
0.6666666666666666
0.75
0.8333333333333333
0.875
0.8958333333333333
0.9166666666666666
0.9375
0.9479166666666666
0.9583333333333333
0.96875
0.9739583333333333
0.9791666666666666
0.984375
0.9869791666666666
0.9895833333333333
0.9921875
0.9934895833333333
0.9947916666666666
0.99609375
0.9967447916666666
0.9973958333333333
0.998046875
0.9986979166666666
0.9990234375
0.9993489583333333
0.99951171875
0.9996744791666666
0.999755859375
0.9998372395833333
0.9998779296875
0.9999186197916666
0.99993896484375
0.9999593098958333
0.999969482421875
0.9999796549479166
0.9999847412109375
0.9999898274739583
0.9999923706054688
0.9999949137369791
0.9999974568684895
0.9999980926513672
0.9999987284342448
0.9999993642171223
0.9999995231628418
0.9999996821085612
0.9999998410542805
0.9999999205271403
0.9999999602635701
1.
0.
0.009396646967202002
0.01335404182578447
0.019074098647166537
0.02753453388024346
0.0344549507815863
0.040691148435862703
0.06378610002331277
0.08924685821795304
0.12463891750916996
0.15178262578318613
0.19564332665330653
0.23243535874927881
0.25884753629491547
0.2949652951255687
0.3484408127770116
0.38672801332176426
0.43852857089698055
0.5136806542797965
0.5663314128588444
0.6361716844246588
0.7350548666625283
0.8028624566653972
0.891167671170466
1.013240505510804
1.0950161791882158
1.1991620175986055
1.338715044768699
1.429310560609108
1.5413348456597633
1.6856427765156996
1.8838389217960183
2.017379597148617
2.19152366175107
2.3034813656209603
2.4438658947100427
2.5312151341781806
2.6380253290725673
2.7031756047416917
2.7816916007123833
2.829063472936292
2.8857150127583697
2.919684342119367
2.9601545735751453
2.9843588334815414
3.013123714975167
3.0302902913598673
3.0506709779429744
3.0772609590617885
3.085868442815241
3.0960830414612617
3.1094023616791913
3.1137122007286315
3.118825604794104
3.125491379032778
3.1302060623265415
3.133540481958523
3.141592653589793
9.349219723059516
0.2202252585536474
58
0.
0.010416666666666666
0.020833333333333332
0.041666666666666664
0.08333333333333333
0.16666666666666666
0.3333333333333333
0.5
0.6666666666666666
0.75
0.8333333333333333
0.875
0.9166666666666666
0.9375
0.9479166666666666
0.9583333333333333
0.96875
0.9739583333333333
0.9791666666666666
0.984375
0.9869791666666666
0.9895833333333333
0.9921875
0.9934895833333333
0.9947916666666666
0.99609375
0.9967447916666666
0.9973958333333333
0.998046875
0.9983723958333333
0.9986979166666666
0.9990234375
0.9993489583333333
0.99951171875
0.9996744791666666
0.999755859375
0.9998372395833333
0.9998779296875
0.9999186197916666
0.99993896484375
0.9999593098958333
0.999969482421875
0.9999796549479166
0.9999847412109375
0.9999898274739583
0.9999923706054688
0.9999949137369791
0.9999961853027344
0.9999974568684895
0.9999987284342448
0.9999990463256836
0.9999993642171223
0.9999996821085612
0.9999998410542805
0.9999999205271403
0.9999999602635701
0.999999980131785
1.
0.
0.007154526995771075
0.010167510483245318
0.014522248960673839
0.020962293284738868
0.03097365580125321
0.04852978296518393
0.06784015596837605
0.09456717764987504
0.11495952787036567
0.14774607100646245
0.17516375087385253
0.22179363875485292
0.26184479819239487
0.290654380825341
0.3298221084355807
0.38704279625785365
0.42741953760059365
0.4813697383986262
0.5585998087210884
0.6122026973119975
0.6828988048897336
0.7825092465089236
0.8506146781896398
0.9391432060170157
1.0612756513727348
1.1429364990123394
1.2467479133252897
1.385490100116633
1.4753224220231007
1.5861328712407625
1.7284248753008782
1.9229926073831938
2.0535985887204116
2.223345227094525
2.332153083005214
2.468270280576587
2.552818328465903
2.656067303153069
2.7189814227755167
2.794756891624041
2.840445415612334
2.895054978938033
2.92779937264408
2.966806235382482
2.9901283199569266
3.0178350120733
3.0343700798808166
3.0540018016986705
3.0796159159063383
3.087907812450479
3.097748098930923
3.1105796598410356
3.119658042304262
3.12607998213443
3.1306222579392546
3.1338347718856188
3.141592653589793
9.892939394822653
0.13231951662509428
59
0.
0.020833333333333332
0.041666666666666664
0.08333333333333333
0.16666666666666666
0.3333333333333333
0.5
0.6666666666666666
0.75
0.8333333333333333
0.875
0.9166666666666666
0.9375
0.9583333333333333
0.96875
0.9739583333333333
0.9791666666666666
0.984375
0.9869791666666666
0.9895833333333333
0.9921875
0.9934895833333333
0.9947916666666666
0.99609375
0.9967447916666666
0.9973958333333333
0.998046875
0.9983723958333333
0.9986979166666666
0.9990234375
0.9991861979166666
0.9993489583333333
0.99951171875
0.9996744791666666
0.999755859375
0.9998372395833333
0.9998779296875
0.9999186197916666
0.99993896484375
0.9999593098958333
0.999969482421875
0.9999796549479166
0.9999847412109375
0.9999898274739583
0.9999923706054688
0.9999949137369791
0.9999961853027344
0.9999974568684895
0.9999980926513672
0.9999987284342448
0.9999993642171223
0.9999995231628418
0.9999996821085612
0.9999998410542805
0.9999999205271403
0.9999999602635701
0.999999980131785
0.9999999900658925
1.
0.
0.007722897731989725
0.011030408589514781
0.015921342231319028
0.023522900935821146
0.03684500480131708
0.051478249950494735
0.07168010337979548
0.08704679378156119
0.11167842082020304
0.1322350322192146
0.1671991431891801
0.19729877969146487
0.2486034617083585
0.2920169637461455
0.3227792631272909
0.36405753072102115
0.42352837348357114
0.4651000873630672
0.5203451767106263
0.5990994679988024
0.6536402110746927
0.7254838160885502
0.8265676716505572
0.8955733769870473
0.985114994642975
1.1082956264095287
1.190402712324415
1.2944598728308478
1.4329445834650532
1.5222504604238822
1.6320239030831156
1.772383517892629
1.963315130194977
2.0908560596644814
2.2559779209513198
2.3615014772123497
2.4932153998528124
2.5748686081293624
2.674456573856485
2.7350755549880716
2.808037657562576
2.8520155584143403
2.9045541355213795
2.936050780617416
2.973564176078018
2.995988701392217
3.022625842181846
3.0385220883061987
3.057394844443168
3.0820178816714527
3.0899887406817417
3.099447911707945
3.1117822941451276
3.120508776447984
3.1266817138246012
3.131047832599769
3.1341357416415723
3.141592653589793
10.43665906658579
0.08041915962635186
59
0.
0.041666666666666664
0.08333333333333333
0.16666666666666666
0.3333333333333333
0.5
0.6666666666666666
0.75
0.8333333333333333
0.875
0.9166666666666666
0.9375
0.9583333333333333
0.96875
0.9791666666666666
0.984375
0.9869791666666666
0.9895833333333333
0.9921875
0.9934895833333333
0.9947916666666666
0.99609375
0.9967447916666666
0.9973958333333333
0.998046875
0.9983723958333333
0.9986979166666666
0.9990234375
0.9991861979166666
0.9993489583333333
0.99951171875
0.9996744791666666
0.999755859375
0.9998372395833333
0.9998779296875
0.9999186197916666
0.99993896484375
0.9999593098958333
0.999969482421875
0.9999796549479166
0.9999847412109375
0.9999898274739583
0.9999923706054688
0.9999949137369791
0.9999961853027344
0.9999974568684895
0.9999980926513672
0.9999987284342448
0.9999990463256836
0.9999993642171223
0.9999996821085612
0.9999997615814209
0.9999998410542805
0.9999999205271403
0.9999999602635701
0.999999980131785
0.9999999900658925
0.9999999950329462
1.
0.
0.008351441627405858
0.012054215703735171
0.017808394389538868
0.027889164870765183
0.0389530673151326
0.054204297598772044
0.06578435633769726
0.08431275464961072
0.09975636408725497
0.12602200501675864
0.14866084692177908
0.18734252010044378
0.22017414164779586
0.27486435340362697
0.32022823317910976
0.35207034746041654
0.3945744728501863
0.4555870779719918
0.498167848047503
0.5547152784986211
0.6352649012094947
0.6909907843214463
0.7642921207982323
0.8671654481355474
0.9371831345354179
1.0277568526964116
1.151813641796218
1.2341499528802375
1.3381026055444238
1.4757990671436252
1.6725730227979572
1.810586621478694
1.9975584274551486
2.1220450446990946
2.282839747518052
2.3854197574669245
2.5133032328228735
2.5925131357600075
2.6890817031190335
2.747829546983325
2.818538523150719
2.8611339694943183
2.91202412412721
2.9425356439770245
2.978869137273385
3.00058217337185
3.026386877711192
3.0417926116601777
3.060084355383801
3.083939424261399
3.0916584002394836
3.1008165718821643
3.1127550592318998
3.1211991182658863
3.12717110754667
3.1313945109056354
3.1343811928907033
3.141592653589793
10.980378738348927
0.050020522135627486
59
0.
0.08333333333333333
0.16666666666666666
0.3333333333333333
0.5
0.6666666666666666
0.75
0.8333333333333333
0.875
0.9166666666666666
0.9375
0.9583333333333333
0.96875
0.9791666666666666
0.984375
0.9895833333333333
0.9921875
0.9934895833333333
0.9947916666666666
0.99609375
0.9967447916666666
0.9973958333333333
0.998046875
0.9983723958333333
0.9986979166666666
0.9990234375
0.9991861979166666
0.9993489583333333
0.99951171875
0.9995930989583333
0.9996744791666666
0.999755859375
0.9998372395833333
0.9998779296875
0.9999186197916666
0.99993896484375
0.9999593098958333
0.999969482421875
0.9999796549479166
0.9999847412109375
0.9999898274739583
0.9999923706054688
0.9999949137369791
0.9999961853027344
0.9999974568684895
0.9999980926513672
0.9999987284342448
0.9999990463256836
0.9999993642171223
0.9999995231628418
0.9999996821085612
0.9999998410542805
0.9999998807907104
0.9999999205271403
0.9999999602635701
0.999999980131785
0.9999999900658925
0.9999999950329462
1.
0.
0.009081712037413163
0.013416463268271107
0.02100889005531197
0.029337743220424893
0.04080867398928099
0.04950919675081295
0.06341543206347351
0.07499761495913458
0.09469435329936154
0.11168294239201551
0.1407512647191382
0.1654676681916196
0.2067326385840385
0.24105701654176975
0.29753205958011636
0.3441206079705824
0.37678296955056834
0.42037038499549895
0.4829211743703425
0.5265478079009096
0.5844205147121571
0.6666694054393391
0.7234086963113981
0.7978138377436229
0.9017668306208011
0.972200272271013
1.062939972603267
1.186604924738172
1.2683126279451489
1.3711034009875156
1.5067339511737137
1.6997913847384751
1.8348723383869279
2.017688320663697
2.139423634410241
2.2967934282129185
2.3973143697107075
2.522790633391308
2.6006161052233363
2.6955748107194006
2.753407342767269
2.823052723019508
2.8650114396313984
2.915176138356279
2.945264791706582
2.981093520260713
3.002498177597187
3.0279270633744133
3.043105935635056
3.0611305806252176
3.0846529868372046
3.0922689897080713
3.101307960476812
3.1130959132257034
3.1214368255742775
3.127337532775036
3.131511360756048
3.141592653589793
11.524098410112064
0.03232576875609068
61
0.
0.16666666666666666
0.3333333333333333
0.5
0.6666666666666666
0.75
0.8333333333333333
0.875
0.9166666666666666
0.9375
0.9583333333333333
0.96875
0.9791666666666666
0.984375
0.9895833333333333
0.9921875
0.9947916666666666
0.99609375
0.9967447916666666
0.9973958333333333
0.998046875
0.9983723958333333
0.9986979166666666
0.9990234375
0.9991861979166666
0.9993489583333333
0.99951171875
0.9995930989583333
0.9996744791666666
0.999755859375
0.9997965494791666
0.9998372395833333
0.9998779296875
0.9999186197916666
0.99993896484375
0.9999593098958333
0.999969482421875
0.9999796549479166
0.9999847412109375
0.9999898274739583
0.9999923706054688
0.9999949137369791
0.9999961853027344
0.9999974568684895
0.9999980926513672
0.9999987284342448
0.9999990463256836
0.9999993642171223
0.9999995231628418
0.9999996821085612
0.9999997615814209
0.9999998410542805
0.9999999205271403
0.9999999403953552
0.9999999602635701
0.999999980131785
0.9999999900658925
0.9999999950329462
0.9999999975164731
0.9999999987582365
1.
0.
0.010028968334818677
0.015703426017450582
0.021926517196674985
0.030492760233544455
0.03698616065810399
0.04735829071473287
0.05599322768635368
0.07067736377815882
0.0833478654662594
0.10504669732300953
0.12351749687514846
0.1543989704672644
0.1801315369583206
0.2225742363102471
0.25770022661980324
0.31545199113038136
0.3631062478613208
0.39650996996226373
0.44105126652760934
0.5048471171939314
0.5492253721843579
0.6079171295541909
0.6909496413685472
0.7479590738950186
0.8223853277881353
0.9257595687615593
0.9954347627440756
1.0848030555199881
1.2059629374671061
1.2857021385800902
1.3857536381614812
1.517475091194216
1.704825021562558
1.8361176555659662
2.0144975860215206
2.1339408614053297
2.2893041508003327
2.3891441094084875
2.514498977424124
2.5926118476533055
2.6883049105782204
2.7467574835208968
2.8173245293044293
2.8599153056165814
2.9108998196886513
2.94151198226875
2.9779905848097643
2.9997976284385586
3.0257217782584527
3.0412028773986064
3.0595884714944326
3.083574913860139
3.0913388297649647
3.1005518653643653
3.1125643949973294
3.121062550906029
3.12707366493701
3.1313251707364964
3.134331942360552
3.141592653589793
12.0678180818752
0.02211016009129125
64
0.
0.16666666666666666
0.3333333333333333
0.5
0.6666666666666666
0.75
0.8333333333333333
0.875
0.9166666666666666
0.9375
0.9583333333333333
0.96875
0.9791666666666666
0.984375
0.9895833333333333
0.9921875
0.9947916666666666
0.99609375
0.9973958333333333
0.998046875
0.9983723958333333
0.9986979166666666
0.9990234375
0.9991861979166666
0.9993489583333333
0.99951171875
0.9995930989583333
0.9996744791666666
0.999755859375
0.9997965494791666
0.9998372395833333
0.9998779296875
0.9998982747395833
0.9999186197916666
0.99993896484375
0.9999491373697916
0.9999593098958333
0.999969482421875
0.9999796549479166
0.9999847412109375
0.9999898274739583
0.9999923706054688
0.9999949137369791
0.9999961853027344
0.9999974568684895
0.9999980926513672
0.9999987284342448
0.9999990463256836
0.9999993642171223
0.9999995231628418
0.9999996821085612
0.9999997615814209
0.9999998410542805
0.9999998807907104
0.9999999205271403
0.9999999602635701
0.9999999701976776
0.999999980131785
0.9999999900658925
0.9999999950329462
0.9999999975164731
0.9999999987582365
0.9999999993791182
1.
0.
0.007405462281347257
0.01159992252841387
0.01619792834654714
0.02251780486893542
0.027305404414499964
0.034947010915379086
0.041303640758217554
0.052110251172680803
0.061437270554558596
0.07742147165044934
0.09104106285356103
0.11383791806768546
0.13285953132465148
0.1642901517372555
0.19036340404977972
0.2333690650142119
0.26900284261251584
0.3276103915474502
0.3759092528363218
0.40969703687765857
0.45463719285596255
0.5187444980905814
0.5631417190347158
0.6216029466031695
0.7038108999721602
0.7599228290403379
0.8327945049971992
0.933354908497809
1.0007455952721547
1.086792114203607
1.2028955904852745
1.2790459335204636
1.3744144479504798
1.499879929413667
1.5802126104486454
1.678698949495391
1.8047304666966146
1.9775893951881156
2.0947019895164836
2.249103017435583
2.349731375360664
2.4776842910531953
2.558371105607708
2.658170946737027
2.7196380465950294
2.7942344289769063
2.839528478223413
2.893920395423724
2.926644270330466
2.9657306980052716
2.9891494773358964
3.0170035634085655
3.033633775252215
3.0533847895391837
3.0791649438762834
3.087513126823875
3.0974218263775137
3.1103452396700684
3.119490420784814
3.125960523044045
3.1305373200861144
3.1337744770092106
3.141592653589793
12.611537753638338
0.01626864165249222
67
0.
0.16666666666666666
0.3333333333333333
0.5
0.6666666666666666
0.75
0.8333333333333333
0.875
0.9166666666666666
0.9375
0.9583333333333333
0.96875
0.9791666666666666
0.984375
0.9895833333333333
0.9921875
0.9947916666666666
0.99609375
0.9973958333333333
0.998046875
0.9986979166666666
0.9990234375
0.9991861979166666
0.9993489583333333
0.99951171875
0.9995930989583333
0.9996744791666666
0.999755859375
0.9997965494791666
0.9998372395833333
0.9998779296875
0.9998982747395833
0.9999186197916666
0.99993896484375
0.9999491373697916
0.9999593098958333
0.999969482421875
0.9999745686848958
0.9999796549479166
0.9999847412109375
0.9999898274739583
0.9999923706054688
0.9999949137369791
0.9999961853027344
0.9999974568684895
0.9999980926513672
0.9999987284342448
0.9999990463256836
0.9999993642171223
0.9999995231628418
0.9999996821085612
0.9999997615814209
0.9999998410542805
0.9999998807907104
0.9999999205271403
0.9999999403953552
0.9999999602635701
0.9999999701976776
0.999999980131785
0.9999999900658925
0.9999999925494194
0.9999999950329462
0.9999999975164731
0.9999999987582365
0.9999999993791182
0.9999999996895591
1.
0.
0.005366638186045089
0.008406219902843683
0.011738409631568837
0.0163209643393319
0.019792019508667272
0.025330852084178703
0.02993952325821938
0.037775827918272505
0.04454116555733605
0.05613994086302123
0.06602808022299696
0.08259221076374368
0.09642709841910431
0.11932048168089397
0.13834820605284073
0.16981755320490385
0.1959816061610194
0.23920985584750604
0.2750346493164477
0.33385278084873304
0.38216119147819416
0.4158458550594765
0.46049802056499506
0.5238702190528426
0.567547488352444
0.6247766241367558
0.7047419768180396
0.7589961091131311
0.8290769893900551
0.925144130066647
0.9891479105063697
1.0704920401655176
1.179675925650676
1.2510176853718151
1.3401597231274796
1.45728606498454
1.5323241752020376
1.6245025188700062
1.7430160848723464
1.9072635601879948
2.0202272169721005
2.172000671141328
2.273087298129673
2.4045607242217715
2.489322341846168
2.5962602722999404
2.6632955917653267
2.745643136282378
2.7961620319560128
2.857447715116891
2.8945946809418914
2.9391838885413692
2.966045861526066
2.998128949695247
3.0173210950823806
3.040097974673651
3.0536815205351444
3.069799784936834
3.090814763830013
3.0976141603420535
3.105680923569434
3.116196053540937
3.123632958307207
3.1288924374142852
3.132611846821389
3.141592653589793