10
13
3.912023005428146
11.042098152822335
68
0.
0.00008138020833333333
0.00016276041666666666
0.0003255208333333333
0.0006510416666666666
0.0013020833333333333
0.001953125
0.0026041666666666665
0.005208333333333333
0.0078125
0.010416666666666666
0.015625
0.020833333333333332
0.03125
0.041666666666666664
0.0625
0.08333333333333333
0.125
0.16666666666666666
0.25
0.3333333333333333
0.41666666666666663
0.5
0.5416666666666666
0.5833333333333333
0.6041666666666666
0.625
0.6354166666666666
0.640625
0.6458333333333333
0.6510416666666666
0.65234375
0.6536458333333333
0.65625
0.6575520833333333
0.6588541666666666
0.66015625
0.6614583333333333
0.6640625
0.6666666666666666
0.671875
0.6770833333333333
0.6875
0.6979166666666666
0.7083333333333333
0.7291666666666666
0.75
0.7916666666666666
0.8333333333333333
0.875
0.9166666666666666
0.9375
0.9583333333333333
0.96875
0.9791666666666666
0.984375
0.9895833333333333
0.9921875
0.9947916666666666
0.9973958333333333
0.998046875
0.9986979166666666
0.9993489583333333
0.9996744791666666
0.9998372395833333
0.9999186197916666
0.9999593098958333
1.
0.
0.009553972049339571
0.013511958971231202
0.01911049602724512
0.027031142117647462
0.03824145411294957
0.046852743651285805
0.05412021973943844
0.07664714956157702
0.09400794645195347
0.10870721239922879
0.1335234061259881
0.15462729199496728
0.19048845197822703
0.22125805005534618
0.2742455350127445
0.3205538760908223
0.4025528567721795
0.4770417421148122
0.6170030091753491
0.7552109639253536
0.899519121634816
1.0597520744273525
1.1523030126724145
1.2622972448249261
1.3297861049500272
1.4146403658748696
1.4700297668788118
1.504037023373603
1.5455186970605126
1.601343385987973
1.6195771782603063
1.6408989750386767
1.70154566766485
1.7545594289426978
1.8389775582268792
1.9022111693437531
1.9408174023992038
1.9911893954143398
2.026516799172741
2.0782037085101854
2.1174122075178143
2.1780005760612546
2.225980622243686
2.2668264554913873
2.335979589828548
2.3951913545158345
2.498136308575454
2.5913944336041816
2.6826204477162454
2.77873802873425
2.831915916838482
2.8922090985924247
2.9270457395075846
2.9675421451844293
2.9913366073143335
3.019291768764624
3.035840781002628
3.0553800105490327
3.0807251770863466
3.0888991331400626
3.0985849481975194
3.1111940181710755
3.120101461181211
3.1263970924692646
3.13084834124519
3.1339955635463492
3.141592653589793
4.319812759250499
8.98216560343303
84
0.
0.00008138020833333333
0.00016276041666666666
0.0003255208333333333
0.0006510416666666666
0.0013020833333333333
0.0026041666666666665
0.00390625
0.005208333333333333
0.010416666666666666
0.015625
0.020833333333333332
0.03125
0.041666666666666664
0.0625
0.08333333333333333
0.125
0.16666666666666666
0.25
0.3333333333333333
0.41666666666666663
0.5
0.5416666666666666
0.5625
0.5833333333333333
0.6041666666666666
0.6145833333333333
0.6197916666666666
0.625
0.6276041666666666
0.6302083333333333
0.630859375
0.6315104166666666
0.6321614583333333
0.6328125
0.6331380208333333
0.6334635416666666
0.6336263020833333
0.6337890625
0.6338704427083333
0.6339518229166666
0.6339925130208333
0.634033203125
0.6340738932291666
0.6341145833333333
0.6341959635416666
0.63427734375
0.6344401041666666
0.6346028645833333
0.634765625
0.6350911458333333
0.6354166666666666
0.6360677083333333
0.63671875
0.6380208333333333
0.640625
0.6458333333333333
0.6510416666666666
0.65625
0.6666666666666666
0.6875
0.7083333333333333
0.75
0.7916666666666666
0.8333333333333333
0.875
0.9166666666666666
0.9375
0.9583333333333333
0.96875
0.9791666666666666
0.984375
0.9895833333333333
0.9921875
0.9947916666666666
0.9973958333333333
0.998046875
0.9986979166666666
0.9993489583333333
0.9996744791666666
0.9998372395833333
0.9999186197916666
0.9999593098958333
1.
0.
0.007794732339886585
0.011023917154228128
0.015591586673444085
0.02205383929501796
0.031200191961884984
0.04415590799919665
0.05411922493612325
0.06253722299698457
0.08870128601395233
0.10895851125870223
0.12619016201505245
0.15548541965282087
0.18064115078892626
0.2240264699791219
0.26204490975886774
0.32975120753787396
0.3919504003683091
0.5120220450951896
0.6375037948810792
0.779523308950713
0.9530608546314774
1.0613178755250048
1.1251423564300855
1.1999179927662467
1.2947464260042196
1.3575889694321206
1.3969793371482315
1.4467131888287146
1.4787727248365021
1.5207983887276024
1.5341351221260386
1.5494213472677967
1.5676106972701076
1.5907301134796432
1.6056174817608648
1.6248665209883593
1.6375493416578855
1.654494779861629
1.666201072696254
1.683037476838412
1.696030576788997
1.7172792240421493
1.744853988291059
1.762079639960202
1.7817368622004395
1.7944330236154613
1.8120992573394408
1.824997457802454
1.8354066277538617
1.8520124336527377
1.8652922802159593
1.88636411486631
1.9031672043862322
1.929806945273167
1.9690591401051483
2.023746278677802
2.0642893447796995
2.097547026090661
2.1517912439369864
2.2351330211420657
2.3017442476191565
2.4115656515654424
2.5064383156267995
2.595399664063618
2.684169036047242
2.7789086021436855
2.831691287836521
2.8917624977462295
2.926556256213823
2.967064085024262
2.9908902713044334
3.0189018213124554
3.0354922841520757
3.055086380189419
3.0805104456012438
3.08871266536633
3.098431555587998
3.1110840832571562
3.120023544377993
3.126342674999106
3.130810132316819
3.1339686805398497
3.141592653589793
4.727602513072852
7.149725028872993
59
0.
0.00016276041666666666
0.0003255208333333333
0.0006510416666666666
0.0013020833333333333
0.0026041666666666665
0.00390625
0.005208333333333333
0.010416666666666666
0.015625
0.020833333333333332
0.03125
0.041666666666666664
0.0625
0.08333333333333333
0.125
0.16666666666666666
0.25
0.3333333333333333
0.41666666666666663
0.5
0.5416666666666666
0.5833333333333333
0.6041666666666666
0.625
0.6354166666666666
0.6458333333333333
0.6510416666666666
0.65625
0.6614583333333333
0.6666666666666666
0.6770833333333333
0.6875
0.6979166666666666
0.7083333333333333
0.7291666666666666
0.75
0.7916666666666666
0.8333333333333333
0.875
0.9166666666666666
0.9375
0.9583333333333333
0.96875
0.9791666666666666
0.984375
0.9895833333333333
0.9921875
0.9947916666666666
0.9973958333333333
0.998046875
0.9986979166666666
0.9993489583333333
0.99951171875
0.9996744791666666
0.9998372395833333
0.9999186197916666
0.9999593098958333
1.
0.
0.009108523739197578
0.012882502409278383
0.01822173183045349
0.02577826339080831
0.03648103007739655
0.04471071547673423
0.051663099196367704
0.07326538640504844
0.08998221651183526
0.1041950880396628
0.1283402353969301
0.14905269375339106
0.18472198987391697
0.21591709655294714
0.27131598074193025
0.3220362335545062
0.41964793575716247
0.5219930518011544
0.640388809132019
0.7931255937326495
0.8938426740085686
1.0250625801632995
1.1106658539916454
1.2223844202404555
1.2971979504499231
1.4004127052656383
1.4750114461778323
1.5825224361257053
1.7153754063247004
1.8145530173056141
1.9344045099774496
2.0129868581096653
2.073811438205674
2.124715420300553
2.209385724917379
2.2806829336795973
2.40270255865717
2.5117058408148005
2.6173418337609173
2.7278814997661343
2.788789033111601
2.8576826644074473
2.8974245651286212
2.9435763330373272
2.970673981970534
3.0024950972652857
3.0213261199821746
3.04355379909666
3.0723799337146014
3.081676585162692
3.0926907984830354
3.107027682423628
3.111661340702178
3.117156189768331
3.124315584634685
3.129376980577575
3.13295539797266
3.141592653589793
5.135392266895204
5.604026931410985
51
0.
0.00016276041666666666
0.0003255208333333333
0.0006510416666666666
0.0013020833333333333
0.0026041666666666665
0.005208333333333333
0.0078125
0.010416666666666666
0.020833333333333332
0.03125
0.041666666666666664
0.0625
0.08333333333333333
0.125
0.16666666666666666
0.25
0.3333333333333333
0.41666666666666663
0.5
0.5416666666666666
0.5833333333333333
0.625
0.6666666666666666
0.6875
0.7083333333333333
0.7291666666666666
0.75
0.7916666666666666
0.8333333333333333
0.875
0.9166666666666666
0.9375
0.9583333333333333
0.96875
0.9791666666666666
0.984375
0.9895833333333333
0.9921875
0.9947916666666666
0.99609375
0.9973958333333333
0.9986979166666666
0.9990234375
0.9993489583333333
0.9996744791666666
0.9998372395833333
0.9999186197916666
0.9999593098958333
0.9999796549479166
1.
0.
0.007663894677560268
0.010839278207368333
0.015331584193909311
0.021689302609942153
0.030693610624451067
0.04346495982965568
0.05330442206994372
0.06163294939258981
0.08763343887590908
0.1079172630304793
0.12530554512334308
0.15521867871004172
0.18133984520362273
0.227612485101262
0.26981565833583676
0.35047157688457625
0.4340399706165179
0.5292614486778662
0.6500071123256517
0.7285924655115158
0.8290977140913833
0.9671779076592066
1.176303205760822
1.3296243887610117
1.5274140715976308
1.7305588384621198
1.8918897917040502
2.1219529121447156
2.296666977383396
2.4512172090535316
2.603925900157425
2.6855207294827492
2.7763044551556693
2.8281150903873074
2.887886180917059
2.9228197331260386
2.96372015511687
2.98787283771155
3.01634144659068
3.0332339077965926
3.0532090051413063
3.0791602904155053
3.087538118676879
3.0974687038778446
3.110400210084659
3.119539096162646
3.1259998156115376
3.130567542876714
3.1337970683284966
3.141592653589793
5.543182020717557
4.364511763380523
48
0.
0.0003255208333333333
0.0006510416666666666
0.0013020833333333333
0.0026041666666666665
0.005208333333333333
0.0078125
0.010416666666666666
0.020833333333333332
0.03125
0.041666666666666664
0.0625
0.08333333333333333
0.125
0.16666666666666666
0.25
0.3333333333333333
0.41666666666666663
0.5
0.5833333333333333
0.6666666666666666
0.7083333333333333
0.75
0.7916666666666666
0.8333333333333333
0.875
0.9166666666666666
0.9375
0.9583333333333333
0.96875
0.9791666666666666
0.984375
0.9895833333333333
0.9921875
0.9947916666666666
0.99609375
0.9973958333333333
0.998046875
0.9986979166666666
0.9993489583333333
0.99951171875
0.9996744791666666
0.9998372395833333
0.9999186197916666
0.9999593098958333
0.9999796549479166
0.9999898274739583
1.
0.
0.00917861835342626
0.012982638604505367
0.018366206387925278
0.025990688370489838
0.03680449108608175
0.045135299864082434
0.052186419679200555
0.07419573803829273
0.09136134467874016
0.10607231849082513
0.131367820730466
0.15344087293120817
0.19249217701319662
0.22803139707802114
0.2956342226973719
0.3649912180661287
0.44268145243843393
0.5381669411971108
0.671250250717325
0.8940656970965584
1.073772352244219
1.317229249059556
1.6050326446977672
1.883438811121923
2.1322221367914995
2.3677441879289
2.489518724516957
2.6223983146101792
2.697248549319765
2.7828978951340813
2.8326697973955945
2.8907266444111697
2.9249186808002143
2.9651495651559303
2.988989824749597
3.0171575098057057
3.033899138718971
3.053718360855797
3.079497256591354
3.087824939679206
3.097698472539271
3.110561018072188
3.119653089788897
3.1260805963593095
3.130624750951994
3.133837564251732
3.141592653589793
6.086901692480694
3.1159781737802574
48
0.
0.0003255208333333333
0.0006510416666666666
0.0013020833333333333
0.0026041666666666665
0.005208333333333333
0.010416666666666666
0.015625
0.020833333333333332
0.041666666666666664
0.0625
0.08333333333333333
0.125
0.16666666666666666
0.25
0.3333333333333333
0.41666666666666663
0.5
0.5833333333333333
0.6666666666666666
0.75
0.8333333333333333
0.875
0.9166666666666666
0.9375
0.9583333333333333
0.96875
0.9791666666666666
0.984375
0.9895833333333333
0.9921875
0.9947916666666666
0.99609375
0.9973958333333333
0.998046875
0.9986979166666666
0.9990234375
0.9993489583333333
0.99951171875
0.9996744791666666
0.9998372395833333
0.9998779296875
0.9999186197916666
0.9999593098958333
0.9999796549479166
0.9999898274739583
0.9999949137369791
1.
0.
0.007323813654973958
0.010359108429353612
0.014654724020280735
0.02073831787165063
0.02936645597644036
0.041638769441239475
0.05113072199928819
0.05919661699796478
0.08461904248467822
0.10478351961167144
0.12236903585303963
0.15344635698197404
0.18167116581469991
0.2351075009379446
0.28935299780656626
0.3489639102401908
0.4196700776615373
0.5116443177148959
0.6469939021456584
0.8747023212435342
1.2653851606976398
1.5383874856354334
1.8673132197334683
2.056506878334689
2.2714712212104997
2.3949728910249872
2.5376111389194667
2.620949808139785
2.7184527840232184
2.775988313775168
2.8437653907298
2.8839628811515614
2.931481076244627
2.959734766235007
2.993191664006894
3.0131112001609965
3.036717912703879
3.050780867322704
3.067455849360753
3.0891798064596445
3.0962045370393585
3.1045360650007137
3.1153921326701655
3.123067309149042
3.1284938675323177
3.132330718392749
3.141592653589793
6.630621364243831
2.1921831324280237
51
0.
0.0006510416666666666
0.0013020833333333333
0.0026041666666666665
0.005208333333333333
0.0078125
0.010416666666666666
0.020833333333333332
0.03125
0.041666666666666664
0.08333333333333333
0.125
0.16666666666666666
0.25
0.3333333333333333
0.5
0.5833333333333333
0.6666666666666666
0.75
0.7916666666666666
0.8333333333333333
0.875
0.8958333333333333
0.9166666666666666
0.9375
0.9583333333333333
0.96875
0.9791666666666666
0.984375
0.9895833333333333
0.9921875
0.9947916666666666
0.99609375
0.9973958333333333
0.998046875
0.9986979166666666
0.9990234375
0.9993489583333333
0.99951171875
0.9996744791666666
0.999755859375
0.9998372395833333
0.9999186197916666
0.99993896484375
0.9999593098958333
0.9999796549479166
0.9999898274739583
0.9999949137369791
0.9999974568684895
0.9999987284342448
1.
0.
0.008178184312519201
0.01156940101205005
0.01637208638128144
0.023183372362773
0.028430300068313444
0.03287090294487061
0.046729011723474316
0.057533292435534074
0.06678875153756059
0.09655376822919523
0.12102395752405548
0.14320609885655217
0.18502621100836725
0.22710140120936717
0.32529104766071515
0.39080174089777886
0.4803467294681093
0.6185719861890632
0.7213332859902342
0.8608740659147504
1.0557049157555156
1.183776152979512
1.341578824234435
1.5411357094263904
1.8034582907353616
1.9706925509103033
2.1768858693986703
2.3028151179406127
2.4542858170176016
2.545395917551417
2.654056074102338
2.7190681120680638
2.79636224261863
2.842512999568196
2.8973142116663753
2.9300066342220994
2.9688054746913513
2.991942833251074
3.0193942243707674
3.0357613523768037
3.0551782678970145
3.080485886039976
3.088671941657864
3.0983823963015453
3.1110377637789632
3.1199867718460665
3.126314832106281
3.130789524418481
3.1339536486942805
3.141592653589793
7.446200871888537
1.215834099722507
55
0.
0.0013020833333333333
0.0026041666666666665
0.005208333333333333
0.010416666666666666
0.015625
0.020833333333333332
0.041666666666666664
0.0625
0.08333333333333333
0.16666666666666666
0.25
0.3333333333333333
0.5
0.5833333333333333
0.6666666666666666
0.75
0.7916666666666666
0.8333333333333333
0.875
0.8958333333333333
0.9166666666666666
0.9375
0.9479166666666666
0.9583333333333333
0.96875
0.9739583333333333
0.9791666666666666
0.984375
0.9895833333333333
0.9921875
0.9947916666666666
0.99609375
0.9973958333333333
0.998046875
0.9986979166666666
0.9990234375
0.9993489583333333
0.99951171875
0.9996744791666666
0.999755859375
0.9998372395833333
0.9998779296875
0.9999186197916666
0.99993896484375
0.9999593098958333
0.9999796549479166
0.9999847412109375
0.9999898274739583
0.9999949137369791
0.9999974568684895
0.9999987284342448
0.9999993642171223
0.9999996821085612
1.
0.
0.007951186239284713
0.011251762133001834
0.015932500650738618
0.022589167904362325
0.027736596378990588
0.032109679603279526
0.04588461512983808
0.05679789196736041
0.06630244679963608
0.09820983309696761
0.12663783657696284
0.15496614951823742
0.21931117369763828
0.2603042129252867
0.3133989003340168
0.3897694627125345
0.444270303249861
0.5184460977693834
0.6267626834271753
0.7026659633413134
0.8028103004878758
0.9427782534681942
1.037117689758879
1.1574972646967834
1.318405031532139
1.4221209690863859
1.5490582272875626
1.7097815268053882
1.9243780257307617
2.064666087785224
2.242487181160622
2.3539517522684945
2.4909000012500107
2.5747088157970075
2.6759379223930098
2.737097877854219
2.8103147023748423
2.854256567228145
2.906623784556106
2.9379442675746357
2.975184428696053
2.997424807947055
3.023836445115386
3.039591239380133
3.0582879556844587
3.0826680566295055
3.0905570492959202
3.0999170179443496
3.1121186974616046
3.1207490018761312
3.126852756797161
3.1311693677274537
3.1342219749612044
3.141592653589793
8.261780379533242
0.6191966965726737
56
0.
0.0026041666666666665
0.005208333333333333
0.010416666666666666
0.020833333333333332
0.041666666666666664
0.08333333333333333
0.125
0.16666666666666666
0.3333333333333333
0.5
0.5833333333333333
0.6666666666666666
0.75
0.7916666666666666
0.8333333333333333
0.875
0.8958333333333333
0.9166666666666666
0.9375
0.9479166666666666
0.9583333333333333
0.96875
0.9739583333333333
0.9791666666666666
0.984375
0.9869791666666666
0.9895833333333333
0.9921875
0.9947916666666666
0.99609375
0.9973958333333333
0.998046875
0.9986979166666666
0.9990234375
0.9993489583333333
0.99951171875
0.9996744791666666
0.999755859375
0.9998372395833333
0.9998779296875
0.9999186197916666
0.99993896484375
0.9999593098958333
0.999969482421875
0.9999796549479166
0.9999847412109375
0.9999898274739583
0.9999949137369791
0.9999961853027344
0.9999974568684895
0.9999987284342448
0.9999993642171223
0.9999996821085612
0.9999998410542805
1.
0.
0.007596632656057673
0.010756660816051545
0.015250336234137392
0.021676314366899596
0.030970834894843355
0.04473730393627983
0.05602026417935626
0.06620875351192688
0.10415904043037924
0.14648974832494446
0.17289412257868356
0.20632343190617938
0.25294318736137467
0.2854029349500976
0.3290278427647441
0.3927647909906391
0.4380968650292906
0.4992621153474568
0.5879042113630402
0.6500081501225865
0.7323733307908656
0.8487439649497057
0.9281573192947609
1.0308007476621983
1.1707023561461702
1.262833308518926
1.378069006038728
1.528515816708905
1.7385951103864095
1.882266789798584
2.07202014372033
2.195352314998936
2.3513440920702533
2.449082440568041
2.5692201432514787
2.64279526623445
2.731728307907389
2.7854904537724043
2.849894050966104
2.8885561721565285
2.934648083740193
2.96222979528148
2.995023459837575
3.014605898565892
3.0378644731229802
3.0517428424395985
3.0682144899526613
3.0896917324026227
3.096641009123402
3.10488578930376
3.115633292295275
3.1232347677409744
3.128610744904258
3.1324125962247127
3.141592653589793
9.349219723059516
0.2316333038807711
58
0.
0.010416666666666666
0.020833333333333332
0.041666666666666664
0.08333333333333333
0.125
0.16666666666666666
0.3333333333333333
0.5
0.6666666666666666
0.75
0.8333333333333333
0.875
0.8958333333333333
0.9166666666666666
0.9375
0.9479166666666666
0.9583333333333333
0.96875
0.9739583333333333
0.9791666666666666
0.984375
0.9869791666666666
0.9895833333333333
0.9921875
0.9934895833333333
0.9947916666666666
0.99609375
0.9967447916666666
0.9973958333333333
0.998046875
0.9986979166666666
0.9990234375
0.9993489583333333
0.99951171875
0.9996744791666666
0.999755859375
0.9998372395833333
0.9998779296875
0.9999186197916666
0.99993896484375
0.9999593098958333
0.999969482421875
0.9999796549479166
0.9999847412109375
0.9999898274739583
0.9999923706054688
0.9999949137369791
0.9999961853027344
0.9999974568684895
0.9999987284342448
0.9999990463256836
0.9999993642171223
0.9999996821085612
0.9999998410542805
0.9999999205271403
0.9999999602635701
1.
0.
0.008893902772575579
0.012640870742801721
0.018059226318244827
0.026080414235860598
0.032649130193136464
0.038574865807873907
0.06057127008517094
0.08487853659488419
0.11862127994601712
0.14435198961229834
0.18552281171367327
0.21966064054063128
0.24397784654410737
0.27703820429800613
0.32573040444429907
0.36050522606018
0.40754368560847176
0.4759174365175502
0.5239763290815985
0.5879672804447285
0.6790750061956199
0.7419053572337093
0.8241725378514295
0.9387579768534919
1.016105731811832
1.115338181875706
1.2496673153507414
1.3377586435501125
1.4477101119837363
1.5910962796105215
1.7913721734180832
1.9285500931030792
2.1101131635996913
2.2283848278192897
2.378282979439538
2.4723679034890917
2.5881770009604597
2.6591800370747714
2.7450799604422476
2.7970388882400736
2.8593102516928672
2.896707436871712
2.9412954082237466
2.9679823235627696
2.9997205334664003
3.018673673782762
3.0411859469058897
3.0546198327073575
3.0705650605359143
3.091355640278555
3.0980825015786695
3.1060632534086268
3.1164663375748485
3.1238240461469076
3.129027540969089
3.1327073722239676
3.141592653589793
10.43665906658579
0.08562519182223888
60
0.
0.020833333333333332
0.041666666666666664
0.08333333333333333
0.16666666666666666
0.3333333333333333
0.5
0.6666666666666666
0.75
0.8333333333333333
0.875
0.9166666666666666
0.9375
0.9583333333333333
0.96875
0.9739583333333333
0.9791666666666666
0.984375
0.9869791666666666
0.9895833333333333
0.9921875
0.9934895833333333
0.9947916666666666
0.99609375
0.9967447916666666
0.9973958333333333
0.998046875
0.9983723958333333
0.9986979166666666
0.9990234375
0.9991861979166666
0.9993489583333333
0.99951171875
0.9996744791666666
0.999755859375
0.9998372395833333
0.9998779296875
0.9999186197916666
0.99993896484375
0.9999593098958333
0.999969482421875
0.9999796549479166
0.9999847412109375
0.9999898274739583
0.9999923706054688
0.9999949137369791
0.9999961853027344
0.9999974568684895
0.9999980926513672
0.9999987284342448
0.9999993642171223
0.9999995231628418
0.9999996821085612
0.9999998410542805
0.9999998807907104
0.9999999205271403
0.9999999602635701
0.999999980131785
0.9999999900658925
1.
0.
0.007278333769282468
0.010397663297466182
0.015014475499841346
0.022202378128468193
0.03483781875451679
0.04875383662397588
0.06795117097479973
0.08248196412023046
0.10556381687703494
0.12460945130203938
0.1566180163086037
0.1839163324381164
0.23023292672111004
0.2694244229568032
0.29724808624831256
0.33467126215655174
0.3887642080843304
0.4266888624963906
0.4772138068743623
0.5494630083226225
0.5996433810452285
0.6659236137959054
0.759542917515589
0.8237185956850894
0.9073464401374117
1.0231321391575612
1.1008448756987697
1.2000214646851903
1.3333489246189678
1.4202214461048868
1.52805657346922
1.667752506417312
1.861320709745532
1.993014568024035
2.1664172729556097
2.278917722594572
2.4211139148778624
2.510183406932644
2.619674893623486
2.6867327227415947
2.767801832122097
2.8168200625786755
2.875545333544665
2.9107990495917178
2.95283345177559
2.977990153676579
3.0079021992200836
3.025763340306054
3.046977639582057
3.0746612251396916
3.083620999572908
3.094251885687144
3.1081111173484675
3.1125949544378257
3.117914350397336
3.1248479229405572
3.1297515197123844
3.133219296728804
3.141592653589793
11.524098410112064
0.034562440544819426
62
0.
0.08333333333333333
0.16666666666666666
0.3333333333333333
0.5
0.6666666666666666
0.75
0.8333333333333333
0.875
0.9166666666666666
0.9375
0.9583333333333333
0.96875
0.9791666666666666
0.984375
0.9895833333333333
0.9921875
0.9934895833333333
0.9947916666666666
0.99609375
0.9967447916666666
0.9973958333333333
0.998046875
0.9983723958333333
0.9986979166666666
0.9990234375
0.9991861979166666
0.9993489583333333
0.99951171875
0.9995930989583333
0.9996744791666666
0.999755859375
0.9997965494791666
0.9998372395833333
0.9998779296875
0.9999186197916666
0.99993896484375
0.9999593098958333
0.999969482421875
0.9999796549479166
0.9999847412109375
0.9999898274739583
0.9999923706054688
0.9999949137369791
0.9999961853027344
0.9999974568684895
0.9999980926513672
0.9999987284342448
0.9999990463256836
0.9999993642171223
0.9999995231628418
0.9999996821085612
0.9999998410542805
0.9999998807907104
0.9999999205271403
0.9999999602635701
0.9999999701976776
0.999999980131785
0.9999999900658925
0.9999999950329462
0.9999999975164731
1.
0.
0.00845898261805675
0.012507498853153949
0.019620499084151956
0.027445134337405384
0.03821602494035759
0.04634795715419752
0.059232586192634065
0.06984472638458136
0.08767458487262307
0.10290294452947532
0.1288253348930491
0.1508548650346156
0.18773387883646267
0.21851774201883614
0.269326519925428
0.31133697948943156
0.34082342637409796
0.38020215486975156
0.4367585861804306
0.47623149569635714
0.5286261969388976
0.6031644359333359
0.6546469679160976
0.722253449759368
0.8169460596821546
0.8813019630650373
0.9645049768969369
1.078540266650362
1.1543935352018817
1.2505000723272355
1.378694776175748
1.461748048435656
1.5644895384531206
1.6972836897109052
1.8813812151071823
2.007111006335687
2.173735936800318
2.282681866774002
2.42148016041268
2.5090775485241146
2.6174172686548203
2.684140841143045
2.765105914119378
2.8142351272385895
2.873201005954388
2.9086694949434295
2.9510220486712804
2.976387960559114
3.0065590456744173
3.0245856870623653
3.0460045679054275
3.073961893679781
3.083011763697569
3.09375095690754
3.10775368454175
3.112284504448427
3.117659992621157
3.124667256276922
3.1296233643824785
3.133128474744913
3.141592653589793
12.611537753638338
0.017427752001080727
66
0.
0.16666666666666666
0.3333333333333333
0.5
0.6666666666666666
0.75
0.8333333333333333
0.875
0.9166666666666666
0.9375
0.9583333333333333
0.96875
0.9791666666666666
0.984375
0.9895833333333333
0.9921875
0.9947916666666666
0.99609375
0.9973958333333333
0.998046875
0.9983723958333333
0.9986979166666666
0.9990234375
0.9991861979166666
0.9993489583333333
0.99951171875
0.9995930989583333
0.9996744791666666
0.999755859375
0.9997965494791666
0.9998372395833333
0.9998779296875
0.9998982747395833
0.9999186197916666
0.99993896484375
0.9999491373697916
0.9999593098958333
0.999969482421875
0.9999796549479166
0.9999847412109375
0.9999898274739583
0.9999923706054688
0.9999949137369791
0.9999961853027344
0.9999974568684895
0.9999980926513672
0.9999987284342448
0.9999990463256836
0.9999993642171223
0.9999995231628418
0.9999996821085612
0.9999997615814209
0.9999998410542805
0.9999998807907104
0.9999999205271403
0.9999999403953552
0.9999999602635701
0.999999980131785
0.9999999850988388
0.9999999900658925
0.9999999950329462
0.9999999975164731
0.9999999987582365
0.9999999993791182
0.9999999996895591
1.
0.
0.006695554971906467
0.010504868062368106
0.014693295957021416
0.02045040507032112
0.024792123378611815
0.03166129397005726
0.037314774585032205
0.04681290194254444
0.054930238221933554
0.06876839825839254
0.0805532938983555
0.1003370175526993
0.11690750383577884
0.14438485857560265
0.16724055832642126
0.2050153326279765
0.2363607288787345
0.28797358371057663
0.3305501445378681
0.3603534167301731
0.40001587333130706
0.45663415312114086
0.4958724717555659
0.5475732649269172
0.6203456881753798
0.6700714106916817
0.7347214783431519
0.8240937330816539
0.8841043975972374
0.9609064669299326
1.0649260365321054
1.1334499691649622
1.219672330996165
1.3339735928498442
1.4078015460292845
1.4991408343509218
1.6176591096447022
1.7840306348875958
1.8999687699072296
2.0579616619815684
2.1647097352494473
2.30561962620664
2.397808151583556
2.5156900165340232
2.590469431264182
2.683518991505479
2.7411216184334743
2.8113728312363335
2.854132163505394
2.9056452085140028
2.936695145109012
2.9737538749900554
2.9959572886219776
3.0224051435648143
3.0382290512322494
3.057055907167895
3.081685222535011
3.089674357055229
3.0991656262872334
3.111558956053606
3.120338914242393
3.1265556075522656
3.130955655165612
3.1340690540651392
3.141592653589793