11
22
3.912023005428146
17.31982102157986
69
0.
0.0003255208333333333
0.0006510416666666666
0.0013020833333333333
0.0026041666666666665
0.005208333333333333
0.010416666666666666
0.015625
0.020833333333333332
0.041666666666666664
0.0625
0.08333333333333333
0.125
0.16666666666666666
0.25
0.3333333333333333
0.41666666666666663
0.4583333333333333
0.5
0.5416666666666666
0.5833333333333333
0.625
0.6666666666666666
0.7083333333333333
0.7291666666666666
0.75
0.7604166666666666
0.765625
0.7708333333333333
0.7760416666666666
0.77734375
0.7786458333333333
0.78125
0.7825520833333333
0.783203125
0.7838541666666666
0.7845052083333333
0.78515625
0.7864583333333333
0.7877604166666666
0.7890625
0.7903645833333333
0.7916666666666666
0.796875
0.8020833333333333
0.8125
0.8229166666666666
0.8333333333333333
0.8541666666666666
0.875
0.9166666666666666
0.9375
0.9583333333333333
0.96875
0.9791666666666666
0.984375
0.9895833333333333
0.9921875
0.9947916666666666
0.99609375
0.9973958333333333
0.9986979166666666
0.9990234375
0.9993489583333333
0.9996744791666666
0.9998372395833333
0.9999186197916666
0.9999593098958333
1.
0.
0.007210840168808358
0.010199811001735183
0.014430784591494467
0.02042541969202795
0.02893483142929645
0.04105978678359376
0.05046118880864696
0.05847050050224764
0.08387765180396743
0.10426776325235726
0.12228299092454398
0.15484151660124387
0.18551875358212283
0.2482538368757348
0.3233300669152701
0.4351230534099594
0.5228221041931952
0.6386452726994298
0.7640787131430061
0.8846209312774972
1.0013258863002532
1.120489890713283
1.2525652142065888
1.3301132932044915
1.4247540356203803
1.4849377874166538
1.521212570759609
1.5646275958485565
1.6211307287916907
1.6389410033924865
1.659242143740094
1.7128973864239458
1.7538230141088693
1.7830660716461022
1.8253771555247802
1.8868271291364478
1.9401088517373755
2.000866205233506
2.038365981698322
2.0664668560583945
2.0894195045937947
2.1090833337648744
2.169635461670206
2.215070859057626
2.2853497199499886
2.341510903544538
2.3899249301553156
2.4737257843913176
2.548094310712414
2.687122855243689
2.7582562323808477
2.835940662201872
2.879798032228572
2.9300854690544385
2.959357350465822
2.9935426282078192
3.013694097031824
3.037419202530189
3.051485166707047
3.068109287610189
3.089694283533613
3.096660951376627
3.10491723641781
3.1156667311223574
3.1232634101902623
3.128633496196938
3.1324299325651057
3.141592653589793
4.04795292336893
16.63605751897418
72
0.
0.0006510416666666666
0.0013020833333333333
0.0026041666666666665
0.005208333333333333
0.010416666666666666
0.015625
0.020833333333333332
0.041666666666666664
0.0625
0.08333333333333333
0.125
0.16666666666666666
0.3333333333333333
0.41666666666666663
0.4583333333333333
0.5
0.5416666666666666
0.5833333333333333
0.625
0.6666666666666666
0.7083333333333333
0.7291666666666666
0.7395833333333333
0.75
0.7604166666666666
0.765625
0.7708333333333333
0.7734375
0.7760416666666666
0.77734375
0.7779947916666666
0.7786458333333333
0.7789713541666666
0.779296875
0.7794596354166666
0.7796223958333333
0.77978515625
0.7799479166666666
0.7802734375
0.7805989583333333
0.7809244791666666
0.78125
0.7825520833333333
0.7838541666666666
0.7864583333333333
0.7916666666666666
0.796875
0.8020833333333333
0.8125
0.8333333333333333
0.8541666666666666
0.875
0.9166666666666666
0.9375
0.9583333333333333
0.96875
0.9791666666666666
0.984375
0.9895833333333333
0.9921875
0.9947916666666666
0.99609375
0.9973958333333333
0.9986979166666666
0.9990234375
0.9993489583333333
0.9996744791666666
0.9998372395833333
0.9999186197916666
0.9999593098958333
1.
0.
0.009734012768963088
0.013771787342409147
0.019492729167579215
0.02761371943190076
0.03918547732993976
0.04815819596480021
0.05580249206151034
0.08005275358618986
0.09951484039390783
0.11670908649056656
0.14777452208201777
0.17701812863020602
0.3069505143661801
0.40718101244837274
0.4811698865417633
0.5787775833401207
0.694135356969563
0.8149212536025338
0.9369068479052414
1.0635747701026461
1.205057188240288
1.2887977947073381
1.3370973314976833
1.3926867524869126
1.4609567559173797
1.5038154328219095
1.5583506725993845
1.5940171602835216
1.6419656502945994
1.6760539059287771
1.698807114115244
1.7299190296014666
1.7522421641492694
1.7864491432596672
1.814743789945433
1.854063907950396
1.8863967566332989
1.9079859094217917
1.9366207765441759
1.9566140598471364
1.9723525776180288
1.9855218118755407
2.0247646334258294
2.05321530996027
2.095809715059538
2.156013848154941
2.2011810004565713
2.2385787652922415
2.3003372809602514
2.3975462612741754
2.478018686089359
2.5505357813618317
2.6877148780738938
2.7583966902298567
2.835821597691138
2.879610501178202
2.92987077244651
2.9591468327957937
2.993351550361552
3.0135204785802654
3.037271150417961
3.0513541505316994
3.0680002664559334
3.089615932377643
3.096592888658777
3.104861100343404
3.11562702988474
3.123235772687245
3.128614170974856
3.1324163761716997
3.141592653589793
4.183882841309714
15.866884058933636
83
0.
0.0006510416666666666
0.0013020833333333333
0.0026041666666666665
0.005208333333333333
0.010416666666666666
0.015625
0.020833333333333332
0.041666666666666664
0.0625
0.08333333333333333
0.125
0.16666666666666666
0.3333333333333333
0.41666666666666663
0.5
0.5833333333333333
0.625
0.6666666666666666
0.7083333333333333
0.7291666666666666
0.7395833333333333
0.75
0.7604166666666666
0.765625
0.7708333333333333
0.7734375
0.7747395833333333
0.7760416666666666
0.7763671875
0.7766927083333333
0.7770182291666666
0.77734375
0.7775065104166666
0.7776692708333333
0.7777506510416666
0.77783203125
0.7778727213541666
0.7779134114583333
0.777923583984375
0.7779337565104166
0.7779541015625
0.7779744466145833
0.7779947916666666
0.7780354817708333
0.778076171875
0.7781575520833333
0.7782389322916666
0.7783203125
0.7786458333333333
0.7789713541666666
0.779296875
0.7799479166666666
0.7805989583333333
0.78125
0.7838541666666666
0.7864583333333333
0.7916666666666666
0.796875
0.8020833333333333
0.8125
0.8333333333333333
0.8541666666666666
0.875
0.9166666666666666
0.9375
0.9583333333333333
0.96875
0.9791666666666666
0.984375
0.9895833333333333
0.9921875
0.9947916666666666
0.99609375
0.9973958333333333
0.9986979166666666
0.9990234375
0.9993489583333333
0.9996744791666666
0.9998372395833333
0.9999186197916666
0.9999593098958333
1.
0.
0.009267391196113686
0.013111615901458122
0.018558347870329166
0.026290152062567917
0.037307469589549815
0.0458503949509983
0.053128609230193934
0.07621771749880712
0.09474725143864873
0.11111572048837336
0.14067803833594775
0.16847894204071287
0.29075403240422454
0.38132092831011055
0.527809709883332
0.7445418756912334
0.8675918517276835
0.9995007545384434
1.1488023794485003
1.2374941723744588
1.288741543727243
1.347894202112974
1.4210930217915092
1.4677019853575906
1.5286173671775416
1.5704618686718987
1.5975370809617466
1.6331512725773736
1.6444836323808585
1.657491579843406
1.673000580091564
1.692772628158394
1.7055535998027587
1.7221732305508266
1.733222558641121
1.7482216917865336
1.7588922274802878
1.7752914001038493
1.7816036377340414
1.7900997400068333
1.8192504888803926
1.8394713251974497
1.8505185794184604
1.864560616864527
1.8742959891414628
1.8884018689591542
1.8989734990665819
1.9076185233462892
1.9328003818003927
1.950759898437764
1.9651557149654082
1.9880719437870593
2.0064131370585763
2.0219686371018324
2.069331302064842
2.1044847229830195
2.158191610659378
2.200382275705501
2.236094539201973
2.2960887829780035
2.3920708382038574
2.4723359098070183
2.5450264707878825
2.6830678614999366
2.754357444142034
2.83252456788978
2.876758488101473
2.927545883052137
2.957135495398871
2.9917112768818037
3.012100594658906
3.03611244414487
3.050351175745268
3.0671815595901637
3.0890372335535625
3.0960917489397963
3.1044518991307397
3.115337830620652
3.123031401133252
3.1284697199795746
3.1323142646209834
3.141592653589793
4.3877777182208915
14.593824385963721
77
0.
0.0006510416666666666
0.0013020833333333333
0.0026041666666666665
0.005208333333333333
0.0078125
0.010416666666666666
0.020833333333333332
0.03125
0.041666666666666664
0.08333333333333333
0.125
0.16666666666666666
0.3333333333333333
0.41666666666666663
0.5
0.5833333333333333
0.625
0.6666666666666666
0.7083333333333333
0.7291666666666666
0.75
0.7604166666666666
0.765625
0.7708333333333333
0.7734375
0.7760416666666666
0.77734375
0.7786458333333333
0.779296875
0.7799479166666666
0.7802734375
0.7804361979166666
0.7805989583333333
0.7806803385416666
0.78076171875
0.7808024088541666
0.7808430989583333
0.7808837890625
0.7809244791666666
0.781005859375
0.7810872395833333
0.7811686197916666
0.78125
0.7815755208333333
0.7819010416666666
0.7825520833333333
0.7838541666666666
0.78515625
0.7864583333333333
0.7890625
0.7916666666666666
0.796875
0.8020833333333333
0.8125
0.8333333333333333
0.8541666666666666
0.875
0.9166666666666666
0.9375
0.9583333333333333
0.96875
0.9791666666666666
0.984375
0.9895833333333333
0.9921875
0.9947916666666666
0.99609375
0.9973958333333333
0.9986979166666666
0.9990234375
0.9993489583333333
0.9996744791666666
0.9998372395833333
0.9999186197916666
0.9999593098958333
1.
0.
0.00857899928819618
0.012137681787219289
0.017179864123567264
0.024337447770273007
0.029858255960625087
0.03453671044915001
0.04918345763878607
0.06066587526613466
0.07055901527327547
0.10286311525166454
0.130212276199038
0.15589872714233532
0.2674898461467697
0.34650577139570565
0.4661064602970615
0.6483105169429926
0.7634418173422867
0.8954024683676673
1.0507993682045385
1.143803236802987
1.2580593546838237
1.331529656147895
1.3765772186121128
1.432077797528677
1.4667660804315534
1.5103008513238534
1.5380639151981124
1.5737581001704102
1.597258549531636
1.628931023104633
1.6514052372132215
1.6663310252911754
1.686539562289749
1.700822359575752
1.7222851156404932
1.7401372045368457
1.7697852820231206
1.7967458555580098
1.8128525335178014
1.832935712369688
1.8465726649888985
1.8571967197058397
1.8660384671181438
1.8922013560765323
1.911027941276805
1.9389979426775663
1.978020440881199
2.00682497618971
2.03031819825503
2.068292507169806
2.0991324040326775
2.1490066715632197
2.1897006783768322
2.256186784579585
2.3597919293805174
2.445010657584696
2.52154243190893
2.6658793655199817
2.7400961422789822
2.82131052549311
2.8672131927542917
2.9198788066200505
2.950547613688186
2.9863733574699807
3.0074954340160116
3.032366197010774
3.04711286444173
3.0645420093504327
3.0871743714945494
3.0944791607977886
3.103135743409413
3.1144074351622315
3.1223736226473227
3.1280046555391112
3.1319854419817905
3.141592653589793
4.591672595132067
13.239193669108468
64
0.
0.0006510416666666666
0.0013020833333333333
0.0026041666666666665
0.005208333333333333
0.0078125
0.010416666666666666
0.020833333333333332
0.03125
0.041666666666666664
0.08333333333333333
0.125
0.16666666666666666
0.3333333333333333
0.5
0.5833333333333333
0.625
0.6666666666666666
0.7083333333333333
0.7291666666666666
0.75
0.7604166666666666
0.7708333333333333
0.7760416666666666
0.78125
0.7838541666666666
0.78515625
0.7864583333333333
0.7877604166666666
0.7880859375
0.7884114583333333
0.7890625
0.7897135416666666
0.7903645833333333
0.7916666666666666
0.79296875
0.7942708333333333
0.796875
0.8020833333333333
0.8072916666666666
0.8125
0.8229166666666666
0.8333333333333333
0.8541666666666666
0.875
0.9166666666666666
0.9375
0.9583333333333333
0.96875
0.9791666666666666
0.984375
0.9895833333333333
0.9921875
0.9947916666666666
0.99609375
0.9973958333333333
0.9986979166666666
0.9990234375
0.9993489583333333
0.9996744791666666
0.9998372395833333
0.9999186197916666
0.9999593098958333
1.
0.
0.00791686728649419
0.011200910178736654
0.015853993277231585
0.022459332803912786
0.02755426943159125
0.031871902789048015
0.04538954686402948
0.055987357141895046
0.06511866892098282
0.09493528976770758
0.12017165447215325
0.14385478994001905
0.2458817837757032
0.4175221935955853
0.570152046178957
0.6710930476568394
0.7931688675087883
0.9446562522377882
1.0372737787001647
1.1496482212601342
1.2188346387280653
1.3049935765588772
1.3600595004616005
1.4321299435400683
1.4814769884262058
1.5130841316815558
1.5536067892757723
1.6134814416431111
1.6348994894067885
1.6611228596028522
1.7311674481092234
1.7962088156073037
1.8390506562439366
1.8939787741319947
1.9315742241873253
1.9609635071767098
2.006786563980508
2.073360140922885
2.123884358684229
2.1658679614726464
2.235317185411502
2.2934152106200076
2.39161488439697
2.477170369296127
2.6347884799764274
2.714694911242545
2.8015925115101017
2.850524344474579
2.9065441536101866
2.939118753239492
2.977135603098459
2.999535049605636
3.025898444588239
3.0415252521105853
3.059990877892672
3.0839634834436014
3.091699905619817
3.1008683981549865
3.112805149161119
3.1212403813889384
3.12720320362257
3.131418665330551
3.141592653589793
4.727602513072852
12.324182278929966
60
0.
0.0006510416666666666
0.0013020833333333333
0.0026041666666666665
0.005208333333333333
0.010416666666666666
0.020833333333333332
0.03125
0.041666666666666664
0.08333333333333333
0.125
0.16666666666666666
0.3333333333333333
0.5
0.5833333333333333
0.625
0.6666666666666666
0.7083333333333333
0.7291666666666666
0.75
0.7604166666666666
0.7708333333333333
0.7760416666666666
0.78125
0.7864583333333333
0.7890625
0.7916666666666666
0.7942708333333333
0.7955729166666666
0.796875
0.7981770833333333
0.7994791666666666
0.8020833333333333
0.8046875
0.8072916666666666
0.8125
0.8229166666666666
0.8333333333333333
0.8541666666666666
0.875
0.9166666666666666
0.9375
0.9583333333333333
0.96875
0.9791666666666666
0.984375
0.9895833333333333
0.9921875
0.9947916666666666
0.99609375
0.9973958333333333
0.9986979166666666
0.9990234375
0.9993489583333333
0.9996744791666666
0.9998372395833333
0.9999186197916666
0.9999593098958333
0.9999796549479166
1.
0.
0.007494543563200271
0.010603412102722483
0.015008328611160216
0.021261461110043903
0.030172392320647255
0.042970277769633164
0.05300446314820864
0.06165065121428476
0.08988606013702144
0.11378501863346478
0.13620826506692107
0.23246518492545337
0.3903423317201224
0.5276014980276976
0.6191089694079542
0.7317987117269108
0.8754200955091009
0.9648269542968213
1.0732721313206202
1.1387829196343764
1.21705285386525
1.2638157980251372
1.3189557966540726
1.3883943341518172
1.432740426754577
1.4893472173624973
1.5712167364475473
1.6315164391976105
1.7075069658915356
1.7784438003540148
1.831613854976094
1.9044806423692937
1.955591509770849
1.9958432785132012
2.0589824110051596
2.151677445965771
2.2231626834913287
2.3374403022298362
2.43319645264343
2.6047856263667137
2.690392157946265
2.782856327452981
2.8347135306885356
2.893945409804876
2.9283342309266587
2.96842925477097
2.992036611713606
3.0198102520171295
3.036266517401071
3.055708674542467
3.0809434527950965
3.0890863953168513
3.0987358120091884
3.1112979465229857
3.1201751331106014
3.1264502141231154
3.1308863486268335
3.134022660911607
3.141592653589793
4.8635324310136365
11.420249148252811
57
0.
0.0006510416666666666
0.0013020833333333333
0.0026041666666666665
0.005208333333333333
0.010416666666666666
0.020833333333333332
0.03125
0.041666666666666664
0.08333333333333333
0.125
0.16666666666666666
0.3333333333333333
0.5
0.5833333333333333
0.625
0.6666666666666666
0.7083333333333333
0.7291666666666666
0.75
0.7708333333333333
0.78125
0.7864583333333333
0.7916666666666666
0.796875
0.8020833333333333
0.8046875
0.8072916666666666
0.8098958333333333
0.8125
0.8177083333333333
0.8229166666666666
0.8333333333333333
0.84375
0.8541666666666666
0.875
0.9166666666666666
0.9375
0.9583333333333333
0.96875
0.9791666666666666
0.984375
0.9895833333333333
0.9921875
0.9947916666666666
0.99609375
0.9973958333333333
0.9986979166666666
0.9990234375
0.9993489583333333
0.9996744791666666
0.999755859375
0.9998372395833333
0.9999186197916666
0.9999593098958333
0.9999796549479166
1.
0.
0.007089400051550199
0.010030231860867675
0.014197095913013767
0.02011240645277014
0.028542222054222636
0.04064998445931123
0.05014396291200205
0.05832539233991618
0.08504804824245744
0.10767154941255179
0.12889888338551084
0.21982994379702203
0.3663104102345458
0.49117936533760104
0.5743962479266075
0.6775981774922993
0.8110735787354159
0.8953195185279512
0.9978756534993702
1.130768352172246
1.2181781022679496
1.2715593370614675
1.3358118711441254
1.4189648841419649
1.5418879083784733
1.6303322409195509
1.7273503669979051
1.8079148947217694
1.8692494929420864
1.9580960753144998
2.023484550181298
2.121796275205048
2.1983622084039816
2.263363613967294
2.3745610512107045
2.56575748031529
2.659004435297309
2.7587902414711687
2.8144514511432415
2.877833018977894
2.914555617761343
2.95731560014883
2.982469162080287
3.012043904474916
3.0295603316701167
3.05024946324065
3.077094342734623
3.0857555701402837
3.096017884453776
3.1093775060557913
3.113696414629285
3.1188182742417783
3.1254913179758206
3.130208580338248
3.133543543057727
3.141592653589793
5.067427307924812
10.11577539465258
53
0.
0.0013020833333333333
0.0026041666666666665
0.005208333333333333
0.010416666666666666
0.020833333333333332
0.03125
0.041666666666666664
0.08333333333333333
0.125
0.16666666666666666
0.3333333333333333
0.5
0.5833333333333333
0.625
0.6666666666666666
0.7083333333333333
0.7291666666666666
0.75
0.7708333333333333
0.78125
0.7916666666666666
0.8020833333333333
0.8125
0.8177083333333333
0.8229166666666666
0.828125
0.8333333333333333
0.84375
0.8541666666666666
0.875
0.8958333333333333
0.9166666666666666
0.9375
0.9583333333333333
0.96875
0.9791666666666666
0.984375
0.9895833333333333
0.9921875
0.9947916666666666
0.99609375
0.9973958333333333
0.998046875
0.9986979166666666
0.9993489583333333
0.99951171875
0.9996744791666666
0.9998372395833333
0.9999186197916666
0.9999593098958333
0.9999796549479166
1.
0.
0.009218807162846884
0.013048686676712034
0.018485799734101374
0.026234701277961518
0.03736603828672637
0.04609605456997231
0.053620544861509585
0.07820814504518031
0.09903767812659633
0.11859138481963662
0.2022790071971223
0.33485468042246014
0.44531641255350896
0.5184463366267499
0.6090709981455482
0.7267504988474123
0.8015337570130288
0.8928335637226134
1.009332574653926
1.0821675452643718
1.1703784012793266
1.2835263379813417
1.4437351213469496
1.55253188726506
1.6735681699617666
1.7826906528779265
1.8704247413034414
2.0010145875149177
2.0989032756309696
2.250159168894979
2.373899378083964
2.4861361878507564
2.5956244492105323
2.710556723514924
2.773964874257963
2.8457239745102973
2.88713024345375
2.9352211481166695
2.9634599191243005
2.9966221523713354
3.0162475646355436
3.0394134141914284
3.0531737759036734
3.0694561934255833
3.090625610632298
3.0974624090150016
3.1055673572272853
3.116125014981315
3.1235873568913424
3.128862506731401
3.132591840323186
3.141592653589793
5.373269623291577
8.336860931425475
48
0.
0.0013020833333333333
0.0026041666666666665
0.005208333333333333
0.010416666666666666
0.020833333333333332
0.03125
0.041666666666666664
0.08333333333333333
0.125
0.16666666666666666
0.3333333333333333
0.5
0.5833333333333333
0.6666666666666666
0.7083333333333333
0.75
0.7708333333333333
0.7916666666666666
0.8125
0.8229166666666666
0.8333333333333333
0.8541666666666666
0.8645833333333333
0.875
0.8958333333333333
0.9166666666666666
0.9375
0.9583333333333333
0.96875
0.9791666666666666
0.984375
0.9895833333333333
0.9921875
0.9947916666666666
0.99609375
0.9973958333333333
0.998046875
0.9986979166666666
0.9993489583333333
0.99951171875
0.9996744791666666
0.9998372395833333
0.9999186197916666
0.9999593098958333
0.9999796549479166
0.9999898274739583
1.
0.
0.00811300230940467
0.011483667379482983
0.01626920010613538
0.023090449071203417
0.03289202899035888
0.0405822099654828
0.04721309677797784
0.06890174818732811
0.08730533648431922
0.10460897925389888
0.17886330344456314
0.29534000100714836
0.39021124398070806
0.5283274128201794
0.6259018871192804
0.7612460202998589
0.8539156676182367
0.975050429038027
1.1418411797799544
1.2510838542914526
1.3829755078560635
1.690483808554125
1.8294165004230778
1.947929824133537
2.141392268176951
2.303049277905961
2.4521018913726604
2.6025186919331307
2.6836710757748192
2.774382866491921
2.826299950275761
2.88629170829941
2.9213936932547018
2.962521461035289
2.986819378956617
3.015470568743516
3.0324740266679377
3.05258503237555
3.0787162566292263
3.087152662407268
3.0971536493645844
3.110179678899227
3.1193853924527764
3.1258922793257597
3.130492076949249
3.133743992499151
3.141592653589793
5.679111938658341
6.8128930211831635
45
0.
0.0013020833333333333
0.0026041666666666665
0.005208333333333333
0.010416666666666666
0.020833333333333332
0.03125
0.041666666666666664
0.08333333333333333
0.125
0.16666666666666666
0.3333333333333333
0.5
0.5833333333333333
0.6666666666666666
0.7083333333333333
0.75
0.7916666666666666
0.8333333333333333
0.8541666666666666
0.875
0.8958333333333333
0.9166666666666666
0.9375
0.9583333333333333
0.96875
0.9791666666666666
0.984375
0.9895833333333333
0.9921875
0.9947916666666666
0.99609375
0.9973958333333333
0.998046875
0.9986979166666666
0.9990234375
0.9993489583333333
0.9996744791666666
0.999755859375
0.9998372395833333
0.9999186197916666
0.9999593098958333
0.9999796549479166
0.9999898274739583
1.
0.
0.007136643721789939
0.010101875777879833
0.014312172980886363
0.020314587617537638
0.02894275978268572
0.035715795522193956
0.04155891728253885
0.06069582761187293
0.07697121075063368
0.092310408931812
0.15853241715052063
0.26242969650148074
0.34572917390276303
0.4646880506826254
0.5468009805012054
0.6573615106995303
0.8227946823822622
1.1017993902715792
1.3079542750974003
1.5525544556501456
1.8002649443392293
2.026017710964392
2.23344792502856
2.4378701154228155
2.5461432462355216
2.6658005634700883
2.7337492584780505
2.811878376889586
2.8574309295956297
2.910679487820484
2.942086314173488
2.979077513313394
3.0010130681169467
3.0269446430705536
3.0423624101963274
3.060617027746399
3.0843671521906697
3.09204100495446
3.1011394103906555
3.1129921870536705
3.121371205250131
3.1272949976088413
3.131483217553317
3.141592653589793
6.086901692480694
5.167816319426182
45
0.
0.0026041666666666665
0.005208333333333333
0.010416666666666666
0.020833333333333332
0.03125
0.041666666666666664
0.08333333333333333
0.125
0.16666666666666666
0.3333333333333333
0.5
0.5833333333333333
0.6666666666666666
0.7083333333333333
0.75
0.7916666666666666
0.8333333333333333
0.875
0.9166666666666666
0.9375
0.9583333333333333
0.96875
0.9791666666666666
0.984375
0.9895833333333333
0.9921875
0.9947916666666666
0.99609375
0.9973958333333333
0.998046875
0.9986979166666666
0.9990234375
0.9993489583333333
0.99951171875
0.9996744791666666
0.9998372395833333
0.9998779296875
0.9999186197916666
0.9999593098958333
0.9999796549479166
0.9999898274739583
0.9999949137369791
0.9999974568684895
1.
0.
0.008514532605708383
0.012064045354485756
0.017125888489126523
0.02440635247496772
0.030126182493624486
0.03506484999388365
0.05127392294988107
0.0651113088491776
0.07820557685851473
0.13536671897411306
0.22558005865793596
0.29650359171215324
0.3951517887809198
0.4611994125536896
0.5468147886980274
0.6669220228332242
0.8523514692478954
1.1497999870538025
1.5832833529494545
1.84114285772423
2.1224164889261057
2.276892652717076
2.4496039267458882
2.548163357157276
2.661706799948499
2.727968668887114
2.805454744431312
2.851167014152215
2.905011963129678
2.9369439985260675
2.9746911204700273
2.99713590186852
3.023711212874943
3.03953313503909
3.0582856829460128
3.082702285040097
3.0905955891569796
3.0999570338069966
3.112154872382372
3.1207785221414865
3.126875601493705
3.131186506872493
3.1342345869534505
3.141592653589793
6.630621364243831
3.5353212244698633
46
0.
0.005208333333333333
0.010416666666666666
0.020833333333333332
0.041666666666666664
0.08333333333333333
0.125
0.16666666666666666
0.3333333333333333
0.5
0.5833333333333333
0.6666666666666666
0.75
0.7916666666666666
0.8333333333333333
0.875
0.8958333333333333
0.9166666666666666
0.9375
0.9583333333333333
0.96875
0.9791666666666666
0.984375
0.9895833333333333
0.9921875
0.9947916666666666
0.99609375
0.9973958333333333
0.998046875
0.9986979166666666
0.9990234375
0.9993489583333333
0.99951171875
0.9996744791666666
0.999755859375
0.9998372395833333
0.9999186197916666
0.99993896484375
0.9999593098958333
0.9999796549479166
0.9999847412109375
0.9999898274739583
0.9999949137369791
0.9999974568684895
0.9999987284342448
1.
0.
0.009590366979081416
0.01361693554914714
0.019413352854412907
0.027914294870923867
0.040890951094993785
0.052030221274424804
0.06263407578602607
0.1096758179000223
0.18436498674968554
0.24136316960698467
0.3179569191775195
0.42921169141475807
0.5108138231451307
0.6274006989284936
0.8082340181566996
0.9374759156405105
1.104450849342371
1.323927686500113
1.6213407156801667
1.8134956104556377
2.0506900167657425
2.195030617737841
2.3678024102026725
2.471246986132355
2.594170242536966
2.6675029305636246
2.754509639424425
2.8063781648165795
2.867901341384541
2.9045743647983566
2.948072881195241
2.974001969894343
3.004757503167204
3.0230908329678003
3.0448370080078937
3.0731764571931626
3.0823425583476727
3.0932152204779273
3.1073847043933682
3.1119677178832275
3.117404011643112
3.1244887162935795
3.129498351268324
3.133040694267637
3.141592653589793
7.446200871888537
1.919924694849826
51
0.
0.010416666666666666
0.020833333333333332
0.041666666666666664
0.08333333333333333
0.125
0.16666666666666666
0.3333333333333333
0.5
0.5833333333333333
0.6666666666666666
0.75
0.7916666666666666
0.8333333333333333
0.875
0.8958333333333333
0.9166666666666666
0.9375
0.9479166666666666
0.9583333333333333
0.96875
0.9739583333333333
0.9791666666666666
0.984375
0.9895833333333333
0.9921875
0.9947916666666666
0.99609375
0.9973958333333333
0.998046875
0.9986979166666666
0.9990234375
0.9993489583333333
0.99951171875
0.9996744791666666
0.999755859375
0.9998372395833333
0.9998779296875
0.9999186197916666
0.99993896484375
0.9999593098958333
0.9999796549479166
0.9999847412109375
0.9999898274739583
0.9999949137369791
0.9999961853027344
0.9999974568684895
0.9999987284342448
0.9999993642171223
0.9999996821085612
1.
0.
0.00953782931851006
0.013604842232894859
0.019583205157181906
0.028753616084780834
0.03668139629656284
0.04428471886007492
0.07864242529725089
0.1329763346289263
0.172694881643448
0.22402145527509273
0.2946789927555976
0.34337832269140656
0.40887052208117663
0.5053995830213734
0.5745205558053984
0.6675867417950966
0.8003478168087518
0.8911376381199071
1.0083305546681767
1.1674448164736015
1.2716367821410282
1.4010028989724304
1.567724454060028
1.7950741815691986
1.9462406985891072
2.1401794005343255
2.2628172293377324
2.41437182822009
2.5075028695347146
2.6202979038453074
2.6885783702655863
2.770424261892519
2.81959380986587
2.8782225152508114
2.9133099224875654
2.955036398953187
2.979958902362705
3.009563029644496
3.027227498129912
3.0481930978228164
3.0755345851144886
3.0843815640408163
3.0948770574863476
3.1085570312271895
3.11298220677084
3.1182315867378714
3.125073207505694
3.1299113025340883
3.133332521669421
3.141592653589793
7.989920543651674
1.2312928794195444
53
0.
0.010416666666666666
0.020833333333333332
0.041666666666666664
0.08333333333333333
0.16666666666666666
0.3333333333333333
0.5
0.5833333333333333
0.6666666666666666
0.75
0.7916666666666666
0.8333333333333333
0.875
0.8958333333333333
0.9166666666666666
0.9375
0.9479166666666666
0.9583333333333333
0.96875
0.9739583333333333
0.9791666666666666
0.984375
0.9869791666666666
0.9895833333333333
0.9921875
0.9947916666666666
0.99609375
0.9973958333333333
0.998046875
0.9986979166666666
0.9990234375
0.9993489583333333
0.99951171875
0.9996744791666666
0.999755859375
0.9998372395833333
0.9998779296875
0.9999186197916666
0.99993896484375
0.9999593098958333
0.999969482421875
0.9999796549479166
0.9999898274739583
0.9999923706054688
0.9999949137369791
0.9999974568684895
0.9999980926513672
0.9999987284342448
0.9999993642171223
0.9999996821085612
0.9999998410542805
1.
0.
0.007436995063351928
0.01061067570423479
0.015280745976696127
0.022459993828113072
0.034676266372648715
0.0619328029906398
0.10474764853557107
0.13541075369060337
0.17441548490485692
0.22707085001535804
0.2626164622312731
0.3094833834021048
0.37709816396952184
0.42503115623193344
0.4897545507475152
0.5836699304905002
0.6494575774561206
0.7366054968124602
0.8595054180759674
0.9432420494316462
1.0513229996699238
1.198275665958533
1.2947179018794697
1.4148225500776963
1.5704989142674441
1.7852326217065102
1.9300941013117165
2.1188560276368813
2.2400212490594575
2.3916737522906026
2.485881194472939
2.6009178216971454
2.6710028200720153
2.7554030320087763
2.8062866375591304
2.8671080715336412
2.9035760322331057
2.94699694449399
2.9729568752847615
3.003814530255453
3.022235227461074
3.044105341395236
3.072636603423131
3.08187025710639
3.092825038359645
3.107104609078922
3.1117239727401222
3.1172038558495276
3.1243461351489983
3.129397006230601
3.1329687699807187
3.141592653589793
8.805500051296379
0.602001593053716
54
0.
0.041666666666666664
0.08333333333333333
0.16666666666666666
0.3333333333333333
0.5
0.6666666666666666
0.75
0.8333333333333333
0.875
0.8958333333333333
0.9166666666666666
0.9375
0.9479166666666666
0.9583333333333333
0.96875
0.9739583333333333
0.9791666666666666
0.984375
0.9869791666666666
0.9895833333333333
0.9921875
0.9934895833333333
0.9947916666666666
0.99609375
0.9967447916666666
0.9973958333333333
0.998046875
0.9986979166666666
0.9990234375
0.9993489583333333
0.99951171875
0.9996744791666666
0.999755859375
0.9998372395833333
0.9998779296875
0.9999186197916666
0.99993896484375
0.9999593098958333
0.999969482421875
0.9999796549479166
0.9999847412109375
0.9999898274739583
0.9999923706054688
0.9999949137369791
0.9999974568684895
0.9999980926513672
0.9999987284342448
0.9999993642171223
0.9999996821085612
0.9999998410542805
0.9999999205271403
0.9999999602635701
1.
0.
0.010367542469865047
0.01525229409041538
0.023597170192950167
0.04233351715049319
0.07151185527384443
0.11779721890366751
0.1520430414646475
0.20433730961538754
0.2462061901261999
0.27554615004022304
0.3150394217582198
0.3727173845782405
0.41370679089153034
0.4690028594648195
0.5492077136477662
0.6054962235933478
0.6803154009987057
0.7864373560880157
0.8592078899334532
0.9537938512524132
1.0838912251549646
1.1704476584287655
1.2798427783043533
1.4247782978676862
1.5177901574564117
1.6315940015221237
1.7762191630533843
1.9713226355274536
2.1006041884242728
2.2667864648952025
2.372327346718508
2.503408412510229
2.58434398641378
2.682757435850714
2.742524619681159
2.814342415605043
2.857563958897843
2.90917693438767
2.9400915824843623
2.9768827270663634
2.9988715475946632
3.0249989999164457
3.0405896687992118
3.05909503808387
3.083231230029009
3.0910426597646494
3.1003114688373272
3.1123957253895917
3.120943943105237
3.126990126926952
3.1312662658192285
3.1342903735489593
3.141592653589793
9.349219723059516
0.3663164726980401
54
0.
0.041666666666666664
0.08333333333333333
0.16666666666666666
0.3333333333333333
0.5
0.6666666666666666
0.75
0.8333333333333333
0.875
0.9166666666666666
0.9375
0.9479166666666666
0.9583333333333333
0.96875
0.9739583333333333
0.9791666666666666
0.984375
0.9869791666666666
0.9895833333333333
0.9921875
0.9934895833333333
0.9947916666666666
0.99609375
0.9967447916666666
0.9973958333333333
0.998046875
0.9986979166666666
0.9990234375
0.9993489583333333
0.99951171875
0.9996744791666666
0.999755859375
0.9998372395833333
0.9998779296875
0.9999186197916666
0.99993896484375
0.9999593098958333
0.999969482421875
0.9999796549479166
0.9999847412109375
0.9999898274739583
0.9999923706054688
0.9999949137369791
0.9999961853027344
0.9999974568684895
0.9999987284342448
0.9999990463256836
0.9999993642171223
0.9999996821085612
0.9999998410542805
0.9999999205271403
0.9999999602635701
1.
0.
0.007942359451163991
0.011688100898877566
0.01809560017932978
0.03250842872891106
0.05487014211547275
0.09002687484207737
0.11585072328000402
0.15495967633418212
0.18600694616594524
0.23674676865506286
0.27923720347559233
0.3095355022327474
0.35062766883443225
0.41077247293693336
0.45340023456437556
0.5106216884572944
0.5929450754708587
0.6502474050582683
0.7258697158579638
0.8322454375331799
0.9047194943708878
0.9984948512431719
1.1269131817742213
1.2121021722943501
1.3195724515121465
1.4617260938082017
1.6642860175728476
1.8058250583665463
1.9966971215696099
2.1231495798102458
2.2856898885790886
2.3889219003938877
2.5171448139106603
2.596321556953667
2.692597065911629
2.7510796317194024
2.8213494230360205
2.8636375346214056
2.9141485549246466
2.9444068660316995
2.9804077976734655
3.0019220314619286
3.027487633944697
3.042746527579523
3.060858376442939
3.084480198046455
3.0921248873929725
3.101195675814743
3.1130214819823268
3.1213866841862887
3.127303324488855
3.131487796161174
3.141592653589793
9.892939394822653
0.222134628760501
55
0.
0.08333333333333333
0.16666666666666666
0.3333333333333333
0.5
0.6666666666666666
0.75
0.8333333333333333
0.875
0.9166666666666666
0.9375
0.9583333333333333
0.96875
0.9739583333333333
0.9791666666666666
0.984375
0.9869791666666666
0.9895833333333333
0.9921875
0.9934895833333333
0.9947916666666666
0.99609375
0.9967447916666666
0.9973958333333333
0.998046875
0.9983723958333333
0.9986979166666666
0.9990234375
0.9993489583333333
0.99951171875
0.9996744791666666
0.999755859375
0.9998372395833333
0.9998779296875
0.9999186197916666
0.99993896484375
0.9999593098958333
0.999969482421875
0.9999796549479166
0.9999847412109375
0.9999898274739583
0.9999923706054688
0.9999949137369791
0.9999961853027344
0.9999974568684895
0.9999980926513672
0.9999987284342448
0.9999993642171223
0.9999995231628418
0.9999996821085612
0.9999998410542805
0.9999999205271403
0.9999999602635701
0.999999980131785
1.
0.
0.008912424184473052
0.013803756090992316
0.024816567583942743
0.04186207819335197
0.06852016484554735
0.08801816437181337
0.11740365553040479
0.14061373430085256
0.17839899308405294
0.21000811423558843
0.2632800169308779
0.3084422637888567
0.3406340611593713
0.38409626453292156
0.4471472971101126
0.49142148377558825
0.550379010714047
0.634445149050816
0.6925687289566564
0.768921505524752
0.8758353927327032
0.9484317450932173
1.0421310868677471
1.170074773516742
1.2547282001722377
1.361291875093082
1.5018561005307158
1.7014405166546607
1.8404433686192148
2.02737576559905
2.1509404112728925
2.3094973560890772
2.4100663447065562
2.5348570655990876
2.611879734368675
2.7054725019808123
2.762313816608831
2.830579649941358
2.871661289525583
2.9207271875646543
2.9501132581019234
2.985073844384461
3.005965442560933
3.0307901865203895
3.045606347338054
3.063192847764911
3.0861303974256122
3.093553855283999
3.102362280754904
3.1138462645237333
3.121969827446279
3.1277156359261333
3.1317793277712442
3.141592653589793
10.43665906658579
0.13576203746395893
56
0.
0.16666666666666666
0.3333333333333333
0.5
0.6666666666666666
0.75
0.8333333333333333
0.875
0.9166666666666666
0.9375
0.9583333333333333
0.96875
0.9791666666666666
0.984375
0.9869791666666666
0.9895833333333333
0.9921875
0.9934895833333333
0.9947916666666666
0.99609375
0.9967447916666666
0.9973958333333333
0.998046875
0.9983723958333333
0.9986979166666666
0.9990234375
0.9991861979166666
0.9993489583333333
0.99951171875
0.9996744791666666
0.999755859375
0.9998372395833333
0.9998779296875
0.9999186197916666
0.99993896484375
0.9999593098958333
0.999969482421875
0.9999796549479166
0.9999847412109375
0.9999898274739583
0.9999923706054688
0.9999949137369791
0.9999961853027344
0.9999974568684895
0.9999980926513672
0.9999987284342448
0.9999990463256836
0.9999993642171223
0.9999996821085612
0.9999997615814209
0.9999998410542805
0.9999999205271403
0.9999999602635701
0.999999980131785
0.9999999900658925
1.
0.
0.010477537972547805
0.018844185029897324
0.03177466614380594
0.0519352125735013
0.06664402019498607
0.08874842211125437
0.10615495445823131
0.13442395085165115
0.15805153384832524
0.19793184723884866
0.23185880742946616
0.2889888520066024
0.33690238003940376
0.3707197369580414
0.41599096723742635
0.4810623567552935
0.5264510056204116
0.5866279251621104
0.6720740463921008
0.7309714106636495
0.8081556866858308
0.915909328598214
0.9888627363358112
1.082763790353449
1.2105152445915475
1.294752800929305
1.4004717010481507
1.5394372386782555
1.7359213077481714
1.872291550732713
2.055219667168902
2.1759289162332633
2.330647365525059
2.428715371754181
2.5503658091127024
2.6254208098815304
2.7166327948926985
2.7720159520746153
2.8385376737461727
2.8785765949751756
2.926373143485705
2.9549993999124404
2.9890740121849566
3.0094386434552645
3.0336290355606335
3.048062360686791
3.0651953553972575
3.0875437739312996
3.0947771414377594
3.103360377600592
3.1145513677831156
3.1224680810848797
3.1280677893550206
3.1320282551862326
3.141592653589793
10.980378738348927
0.08472328006519812
59
0.
0.16666666666666666
0.3333333333333333
0.5
0.6666666666666666
0.75
0.8333333333333333
0.875
0.9166666666666666
0.9375
0.9583333333333333
0.96875
0.9791666666666666
0.984375
0.9869791666666666
0.9895833333333333
0.9921875
0.9934895833333333
0.9947916666666666
0.99609375
0.9967447916666666
0.9973958333333333
0.998046875
0.9983723958333333
0.9986979166666666
0.9990234375
0.9991861979166666
0.9993489583333333
0.99951171875
0.9995930989583333
0.9996744791666666
0.999755859375
0.9998372395833333
0.9998779296875
0.9999186197916666
0.99993896484375
0.9999593098958333
0.999969482421875
0.9999796549479166
0.9999847412109375
0.9999898274739583
0.9999923706054688
0.9999949137369791
0.9999961853027344
0.9999974568684895
0.9999980926513672
0.9999987284342448
0.9999990463256836
0.9999993642171223
0.9999995231628418
0.9999996821085612
0.9999998410542805
0.9999998807907104
0.9999999205271403
0.9999999602635701
0.999999980131785
0.9999999900658925
0.9999999950329462
1.
0.
0.007905409822807618
0.014221074418129809
0.02397318764291565
0.03915121244662308
0.05020868669416747
0.06679798236825607
0.07983829587156095
0.10098541633250875
0.11864991704726029
0.14848847837841808
0.1739228727143709
0.2168832872420462
0.2530469978928916
0.2786487139185774
0.31302857346178303
0.36268028125560736
0.39749530853676185
0.44390937081935966
0.5103718358298366
0.5566066205024028
0.6177749802890916
0.704381863980492
0.7639030418081545
0.8416752750323544
0.9498027686408201
1.0227125455085089
1.1162190522399116
1.2428670741261807
1.326060150938055
1.4301673991865178
1.5665968305728004
1.7589601949570852
1.892323443525062
2.0712476072265065
2.189426613344548
2.341150940283055
2.4374947859840366
2.557199649851046
2.6311702293652024
2.721181013573518
2.7758692807365253
2.841648029554225
2.881238525810462
2.9285076407928963
2.956835408416553
2.9905616816186287
3.0107137745532158
3.0346508378357155
3.048937078104539
3.065899648016857
3.088032601191935
3.095197895632482
3.103701415243547
3.114790201487304
3.122635800817573
3.128185803370679
3.1321114125885643
3.141592653589793
11.524098410112064
0.05485763494307498
61
0.
0.16666666666666666
0.3333333333333333
0.5
0.6666666666666666
0.75
0.8333333333333333
0.875
0.9166666666666666
0.9375
0.9583333333333333
0.96875
0.9791666666666666
0.984375
0.9895833333333333
0.9921875
0.9934895833333333
0.9947916666666666
0.99609375
0.9967447916666666
0.9973958333333333
0.998046875
0.9983723958333333
0.9986979166666666
0.9990234375
0.9991861979166666
0.9993489583333333
0.99951171875
0.9995930989583333
0.9996744791666666
0.999755859375
0.9997965494791666
0.9998372395833333
0.9998779296875
0.9999186197916666
0.99993896484375
0.9999593098958333
0.999969482421875
0.9999796549479166
0.9999847412109375
0.9999898274739583
0.9999923706054688
0.9999949137369791
0.9999961853027344
0.9999974568684895
0.9999980926513672
0.9999987284342448
0.9999990463256836
0.9999993642171223
0.9999995231628418
0.9999996821085612
0.9999997615814209
0.9999998410542805
0.9999999205271403
0.9999999403953552
0.9999999602635701
0.999999980131785
0.9999999900658925
0.9999999950329462
0.9999999975164731
1.
0.
0.005914440292470581
0.010640618606983447
0.017934473966597024
0.02927513201238837
0.03752997374883083
0.049902387964830944
0.05961783559165348
0.07535960271358934
0.08850423726620142
0.11071820772424887
0.1296762023906367
0.1617577692509384
0.1888262522085196
0.23385698739993818
0.2712736336501134
0.2975947702054429
0.33280578484988227
0.38349065221857304
0.41895296476399396
0.4661461905158133
0.5335561062756115
0.5803212601086722
0.6420089888056345
0.72897075540755
0.7884675298620925
0.8658783184577193
0.972909224544563
1.04472251105104
1.1364483892836343
1.2601243588418147
1.3410915874463751
1.4421999633684466
1.574516603438685
1.761153586017831
1.8908827606311174
2.0657380790860245
2.181961473344151
2.3320924356110018
2.4280235508283874
2.5479324402511327
2.622377165661729
2.713317719249255
2.768738915597964
2.8355472482748554
2.875828436662337
2.924002064681218
2.952906473929261
2.9873389016677896
3.0079142648050015
3.0323565206231273
3.046945714504546
3.0642693997045423
3.086875850226798
3.094194997099015
3.102881462016546
3.1142093997585096
3.122224606982029
3.1278947923429783
3.1319055098969737
3.141592653589793
12.0678180818752
0.03755077697852956
64
0.
0.16666666666666666
0.3333333333333333
0.5
0.6666666666666666
0.75
0.8333333333333333
0.875
0.9166666666666666
0.9375
0.9583333333333333
0.96875
0.9791666666666666
0.984375
0.9895833333333333
0.9921875
0.9947916666666666
0.99609375
0.9967447916666666
0.9973958333333333
0.998046875
0.9983723958333333
0.9986979166666666
0.9990234375
0.9991861979166666
0.9993489583333333
0.99951171875
0.9995930989583333
0.9996744791666666
0.999755859375
0.9997965494791666
0.9998372395833333
0.9998779296875
0.9998982747395833
0.9999186197916666
0.99993896484375
0.9999593098958333
0.999969482421875
0.9999796549479166
0.9999847412109375
0.9999898274739583
0.9999923706054688
0.9999949137369791
0.9999961853027344
0.9999974568684895
0.9999980926513672
0.9999987284342448
0.9999990463256836
0.9999993642171223
0.9999995231628418
0.9999996821085612
0.9999997615814209
0.9999998410542805
0.9999998807907104
0.9999999205271403
0.9999999602635701
0.9999999701976776
0.999999980131785
0.9999999900658925
0.9999999950329462
0.9999999975164731
0.9999999987582365
0.9999999993791182
1.
0.
0.004368906187344165
0.007860510957667403
0.01324727779495039
0.021618400164446716
0.027708586134722803
0.03683134597822062
0.04399071087990487
0.05558531469139725
0.06526531178195365
0.08162972507379986
0.09560689792855993
0.11929008261128586
0.13930458690953715
0.17267046076626552
0.20046869892230632
0.24635112138333848
0.28432202056330175
0.31099292297456754
0.3466314399562141
0.3978447987481928
0.43360013877847053
0.4810674123080387
0.5486037771243784
0.595255116686458
0.6565281205912411
0.7423902046966684
0.8007964365453119
0.8763987556741142
0.9802680615094025
1.049578564219573
1.1377312106516537
1.2560632418428304
1.3332991607848772
1.42963268983743
1.5556847019165352
1.7340250272678628
1.858800065534475
2.028698732221124
2.1430056154321044
2.292782319116221
2.389830948315041
2.5126226049376643
2.5897483526390213
2.6847734466729927
2.743158708674306
2.8138583315831753
2.856702888798814
2.9081146324258196
2.9389997102839214
2.9758433996892717
2.9979061130838724
3.0241559445256208
3.03983269225353
3.058450826598798
3.082751472231624
3.090620360304081
3.0999600448405795
3.1121411146171956
3.1207608394220983
3.126859116472494
3.131172857869927
3.1342239387942357
3.141592653589793
12.611537753638338
0.02771527080632536
66
0.
0.16666666666666666
0.3333333333333333
0.5
0.6666666666666666
0.75
0.8333333333333333
0.875
0.9166666666666666
0.9375
0.9583333333333333
0.96875
0.9791666666666666
0.984375
0.9895833333333333
0.9921875
0.9947916666666666
0.99609375
0.9973958333333333
0.998046875
0.9986979166666666
0.9990234375
0.9991861979166666
0.9993489583333333
0.99951171875
0.9995930989583333
0.9996744791666666
0.999755859375
0.9997965494791666
0.9998372395833333
0.9998779296875
0.9998982747395833
0.9999186197916666
0.99993896484375
0.9999491373697916
0.9999593098958333
0.999969482421875
0.9999796549479166
0.9999847412109375
0.9999898274739583
0.9999923706054688
0.9999949137369791
0.9999961853027344
0.9999974568684895
0.9999980926513672
0.9999987284342448
0.9999990463256836
0.9999993642171223
0.9999995231628418
0.9999996821085612
0.9999997615814209
0.9999998410542805
0.9999998807907104
0.9999999205271403
0.9999999403953552
0.9999999602635701
0.999999980131785
0.9999999850988388
0.9999999900658925
0.9999999950329462
0.9999999962747097
0.9999999975164731
0.9999999987582365
0.9999999993791182
0.9999999996895591
1.
0.
0.0031695233430055823
0.005696471432047111
0.009593509904750656
0.01565886320090233
0.020070749425232265
0.026672511237966188
0.03184853631084667
0.040224487443077266
0.047219150179178236
0.059041444833349555
0.06914424227510746
0.08628146709303137
0.10078431652352116
0.12500536281392555
0.14522995998461113
0.17871273714544866
0.20652958595309612
0.2524138218997635
0.29036828073937837
0.35255275424087773
0.40350901735542755
0.438978060047756
0.48591376896156957
0.5523727290318087
0.5980532685648269
0.6577689538992563
0.7409230777067174
0.7971515019777006
0.8695567312016291
0.9683870629500771
1.0339740968066888
1.117035854747391
1.2280340530007468
1.3002555201024304
1.3901678172208831
1.5077689560197103
1.6746867527611138
1.7923265885058917
1.9544900778388135
2.065364233465555
2.213578488985342
2.3118019128301346
2.438934492591625
2.520546941657687
2.623144810521272
2.6872062909556518
2.7659154982049823
2.8141120537612836
2.8723732039184826
2.907642417170964
2.9499183219186573
2.975302201939895
3.005580146026603
3.023706870429555
3.045264739202815
3.0734130442162297
3.082528977727186
3.0933495110110703
3.107463112979513
3.1120309790725584
3.1174511630321424
3.1245179057158623
3.1295169132423033
3.1330527793527616
3.141592653589793