12
30
3.912023005428146
21.5565387781157
97
0.
0.000040690104166666664
0.00008138020833333333
0.00016276041666666666
0.0003255208333333333
0.00048828125
0.0006510416666666666
0.0013020833333333333
0.001953125
0.0026041666666666665
0.005208333333333333
0.0078125
0.010416666666666666
0.015625
0.020833333333333332
0.03125
0.041666666666666664
0.0625
0.08333333333333333
0.125
0.16666666666666666
0.25
0.3333333333333333
0.41666666666666663
0.4583333333333333
0.5
0.5208333333333333
0.5416666666666666
0.5625
0.5729166666666666
0.5833333333333333
0.6041666666666666
0.6145833333333333
0.625
0.6666666666666666
0.7083333333333333
0.7291666666666666
0.75
0.7708333333333333
0.78125
0.7916666666666666
0.8020833333333333
0.8072916666666666
0.8125
0.8177083333333333
0.8203125
0.8229166666666666
0.8255208333333333
0.8268229166666666
0.828125
0.8287760416666666
0.8294270833333333
0.830078125
0.8307291666666666
0.8310546875
0.8313802083333333
0.8317057291666666
0.83203125
0.8326822916666666
0.8333333333333333
0.8346354166666666
0.8352864583333333
0.8359375
0.8385416666666666
0.8411458333333333
0.84375
0.8489583333333333
0.8541666666666666
0.8645833333333333
0.875
0.8958333333333333
0.9166666666666666
0.9375
0.9583333333333333
0.96875
0.9791666666666666
0.984375
0.9895833333333333
0.9921875
0.9947916666666666
0.99609375
0.9973958333333333
0.998046875
0.9986979166666666
0.9990234375
0.9993489583333333
0.99951171875
0.9996744791666666
0.9998372395833333
0.9998779296875
0.9999186197916666
0.9999593098958333
0.9999796549479166
0.9999898274739583
0.9999949137369791
0.9999974568684895
1.
0.
0.002626078336118562
0.003713907342245101
0.005252463204355094
0.007428687349587695
0.009098959154010596
0.010507396780223157
0.014864367403147356
0.018210775747502874
0.021034602023924983
0.02978493398257615
0.03652512488347528
0.04222917977092508
0.051852256113453156
0.06002815949819553
0.07390318045077102
0.0857889146068386
0.10621553048469327
0.12403085686478241
0.15554442639408303
0.1842541646283185
0.23919800016505408
0.29678143894523634
0.36491253176199334
0.4076013810115538
0.46212245998687324
0.4973006996321161
0.5418215078748039
0.6020246615017673
0.6408899759326686
0.6864487206615942
0.7884629586048522
0.8377842964040458
0.8836632244068109
1.0395179402669923
1.1747228553391464
1.2416476984662261
1.3114861871405163
1.3878268971427141
1.4302854595968024
1.4774002549579817
1.5318243278698007
1.5633228127491254
1.5992897312351817
1.6422388570423485
1.6678711116016713
1.6979792134265799
1.7354509877079989
1.7588954646186876
1.7879336525879606
1.8058765111027528
1.8276106287991458
1.85569786309635
1.896109899678053
1.924362895476391
1.9575200606771535
1.9890190827807959
2.0145628542557263
2.051639304300058
2.078259536021435
2.1168854239222687
2.132146134828858
2.1457109595194073
2.189405566411088
2.2233016409877577
2.2516743888268644
2.298664391454194
2.3377715303415902
2.402867795896697
2.457937129106662
2.552901847346381
2.63848949845342
2.722020583458808
2.8099334137449286
2.8585509083296228
2.9136642535756465
2.9455055854028975
2.982518726294293
3.0042662815587846
3.0298160441564748
3.0449412121531103
3.0627983214946704
3.073407444273868
3.0859618874573105
3.0934332839723395
3.102285934048312
3.107558505346003
3.1138089456369586
3.1219506249856668
3.1245832793294346
3.127705643442556
3.131774054666498
3.1346503555572
3.136683957416153
3.1381218061340586
3.1391384562554716
3.141592653589793
4.085309800568132
20.185548473882886
100
0.
0.000040690104166666664
0.00008138020833333333
0.00016276041666666666
0.0003255208333333333
0.00048828125
0.0006510416666666666
0.0013020833333333333
0.001953125
0.0026041666666666665
0.005208333333333333
0.0078125
0.010416666666666666
0.015625
0.020833333333333332
0.03125
0.041666666666666664
0.0625
0.08333333333333333
0.125
0.16666666666666666
0.25
0.3333333333333333
0.41666666666666663
0.4583333333333333
0.5
0.5416666666666666
0.5625
0.5833333333333333
0.625
0.6458333333333333
0.6666666666666666
0.7083333333333333
0.7291666666666666
0.75
0.7708333333333333
0.78125
0.7916666666666666
0.8020833333333333
0.8072916666666666
0.8098958333333333
0.8125
0.8151041666666666
0.81640625
0.8177083333333333
0.8190104166666666
0.8196614583333333
0.8203125
0.8206380208333333
0.82080078125
0.8209635416666666
0.8211263020833333
0.8212076822916666
0.8212890625
0.8214518229166666
0.8216145833333333
0.82177734375
0.8219401041666666
0.822265625
0.8225911458333333
0.8229166666666666
0.8235677083333333
0.82421875
0.8255208333333333
0.8268229166666666
0.828125
0.8307291666666666
0.8333333333333333
0.8385416666666666
0.84375
0.8541666666666666
0.8645833333333333
0.875
0.8958333333333333
0.9166666666666666
0.9375
0.9583333333333333
0.96875
0.9791666666666666
0.984375
0.9895833333333333
0.9921875
0.9947916666666666
0.99609375
0.9973958333333333
0.998046875
0.9986979166666666
0.9990234375
0.9993489583333333
0.99951171875
0.9996744791666666
0.9998372395833333
0.9998779296875
0.9999186197916666
0.9999593098958333
0.9999796549479166
0.9999898274739583
0.9999949137369791
0.9999974568684895
1.
0.
0.0024965399781179632
0.0035307148228690857
0.004993388227422407
0.007062288118488169
0.008650198781859348
0.009989194714653801
0.014131414889610268
0.0173129703741073
0.019997762510140193
0.028317801103621563
0.03472724649153948
0.04015199905803076
0.04930536633464064
0.05708392427447001
0.07028899409239651
0.08160599384209292
0.10106855264680951
0.11805931329137018
0.14815877845238448
0.17563800644701924
0.22840467839108805
0.2839649099247251
0.3499150917441848
0.3911416838405725
0.44317617678554844
0.5160938905692174
0.5670427320344691
0.6330368394973812
0.8006120880926813
0.8836924705064854
0.9614392744329983
1.107979455146856
1.1814649025969028
1.2589143324587246
1.3450606034644792
1.3941156978053522
1.4501637252137611
1.5185241632500626
1.5612047328062806
1.586271308425317
1.6152289644969478
1.6503359806948095
1.6716290118252086
1.697085893143717
1.7297965689201555
1.7512213541501265
1.7796555392579778
1.7991221903903596
1.8114126130609705
1.8266894102099984
1.8473868203248383
1.8614909622783589
1.8799046002910307
1.9258276458702541
1.957480057408853
1.9778046362134585
1.9928978008499267
2.0154095803555525
2.0325010496190368
2.0465497577729916
2.0692799971596014
2.087660784424396
2.1171169030770836
2.1408330644782816
2.1610356682047493
2.194862923785065
2.2231147787906695
2.2698527898580574
2.3087228221979057
2.3733606320990446
2.4279374981854502
2.4766473082173595
2.564242310005151
2.6456940457910987
2.726602921646333
2.8127224367030483
2.8606390386330958
2.915136506382872
2.9466893619960683
2.983415285916422
3.005013613093084
3.030403452197062
3.0454400144581184
3.0631979330838086
3.0737498009041713
3.0862389406969912
3.0936721721692275
3.102479829037606
3.1077259135721897
3.113945632733845
3.1220478500640905
3.124667642612743
3.1277746843789713
3.131823019995989
3.1346850522138325
3.1367085281004052
3.138139198445092
3.1391507635802673
3.141592653589793
4.345239993278112
18.130438876460293
126
0.
0.000040690104166666664
0.00008138020833333333
0.00016276041666666666
0.0003255208333333333
0.0006510416666666666
0.0013020833333333333
0.001953125
0.0026041666666666665
0.005208333333333333
0.0078125
0.010416666666666666
0.015625
0.020833333333333332
0.03125
0.041666666666666664
0.0625
0.08333333333333333
0.125
0.16666666666666666
0.25
0.3333333333333333
0.41666666666666663
0.4583333333333333
0.5
0.5416666666666666
0.5833333333333333
0.6041666666666666
0.625
0.6666666666666666
0.7083333333333333
0.7291666666666666
0.75
0.7708333333333333
0.78125
0.7916666666666666
0.796875
0.8020833333333333
0.8072916666666666
0.8098958333333333
0.8125
0.8138020833333333
0.8151041666666666
0.8157552083333333
0.81640625
0.8167317708333333
0.81689453125
0.8170572916666666
0.8172200520833333
0.8172607421875
0.8173014322916666
0.8173421223958333
0.8173828125
0.8174031575520833
0.8174235026041666
0.81744384765625
0.8174489339192708
0.8174540201822916
0.8174591064453125
0.8174616495768229
0.8174641927083333
0.8174648284912109
0.8174654642740885
0.8174667358398438
0.8174670537312825
0.8174673716227213
0.8174676895141602
0.8174680074055989
0.8174686431884766
0.8174692789713541
0.8174705505371094
0.8174718221028645
0.817474365234375
0.8174794514973958
0.8174845377604166
0.8174947102864583
0.8175048828125
0.8175252278645833
0.8175455729166666
0.8175862630208333
0.817626953125
0.8177083333333333
0.81787109375
0.8180338541666666
0.8181966145833333
0.818359375
0.8190104166666666
0.8196614583333333
0.8203125
0.8216145833333333
0.8229166666666666
0.8255208333333333
0.828125
0.8333333333333333
0.8385416666666666
0.84375
0.8541666666666666
0.8645833333333333
0.875
0.8958333333333333
0.9166666666666666
0.9375
0.9583333333333333
0.96875
0.9791666666666666
0.984375
0.9895833333333333
0.9921875
0.9947916666666666
0.99609375
0.9973958333333333
0.998046875
0.9986979166666666
0.9990234375
0.9993489583333333
0.99951171875
0.9996744791666666
0.9998372395833333
0.9998779296875
0.9999186197916666
0.9999593098958333
0.9999796549479166
0.9999898274739583
0.9999949137369791
0.9999974568684895
1.
0.
0.002292543604667225
0.0032422134865443685
0.00458537228090159
0.0064852337251895455
0.009173025304519834
0.01297692418510676
0.015898703541619135
0.018364346855573428
0.02600576181787208
0.03189308721754145
0.03687648044488306
0.04528651369155594
0.052434985233945665
0.06457441127874713
0.07498281663114417
0.0928947700756283
0.10854607668517613
0.13630991996869715
0.1617018483811298
0.2105747083885995
0.26211304033520016
0.32299441172649074
0.36047716873139773
0.4064551017258871
0.46682614587455745
0.552324961232766
0.6085747037316394
0.6740699636904598
0.822002373335918
0.978292841624073
1.0599805989886735
1.1471165653540358
1.244918854449292
1.3011323985477135
1.3661704269319133
1.4040471261134813
1.4477808074955023
1.5013297799458643
1.5345605872709283
1.5758861442927707
1.6019109068047068
1.6347592539691533
1.6558104902567812
1.6829840494800539
1.7009585232960585
1.7119909591947609
1.725344689265668
1.7428967589632067
1.7484532736115421
1.7547960637037334
1.7622844740308605
1.7716483746261649
1.777533326822715
1.7848684062421454
1.7951153078085418
1.7986130657303805
1.802868302330322
1.8084941251024549
1.8123282728195
1.8177656712818064
1.819651380082384
1.8219712787811717
1.830171038710568
1.8347709812716866
1.8403460648986005
1.844089986902347
1.8466137351347014
1.850091162694764
1.8525874709325565
1.8562552332827196
1.859019867710315
1.8632240747281352
1.869170051057108
1.8735700466618608
1.880206052913622
1.8853131837832882
1.8932105788143871
1.899396649810567
1.9090774516760847
1.9167231315916977
1.9287557139348963
1.9463375532359257
1.9596406330172669
1.9705967109058717
1.9800322312483187
2.0092192337748083
2.0310862946964083
2.0490330534502825
2.078162253888656
2.101866562738195
2.140174840034453
2.1713288893534695
2.221866055921039
2.2632879889678628
2.299207983339932
2.3609378764582973
2.4143653814307466
2.46272115412034
2.550723387931412
2.633319857810522
2.715808832397464
2.803913520872487
2.853025140454211
2.9089366444521514
2.9413284746624537
2.9790455339525614
3.001232605027292
3.0273191935789185
3.0427704177934416
3.061018786547558
3.0718637155648536
3.0846996003807816
3.0923388019890448
3.1013912279453866
3.1067833759264505
3.113175827482333
3.121502300325476
3.1241948029757958
3.127388244937682
3.1315494277056386
3.1344914242317676
3.136571527979689
3.138042282519833
3.1390822125734203
3.141592653589793
4.518526788418098
16.756711629437955
96
0.
0.00008138020833333333
0.00016276041666666666
0.0003255208333333333
0.0006510416666666666
0.0013020833333333333
0.001953125
0.0026041666666666665
0.005208333333333333
0.0078125
0.010416666666666666
0.015625
0.020833333333333332
0.03125
0.041666666666666664
0.0625
0.08333333333333333
0.125
0.16666666666666666
0.25
0.3333333333333333
0.41666666666666663
0.4583333333333333
0.5
0.5833333333333333
0.625
0.6666666666666666
0.7083333333333333
0.7291666666666666
0.75
0.7708333333333333
0.78125
0.7916666666666666
0.796875
0.8020833333333333
0.8072916666666666
0.8098958333333333
0.8125
0.8151041666666666
0.81640625
0.8177083333333333
0.818359375
0.8190104166666666
0.8196614583333333
0.8199869791666666
0.8203125
0.8204752604166666
0.8206380208333333
0.8207194010416666
0.82080078125
0.8208821614583333
0.8209635416666666
0.8211263020833333
0.8212890625
0.8216145833333333
0.8219401041666666
0.822265625
0.8225911458333333
0.8229166666666666
0.82421875
0.8255208333333333
0.828125
0.8307291666666666
0.8333333333333333
0.8385416666666666
0.84375
0.8541666666666666
0.8645833333333333
0.875
0.8958333333333333
0.9166666666666666
0.9375
0.9583333333333333
0.96875
0.9791666666666666
0.984375
0.9895833333333333
0.9921875
0.9947916666666666
0.99609375
0.9973958333333333
0.998046875
0.9986979166666666
0.9990234375
0.9993489583333333
0.99951171875
0.9996744791666666
0.9998372395833333
0.9998779296875
0.9999186197916666
0.9999593098958333
0.9999796549479166
0.9999898274739583
0.9999949137369791
0.9999974568684895
1.
0.
0.0030467960844565646
0.004309001838642585
0.006094360165778831
0.008620174076588135
0.012194862791974001
0.014940619619256156
0.017257749039952513
0.02443909689346803
0.029972230311713272
0.034656037407836786
0.04256104425580011
0.0492808831268873
0.06069399503335183
0.07048148805410479
0.08732945063791249
0.10205626545872376
0.128192864745371
0.1521099316239185
0.19816250598983381
0.24667550681448686
0.3036413608427961
0.33829698596027424
0.3800584390072921
0.5045009882279166
0.6029020456480383
0.7306602218637184
0.881119073474064
0.9642174033940357
1.0545195435175905
1.1563944393354513
1.214588726032619
1.2810346489916231
1.3190324066831234
1.3619525460471493
1.412476878102608
1.442211784325513
1.4766971592615623
1.518882657941103
1.5448264729105627
1.576463196424697
1.5957569139519932
1.618939050373808
1.6489531222622915
1.668783478494963
1.6953633115188598
1.7137508182369126
1.7398986510488257
1.7590865577364034
1.7857471971702656
1.8162078064106624
1.839910020081752
1.8702210109598363
1.8902378997377474
1.9180528915506936
1.938271555385094
1.9545408657074672
1.9683440320154224
1.9804415298244444
2.018656057508807
2.047754967008161
2.0926572456637658
2.1279834021664623
2.1577868327119867
2.2074633559748413
2.248992270447754
2.318273970270556
2.3768705840240023
2.42919170251181
2.523265625728602
2.610682392583254
2.697443888251606
2.7897157656896723
2.841024925882583
2.8993581954516756
2.9331224393887423
2.9724151780890686
2.9955199395917407
3.022678360676374
3.0387609762259156
3.0577539852491165
3.0690387552252747
3.0823960165953226
3.0903457548094537
3.099764648259075
3.1053748089621735
3.112026287414035
3.1206898159263305
3.1234910321121023
3.1268134422709504
3.1311428184793426
3.13420382696532
3.136368125455477
3.1378984349498795
3.1389804868506954
3.141592653589793
4.648491884773087
15.731124557153752
88
0.
0.00008138020833333333
0.00016276041666666666
0.0003255208333333333
0.0006510416666666666
0.0013020833333333333
0.001953125
0.0026041666666666665
0.005208333333333333
0.0078125
0.010416666666666666
0.015625
0.020833333333333332
0.03125
0.041666666666666664
0.0625
0.08333333333333333
0.125
0.16666666666666666
0.25
0.3333333333333333
0.41666666666666663
0.5
0.5833333333333333
0.625
0.6666666666666666
0.7083333333333333
0.7291666666666666
0.75
0.7708333333333333
0.78125
0.7916666666666666
0.8020833333333333
0.8072916666666666
0.8125
0.8151041666666666
0.8177083333333333
0.8203125
0.8216145833333333
0.8229166666666666
0.8235677083333333
0.82421875
0.8248697916666666
0.8251953125
0.8255208333333333
0.8258463541666666
0.826171875
0.8268229166666666
0.8274739583333333
0.828125
0.8294270833333333
0.8307291666666666
0.8333333333333333
0.8359375
0.8385416666666666
0.84375
0.8489583333333333
0.8541666666666666
0.8645833333333333
0.875
0.8958333333333333
0.9166666666666666
0.9375
0.9583333333333333
0.96875
0.9791666666666666
0.984375
0.9895833333333333
0.9921875
0.9947916666666666
0.99609375
0.9973958333333333
0.998046875
0.9986979166666666
0.9990234375
0.9993489583333333
0.99951171875
0.9996744791666666
0.9998372395833333
0.9998779296875
0.9999186197916666
0.9999593098958333
0.999969482421875
0.9999796549479166
0.9999898274739583
0.9999949137369791
0.9999974568684895
1.
0.
0.002901318928266933
0.004103256286709062
0.005803369094329955
0.008208590146405511
0.011612624535408901
0.014227317342185342
0.016433856985630747
0.023272570845183152
0.028541849139171724
0.03300242226069092
0.04053096351608717
0.04693111678340792
0.05780209810804468
0.06712560955542617
0.08317718653379319
0.09721044509919892
0.12212195112717338
0.14492312393415094
0.1888262992445402
0.23501806468959233
0.28900602134888836
0.36039851650565735
0.4721450317540065
0.557417792992345
0.6697750710082542
0.8097065050958334
0.8904956582002985
0.9802240972430115
1.0825404072509681
1.1408468519759614
1.2066664267063552
1.2846136889933157
1.3311788565494516
1.3865354836404138
1.419480174607115
1.458155645149816
1.5064414310116738
1.5369113639787573
1.5752661867282074
1.5995637598796082
1.6300391034159223
1.6723042578274825
1.7021318249663606
1.7419802368912582
1.7889415914917532
1.8289170276163118
1.8816545789828403
1.9163317069080712
1.9426426723402772
1.9826049257277447
2.01342546152618
2.061166791726791
2.098724598843417
2.130370503982968
2.183012070778182
2.226922838859996
2.2653581401978156
2.3319332517346627
2.3899446302880736
2.4921258394391
2.5855423418400205
2.6773605607984874
2.7743741880421355
2.8281234788088208
2.88910802328487
2.924359723359225
2.9653494703710965
2.989438276783366
3.0177420975696956
3.0344993299300884
3.0542838548810507
3.0660391645047804
3.0799506744060885
3.0882287457228834
3.0980370519888236
3.1038802031380164
3.1108081193997714
3.119831650810132
3.1227490171284598
3.1262087712765196
3.130716339574558
3.132173974665037
3.1339028043629162
3.1361555419160916
3.1377482514165784
3.138874358898141
3.141592653589793
4.778456981128077
14.717207951621834
84
0.
0.00008138020833333333
0.00016276041666666666
0.0003255208333333333
0.0006510416666666666
0.0009765625
0.0013020833333333333
0.0026041666666666665
0.00390625
0.005208333333333333
0.010416666666666666
0.015625
0.020833333333333332
0.03125
0.041666666666666664
0.0625
0.08333333333333333
0.125
0.16666666666666666
0.25
0.3333333333333333
0.41666666666666663
0.5
0.5833333333333333
0.6666666666666666
0.7083333333333333
0.7291666666666666
0.75
0.7708333333333333
0.78125
0.7916666666666666
0.8020833333333333
0.8072916666666666
0.8125
0.8177083333333333
0.8203125
0.8229166666666666
0.8255208333333333
0.8268229166666666
0.828125
0.8294270833333333
0.8307291666666666
0.8313802083333333
0.83203125
0.8326822916666666
0.8333333333333333
0.8346354166666666
0.8359375
0.8372395833333333
0.8385416666666666
0.8411458333333333
0.84375
0.8489583333333333
0.8541666666666666
0.8645833333333333
0.875
0.8958333333333333
0.9166666666666666
0.9375
0.9583333333333333
0.96875
0.9791666666666666
0.984375
0.9895833333333333
0.9921875
0.9947916666666666
0.99609375
0.9973958333333333
0.998046875
0.9986979166666666
0.9990234375
0.9993489583333333
0.99951171875
0.9996744791666666
0.9998372395833333
0.9998779296875
0.9999186197916666
0.9999593098958333
0.999969482421875
0.9999796549479166
0.9999898274739583
0.9999949137369791
0.9999974568684895
1.
0.
0.0027582464315458093
0.0039009131291566686
0.0055171912209372835
0.007803811023441961
0.009559302251782236
0.011040009577792362
0.015623566102612863
0.019147935788140048
0.02212524896212862
0.031375874300861015
0.038533917224871185
0.04461935346727862
0.05495639116029835
0.06382267264360797
0.07908876341439626
0.09243712541845255
0.1161367410330545
0.13783160221284488
0.17959851371025837
0.2234846453177376
0.2745557177629275
0.34127323737311716
0.442558289709098
0.6165691374282664
0.743720121540102
0.8197168803098914
0.9060846526555159
1.0061859920503318
1.0634148044634764
1.1275683134756598
1.2019351059681038
1.2448906571939282
1.2937188407572133
1.3515403091367062
1.3856946423057601
1.425345701516073
1.4736910322770935
1.503112193039718
1.5382379175534682
1.5826749305352301
1.6443993969920838
1.6862546808928158
1.7358452826464483
1.7854981356563748
1.8273058728350167
1.8883133834031391
1.931671785478048
1.9656380733276695
1.993902247190819
2.0400196830423267
2.0775834732026537
2.138286828237245
2.1877459205395176
2.268574565429515
2.3358914692098915
2.450402228026533
2.552400484938316
2.6511746530535114
2.7545329631994444
2.8114942656307473
2.875935304112096
2.9131139830357404
2.956293536332632
2.98164821886471
3.011423842076776
3.02904511371665
3.0498454980357534
3.062200529375028
3.0768210947249486
3.0855210424243364
3.0958283654457563
3.101967602186351
3.1092453812023018
3.1187240636828992
3.121788979779468
3.125424092450711
3.1301607407825207
3.1316926029111594
3.133509563559299
3.1358772922576166
3.1375514060367857
3.1387351216334998
3.141592653589793
4.951743776268064
13.396991339781776
79
0.
0.00008138020833333333
0.00016276041666666666
0.0003255208333333333
0.0006510416666666666
0.0009765625
0.0013020833333333333
0.0026041666666666665
0.00390625
0.005208333333333333
0.010416666666666666
0.015625
0.020833333333333332
0.03125
0.041666666666666664
0.0625
0.08333333333333333
0.125
0.16666666666666666
0.25
0.3333333333333333
0.41666666666666663
0.5
0.5833333333333333
0.625
0.6666666666666666
0.7083333333333333
0.7291666666666666
0.75
0.7708333333333333
0.7916666666666666
0.8020833333333333
0.8125
0.8177083333333333
0.8229166666666666
0.828125
0.8307291666666666
0.8333333333333333
0.8385416666666666
0.83984375
0.8411458333333333
0.84375
0.8450520833333333
0.8463541666666666
0.8489583333333333
0.8515625
0.8541666666666666
0.859375
0.8645833333333333
0.875
0.8854166666666666
0.8958333333333333
0.9166666666666666
0.9375
0.9583333333333333
0.96875
0.9791666666666666
0.984375
0.9895833333333333
0.9921875
0.9947916666666666
0.99609375
0.9973958333333333
0.998046875
0.9986979166666666
0.9990234375
0.9993489583333333
0.99951171875
0.9996744791666666
0.999755859375
0.9998372395833333
0.9999186197916666
0.99993896484375
0.9999593098958333
0.9999796549479166
0.9999898274739583
0.9999949137369791
0.9999974568684895
1.
0.
0.002573045628443582
0.0036389918410133417
0.0051467513632917185
0.007279850468436774
0.008917482794565832
0.010298782956144253
0.0145746562097109
0.01786248707517786
0.020640004470617545
0.029270117386040347
0.03594832082064006
0.041626078107505335
0.051271256027849425
0.05954482914131618
0.07379209669665929
0.08625145722990955
0.10837640268965457
0.12863224441048446
0.16761971105387907
0.20851954538416914
0.2558814333852943
0.31695825323796395
0.4069380995393975
0.4716959146460801
0.5563689911227905
0.666966045270826
0.7347907995584304
0.8136138671962293
0.9069522977345269
1.0212341010559918
1.0902256556128602
1.171806817495548
1.2196730599060355
1.2747282832012943
1.3407918933888738
1.380219131834872
1.4262586030540951
1.5551028476370212
1.600941725352719
1.65426946741401
1.768495597030865
1.817559617367333
1.859017835066839
1.9248138840374895
1.9759527021807475
2.018165970932651
2.0866090875805727
2.1422653851816658
2.2328034032208244
2.3078807008249895
2.374267045557327
2.4932746721652688
2.605109007363267
2.7199662300511585
2.782634060301807
2.853150494722836
2.893692481178035
2.9406762335859766
2.9682230541099033
3.0005421281423637
3.0196552563249797
3.0422059983328116
3.055596380666044
3.071438896207424
3.0808639739186927
3.092028925746456
3.0986786326020543
3.106561193716844
3.1112577229902323
3.116826848637104
3.124082810796116
3.126429308129483
3.1292124373243015
3.132839074663716
3.1354032164636876
3.137216199547531
3.138498102710233
3.141592653589793
5.1250305714080495
12.129532995250669
76
0.
0.00008138020833333333
0.00016276041666666666
0.0003255208333333333
0.0006510416666666666
0.0013020833333333333
0.0026041666666666665
0.00390625
0.005208333333333333
0.010416666666666666
0.015625
0.020833333333333332
0.03125
0.041666666666666664
0.0625
0.08333333333333333
0.125
0.16666666666666666
0.25
0.3333333333333333
0.41666666666666663
0.5
0.5833333333333333
0.625
0.6666666666666666
0.7083333333333333
0.75
0.7708333333333333
0.7916666666666666
0.8020833333333333
0.8125
0.8229166666666666
0.828125
0.8333333333333333
0.8385416666666666
0.84375
0.8463541666666666
0.8489583333333333
0.8515625
0.8541666666666666
0.8567708333333333
0.859375
0.8645833333333333
0.8697916666666666
0.875
0.8854166666666666
0.8958333333333333
0.90625
0.9166666666666666
0.9375
0.9583333333333333
0.96875
0.9791666666666666
0.984375
0.9895833333333333
0.9921875
0.9947916666666666
0.99609375
0.9973958333333333
0.998046875
0.9986979166666666
0.9990234375
0.9993489583333333
0.99951171875
0.9996744791666666
0.999755859375
0.9998372395833333
0.9999186197916666
0.99993896484375
0.9999593098958333
0.9999796549479166
0.9999898274739583
0.9999949137369791
0.9999974568684895
0.9999987284342448
1.
0.
0.002395905105887964
0.0033884688098545553
0.004792431665357748
0.006778687640638896
0.009589809149617134
0.013571379160149619
0.016632946992249764
0.019219348149159304
0.027255839390990903
0.03347495202638003
0.03876261985734414
0.04774566319751182
0.05545187743622654
0.06872360658729852
0.08033143095800449
0.10094761197942104
0.1198246291334328
0.15615306371148802
0.19421685368931696
0.2381284804608527
0.29421647356241276
0.3751309097321537
0.43216029698077313
0.506027953646079
0.6027034613700412
0.7327275201081451
0.8168844639379543
0.920959973236463
0.9836583643986847
1.0565260799047516
1.1439867197119948
1.195699545541004
1.2552233397986798
1.3260682947836975
1.4147098275363856
1.469165880588928
1.5328290525611414
1.6062811661278955
1.685340434686889
1.7609974918537183
1.82710905010033
1.931433578510524
2.010870095182851
2.0756707600021445
2.1805083649983095
2.2667867325536655
2.3427404291458718
2.4125601151239073
2.543401991365225
2.6742247626331084
2.7446208404526145
2.823258666083905
2.8682578799687795
2.920257623370671
2.9506857492111167
2.986337868159785
3.00740362034387
3.0322404423161005
3.0469841210848005
3.064421037007962
3.0747916865895246
3.0870751722605814
3.0943914090710387
3.1030648745827882
3.1082327415857596
3.1143603241287616
3.1223419415882083
3.1249225739167845
3.127983067711288
3.1319705835254164
3.1347895023861145
3.136782438989743
3.1381914880766
3.1391877512666455
3.141592653589793
5.298317366548035
10.930242890892147
69
0.
0.00016276041666666666
0.0003255208333333333
0.0006510416666666666
0.0013020833333333333
0.0026041666666666665
0.00390625
0.005208333333333333
0.010416666666666666
0.015625
0.020833333333333332
0.03125
0.041666666666666664
0.0625
0.08333333333333333
0.125
0.16666666666666666
0.25
0.3333333333333333
0.41666666666666663
0.5
0.5833333333333333
0.625
0.6666666666666666
0.7083333333333333
0.75
0.7708333333333333
0.7916666666666666
0.8125
0.8229166666666666
0.8333333333333333
0.84375
0.8541666666666666
0.859375
0.8645833333333333
0.8697916666666666
0.875
0.8854166666666666
0.8958333333333333
0.90625
0.9166666666666666
0.9375
0.9583333333333333
0.96875
0.9791666666666666
0.984375
0.9895833333333333
0.9921875
0.9947916666666666
0.99609375
0.9973958333333333
0.998046875
0.9986979166666666
0.9990234375
0.9993489583333333
0.99951171875
0.9996744791666666
0.999755859375
0.9998372395833333
0.9999186197916666
0.99993896484375
0.9999593098958333
0.9999796549479166
0.9999847412109375
0.9999898274739583
0.9999949137369791
0.9999974568684895
0.9999987284342448
1.
0.
0.003151081611364387
0.004456687050110048
0.006303795118809596
0.008917993834262693
0.012620683321735222
0.015467840054074377
0.017873135718083667
0.025347088443284795
0.03113113421963678
0.036049110422415265
0.04440462787343372
0.05157311253001125
0.06392022379557283
0.07472099593528157
0.0939075607636348
0.11147902665552677
0.14529635443851277
0.18070332819462184
0.2214428356234395
0.2731276048556251
0.34661133427757396
0.3976472869303115
0.46321233728510985
0.5487594970260267
0.6639943239597037
0.7388283539270457
0.83161218872783
0.951898888199409
1.0277435259119285
1.1195127039803014
1.2354889892156384
1.3924167797212668
1.4943361473574974
1.6113408865069596
1.729453824014448
1.8334235707709656
1.9941816632536153
2.1153258437162252
2.2154113153833395
2.303520625949292
2.4618745736416328
2.6146062757356376
2.695320469738343
2.784650752522327
2.8354663901550277
2.893977379059335
2.928129884653364
2.968082743463995
2.9916628016904596
3.0194461537867743
3.0359250604868357
3.055409555432872
3.066996581394144
3.0807176765031534
3.088887705151686
3.0985711489664984
3.1043399812716372
3.111179965161256
3.120090945708271
3.1229725546274376
3.1263903033309153
3.1308437948457333
3.1322841002256445
3.13399247565106
3.136218722668498
3.1377928138314464
3.1389058126985594
3.141592653589793
5.60507563878095
9.00614476115944
66
0.
0.00016276041666666666
0.0003255208333333333
0.0006510416666666666
0.0013020833333333333
0.001953125
0.0026041666666666665
0.005208333333333333
0.0078125
0.010416666666666666
0.020833333333333332
0.03125
0.041666666666666664
0.0625
0.08333333333333333
0.125
0.16666666666666666
0.25
0.3333333333333333
0.41666666666666663
0.5
0.5833333333333333
0.625
0.6666666666666666
0.7083333333333333
0.75
0.7708333333333333
0.7916666666666666
0.8125
0.8333333333333333
0.8541666666666666
0.8645833333333333
0.875
0.8854166666666666
0.8958333333333333
0.90625
0.9166666666666666
0.9375
0.9583333333333333
0.96875
0.9791666666666666
0.984375
0.9895833333333333
0.9921875
0.9947916666666666
0.99609375
0.9973958333333333
0.998046875
0.9986979166666666
0.9990234375
0.9993489583333333
0.99951171875
0.9996744791666666
0.999755859375
0.9998372395833333
0.9998779296875
0.9999186197916666
0.9999593098958333
0.999969482421875
0.9999796549479166
0.9999898274739583
0.9999949137369791
0.9999974568684895
0.9999987284342448
0.9999993642171223
1.
0.
0.0027654931201402315
0.003911337664012021
0.005532431425270383
0.007826774436914414
0.009589155279180335
0.011076480460208286
0.01568651153157475
0.019239057230286995
0.022246781162546764
0.0316417711268071
0.038978192030396965
0.045273510832658834
0.05611955552806059
0.06561059882373084
0.08247893752101895
0.09793670681125165
0.12770538715407656
0.15887388593834872
0.19466059828846738
0.23975418873590515
0.30288223479986054
0.3460149172227404
0.40083504825405936
0.4717950464424752
0.5666014439816077
0.6275961797510535
0.7024687057716943
0.7979725422644066
0.9259569580929637
1.1076242843603468
1.2291187327980406
1.3771477401305654
1.5484911447794136
1.7236391916398481
1.8821041026231382
2.019988104069293
2.2540181035706977
2.4648754848712877
2.572207912801208
2.688699171817422
2.7541414798935704
2.828926195523293
2.8723510576406746
2.92297923353642
2.9527864883282633
2.9878527420324477
3.0086290192449363
3.0331748685535835
3.0477639506008267
3.0650324556640984
3.0753110166528694
3.0874921495005063
3.094748093500421
3.103350352390988
3.1084764278741437
3.1145557590528283
3.122476883913079
3.1250385279463084
3.1280768635949623
3.1320360968066017
3.1348354224094295
3.136814707039031
3.1382142038946377
3.139203763254401
3.141592653589793
5.911833911013865
7.355610937562509
65
0.
0.00016276041666666666
0.0003255208333333333
0.0006510416666666666
0.0013020833333333333
0.0026041666666666665
0.005208333333333333
0.0078125
0.010416666666666666
0.020833333333333332
0.03125
0.041666666666666664
0.0625
0.08333333333333333
0.125
0.16666666666666666
0.25
0.3333333333333333
0.41666666666666663
0.5
0.5833333333333333
0.6666666666666666
0.7083333333333333
0.75
0.7708333333333333
0.7916666666666666
0.8125
0.8333333333333333
0.8541666666666666
0.875
0.8854166666666666
0.8958333333333333
0.9166666666666666
0.9270833333333333
0.9375
0.9479166666666666
0.9583333333333333
0.96875
0.9791666666666666
0.984375
0.9895833333333333
0.9921875
0.9947916666666666
0.99609375
0.9973958333333333
0.998046875
0.9986979166666666
0.9990234375
0.9993489583333333
0.99951171875
0.9996744791666666
0.999755859375
0.9998372395833333
0.9998779296875
0.9999186197916666
0.99993896484375
0.9999593098958333
0.9999796549479166
0.9999847412109375
0.9999898274739583
0.9999949137369791
0.9999974568684895
0.9999987284342448
0.9999993642171223
1.
0.
0.0024241420119395112
0.0034285605292596355
0.004849577266453425
0.006860770909446897
0.0097094861912843
0.01375084829858016
0.016865357946791334
0.019502377082833616
0.027740614739164414
0.03417530773560672
0.039698197202444975
0.049216862574825784
0.05755044578238682
0.07237246365835519
0.0859684293732453
0.11218862336361234
0.1396845458474705
0.1712699336668162
0.21098327647084292
0.26615900377294555
0.35059777275177534
0.41106651195114635
0.49092351740260487
0.5415657115835086
0.6027531265270021
0.6790447027058658
0.778024281746589
0.9120280938583463
1.0983294140134552
1.2161807812211092
1.3509021788073547
1.654159804583895
1.808626751677976
1.9584250476226397
2.1033929964056823
2.246153334919715
2.3914517819848915
2.547417977687807
2.6342845335755873
2.732984480338756
2.790057429105609
2.856418170460652
2.895412079880438
2.941220314509392
2.968337440245763
3.0003504539185535
3.0193681788411904
3.041875684589355
3.0552688389769362
3.0711359615538427
3.0805870413890744
3.091791486161499
3.098467628047641
3.106384332860916
3.1111027509534197
3.1166991005020868
3.1239914953690873
3.1263499512433715
3.1291473760559527
3.132792823786468
3.1353703894061145
3.1371929259547535
3.1384816151300527
3.141592653589793
6.448313215158565
5.088055316222006
64
0.
0.0003255208333333333
0.0006510416666666666
0.0013020833333333333
0.0026041666666666665
0.00390625
0.005208333333333333
0.010416666666666666
0.015625
0.020833333333333332
0.041666666666666664
0.0625
0.08333333333333333
0.125
0.16666666666666666
0.25
0.3333333333333333
0.41666666666666663
0.5
0.5833333333333333
0.6666666666666666
0.7083333333333333
0.75
0.7916666666666666
0.8125
0.8333333333333333
0.8541666666666666
0.875
0.9166666666666666
0.9375
0.9479166666666666
0.9583333333333333
0.96875
0.9739583333333333
0.9791666666666666
0.984375
0.9895833333333333
0.9921875
0.9947916666666666
0.99609375
0.9973958333333333
0.998046875
0.9986979166666666
0.9990234375
0.9993489583333333
0.99951171875
0.9996744791666666
0.999755859375
0.9998372395833333
0.9998779296875
0.9999186197916666
0.99993896484375
0.9999593098958333
0.999969482421875
0.9999796549479166
0.9999898274739583
0.9999923706054688
0.9999949137369791
0.9999974568684895
0.9999987284342448
0.9999993642171223
0.9999996821085612
0.9999998410542805
1.
0.
0.0027196956557896047
0.0038469345583594483
0.005442376686485766
0.007702318888542456
0.009440295210781536
0.010908724078938557
0.015472866406914261
0.019006738883320152
0.02201292103115505
0.03151325912200916
0.039084390024964534
0.04572052278917774
0.05754426635862605
0.06841681767311858
0.08946671954416648
0.11165941756888832
0.13727521298816212
0.16955222888678423
0.2141734341476642
0.28130220405018175
0.32841643555804184
0.3892806683933642
0.47124573390754176
0.5245839763099727
0.5905837964220892
0.6749859896932615
0.7864841294658523
1.138366795716358
1.4036283856651774
1.5635904979836888
1.7436962368479605
1.9469370974544347
2.0594091702172768
2.1816226084748234
2.317418690080322
2.474672225365565
2.566655147079727
2.6743149524771246
2.73785419271392
2.812704609121389
2.857097754581083
2.9095763500906293
2.940776556982001
2.977720306026905
2.999716880734483
3.0257856849546494
3.041315096653041
3.059727812350864
3.070701226043498
3.083715471221816
3.091472343423078
3.100672302781229
3.10615598949209
3.112660093415267
3.1211354923033254
3.1238765817946663
3.1271278800674978
3.1313648260598606
3.13436064332438
3.1364789280519956
3.1379767425618903
3.1390358378700034
3.141592653589793
6.907755278982137
3.6606208729007226
67
0.
0.0006510416666666666
0.0013020833333333333
0.0026041666666666665
0.005208333333333333
0.010416666666666666
0.015625
0.020833333333333332
0.041666666666666664
0.0625
0.08333333333333333
0.125
0.16666666666666666
0.25
0.3333333333333333
0.41666666666666663
0.5
0.5833333333333333
0.6666666666666666
0.7083333333333333
0.75
0.7916666666666666
0.8333333333333333
0.8541666666666666
0.875
0.8958333333333333
0.9166666666666666
0.9270833333333333
0.9375
0.9479166666666666
0.9583333333333333
0.96875
0.9739583333333333
0.9791666666666666
0.984375
0.9869791666666666
0.9895833333333333
0.9921875
0.9947916666666666
0.99609375
0.9973958333333333
0.998046875
0.9986979166666666
0.9990234375
0.9993489583333333
0.99951171875
0.9996744791666666
0.999755859375
0.9998372395833333
0.9998779296875
0.9999186197916666
0.99993896484375
0.9999593098958333
0.999969482421875
0.9999796549479166
0.9999847412109375
0.9999898274739583
0.9999949137369791
0.9999961853027344
0.9999974568684895
0.9999987284342448
0.9999990463256836
0.9999993642171223
0.9999996821085612
0.9999998410542805
0.9999999205271403
1.
0.
0.0031483521255161765
0.004454115237085013
0.006303813440170494
0.00892840882314153
0.012665073127359506
0.015559001085813184
0.018021432959240732
0.025808271572318523
0.03202058267340958
0.037471753000814984
0.04720092300609052
0.05616928868217474
0.07360121990521686
0.0920837040051516
0.11353552748501622
0.14066554951206833
0.17808624830552225
0.23361743647282454
0.27189866661207285
0.3204483745122189
0.384037827612009
0.47256490502545506
0.5324275420534916
0.6090148076705663
0.7104752773463641
0.8492111572578537
0.9381700434666318
1.0445940298950236
1.1734908452710324
1.332372329398781
1.5331491541612299
1.6551667005667143
1.7967798613584456
1.9647416337603094
2.0621453196695616
2.1718101348503356
2.2982933308798055
2.4504721932035087
2.542033973149244
2.6512589798665256
2.71662171742958
2.794344730515769
2.840756513825945
2.895872446526165
2.928754943302696
2.967779976478624
2.9910531221489145
3.0186672023665286
3.0351313823149884
3.0546628321468328
3.0663068665694797
3.080119786301418
3.088354411851462
3.0981226711324914
3.103945955836335
3.110853683430078
3.1198563938734103
3.1227683532912347
3.126222534185015
3.130724206539936
3.1321802655399313
3.1339074352809293
3.1361583507722415
3.137750004781174
3.138875482345257
3.141592653589793
7.522328348368392
2.2962708059592276
69
0.
0.0006510416666666666
0.0013020833333333333
0.0026041666666666665
0.005208333333333333
0.010416666666666666
0.020833333333333332
0.03125
0.041666666666666664
0.08333333333333333
0.125
0.16666666666666666
0.25
0.3333333333333333
0.5
0.5833333333333333
0.6666666666666666
0.75
0.7916666666666666
0.8333333333333333
0.8541666666666666
0.875
0.8958333333333333
0.9166666666666666
0.9270833333333333
0.9375
0.9479166666666666
0.9583333333333333
0.9635416666666666
0.96875
0.9739583333333333
0.9791666666666666
0.984375
0.9869791666666666
0.9895833333333333
0.9921875
0.9934895833333333
0.9947916666666666
0.99609375
0.9967447916666666
0.9973958333333333
0.998046875
0.9986979166666666
0.9990234375
0.9993489583333333
0.99951171875
0.9996744791666666
0.999755859375
0.9998372395833333
0.9998779296875
0.9999186197916666
0.99993896484375
0.9999593098958333
0.999969482421875
0.9999796549479166
0.9999847412109375
0.9999898274739583
0.9999923706054688
0.9999949137369791
0.9999961853027344
0.9999974568684895
0.9999987284342448
0.9999990463256836
0.9999993642171223
0.9999996821085612
0.9999998410542805
0.9999999205271403
0.9999999602635701
1.
0.
0.002392913685576544
0.00338540615037472
0.004791414566784884
0.006786668135488885
0.00962797298516184
0.013702729097874731
0.016890859858236115
0.019631942981068583
0.02853023911499128
0.03597358721843373
0.04285515079676125
0.05629452091296579
0.07063966357264066
0.10866252627542965
0.13787677312162294
0.18047275278137728
0.24493991268245396
0.2904993605259182
0.3515559015223549
0.3913688013465545
0.44090606117502934
0.5050439435439724
0.5923440985452711
0.6492397252659685
0.719040595521102
0.8068495102407754
0.921174420214728
0.9927248067229066
1.0777999468358068
1.1812122707481914
1.310617149365196
1.479153697418317
1.5851653865735689
1.7122395538558797
1.869172979372257
1.963438407021722
2.0724728435984527
2.201981119920002
2.27743470010712
2.3628413552049277
2.4620542931405196
2.5825107299529177
2.6555572207670384
2.7432199348157615
2.795927998712745
2.8588144093518526
2.896463357146387
2.941251033622993
2.9680089698270473
2.999793639889298
3.018760765553356
3.0412766252172387
3.0547063370834637
3.0706414518806646
3.0801425762409496
3.0914144822823384
3.0981348136953937
3.106107277879581
3.110860281744092
3.1164986775498105
3.1238475194943365
3.1262246327357692
3.1290444420782877
3.132719474665752
3.1353182418493453
3.137155911115976
3.1384553712003345
3.141592653589793
8.058807652513092
1.4842713442343194
71
0.
0.0013020833333333333
0.0026041666666666665
0.005208333333333333
0.010416666666666666
0.015625
0.020833333333333332
0.041666666666666664
0.0625
0.08333333333333333
0.16666666666666666
0.25
0.3333333333333333
0.5
0.5833333333333333
0.6666666666666666
0.75
0.7916666666666666
0.8333333333333333
0.875
0.8958333333333333
0.9166666666666666
0.9270833333333333
0.9375
0.9479166666666666
0.9583333333333333
0.9635416666666666
0.96875
0.9739583333333333
0.9791666666666666
0.9817708333333333
0.984375
0.9869791666666666
0.9895833333333333
0.9921875
0.9934895833333333
0.9947916666666666
0.99609375
0.9967447916666666
0.9973958333333333
0.998046875
0.9983723958333333
0.9986979166666666
0.9990234375
0.9993489583333333
0.99951171875
0.9996744791666666
0.999755859375
0.9998372395833333
0.9998779296875
0.9999186197916666
0.99993896484375
0.9999593098958333
0.999969482421875
0.9999796549479166
0.9999847412109375
0.9999898274739583
0.9999923706054688
0.9999949137369791
0.9999961853027344
0.9999974568684895
0.9999980926513672
0.9999987284342448
0.9999993642171223
0.9999995231628418
0.9999996821085612
0.9999998410542805
0.9999999205271403
0.9999999602635701
0.999999980131785
1.
0.
0.002643489334051743
0.003741432059628738
0.005299626268879072
0.007518873373140641
0.009238497951476255
0.010702477327391536
0.015337789601926569
0.019043843766108355
0.022303055145124928
0.0335466215641502
0.0441372002340895
0.05548787961706823
0.08570211153258792
0.10883399747585412
0.14214233364458
0.19153276692043886
0.22574540820901184
0.2707192136816861
0.3348662539138042
0.37998619877107453
0.44081493567794705
0.4804512101983361
0.5293864739100392
0.5917650073436298
0.6747892227165802
0.7279581694670232
0.792522156508919
0.8731613576375127
0.9778091674574062
1.0433042988613346
1.121274900554478
1.216254392224463
1.3355085988430868
1.4917037793498695
1.5906206851611615
1.7100522635915438
1.8591076993482742
1.9495901322743885
2.0552189285724958
2.1820986788137593
2.2567411157045867
2.34185970449872
2.441545492293082
2.5637056908410214
2.638330328395004
2.728335001948081
2.782672368893398
2.8476960411963383
2.8867029542133147
2.9331681435221952
2.9609592538364167
2.993998181713768
3.0137265896294374
3.0371571619101956
3.0511367887625354
3.0677261767324517
3.077617511393792
3.08935242415873
3.0963488375156887
3.104648858612473
3.109597162807087
3.1154672572853275
3.1231181141339808
3.1255929264405284
3.1285286340372163
3.1323547230123494
3.1350603133390718
3.1369735230435745
3.138326400827881
3.141592653589793
8.517193191416238
1.0014043836840003
72
0.
0.0026041666666666665
0.005208333333333333
0.010416666666666666
0.020833333333333332
0.03125
0.041666666666666664
0.08333333333333333
0.125
0.16666666666666666
0.3333333333333333
0.5
0.5833333333333333
0.6666666666666666
0.75
0.7916666666666666
0.8333333333333333
0.875
0.8958333333333333
0.9166666666666666
0.9375
0.9479166666666666
0.9583333333333333
0.9635416666666666
0.96875
0.9739583333333333
0.9791666666666666
0.9817708333333333
0.984375
0.9869791666666666
0.9895833333333333
0.9908854166666666
0.9921875
0.9934895833333333
0.9947916666666666
0.99609375
0.9967447916666666
0.9973958333333333
0.998046875
0.9983723958333333
0.9986979166666666
0.9990234375
0.9991861979166666
0.9993489583333333
0.99951171875
0.9996744791666666
0.999755859375
0.9998372395833333
0.9998779296875
0.9999186197916666
0.99993896484375
0.9999593098958333
0.999969482421875
0.9999796549479166
0.9999847412109375
0.9999898274739583
0.9999923706054688
0.9999949137369791
0.9999961853027344
0.9999974568684895
0.9999980926513672
0.9999987284342448
0.9999990463256836
0.9999993642171223
0.9999996821085612
0.9999997615814209
0.9999998410542805
0.9999999205271403
0.9999999602635701
0.999999980131785
0.9999999900658925
1.
0.
0.003011130756346276
0.0042652628477960995
0.006051607769077007
0.008614648782773055
0.010621324546221665
0.012347769449744046
0.017961536446270743
0.02267091087260656
0.02703790274288972
0.044811114513572496
0.06935853669481708
0.08809503075565941
0.11486359772095085
0.15408854029649302
0.18096235606243755
0.21593357749182826
0.2651526827706186
0.2993854164781717
0.345219784680277
0.4118110006407302
0.4589321106968443
0.5222372000843349
0.5632193485531685
0.6135042770727155
0.6771676972249288
0.7613138789254953
0.8149208781121844
0.8797561093619288
0.9603400381757904
1.0642430884586067
1.12887681981557
1.2054273890796134
1.298127941142554
1.413756768541803
1.5641607057556492
1.6589545381519673
1.773086679668409
1.9152339591606935
2.001447924368357
2.1020845539400805
2.223016563506691
2.294207641717086
2.37544837590212
2.4706847986152276
2.5874971737519257
2.6589167117630423
2.7451335093980145
2.79721919739305
2.859552455907041
2.8969635227875594
2.9415528268245357
2.9682192172134774
2.999923295938909
3.018857160423736
3.0413433901134024
3.054757336589418
3.0706755280003843
3.0801681540490375
3.0914315529146683
3.098147626559047
3.106115829284264
3.110866700602277
3.1165029621649634
3.1238496672348663
3.1262262455640886
3.129045519476764
3.1327200157575525
3.1353185140527464
3.1371560483627112
3.1384554406440293
3.141592653589793
8.860399663809957
0.7385111997221666
75
0.
0.0026041666666666665
0.005208333333333333
0.010416666666666666
0.020833333333333332
0.03125
0.041666666666666664
0.08333333333333333
0.125
0.16666666666666666
0.3333333333333333
0.5
0.5833333333333333
0.6666666666666666
0.75
0.7916666666666666
0.8333333333333333
0.875
0.8958333333333333
0.9166666666666666
0.9375
0.9479166666666666
0.9583333333333333
0.9635416666666666
0.96875
0.9739583333333333
0.9791666666666666
0.9817708333333333
0.984375
0.9869791666666666
0.9895833333333333
0.9908854166666666
0.9921875
0.9934895833333333
0.9947916666666666
0.99609375
0.9967447916666666
0.9973958333333333
0.998046875
0.9983723958333333
0.9986979166666666
0.9990234375
0.9991861979166666
0.9993489583333333
0.99951171875
0.9995930989583333
0.9996744791666666
0.999755859375
0.9998372395833333
0.9998779296875
0.9999186197916666
0.99993896484375
0.9999593098958333
0.999969482421875
0.9999796549479166
0.9999847412109375
0.9999898274739583
0.9999923706054688
0.9999949137369791
0.9999961853027344
0.9999974568684895
0.9999980926513672
0.9999987284342448
0.9999990463256836
0.9999993642171223
0.9999996821085612
0.9999997615814209
0.9999998410542805
0.9999999205271403
0.9999999403953552
0.9999999602635701
0.999999980131785
0.9999999900658925
0.9999999950329462
1.
0.
0.0025514999547260405
0.0036142319282074227
0.005128024232479955
0.007300211281590443
0.009001098304449636
0.010464648779419931
0.015225111394043702
0.019220860435769708
0.022928235441839924
0.03803882194866868
0.05893563326746797
0.07485472332001476
0.09750037531978979
0.13047746724169845
0.15294376170491278
0.18203108255116915
0.22269588468078316
0.2508147633646709
0.28831489669525534
0.3426759374487454
0.3811867271927719
0.43312098800348864
0.4669076703069636
0.5085715306786179
0.5616748323648804
0.6325080398240567
0.6780345883066814
0.7335345358532758
0.8032188600412632
0.8943028787975614
0.9517162218659748
1.020519909862417
1.1050844197515404
1.2126241994961682
1.3562253491357805
1.449049617970995
1.563333347664584
1.7096886459615983
1.800692249460113
1.9090811799955878
2.0424049130463326
2.1224302884834505
2.2151049175684
2.325501832702306
2.390037307472491
2.4633096581451994
2.5487351649113266
2.652920265256863
2.716347867218981
2.792666236165423
2.8386793155059915
2.893666917705117
2.926606757698874
2.965824268839679
2.9892709323425466
3.017136538588398
3.0337675868200384
3.05351220623093
3.0652912065531615
3.0792718869416595
3.0876104843997294
3.0975059235745417
3.1034070133618075
3.110408963141351
3.119537615866945
3.122491074277659
3.1259949652271923
3.130562210749326
3.132039670370759
3.1337923465625197
3.136076700445522
3.137692134086127
3.1388344940051547
3.141592653589793
9.210340371976184
0.5381763222102165
74
0.
0.005208333333333333
0.010416666666666666
0.020833333333333332
0.041666666666666664
0.08333333333333333
0.125
0.16666666666666666
0.3333333333333333
0.5
0.5833333333333333
0.6666666666666666
0.75
0.7916666666666666
0.8333333333333333
0.875
0.8958333333333333
0.9166666666666666
0.9375
0.9479166666666666
0.9583333333333333
0.96875
0.9739583333333333
0.9791666666666666
0.9817708333333333
0.984375
0.9869791666666666
0.9895833333333333
0.9908854166666666
0.9921875
0.9934895833333333
0.9947916666666666
0.9954427083333333
0.99609375
0.9967447916666666
0.9973958333333333
0.998046875
0.9983723958333333
0.9986979166666666
0.9990234375
0.9991861979166666
0.9993489583333333
0.99951171875
0.9995930989583333
0.9996744791666666
0.999755859375
0.9998372395833333
0.9998779296875
0.9999186197916666
0.99993896484375
0.9999593098958333
0.999969482421875
0.9999796549479166
0.9999847412109375
0.9999898274739583
0.9999923706054688
0.9999949137369791
0.9999961853027344
0.9999974568684895
0.9999980926513672
0.9999987284342448
0.9999990463256836
0.9999993642171223
0.9999995231628418
0.9999996821085612
0.9999998410542805
0.9999998807907104
0.9999999205271403
0.9999999602635701
0.999999980131785
0.9999999900658925
0.9999999950329462
0.9999999975164731
1.
0.
0.003045628860403507
0.004321334030991483
0.00615200834663819
0.008819303540344884
0.012833040749071344
0.016203386567578842
0.019331782563515316
0.03209576035011723
0.04976130100503225
0.06319706072074001
0.08224761550674149
0.10986166007368571
0.12859702796322747
0.15276462827219195
0.18638761377944532
0.2095374890922539
0.24031596799701718
0.2848383154941499
0.3163861838600654
0.3590263519136381
0.42129431578559323
0.46539745571943564
0.5246155849572369
0.5629217411443049
0.6098884288198534
0.6692936985587487
0.747721148254308
0.797641982946988
0.8579969781783592
0.9330273268082727
1.0299095024967544
1.0903250735486387
1.1620983810509171
1.249422235811874
1.359118580138687
1.5033625561146127
1.5953035247797995
1.7071520429743166
1.8483094066922519
1.9349539291972302
2.0370810385161287
2.161196318762027
2.2349498846962987
2.319715518208802
2.419852440388381
2.5437118287351375
2.6199435858186915
2.712410523445331
2.768476200675582
2.835742273758615
2.876199514918058
2.9244735262552126
2.953371747638177
2.987758386983034
3.0083055241102556
3.032711815570222
3.0472724886842353
3.064554765791728
3.0748625508072944
3.0870948236538496
3.094389467362069
3.1030449377244436
3.1082060070289708
3.1143293290207246
3.1223115824780656
3.124893918400375
3.1279573817607673
3.1319503122101406
3.1347741143917585
3.136771031108398
3.138183158036092
3.1391817293829267
3.141592653589793
9.615805480084347
0.3715607489843507
74
0.
0.005208333333333333
0.010416666666666666
0.020833333333333332
0.041666666666666664
0.08333333333333333
0.125
0.16666666666666666
0.3333333333333333
0.5
0.6666666666666666
0.75
0.7916666666666666
0.8333333333333333
0.875
0.8958333333333333
0.9166666666666666
0.9375
0.9479166666666666
0.9583333333333333
0.96875
0.9739583333333333
0.9791666666666666
0.984375
0.9869791666666666
0.9895833333333333
0.9908854166666666
0.9921875
0.9934895833333333
0.9947916666666666
0.9954427083333333
0.99609375
0.9967447916666666
0.9973958333333333
0.998046875
0.9983723958333333
0.9986979166666666
0.9990234375
0.9991861979166666
0.9993489583333333
0.99951171875
0.9995930989583333
0.9996744791666666
0.999755859375
0.9997965494791666
0.9998372395833333
0.9998779296875
0.9999186197916666
0.99993896484375
0.9999593098958333
0.999969482421875
0.9999796549479166
0.9999847412109375
0.9999898274739583
0.9999923706054688
0.9999949137369791
0.9999961853027344
0.9999974568684895
0.9999980926513672
0.9999987284342448
0.9999990463256836
0.9999993642171223
0.9999995231628418
0.9999996821085612
0.9999997615814209
0.9999998410542805
0.9999999205271403
0.9999999403953552
0.9999999602635701
0.999999980131785
0.9999999900658925
0.9999999950329462
0.9999999975164731
1.
0.
0.002491357858919906
0.0035349424252648118
0.005032600230335184
0.007214933986024445
0.010499656332912425
0.01325873568484653
0.015820585956757897
0.02628135137920416
0.04076652775932925
0.06732383222055771
0.0897888399908433
0.10498043930448982
0.12451904535775302
0.15159611520761376
0.17017385943435592
0.19480935835319968
0.23037333906693433
0.2555677067486922
0.2896692732260728
0.33965675956124464
0.37523554288088445
0.42325977749045807
0.49294685182117637
0.5418840182552612
0.6070103848212001
0.6487934582622853
0.6996762093737087
0.7635292269320794
0.8470504402244585
0.8997974295572962
0.9631770892411777
1.0414080827058707
1.14156771899766
1.2767579031684648
1.3651626233247423
1.4752240458217358
1.6182904810494088
1.7085151692597498
1.8172894524380645
1.9530707631384654
2.0356247512755123
2.132200176607039
2.24856185500746
2.3172202423785655
2.395720220724168
2.4879278058116494
2.6012820452921455
2.6707113472749464
2.7546494075351413
2.805396090395792
2.866192297718083
2.9026922724717936
2.9462064316900434
2.972246526529103
3.003207314485488
3.0216890477286795
3.043635070318722
3.056729559232711
3.072273758435276
3.08154600821859
3.0925504961159365
3.099113520334165
3.1069014330261853
3.111545479235846
3.1170556563554475
3.124239072707552
3.126563085705666
3.1293201656316993
3.132913867068067
3.135455411047915
3.1372527608615486
3.13852378250604
3.141592653589793
9.903487552536127
0.28565282783329476
74
0.
0.010416666666666666
0.020833333333333332
0.041666666666666664
0.08333333333333333
0.125
0.16666666666666666
0.3333333333333333
0.5
0.6666666666666666
0.75
0.7916666666666666
0.8333333333333333
0.875
0.8958333333333333
0.9166666666666666
0.9375
0.9479166666666666
0.9583333333333333
0.96875
0.9739583333333333
0.9791666666666666
0.984375
0.9869791666666666
0.9895833333333333
0.9921875
0.9934895833333333
0.9947916666666666
0.9954427083333333
0.99609375
0.9967447916666666
0.9973958333333333
0.9977213541666666
0.998046875
0.9983723958333333
0.9986979166666666
0.9990234375
0.9991861979166666
0.9993489583333333
0.99951171875
0.9995930989583333
0.9996744791666666
0.999755859375
0.9997965494791666
0.9998372395833333
0.9998779296875
0.9999186197916666
0.99993896484375
0.9999593098958333
0.999969482421875
0.9999796549479166
0.9999847412109375
0.9999898274739583
0.9999923706054688
0.9999949137369791
0.9999961853027344
0.9999974568684895
0.9999980926513672
0.9999987284342448
0.9999990463256836
0.9999993642171223
0.9999995231628418
0.9999996821085612
0.9999997615814209
0.9999998410542805
0.9999999205271403
0.9999999403953552
0.9999999602635701
0.999999980131785
0.9999999900658925
0.9999999950329462
0.9999999975164731
0.9999999987582365
1.
0.
0.003060630017671866
0.004357389144552039
0.006247085689508024
0.009091672720103382
0.011481429477746304
0.01370071538400197
0.022766174116661212
0.035321720063731916
0.058304718479209414
0.07769846654056635
0.09079139055751671
0.107605835004537
0.13086187129499743
0.14678950334701554
0.1678820711049662
0.19829666279071717
0.21983726398127618
0.24901021644016036
0.291848010649899
0.32241067262410356
0.36377225267699176
0.42402346189855067
0.46650442202391684
0.5232681627180205
0.6045206250399475
0.6608726674328089
0.7350776573594031
0.7822553241707788
0.8392872645507758
0.9102396737055791
1.0020481301292496
1.059456314938968
1.1278513656358071
1.2113868680533377
1.3168962304335492
1.4567197165220638
1.5465405191490684
1.6565916224098942
1.7967617990960074
1.8835304214567334
1.9865274774505444
2.1127483344790554
2.1882881492706163
2.2755827659732497
2.379339483175797
2.5085549115617076
2.5885176899309466
2.6859152902892016
2.7451426486598884
2.8163795118174835
2.859283915709278
2.910544004304886
2.9412554303815113
2.9778192484374326
2.999677673385708
3.025651513551037
3.0411506311124326
3.0595490466857465
3.0705237218828407
3.083548546046974
3.091316418989821
3.100533978892013
3.1060305093432286
3.1125521277777444
3.121054067302303
3.1238046416394023
3.1270677616273046
3.1313210443028
3.1343290489422806
3.136456269404307
3.137960561386977
3.139024316546319
3.141592653589793
10.126631103850338
0.2332367974930025
76
0.
0.010416666666666666
0.020833333333333332
0.041666666666666664
0.08333333333333333
0.125
0.16666666666666666
0.3333333333333333
0.5
0.6666666666666666
0.75
0.7916666666666666
0.8333333333333333
0.875
0.8958333333333333
0.9166666666666666
0.9375
0.9479166666666666
0.9583333333333333
0.96875
0.9739583333333333
0.9791666666666666
0.984375
0.9869791666666666
0.9895833333333333
0.9921875
0.9934895833333333
0.9947916666666666
0.9954427083333333
0.99609375
0.9967447916666666
0.9973958333333333
0.9977213541666666
0.998046875
0.9983723958333333
0.9986979166666666
0.9990234375
0.9991861979166666
0.9993489583333333
0.99951171875
0.9995930989583333
0.9996744791666666
0.999755859375
0.9997965494791666
0.9998372395833333
0.9998779296875
0.9998982747395833
0.9999186197916666
0.99993896484375
0.9999593098958333
0.999969482421875
0.9999796549479166
0.9999847412109375
0.9999898274739583
0.9999923706054688
0.9999949137369791
0.9999961853027344
0.9999974568684895
0.9999980926513672
0.9999987284342448
0.9999990463256836
0.9999993642171223
0.9999995231628418
0.9999996821085612
0.9999997615814209
0.9999998410542805
0.9999998807907104
0.9999999205271403
0.9999999602635701
0.9999999701976776
0.999999980131785
0.9999999900658925
0.9999999950329462
0.9999999975164731
0.9999999987582365
1.
0.
0.0027345454102747657
0.003893171281374299
0.005581630632022764
0.008123464804513092
0.010259078947940972
0.012242539780557293
0.020346515738753856
0.03157146762239899
0.05209871753290179
0.06939458558794434
0.08105951407702869
0.09602671502147545
0.11670324009132524
0.13084885373059188
0.1495658638645276
0.17653530669568332
0.19563185663885801
0.22150239675619918
0.25952897401048786
0.28669714300332694
0.3235223725018968
0.3772903113883506
0.41529213627389466
0.46619471039384286
0.5393217529008839
0.5902381767145229
0.6575604246793154
0.7005378840392087
0.7526886224244304
0.8178889190217844
0.9028236169554771
0.9562836486481205
1.0203479491068308
1.0991790354805968
1.1997223645924882
1.3347634889819033
1.4226676102771152
1.5316699402146734
1.6726690821909718
1.7612042848914125
1.8675749914017954
1.99982864772721
2.079974234261643
2.173500348982382
2.285891153000636
2.3520688698877605
2.427606168147306
2.5162077232607287
2.624938252033403
2.691462467491581
2.771799490325847
2.8203540743634066
2.878469864986598
2.913358518572825
2.9549514610320817
2.9798295989445496
3.0094077946259024
3.02707305348657
3.0480541436112105
3.0605710978037717
3.07542454179606
3.08428200499855
3.0947915495173453
3.101058012267678
3.108492675824412
3.1129253821379654
3.118184132200865
3.1250386770591176
3.1272560263750178
3.12988639799445
3.133314667473894
3.135739026739064
3.137453410951388
3.1386657152900854
3.141592653589793
10.308952660644293
0.19792302248897456
75
0.
0.010416666666666666
0.020833333333333332
0.041666666666666664
0.08333333333333333
0.16666666666666666
0.3333333333333333
0.5
0.6666666666666666
0.75
0.7916666666666666
0.8333333333333333
0.875
0.8958333333333333
0.9166666666666666
0.9375
0.9479166666666666
0.9583333333333333
0.96875
0.9739583333333333
0.9791666666666666
0.984375
0.9869791666666666
0.9895833333333333
0.9921875
0.9934895833333333
0.9947916666666666
0.9954427083333333
0.99609375
0.9967447916666666
0.9973958333333333
0.9977213541666666
0.998046875
0.9983723958333333
0.9986979166666666
0.9990234375
0.9991861979166666
0.9993489583333333
0.99951171875
0.9995930989583333
0.9996744791666666
0.999755859375
0.9997965494791666
0.9998372395833333
0.9998779296875
0.9998982747395833
0.9999186197916666
0.99993896484375
0.9999593098958333
0.999969482421875
0.9999796549479166
0.9999847412109375
0.9999898274739583
0.9999923706054688
0.9999949137369791
0.9999961853027344
0.9999974568684895
0.9999980926513672
0.9999987284342448
0.9999990463256836
0.9999993642171223
0.9999995231628418
0.9999996821085612
0.9999997615814209
0.9999998410542805
0.9999998807907104
0.9999999205271403
0.9999999602635701
0.9999999701976776
0.999999980131785
0.9999999900658925
0.9999999950329462
0.9999999975164731
0.9999999987582365
1.
0.
0.0024925037300986947
0.0035486065211614705
0.0050876919581818005
0.007404753432741381
0.011159924251828062
0.018549281625742355
0.02878491857436917
0.0474905488514263
0.06323594014130424
0.07384810165131686
0.0874563550880244
0.10624057061710425
0.11908222742009848
0.13606423556304878
0.16052136404699546
0.17783605387776688
0.20129684540616818
0.23580342779075633
0.26047950551278287
0.29396179408882067
0.34292463792022787
0.37758612773699574
0.4240900683833812
0.4910602045129428
0.5378130260869084
0.5998003745298616
0.6394815248009105
0.6877565651608943
0.7483143600392289
0.8275671580581161
0.8776789977935494
0.9379778605247415
1.0125660396703309
1.108364339529203
1.2383067517149522
1.3237254876149571
1.4306229148884828
1.5705876678838275
1.659495077423919
1.7673822878142111
1.9031914709348547
1.9863979738600899
2.0843586843108266
2.2032810374585563
2.273900095094832
2.355042609536112
2.4508697536666793
2.5693785246868663
2.6423232981725815
2.730806555402441
2.7844586147742367
2.8488355268547294
2.8875591147071074
2.9337640617080347
2.9614226454943937
2.9943338464828737
3.0139995992832773
3.0373599498883483
3.0512973286422578
3.0678404855846453
3.077707782979065
3.08941766904207
3.0964009669383756
3.104687180765767
3.1096281590366637
3.115490441166211
3.123132547953074
3.125604877180857
3.128537859605282
3.1323607556904918
3.135064333683583
3.1369762431159494
3.1383282625987725
3.141592653589793
10.56410860802415
0.15780458112732423
76
0.
0.020833333333333332
0.041666666666666664
0.08333333333333333
0.16666666666666666
0.3333333333333333
0.5
0.6666666666666666
0.75
0.7916666666666666
0.8333333333333333
0.875
0.8958333333333333
0.9166666666666666
0.9375
0.9479166666666666
0.9583333333333333
0.96875
0.9739583333333333
0.9791666666666666
0.984375
0.9869791666666666
0.9895833333333333
0.9921875
0.9934895833333333
0.9947916666666666
0.99609375
0.9967447916666666
0.9973958333333333
0.9977213541666666
0.998046875
0.9983723958333333
0.9986979166666666
0.9988606770833333
0.9990234375
0.9991861979166666
0.9993489583333333
0.99951171875
0.9995930989583333
0.9996744791666666
0.999755859375
0.9997965494791666
0.9998372395833333
0.9998779296875
0.9998982747395833
0.9999186197916666
0.99993896484375
0.9999593098958333
0.999969482421875
0.9999796549479166
0.9999847412109375
0.9999898274739583
0.9999923706054688
0.9999949137369791
0.9999961853027344
0.9999974568684895
0.9999980926513672
0.9999987284342448
0.9999990463256836
0.9999993642171223
0.9999995231628418
0.9999996821085612
0.9999997615814209
0.9999998410542805
0.9999998807907104
0.9999999205271403
0.9999999602635701
0.9999999701976776
0.999999980131785
0.9999999900658925
0.9999999925494194
0.9999999950329462
0.9999999975164731
0.9999999987582365
0.9999999993791182
1.
0.
0.0031137751869329
0.004464318886697375
0.006497637364399083
0.009793292264926597
0.016279671616460482
0.025264994191972028
0.041673133648213054
0.055469217858425866
0.06476055790002215
0.07666709080954183
0.09308750323040982
0.10430388043473911
0.11912693409754956
0.14046232154719843
0.1555637151377124
0.17602911013625244
0.20615122835885763
0.22771415503249637
0.25700640805225244
0.29991717268108314
0.3303497664646245
0.3712556633728651
0.43032598885759765
0.47168722323611606
0.5266984106373735
0.6051289658526816
0.6594091854523546
0.7308280142629782
0.7762256997853553
0.8311163836091642
0.8994370152464015
0.9879222113228447
1.043312232797796
1.1093778078308125
1.1901981096489258
1.2925156009896577
1.4286077855085024
1.5163848765182544
1.6243779426640819
1.7627165917260912
1.848842888443532
1.9516023792561101
2.078350117405476
2.1546296388950474
2.2432220976862896
2.349089784701704
2.4817960658685436
2.5643820110108186
2.6653323267362308
2.7269327554745884
2.801159736255576
2.8459608440195465
2.899543511574827
2.931670188408598
2.9699445878681905
2.992836873322399
3.0200463196019625
3.0362859438708654
3.0555668897529142
3.067069812236501
3.080723331934333
3.088867068257742
3.098531527161869
3.1042950088189283
3.111133811061702
3.1200499784134217
3.1229347420999605
3.126357168873315
3.1308182816217998
3.132261421512779
3.1339733930830747
3.1362047080445032
3.1377826434753913
3.1388984910907984
3.141592653589793
10.819778284410283
0.1264132013807478
76
0.
0.020833333333333332
0.041666666666666664
0.08333333333333333
0.16666666666666666
0.3333333333333333
0.5
0.6666666666666666
0.75
0.8333333333333333
0.875
0.8958333333333333
0.9166666666666666
0.9375
0.9479166666666666
0.9583333333333333
0.96875
0.9739583333333333
0.9791666666666666
0.984375
0.9869791666666666
0.9895833333333333
0.9921875
0.9934895833333333
0.9947916666666666
0.99609375
0.9967447916666666
0.9973958333333333
0.9977213541666666
0.998046875
0.9983723958333333
0.9986979166666666
0.9988606770833333
0.9990234375
0.9991861979166666
0.9993489583333333
0.99951171875
0.9995930989583333
0.9996744791666666
0.999755859375
0.9997965494791666
0.9998372395833333
0.9998779296875
0.9998982747395833
0.9999186197916666
0.99993896484375
0.9999491373697916
0.9999593098958333
0.999969482421875
0.9999796549479166
0.9999847412109375
0.9999898274739583
0.9999923706054688
0.9999949137369791
0.9999961853027344
0.9999974568684895
0.9999980926513672
0.9999987284342448
0.9999990463256836
0.9999993642171223
0.9999995231628418
0.9999996821085612
0.9999997615814209
0.9999998410542805
0.9999998807907104
0.9999999205271403
0.9999999403953552
0.9999999602635701
0.999999980131785
0.9999999850988388
0.9999999900658925
0.9999999950329462
0.9999999975164731
0.9999999987582365
0.9999999993791182
1.
0.
0.0027277456635530686
0.0039108903580829584
0.005692246824899954
0.008579736133931096
0.014263605946296295
0.022137501091838097
0.036507327539685525
0.048579140905534515
0.0671113411321607
0.08145346055413046
0.09124387759264478
0.10417587401442846
0.12278057307964743
0.1359468628135678
0.15379192913519002
0.18007135668523644
0.198898296479446
0.22449739306676728
0.2620495277010636
0.2887202273976999
0.3246213657481385
0.37657666865237527
0.4130412805534654
0.46165969411467284
0.5312374694766187
0.5795892718995029
0.6434791864930214
0.6842639049253371
0.7337679241799329
0.7956942415059182
0.8764454005982015
0.9273320109557821
0.9883849713399002
1.0636382278590568
1.1598605318182738
1.2896297607926843
1.37449751246158
1.4802543593683328
1.6180488598285796
1.7052266782859864
1.8106980036292701
1.9430544488661332
2.0239595076206642
2.119064573801385
2.2343562971675848
2.3027521164172677
2.38128580542715
2.473986968799748
2.58856201472653
2.6590772026809026
2.74458854663065
2.7964503584247407
2.858664514618025
2.8960736057658734
2.940733710136788
2.9674794292129696
2.999281552712626
3.018270841226213
3.0408261958190868
3.054287704719997
3.070270950624915
3.0798068412712576
3.091125922039379
3.0978774480348483
3.1058898986971513
3.1106682828279513
3.116338281994033
3.12373075408138
3.1261225719082755
3.128960199907783
3.1326590674391745
3.135275107918881
3.1371252006625223
3.1384335503358307
3.141592653589793
11.166301533755057
0.09465412218189939
77
0.
0.041666666666666664
0.08333333333333333
0.16666666666666666
0.3333333333333333
0.5
0.6666666666666666
0.75
0.8333333333333333
0.875
0.8958333333333333
0.9166666666666666
0.9375
0.9479166666666666
0.9583333333333333
0.96875
0.9739583333333333
0.9791666666666666
0.984375
0.9869791666666666
0.9895833333333333
0.9921875
0.9934895833333333
0.9947916666666666
0.99609375
0.9967447916666666
0.9973958333333333
0.998046875
0.9983723958333333
0.9986979166666666
0.9988606770833333
0.9990234375
0.9991861979166666
0.9993489583333333
0.99951171875
0.9995930989583333
0.9996744791666666
0.999755859375
0.9997965494791666
0.9998372395833333
0.9998779296875
0.9998982747395833
0.9999186197916666
0.99993896484375
0.9999491373697916
0.9999593098958333
0.999969482421875
0.9999745686848958
0.9999796549479166
0.9999847412109375
0.9999898274739583
0.9999923706054688
0.9999949137369791
0.9999961853027344
0.9999974568684895
0.9999980926513672
0.9999987284342448
0.9999990463256836
0.9999993642171223
0.9999995231628418
0.9999996821085612
0.9999997615814209
0.9999998410542805
0.9999998807907104
0.9999999205271403
0.9999999403953552
0.9999999602635701
0.999999980131785
0.9999999850988388
0.9999999900658925
0.9999999950329462
0.9999999962747097
0.9999999975164731
0.9999999987582365
0.9999999993791182
0.9999999996895591
1.
0.
0.0032599253073176547
0.004744857521035527
0.007152042364898797
0.011891105932538634
0.01845628707433616
0.030430356869643915
0.04048080703323718
0.055896242002034975
0.06781507298249927
0.07594594380870796
0.08668029892896446
0.10211589907266268
0.11303737986356407
0.1278416583551253
0.149654630383882
0.1652944030033627
0.1865797020533669
0.21784809439887493
0.240088883325678
0.27007165137539485
0.31355890231137734
0.34415405104167723
0.3850501404517636
0.44380444902633326
0.4848085152953702
0.5392292004277067
0.6166456941272722
0.6701191742905447
0.7403503576185271
0.7849186417071706
0.8387289368135333
0.905591933116312
0.9920147974403675
1.1103695357225545
1.1889964817541885
1.2884510501145043
1.4207112886211175
1.5060855136246232
1.6112878572101395
1.7464673444115186
1.830936543015981
1.9321048365584186
2.057551669108975
2.1334757501035284
2.2220108244473304
2.3283984924242116
2.3910652794346565
2.462624720629818
2.5466219828768084
2.649810556630804
2.7129914647921436
2.789372086954679
2.8355436789722166
2.8908578099755817
2.924092007925906
2.9637160601990016
2.9874044647190368
3.0155593548194903
3.0323724512912054
3.0523445873530344
3.0642652349731505
3.0784198079347584
3.0868651141624643
3.096890096842035
3.1028699476120796
3.1099668170698505
3.1192216143394678
3.122216466771725
3.1257698356857397
3.130402177289587
3.1319008411005496
3.133678763737123
3.135996174268613
3.137635087399111
3.138794103010887
3.141592653589793
11.512925464970229
0.07210346806206558
75
0.
0.041666666666666664
0.08333333333333333
0.16666666666666666
0.3333333333333333
0.5
0.6666666666666666
0.75
0.8333333333333333
0.875
0.9166666666666666
0.9375
0.9479166666666666
0.9583333333333333
0.96875
0.9739583333333333
0.9791666666666666
0.984375
0.9869791666666666
0.9895833333333333
0.9921875
0.9934895833333333
0.9947916666666666
0.99609375
0.9967447916666666
0.9973958333333333
0.998046875
0.9983723958333333
0.9986979166666666
0.9990234375
0.9991861979166666
0.9993489583333333
0.99951171875
0.9995930989583333
0.9996744791666666
0.999755859375
0.9997965494791666
0.9998372395833333
0.9998779296875
0.9998982747395833
0.9999186197916666
0.99993896484375
0.9999491373697916
0.9999593098958333
0.999969482421875
0.9999745686848958
0.9999796549479166
0.9999847412109375
0.9999898274739583
0.9999923706054688
0.9999949137369791
0.9999961853027344
0.9999974568684895
0.9999980926513672
0.9999987284342448
0.9999990463256836
0.9999993642171223
0.9999995231628418
0.9999996821085612
0.9999997615814209
0.9999998410542805
0.9999998807907104
0.9999999205271403
0.9999999403953552
0.9999999602635701
0.9999999701976776
0.999999980131785
0.9999999900658925
0.9999999925494194
0.9999999950329462
0.9999999975164731
0.9999999987582365
0.9999999993791182
0.9999999996895591
1.
0.
0.002706605036545887
0.003939546114818517
0.005938329304332477
0.009873709810909537
0.01532545822528461
0.025264426995844573
0.03360169380998329
0.04638148871560982
0.05625592268233767
0.071874761616851
0.08464781619225509
0.09368423554266977
0.10593429151988568
0.12399097935487423
0.1369452375564295
0.154587987426663
0.18053286061742305
0.19900785265051324
0.2239419948637465
0.260167454288231
0.2857000427845103
0.31989469883250843
0.369164975416213
0.40366001083855574
0.4495933722411798
0.5152608590843484
0.5608591163503418
0.6210667151610496
0.7060738273258828
0.7643224685998639
0.8402266064876666
0.9453982957476816
1.0161128086628624
1.1066150569182658
1.2289706025661828
1.3092817971549349
1.409812783815995
1.5417724062763132
1.62597132964169
1.7287320502189327
1.8592800975342567
1.9400606961015083
2.0360693237467093
2.154079952844729
2.2249729767532886
2.307204300555715
2.405419706886587
2.528412610597715
2.6050443032970003
2.6987141500881697
2.7558154807728226
2.824748115126274
2.8664061023713954
2.91642422212296
2.946539166479872
2.9824631313361927
3.0039094721425514
3.0293019109847137
3.044411339942686
3.0623074765402074
3.072962114147487
3.085587388441968
3.093106812295424
3.1020197343575564
3.107329543485701
3.11362472130289
3.121823496888062
3.124474064347083
3.127617322071674
3.1317123866127763
3.1346071414796612
3.1366535964254685
3.1381004353101147
3.141592653589793
11.918390573078392
0.0539722042196463
76
0.
0.08333333333333333
0.16666666666666666
0.3333333333333333
0.5
0.6666666666666666
0.75
0.8333333333333333
0.875
0.9166666666666666
0.9375
0.9479166666666666
0.9583333333333333
0.96875
0.9739583333333333
0.9791666666666666
0.984375
0.9869791666666666
0.9895833333333333
0.9921875
0.9934895833333333
0.9947916666666666
0.99609375
0.9967447916666666
0.9973958333333333
0.998046875
0.9983723958333333
0.9986979166666666
0.9990234375
0.9991861979166666
0.9993489583333333
0.99951171875
0.9995930989583333
0.9996744791666666
0.999755859375
0.9997965494791666
0.9998372395833333
0.9998779296875
0.9998982747395833
0.9999186197916666
0.99993896484375
0.9999491373697916
0.9999593098958333
0.999969482421875
0.9999745686848958
0.9999796549479166
0.9999847412109375
0.9999872843424479
0.9999898274739583
0.9999923706054688
0.9999949137369791
0.9999961853027344
0.9999974568684895
0.9999980926513672
0.9999987284342448
0.9999990463256836
0.9999993642171223
0.9999995231628418
0.9999996821085612
0.9999997615814209
0.9999998410542805
0.9999998807907104
0.9999999205271403
0.9999999403953552
0.9999999602635701
0.9999999701976776
0.999999980131785
0.9999999850988388
0.9999999900658925
0.9999999950329462
0.9999999962747097
0.9999999975164731
0.9999999987582365
0.9999999993791182
0.9999999996895591
1.
0.
0.0031485773431111524
0.0047461474761845935
0.007891756149800333
0.01224929634717894
0.0201904460062076
0.026848873887558477
0.03705013234664026
0.04492802151068912
0.05738214454801689
0.06756312358114698
0.07476508995769757
0.08452918753769036
0.09892668898577522
0.10926124763816847
0.12334495847362656
0.14407589491406156
0.15885302159570924
0.17881716128162525
0.20786670503946997
0.22837580868318333
0.2558912254504068
0.29564359789241323
0.3235558267795823
0.36083580100436813
0.4143698867794587
0.4517200020726111
0.5012746849061794
0.5717229366818598
0.6203465343288659
0.6841626378459055
0.7734864130487039
0.8341766774930143
0.912641037197392
1.0202499708028998
1.0919138139923823
1.1828833045164175
1.3046493983150411
1.3838865024379006
1.4823956625180998
1.6107042138284242
1.6920827529096603
1.7909664621285795
1.9160454900579433
1.99322496620017
2.0847928339254977
2.1972102312472757
2.2647105000013834
2.343011597973368
2.4365294242244913
2.5539015789024453
2.6270209361552905
2.7166411970950075
2.7713740668193654
2.8374843609174287
2.877425283088874
2.9252275592925128
2.9539309867430275
2.988151905483127
3.008617033647882
3.032930381332545
3.0474427189129494
3.064675227195843
3.074957271956973
3.0871628362053416
3.0944435405338018
3.103084402782674
3.108237761596184
3.11435290595214
3.1223260838853495
3.124905868226299
3.127966548491795
3.1319562501532507
3.1347780409294286
3.1367736707054683
3.141592653589793
12.206072645530174
0.04496402991036199
77
0.
0.08333333333333333
0.16666666666666666
0.3333333333333333
0.5
0.6666666666666666
0.75
0.8333333333333333
0.875
0.9166666666666666
0.9375
0.9583333333333333
0.96875
0.9739583333333333
0.9791666666666666
0.984375
0.9869791666666666
0.9895833333333333
0.9921875
0.9934895833333333
0.9947916666666666
0.99609375
0.9967447916666666
0.9973958333333333
0.998046875
0.9983723958333333
0.9986979166666666
0.9990234375
0.9991861979166666
0.9993489583333333
0.99951171875
0.9995930989583333
0.9996744791666666
0.999755859375
0.9997965494791666
0.9998372395833333
0.9998779296875
0.9998982747395833
0.9999186197916666
0.99993896484375
0.9999491373697916
0.9999593098958333
0.999969482421875
0.9999745686848958
0.9999796549479166
0.9999847412109375
0.9999872843424479
0.9999898274739583
0.9999923706054688
0.9999936421712239
0.9999949137369791
0.9999961853027344
0.9999974568684895
0.9999980926513672
0.9999987284342448
0.9999990463256836
0.9999993642171223
0.9999995231628418
0.9999996821085612
0.9999997615814209
0.9999998410542805
0.9999998807907104
0.9999999205271403
0.9999999403953552
0.9999999602635701
0.9999999701976776
0.999999980131785
0.9999999850988388
0.9999999900658925
0.9999999925494194
0.9999999950329462
0.9999999975164731
0.9999999981373549
0.9999999987582365
0.9999999993791182
0.9999999996895591
1.
0.
0.0026709053428976256
0.004026098647797632
0.006694637985358799
0.010391110941267332
0.01712623247437565
0.022772208349958405
0.03142027472001495
0.038096881883211836
0.04864910874306854
0.05727369749714216
0.07164617754745094
0.08384560561295835
0.09260510908956542
0.10454663348113093
0.12213414676646263
0.1346781067703642
0.15163564484559622
0.17633306925782927
0.19378734075275306
0.21722893698756102
0.25115024408947345
0.2750099010516021
0.3069351157404502
0.3529026258570448
0.38506497984779675
0.4278580066051513
0.48894493852877696
0.5312860574121757
0.5870870522522281
0.665650354213568
0.7193429721823933
0.7891579150783162
0.8856511014723196
0.950420800799425
1.0332557499598571
1.1452800715378073
1.218934292493194
1.3114069317871362
1.4335274143643
1.512050902380994
1.6087113643954152
1.7331653165237453
1.811306448250189
1.9055180048990787
2.0236364295908724
2.0959809346222
2.181295114021147
2.28537494418228
2.34755227133457
2.419387067048476
2.504884049648812
2.6116505263464984
2.677951103218146
2.7590187962543986
2.808552671010689
2.868254522500786
2.904189121148161
2.947139852864335
2.9729070594351703
3.0036171298681604
3.02198419554906
3.0438177081278135
3.056857393574723
3.0723485861214863
3.0815954803500434
3.0925759811447335
3.099127867245232
3.1069056447034438
3.1115452438076274
3.1170516957381365
3.12423279037453
3.1265566685552075
3.129313978449086
3.132908617898831
3.1354512617080355
3.141592653589793
12.429216196844383
0.0396880700832378
77
0.
0.16666666666666666
0.3333333333333333
0.5
0.6666666666666666
0.75
0.8333333333333333
0.875
0.9166666666666666
0.9375
0.9583333333333333
0.96875
0.9739583333333333
0.9791666666666666
0.984375
0.9869791666666666
0.9895833333333333
0.9921875
0.9934895833333333
0.9947916666666666
0.99609375
0.9967447916666666
0.9973958333333333
0.998046875
0.9983723958333333
0.9986979166666666
0.9990234375
0.9991861979166666
0.9993489583333333
0.99951171875
0.9995930989583333
0.9996744791666666
0.999755859375
0.9997965494791666
0.9998372395833333
0.9998779296875
0.9998982747395833
0.9999186197916666
0.99993896484375
0.9999491373697916
0.9999593098958333
0.999969482421875
0.9999745686848958
0.9999796549479166
0.9999847412109375
0.9999872843424479
0.9999898274739583
0.9999923706054688
0.9999936421712239
0.9999949137369791
0.9999961853027344
0.9999968210856119
0.9999974568684895
0.9999980926513672
0.9999987284342448
0.9999990463256836
0.9999993642171223
0.9999995231628418
0.9999996821085612
0.9999997615814209
0.9999998410542805
0.9999998807907104
0.9999999205271403
0.9999999403953552
0.9999999602635701
0.9999999701976776
0.999999980131785
0.9999999850988388
0.9999999900658925
0.9999999925494194
0.9999999950329462
0.9999999975164731
0.9999999981373549
0.9999999987582365
0.9999999993791182
0.9999999996895591
1.
0.
0.003531776926885966
0.005872895405393381
0.009113721377213835
0.015015576346987705
0.01996202165799095
0.027536657648710335
0.03337951890165195
0.042605264362497286
0.050146686047619134
0.06270757110675167
0.07336693684109072
0.08102188795457688
0.09146100197985962
0.10684386311112352
0.1178215136319089
0.1326695570064479
0.15431123144522998
0.16961761913525597
0.1901915055294526
0.2199991048711766
0.24099247986929895
0.2691199992823276
0.30970016600606826
0.3381526104497407
0.37608916810311355
0.43040636746157157
0.46817170315536044
0.5180927760788179
0.5886732944872171
0.6371129405720843
0.7003490645239087
0.7882296694793007
0.8475341814586161
0.9237583117737783
1.0275414111937038
1.0962340671986797
1.1830122333100825
1.2985717282127662
1.3735111209312056
1.4665058776003808
1.587578707735612
1.6644562547529744
1.758121748315042
1.8772166212692405
1.9511907134886086
2.0396214510708037
2.149334183597585
2.215928571694401
2.2939590796819016
2.3883679999138137
2.444400702529048
2.508798977249189
2.5850192309210227
2.6795988543163745
2.738016730747836
2.8090240206734207
2.8522303536926104
2.9042673125399063
2.9356102240877684
2.9729761716875425
2.9953409087042173
3.0219582716937134
3.037871654812836
3.0567931640146826
3.068096199187169
3.0815266897827165
3.0895447977461954
3.099067384668418
3.10475000410385
3.1114965010870117
3.1202982873515754
3.123147494550328
3.126528659380323
3.130937492924729
3.1340566621132506
3.141592653589793
12.611537753638338
0.03613831127609078
76
0.
0.16666666666666666
0.3333333333333333
0.5
0.6666666666666666
0.75
0.8333333333333333
0.875
0.9166666666666666
0.9375
0.9583333333333333
0.96875
0.9791666666666666
0.984375
0.9869791666666666
0.9895833333333333
0.9921875
0.9934895833333333
0.9947916666666666
0.99609375
0.9967447916666666
0.9973958333333333
0.998046875
0.9983723958333333
0.9986979166666666
0.9990234375
0.9991861979166666
0.9993489583333333
0.99951171875
0.9995930989583333
0.9996744791666666
0.999755859375
0.9997965494791666
0.9998372395833333
0.9998779296875
0.9998982747395833
0.9999186197916666
0.99993896484375
0.9999491373697916
0.9999593098958333
0.999969482421875
0.9999745686848958
0.9999796549479166
0.9999847412109375
0.9999872843424479
0.9999898274739583
0.9999923706054688
0.9999936421712239
0.9999949137369791
0.9999961853027344
0.9999968210856119
0.9999974568684895
0.9999980926513672
0.9999987284342448
0.9999990463256836
0.9999993642171223
0.9999995231628418
0.9999996821085612
0.9999997615814209
0.9999998410542805
0.9999998807907104
0.9999999205271403
0.9999999403953552
0.9999999602635701
0.9999999701976776
0.999999980131785
0.9999999850988388
0.9999999900658925
0.9999999925494194
0.9999999950329462
0.9999999962747097
0.9999999975164731
0.9999999987582365
0.9999999993791182
0.9999999996895591
1.
0.
0.003162342809684091
0.005258514824810766
0.008160074197103745
0.01344405067287298
0.017873775626053787
0.02465573729410806
0.02988794415532462
0.03814890920713894
0.04490211439643645
0.056151138679763686
0.06569873814908118
0.08190977331314502
0.09569626265849152
0.10553755080120542
0.11885254596174835
0.1382689088264268
0.15200891025773627
0.17048762364214312
0.19728348946364688
0.21617375854566925
0.24150908647599179
0.27811538640901945
0.3038219904845925
0.3381522695638225
0.38741924247236736
0.4217557033321678
0.4672488958395967
0.5317788102376485
0.5762117023023341
0.6343918307665801
0.7155854538796543
0.7706011827972259
0.8415740877687112
0.9386882226770467
1.0032722013067026
1.085213069711181
1.1949695006210437
1.2665415653623295
1.355828510396651
1.4728890549753657
1.5477379984898412
1.6395415260448025
1.7573738957094769
1.831285311907147
1.920412973118632
2.0323604276483556
2.1011211194490294
2.182562699919313
2.282508784372831
2.342575846376249
2.412417063895139
2.4961320023895626
2.601745112501308
2.667985711420964
2.749763441991436
2.79990960730432
2.8604730139742327
2.897149016196058
2.9411723669195675
2.967639857969394
2.999191417606025
3.0180768965425977
3.0405542620254473
3.053992958441764
3.0699724219608986
3.079518211520156
3.0908609309467843
3.097632739490965
3.1056752911516776
3.1104747564590056
3.116172815508722
3.1236068577295635
3.12886913175269
3.132592938410648
3.141592653589793