13
19
3.912023005428146
27.867664350800414
75
0.
0.0003255208333333333
0.0006510416666666666
0.0013020833333333333
0.0026041666666666665
0.005208333333333333
0.010416666666666666
0.015625
0.020833333333333332
0.041666666666666664
0.0625
0.08333333333333333
0.125
0.16666666666666666
0.25
0.3333333333333333
0.41666666666666663
0.5
0.5416666666666666
0.5833333333333333
0.6041666666666666
0.625
0.6458333333333333
0.65625
0.6666666666666666
0.6770833333333333
0.6875
0.7083333333333333
0.7291666666666666
0.75
0.7916666666666666
0.8125
0.8333333333333333
0.84375
0.8541666666666666
0.859375
0.8619791666666666
0.8645833333333333
0.8671875
0.8684895833333333
0.8697916666666666
0.8701171875
0.8704427083333333
0.8707682291666666
0.87109375
0.8714192708333333
0.8717447916666666
0.8723958333333333
0.8736979166666666
0.875
0.8776041666666666
0.8802083333333333
0.8854166666666666
0.8958333333333333
0.90625
0.9166666666666666
0.9375
0.9583333333333333
0.96875
0.9791666666666666
0.984375
0.9895833333333333
0.9921875
0.9947916666666666
0.99609375
0.9973958333333333
0.9986979166666666
0.9990234375
0.9993489583333333
0.9996744791666666
0.9998372395833333
0.9999186197916666
0.9999593098958333
0.9999796549479166
1.
0.
0.00736024192043123
0.010410410915684346
0.014726669975949697
0.020838346781012363
0.029503045997200095
0.041818051686278036
0.05133314430669293
0.0594103752460607
0.08480567700412855
0.10486515382827409
0.12228729446033425
0.1528906389083925
0.18046375846773216
0.2320920791274828
0.28389960145892856
0.3407251549703819
0.40987285142668395
0.45397967624863234
0.5113952433610467
0.5495377546092303
0.6002171250984127
0.6776161789037485
0.7372094330918461
0.8157398300220594
0.8973788063631407
0.9668748378076859
1.0754586363826557
1.162951985587191
1.2411108830296178
1.391315491111411
1.4721312665171709
1.5659549824065204
1.6230277515139815
1.6946829831671146
1.741507443263489
1.7702899508494865
1.8054229477290569
1.8526677524537023
1.8859841798461874
1.9362300476655347
1.9548161054735034
1.978413537248106
2.009450781138265
2.0466675471557108
2.080320453761
2.1062016276358193
2.142887453490903
2.1899807758939493
2.2227103619062816
2.270485587555291
2.3067920039974164
2.3632110792896097
2.447026959177495
2.513573369361287
2.571791544470026
2.6770120897814604
2.779768328751573
2.83457557633282
2.895580327917181
2.93042102835634
2.9706409457294956
2.994160552417237
3.0217066534195873
3.037979326877996
3.057162075416514
3.0820107328612183
3.0900188912723516
3.0995029357137347
3.111846353179521
3.120566589629528
3.1267288484846807
3.1310842877114875
3.134163081814095
3.141592653589793
3.9799879643985383
26.825303077486986
76
0.
0.0003255208333333333
0.0006510416666666666
0.0013020833333333333
0.0026041666666666665
0.005208333333333333
0.010416666666666666
0.015625
0.020833333333333332
0.041666666666666664
0.0625
0.08333333333333333
0.125
0.16666666666666666
0.25
0.3333333333333333
0.41666666666666663
0.5
0.5416666666666666
0.5833333333333333
0.6041666666666666
0.625
0.6458333333333333
0.65625
0.6666666666666666
0.6770833333333333
0.6875
0.7083333333333333
0.75
0.7916666666666666
0.8125
0.8333333333333333
0.84375
0.8489583333333333
0.8541666666666666
0.8567708333333333
0.859375
0.8606770833333333
0.8619791666666666
0.8626302083333333
0.86328125
0.8639322916666666
0.8642578125
0.8645833333333333
0.8649088541666666
0.865234375
0.8658854166666666
0.8665364583333333
0.8671875
0.8684895833333333
0.8697916666666666
0.8723958333333333
0.875
0.8802083333333333
0.8854166666666666
0.8958333333333333
0.9166666666666666
0.9375
0.9583333333333333
0.96875
0.9791666666666666
0.984375
0.9895833333333333
0.9921875
0.9947916666666666
0.99609375
0.9973958333333333
0.9986979166666666
0.9990234375
0.9993489583333333
0.9996744791666666
0.9998372395833333
0.9999186197916666
0.9999593098958333
0.9999796549479166
1.
0.
0.007216015840957281
0.010206442279409464
0.014438203895211771
0.020430365407655606
0.028925980923301318
0.04100171574873294
0.05033305188750747
0.05825523555745084
0.08317039758803817
0.10286069680631649
0.11997132770214904
0.15005292623438773
0.1771899097755022
0.22811300970114143
0.2794024791360553
0.33594967496566086
0.40530261596155737
0.4499377464783805
0.5086018146134295
0.5479453204864217
0.6005826668012665
0.6805733247426866
0.7395585837336013
0.8119925812456105
0.8855866842721687
0.9506350152203248
1.0569007030343012
1.2246053587156651
1.3799728620309455
1.465279083029265
1.5673128023760514
1.6324611615863458
1.672455372536791
1.721878129686632
1.7528565762891337
1.7917638007839378
1.8164921483538878
1.8479099218331585
1.8680700819474787
1.893833734276114
1.9312772818072443
1.9601080623879379
2.0030762634089023
2.050150797669091
2.0828946267773403
2.123894275987849
2.1513942069541065
2.1726983904611963
2.205722244079458
2.231663167192129
2.272520657374509
2.3051651167096865
2.3575707779439097
2.4003584830025844
2.4709985679793554
2.584928607860902
2.6851524734618324
2.78488179000653
2.8385260915755306
2.8984819962025212
2.932810729059153
2.9724990297168965
2.99573128204813
3.022959859733916
3.0390524664503795
3.058027877616228
3.082615811191752
3.0905414315642252
3.099928450663048
3.1121463278412156
3.120778250662207
3.1268782895296203
3.13118984575844
3.1342376663395375
3.141592653589793
4.04795292336893
25.840571786727033
76
0.
0.0006510416666666666
0.0013020833333333333
0.0026041666666666665
0.005208333333333333
0.010416666666666666
0.015625
0.020833333333333332
0.041666666666666664
0.0625
0.08333333333333333
0.125
0.16666666666666666
0.25
0.3333333333333333
0.41666666666666663
0.5
0.5416666666666666
0.5833333333333333
0.6041666666666666
0.625
0.6458333333333333
0.65625
0.6666666666666666
0.6875
0.6979166666666666
0.7083333333333333
0.75
0.7916666666666666
0.8125
0.8229166666666666
0.8333333333333333
0.84375
0.8489583333333333
0.8515625
0.8541666666666666
0.85546875
0.8567708333333333
0.857421875
0.8580729166666666
0.8583984375
0.8587239583333333
0.8590494791666666
0.859375
0.8597005208333333
0.8600260416666666
0.8606770833333333
0.861328125
0.8619791666666666
0.86328125
0.8645833333333333
0.8671875
0.8697916666666666
0.875
0.8854166666666666
0.8958333333333333
0.9166666666666666
0.9375
0.9583333333333333
0.96875
0.9791666666666666
0.984375
0.9895833333333333
0.9921875
0.9947916666666666
0.99609375
0.9973958333333333
0.9986979166666666
0.9990234375
0.9993489583333333
0.9996744791666666
0.9998372395833333
0.9999186197916666
0.9999593098958333
0.9999796549479166
1.
0.
0.010001048479660882
0.014147714966717403
0.020019491826434845
0.02834477520849719
0.0401793621948907
0.049325379946125555
0.057091112600381425
0.08152099568720508
0.10083708338819412
0.11763095742516466
0.147179090854637
0.17386603027308592
0.2240464393267204
0.2747596785030593
0.33092971919870257
0.4002876378359505
0.4452453735758298
0.5047216703429762
0.5447933719561184
0.598363140102798
0.6781206449266058
0.7341202357305197
0.8000813590938025
0.9292911622657057
0.9844708919521009
1.0342997000796246
1.204975961188764
1.3660322203962378
1.4561536618611621
1.507703547703653
1.567417415050839
1.6428104079885752
1.6927851541155003
1.724096840952877
1.7634629621169136
1.7885640222915484
1.8206772475956636
1.8415514381183187
1.8688526505474305
1.8870592789803935
1.911559330235076
1.951019200019822
2.0174533523133866
2.061390555608301
2.0876686204941226
2.122259560949561
2.1467213528297706
2.1662179726117303
2.1971181414925924
2.221813554037698
2.261208847912238
2.292980499185002
2.3443242882460003
2.423068732376657
2.486559560049378
2.5936767409527146
2.690520948373866
2.7881779933396977
2.841036104483142
2.9002956656692604
2.9342919684020057
2.973641053641551
2.996691686642428
3.023723579703303
3.0397030295154104
3.0585514428934513
3.0829817760242793
3.0908563803417155
3.1001849874569913
3.1123294063850313
3.1209085906417107
3.1269708943197916
3.131255546978797
3.1342842338118277
3.141592653589793
4.1499003618245185
24.45806086812874
79
0.
0.0006510416666666666
0.0013020833333333333
0.0026041666666666665
0.005208333333333333
0.010416666666666666
0.015625
0.020833333333333332
0.041666666666666664
0.0625
0.08333333333333333
0.125
0.16666666666666666
0.25
0.3333333333333333
0.41666666666666663
0.5
0.5416666666666666
0.5833333333333333
0.625
0.6458333333333333
0.6666666666666666
0.6875
0.7083333333333333
0.75
0.7916666666666666
0.8125
0.8229166666666666
0.8333333333333333
0.8385416666666666
0.84375
0.8463541666666666
0.8489583333333333
0.849609375
0.8502604166666666
0.8509114583333333
0.8515625
0.8518880208333333
0.8522135416666666
0.8525390625
0.8527018229166666
0.8528645833333333
0.8529459635416666
0.85302734375
0.8531901041666666
0.8533528645833333
0.853515625
0.8538411458333333
0.8541666666666666
0.8548177083333333
0.85546875
0.8567708333333333
0.859375
0.8619791666666666
0.8645833333333333
0.8697916666666666
0.875
0.8854166666666666
0.8958333333333333
0.9166666666666666
0.9375
0.9583333333333333
0.96875
0.9791666666666666
0.984375
0.9895833333333333
0.9921875
0.9947916666666666
0.99609375
0.9973958333333333
0.9986979166666666
0.9990234375
0.9993489583333333
0.9996744791666666
0.9998372395833333
0.9999186197916666
0.9999593098958333
0.9999796549479166
1.
0.
0.009690573761264658
0.013708595965469642
0.019398374544027895
0.02746605288122002
0.03893572949953865
0.047801113602307745
0.055329737982279525
0.07902274079401209
0.09776860631885899
0.11407792802434302
0.14280459078511779
0.16879080564799792
0.2177870334865653
0.2675250327335972
0.32293705006897494
0.39190093416895105
0.43692051950831473
0.49671086909328993
0.5899641617850944
0.6655064411509626
0.7724481596435002
0.8899348332816375
0.9936610428016099
1.169711071487909
1.3398746180257515
1.4374822151341937
1.4948584045424116
1.5639399108232446
1.6065623531901287
1.6598352034251065
1.6939080425911404
1.7382441256566827
1.7522155553757635
1.7681473848148024
1.7869519618891452
1.810483048171751
1.8252900379039276
1.8437711692106475
1.869582997326316
1.888849633158767
1.9213530703827038
1.952848538183745
1.9875325850535743
2.023148408855692
2.0433670039867153
2.0581001276026285
2.080040663564346
2.0967680816289453
2.1224611943704
2.1425250913522396
2.1739488172355226
2.219974926159221
2.255139680712287
2.284449138533289
2.3329654869652825
2.373438011417594
2.4411863971825434
2.4990122029882795
2.6003070986770678
2.6942193598549156
2.79016663026271
2.8424286534739887
2.901206971491076
2.9349941919930793
2.9741486667712014
2.997105102204837
3.0240387106363147
3.039967554977776
3.0587609251402714
3.0831240814271754
3.0909789418140976
3.100284544565784
3.1123961001136435
3.1209519332374507
3.1269995111538074
3.1312747684465445
3.1342973192382555
3.141592653589793
4.302821519507901
22.561512807892573
92
0.
0.0006510416666666666
0.0013020833333333333
0.0026041666666666665
0.005208333333333333
0.010416666666666666
0.015625
0.020833333333333332
0.041666666666666664
0.0625
0.08333333333333333
0.125
0.16666666666666666
0.25
0.3333333333333333
0.41666666666666663
0.5
0.5416666666666666
0.5833333333333333
0.625
0.6458333333333333
0.6666666666666666
0.6875
0.7083333333333333
0.75
0.7708333333333333
0.7916666666666666
0.8125
0.8229166666666666
0.8333333333333333
0.8385416666666666
0.8411458333333333
0.84375
0.8450520833333333
0.845703125
0.8463541666666666
0.8466796875
0.8470052083333333
0.84716796875
0.8472493489583333
0.8473307291666666
0.8473714192708333
0.847412109375
0.8474324544270833
0.8474527994791666
0.8474578857421875
0.8474629720052083
0.84747314453125
0.8474782307942708
0.8474833170572916
0.8474884033203125
0.8474934895833333
0.847503662109375
0.8475138346354166
0.8475341796875
0.8475748697916666
0.8476155598958333
0.84765625
0.8478190104166666
0.8479817708333333
0.8483072916666666
0.8489583333333333
0.849609375
0.8502604166666666
0.8515625
0.8528645833333333
0.8541666666666666
0.859375
0.8645833333333333
0.875
0.8854166666666666
0.8958333333333333
0.9166666666666666
0.9375
0.9583333333333333
0.96875
0.9791666666666666
0.984375
0.9895833333333333
0.9921875
0.9947916666666666
0.99609375
0.9973958333333333
0.9986979166666666
0.9990234375
0.9993489583333333
0.9996744791666666
0.9998372395833333
0.9999186197916666
0.9999593098958333
0.9999796549479166
1.
0.
0.009220892606752832
0.013044275889650816
0.01845862493616596
0.026136324598339762
0.03705314956403519
0.04549290941074009
0.05266152943842767
0.07523266575028115
0.09310609178641749
0.10867003414499463
0.13612142307195388
0.161003433420439
0.20807446917535044
0.2561087312595531
0.3099583292051905
0.3774321645598272
0.421603552513164
0.4799346232450038
0.567678233232972
0.6332604531928974
0.7199507031940466
0.8207488019973596
0.9207219304514069
1.1042006708958274
1.1936325131044399
1.2879723008244683
1.3961448195327073
1.4616929901193356
1.5446887008475727
1.6004230801909778
1.6360824847340192
1.6826478516329475
1.714352682839549
1.734560213314259
1.7604345125512677
1.777316731843271
1.7996957531207984
1.8151099492202278
1.8249913488132197
1.8376896050405
1.8459853881887334
1.8569418285879753
1.8644096643500085
1.8750452832599518
1.8787686600567541
1.883401569973241
1.9017879365712398
1.9282441232073482
1.9379342670770665
1.9437588484161654
1.9481231305643545
1.9547371841668129
1.9598373396263085
1.9677221166024832
1.979046526680044
1.9875115143336475
1.9944383705242652
2.014668840664529
2.0291377159532726
2.050619409281898
2.0806623023248214
2.1028885983290446
2.121047471217419
2.150428009631883
2.174305443100351
2.194774475239015
2.2582987201554743
2.306651608140446
2.3828405037224742
2.4451323250139114
2.5000407214810703
2.598570504579826
2.691511778790234
2.7873673935836467
2.839822707898598
2.898958375595418
2.9330011476232345
2.9724875384947453
2.995652753771441
3.022842513238218
3.038926691249711
3.0579082728594567
3.0825181193735056
3.090454316313412
3.0998554503341587
3.112092298299485
3.120738706223681
3.1268496593215387
3.1311692677532306
3.1342229490260016
3.141592653589793
4.455742677191283
20.83327732054961
89
0.
0.0006510416666666666
0.0013020833333333333
0.0026041666666666665
0.005208333333333333
0.0078125
0.010416666666666666
0.020833333333333332
0.03125
0.041666666666666664
0.08333333333333333
0.125
0.16666666666666666
0.25
0.3333333333333333
0.41666666666666663
0.5
0.5416666666666666
0.5833333333333333
0.625
0.6666666666666666
0.7083333333333333
0.75
0.7708333333333333
0.7916666666666666
0.8125
0.8229166666666666
0.828125
0.8333333333333333
0.8385416666666666
0.83984375
0.8411458333333333
0.8424479166666666
0.84375
0.8444010416666666
0.8450520833333333
0.8453776041666666
0.845703125
0.8458658854166666
0.8460286458333333
0.8460693359375
0.8461100260416666
0.84619140625
0.8462117513020833
0.8462320963541666
0.84625244140625
0.8462626139322916
0.8462727864583333
0.8462931315104166
0.8463134765625
0.8463338216145833
0.8463541666666666
0.846435546875
0.8465169270833333
0.8466796875
0.8468424479166666
0.8470052083333333
0.84765625
0.8483072916666666
0.8489583333333333
0.8502604166666666
0.8515625
0.8528645833333333
0.8541666666666666
0.859375
0.8645833333333333
0.875
0.8854166666666666
0.8958333333333333
0.9166666666666666
0.9375
0.9583333333333333
0.96875
0.9791666666666666
0.984375
0.9895833333333333
0.9921875
0.9947916666666666
0.99609375
0.9973958333333333
0.9986979166666666
0.9990234375
0.9993489583333333
0.9996744791666666
0.9998372395833333
0.9999186197916666
0.9999593098958333
0.9999796549479166
1.
0.
0.008749343108238857
0.012377283503783382
0.01751501282536524
0.024800880125439816
0.030412789732887382
0.03516179083654717
0.04997885340600502
0.061526635937036826
0.07141602346460633
0.10320541082433773
0.12934153513161198
0.15306749849493234
0.19806179001824867
0.24413986516392935
0.29597590223388454
0.36102017059469194
0.40341083315800963
0.4585924966684642
0.5380469542544579
0.664194196043152
0.8401429374731327
1.0256429325700425
1.1200504490582437
1.220711996346104
1.3369885064074465
1.4080223123134277
1.4499297708872536
1.499289652478608
1.5623983958051808
1.5820753812607453
1.6044223957407109
1.6307156631896265
1.6636116676475325
1.684422321735969
1.710765100221368
1.7276622684986551
1.7494311845118438
1.7637354482418546
1.7828368615534276
1.788991914209807
1.7961063331996563
1.8156809499573545
1.82286866873372
1.8322394855921937
1.8464515575825198
1.8581370248210112
1.875402938048824
1.900355582782354
1.9130964002880178
1.9218611777010877
1.928711877878163
1.9476839294305237
1.960677644570815
1.9794763799025126
1.9935821067003892
2.0051425215823953
2.038973521039635
2.0632506095696908
2.0828040536301384
2.1141180276774376
2.139354561569838
2.160892136080458
2.1798957498811444
2.2409609212575896
2.2887452622865743
2.365227794416542
2.4283632724730255
2.484267034353464
2.5849154526226656
2.6800666469042875
2.778303489029627
2.8320851204653463
2.8927267104610475
2.9276406049926247
2.9681393649666834
2.9918995861882607
3.0197875443319178
3.0362856738435267
3.0557545213559254
3.0809979489618002
3.0891376323492934
3.0987813670248334
3.1113328583892983
3.1202002188529545
3.1264681154909515
3.1308990882415557
3.134031709832063
3.141592653589793
4.65963755410246
18.726812820265856
69
0.
0.0006510416666666666
0.0013020833333333333
0.0026041666666666665
0.005208333333333333
0.0078125
0.010416666666666666
0.020833333333333332
0.03125
0.041666666666666664
0.08333333333333333
0.125
0.16666666666666666
0.25
0.3333333333333333
0.41666666666666663
0.5
0.5833333333333333
0.6666666666666666
0.7083333333333333
0.75
0.7708333333333333
0.7916666666666666
0.8125
0.8229166666666666
0.8333333333333333
0.8385416666666666
0.8411458333333333
0.84375
0.8463541666666666
0.84765625
0.8483072916666666
0.8489583333333333
0.849609375
0.8499348958333333
0.8502604166666666
0.8505859375
0.8509114583333333
0.8515625
0.8522135416666666
0.8528645833333333
0.8541666666666666
0.8567708333333333
0.859375
0.8645833333333333
0.8697916666666666
0.875
0.8854166666666666
0.8958333333333333
0.9166666666666666
0.9375
0.9583333333333333
0.96875
0.9791666666666666
0.984375
0.9895833333333333
0.9921875
0.9947916666666666
0.99609375
0.9973958333333333
0.9986979166666666
0.9990234375
0.9993489583333333
0.9996744791666666
0.9998372395833333
0.9999186197916666
0.9999593098958333
0.9999796549479166
1.
0.
0.008124548786846434
0.011493493648497199
0.016264584761667283
0.023030911771453735
0.028243067414737755
0.03265414079118034
0.046419518569221545
0.0571511798157689
0.06634466947729173
0.09592079438998563
0.12027064785480916
0.142405830713153
0.1844706057031834
0.2276572149008137
0.27629905794018855
0.3371039683984559
0.4260477645413475
0.593852328734684
0.7354814866082777
0.9093976926655228
1.0056554025242601
1.1108390804925192
1.232658035801968
1.305843169281769
1.396380840123255
1.4546505178486706
1.4901031432085277
1.533001951389822
1.5900974274729
1.6301080286056844
1.6563561738116312
1.6911695689891104
1.7472530656996736
1.798502676563427
1.8630734991697195
1.9055319916210556
1.933702811553162
1.972378846490959
2.0002010385488016
2.0224811909022478
2.057844218949695
2.110017378291745
2.1499051358560943
2.2119965182587227
2.261515231307608
2.303903384218232
2.3761814307075793
2.4386471388343716
2.5489249012409294
2.6516081907593207
2.756672754939766
2.8139213145054915
2.878309915893334
2.915320551954238
2.9582082597116175
2.983352518812161
3.012851567596767
3.0302968516287394
3.0508795667260507
3.07756073863163
3.0861636314459515
3.096354498391898
3.109618406894209
3.118988233430376
3.1256108062930816
3.130292724315266
3.13360286847057
3.141592653589793
4.8635324310136365
16.794085506400858
64
0.
0.0006510416666666666
0.0013020833333333333
0.0026041666666666665
0.005208333333333333
0.010416666666666666
0.020833333333333332
0.03125
0.041666666666666664
0.08333333333333333
0.125
0.16666666666666666
0.25
0.3333333333333333
0.41666666666666663
0.5
0.5833333333333333
0.6666666666666666
0.7083333333333333
0.75
0.7708333333333333
0.7916666666666666
0.8125
0.8229166666666666
0.8333333333333333
0.8385416666666666
0.84375
0.8489583333333333
0.8515625
0.8541666666666666
0.85546875
0.8567708333333333
0.8580729166666666
0.8587239583333333
0.859375
0.8606770833333333
0.8619791666666666
0.8645833333333333
0.8671875
0.8697916666666666
0.875
0.8854166666666666
0.8958333333333333
0.9166666666666666
0.9375
0.9583333333333333
0.96875
0.9791666666666666
0.984375
0.9895833333333333
0.9921875
0.9947916666666666
0.99609375
0.9973958333333333
0.9986979166666666
0.9990234375
0.9993489583333333
0.9996744791666666
0.999755859375
0.9998372395833333
0.9999186197916666
0.9999593098958333
0.9999796549479166
1.
0.
0.0075133142823450615
0.010628850625049086
0.015041154512141032
0.021298912696607594
0.030199565486351033
0.042933425841708235
0.05286312520003851
0.06137148815095608
0.08875806140957067
0.1113249189517885
0.13185614636946394
0.1709135637331175
0.2110413355488846
0.25617896797054296
0.3122054185537717
0.39206921296610703
0.5314167027095066
0.6448849657187691
0.7955168439784814
0.885781720100496
0.9884688264758497
1.1092701521703627
1.1806939365864466
1.265053003137172
1.3152006285380717
1.3743777612132653
1.4496124109133899
1.4987015591390511
1.5639458311409724
1.608618784097211
1.6703668660876148
1.7628752837697563
1.8149428408232482
1.8593466633286861
1.9238809704603177
1.9694041581177097
2.034460693092305
2.082613862759859
2.1218672312921596
2.185447597335483
2.282553052940584
2.36025392750962
2.4901696913568188
2.606567477391038
2.7231663395222965
2.786026130418578
2.8563358320358807
2.896607010925847
2.943172854399999
2.970432710578916
3.0023830881973566
3.02126470187551
3.0435326773958837
3.0723853805267254
3.0816855954886218
3.092701260464596
3.107037569733567
3.111670459734435
3.117163962346716
3.1243212615610108
3.129381085114292
3.1329583454564167
3.141592653589793
5.067427307924812
15.003517827424632
56
0.
0.0013020833333333333
0.0026041666666666665
0.005208333333333333
0.010416666666666666
0.020833333333333332
0.03125
0.041666666666666664
0.08333333333333333
0.125
0.16666666666666666
0.25
0.3333333333333333
0.41666666666666663
0.5
0.5833333333333333
0.6666666666666666
0.7083333333333333
0.75
0.7916666666666666
0.8125
0.8333333333333333
0.84375
0.8489583333333333
0.8541666666666666
0.859375
0.8645833333333333
0.8671875
0.8697916666666666
0.8723958333333333
0.875
0.8802083333333333
0.8854166666666666
0.8958333333333333
0.90625
0.9166666666666666
0.9375
0.9583333333333333
0.96875
0.9791666666666666
0.984375
0.9895833333333333
0.9921875
0.9947916666666666
0.99609375
0.9973958333333333
0.998046875
0.9986979166666666
0.9993489583333333
0.99951171875
0.9996744791666666
0.9998372395833333
0.9999186197916666
0.9999593098958333
0.9999796549479166
1.
0.
0.009796044221380838
0.013862720161102645
0.019630453088350465
0.027834582956024045
0.03957326212728284
0.048728319756965545
0.05657408804419648
0.08183660350312114
0.10266431025705229
0.12162174383831376
0.15769959701662445
0.19475437422333503
0.23633232269022925
0.2875393662587937
0.35893213257339407
0.47697239496843896
0.5698347819248414
0.6962743120473793
0.8687946318895834
0.981578618707935
1.1256650374814061
1.2189217680132192
1.2752042061740336
1.3422069039822302
1.427656824024046
1.552623769882048
1.6469280768820873
1.764409365496091
1.8668434614418778
1.9417000363851957
2.0459260248054134
2.1212535116836246
2.2346216145765494
2.324245012723312
2.4020380638539254
2.541154968354991
2.6754571992197462
2.746597786188286
2.8254702891072223
2.870394564535584
2.9221665024416708
2.9524049490055146
2.9877933949059052
3.008685286538811
3.0333047006982166
3.0479136933870192
3.0651855840639404
3.0876198920230555
3.094864681100534
3.1034527775652276
3.114635969576838
3.122537528079928
3.128121705199881
3.1320687831892275
3.141592653589793
5.373269623291577
12.559162452109701
53
0.
0.0013020833333333333
0.0026041666666666665
0.005208333333333333
0.010416666666666666
0.015625
0.020833333333333332
0.041666666666666664
0.0625
0.08333333333333333
0.16666666666666666
0.25
0.3333333333333333
0.5
0.5833333333333333
0.6666666666666666
0.7083333333333333
0.75
0.7916666666666666
0.8125
0.8333333333333333
0.8541666666666666
0.8645833333333333
0.875
0.8802083333333333
0.8854166666666666
0.890625
0.8958333333333333
0.90625
0.9166666666666666
0.9270833333333333
0.9375
0.9583333333333333
0.96875
0.9791666666666666
0.984375
0.9895833333333333
0.9921875
0.9947916666666666
0.99609375
0.9973958333333333
0.998046875
0.9986979166666666
0.9993489583333333
0.99951171875
0.9996744791666666
0.9998372395833333
0.9998779296875
0.9999186197916666
0.9999593098958333
0.9999796549479166
0.9999898274739583
1.
0.
0.00862725397234418
0.012208807017307019
0.017288641180908376
0.02451471584585021
0.030104485909483204
0.03485516392681401
0.04983432954784763
0.06172412522246963
0.07210200470787001
0.10719331497874886
0.1390230791644902
0.1716783877589128
0.2526684793701034
0.3131892439642143
0.40827436046294285
0.4803435511441736
0.5786878429738231
0.7169392443059681
0.8102197424256498
0.9305767913151896
1.0975287984955677
1.213002112151719
1.3714711296026292
1.4790494701774688
1.6116555603311364
1.7532037463522323
1.8755451229187303
2.054763561164315
2.185745532784385
2.293811178070924
2.3899738479520853
2.5685972937619943
2.6592259214078733
2.7576628212252827
2.8130251313875196
2.876349712390977
2.913145800990651
2.9560702401059205
2.981351328458649
3.011099784245614
3.028729939019249
3.049561024474997
3.0766000635493387
3.0853258965533197
3.0956657208703415
3.109127620101321
3.1134798016836083
3.1186412118426343
3.125365933140198
3.130119828590799
3.133480740499497
3.141592653589793
5.679111938658341
10.401868972900429
49
0.
0.0013020833333333333
0.0026041666666666665
0.005208333333333333
0.010416666666666666
0.020833333333333332
0.041666666666666664
0.0625
0.08333333333333333
0.16666666666666666
0.25
0.3333333333333333
0.5
0.5833333333333333
0.6666666666666666
0.7083333333333333
0.75
0.7916666666666666
0.8125
0.8333333333333333
0.8541666666666666
0.875
0.8854166666666666
0.8958333333333333
0.90625
0.9166666666666666
0.9270833333333333
0.9375
0.9583333333333333
0.96875
0.9791666666666666
0.984375
0.9895833333333333
0.9921875
0.9947916666666666
0.99609375
0.9973958333333333
0.998046875
0.9986979166666666
0.9990234375
0.9993489583333333
0.9996744791666666
0.999755859375
0.9998372395833333
0.9999186197916666
0.9999593098958333
0.9999796549479166
0.9999898274739583
1.
0.
0.00757084315287479
0.010713895605151189
0.01517190454828708
0.021513755232606173
0.030589791849605343
0.04373989228418488
0.05418049709520867
0.06329557935895447
0.09413056502677788
0.12210721563065327
0.15078673912219784
0.22143747723393295
0.27323870500145747
0.3522420871851621
0.4107520132953021
0.4900781201763849
0.6016014471483766
0.676726123597188
0.7731382414712936
0.9040162823014318
1.0957507939107949
1.2301229015378017
1.4028477298755622
1.6119190471690785
1.8199710628336494
1.996743949549187
2.1459212443906712
2.4022211450007096
2.524865904165506
2.654410813554607
2.726031224542396
2.807135360771327
2.853943848668821
2.908311185650485
2.940234395572442
2.9777238836598543
2.999908225969227
3.0260960777813817
3.0416498924522446
3.0600546695639537
3.0839832899819495
3.0917110725914942
3.100872404549209
3.112806154922043
3.121241054257193
3.1272036629319997
3.1314189818763944
3.141592653589793
6.086901692480694
7.975628036296908
47
0.
0.0026041666666666665
0.005208333333333333
0.010416666666666666
0.020833333333333332
0.03125
0.041666666666666664
0.08333333333333333
0.125
0.16666666666666666
0.3333333333333333
0.5
0.5833333333333333
0.6666666666666666
0.75
0.7916666666666666
0.8333333333333333
0.8541666666666666
0.875
0.8958333333333333
0.9166666666666666
0.9375
0.9479166666666666
0.9583333333333333
0.96875
0.9791666666666666
0.984375
0.9895833333333333
0.9921875
0.9947916666666666
0.99609375
0.9973958333333333
0.998046875
0.9986979166666666
0.9990234375
0.9993489583333333
0.99951171875
0.9996744791666666
0.9998372395833333
0.9998779296875
0.9999186197916666
0.9999593098958333
0.9999796549479166
0.9999898274739583
0.9999949137369791
0.9999974568684895
1.
0.
0.00897667585140999
0.012712069660025048
0.018026376787705682
0.025633090505195587
0.031568632754374
0.03665783393285235
0.05306305189510926
0.06661138818986237
0.07895979609662872
0.12660519579728688
0.18579606341529997
0.22861588942577357
0.29251958763383257
0.40138656990855576
0.4883505170615548
0.6187341220832814
0.7141849674083183
0.8467467332498886
1.040484099082766
1.323393018685744
1.6869849705937046
1.8766987297497655
2.0628042740841708
2.247631115915163
2.4403040499722852
2.5454110378503154
2.663315746360395
2.730893854536057
2.809026310858466
2.854751324932353
2.908327327174731
2.9399810041615457
2.9773031241140857
2.9994538646990034
3.0256508747079898
3.041233312282286
3.059689849804892
3.0837070861948277
3.0914683643968317
3.100671273816434
3.1126604660448396
3.121135730218777
3.1271279693656155
3.1313648497571345
3.1343606403625466
3.141592653589793
6.630621364243831
5.486569296829053
47
0.
0.005208333333333333
0.010416666666666666
0.020833333333333332
0.041666666666666664
0.08333333333333333
0.125
0.16666666666666666
0.3333333333333333
0.5
0.5833333333333333
0.6666666666666666
0.75
0.7916666666666666
0.8333333333333333
0.8541666666666666
0.875
0.8958333333333333
0.9166666666666666
0.9375
0.9583333333333333
0.96875
0.9791666666666666
0.984375
0.9895833333333333
0.9921875
0.9947916666666666
0.99609375
0.9973958333333333
0.998046875
0.9986979166666666
0.9990234375
0.9993489583333333
0.99951171875
0.9996744791666666
0.999755859375
0.9998372395833333
0.9999186197916666
0.99993896484375
0.9999593098958333
0.9999796549479166
0.9999847412109375
0.9999898274739583
0.9999949137369791
0.9999974568684895
0.9999987284342448
1.
0.
0.010019009543131549
0.014208413960015822
0.020206723121544434
0.028905405470859583
0.04186457901701779
0.05258423981756434
0.062370050258774186
0.10026780973587456
0.14749214204519545
0.18148156410489247
0.2315241733296457
0.31492555844754333
0.3801616894324965
0.47461719960181953
0.54038931434951
0.6269569141320632
0.7464176379618623
0.9179018546030353
1.1663940932633836
1.5202921059364132
1.7471818111298194
2.0176662125127907
2.1762384283721654
2.3605463301262035
2.4684393853458064
2.594681925971097
2.669145809742796
2.7568212853586944
2.8087976615394856
2.870215796202402
2.906726128194973
2.9499478769284524
2.9756762286160274
3.006166982675931
3.0243298029106214
3.045863069523293
3.0739131358650225
3.0829836589294857
3.0937416955856465
3.1077597592201682
3.112293303579316
3.117670605304388
3.124677921222929
3.1296324866784726
3.133135715947791
3.141592653589793
7.446200871888537
3.0077979645603876
51
0.
0.010416666666666666
0.020833333333333332
0.041666666666666664
0.08333333333333333
0.125
0.16666666666666666
0.3333333333333333
0.5
0.5833333333333333
0.6666666666666666
0.75
0.7916666666666666
0.8333333333333333
0.875
0.8958333333333333
0.9166666666666666
0.9375
0.9479166666666666
0.9583333333333333
0.96875
0.9739583333333333
0.9791666666666666
0.984375
0.9895833333333333
0.9921875
0.9947916666666666
0.99609375
0.9973958333333333
0.998046875
0.9986979166666666
0.9990234375
0.9993489583333333
0.99951171875
0.9996744791666666
0.999755859375
0.9998372395833333
0.9998779296875
0.9999186197916666
0.99993896484375
0.9999593098958333
0.9999796549479166
0.9999847412109375
0.9999898274739583
0.9999949137369791
0.9999961853027344
0.9999974568684895
0.9999987284342448
0.9999993642171223
0.9999996821085612
1.
0.
0.009881891588656181
0.01405686218422093
0.020117390413913926
0.029164677747681646
0.03666985005025758
0.04354119009381972
0.07035384526244251
0.10413438735130555
0.12849329319075933
0.1640053478168494
0.22164911500733142
0.26528242670526214
0.325833353275745
0.4162177624052316
0.48182375303567426
0.5721989469559804
0.7056291474623902
0.7991992127159856
0.9214978050773134
1.0887035546038646
1.1984430510659203
1.3347765369274787
1.5104748141881934
1.7497557860775477
1.9084138699980289
2.1111578231883663
2.2387960354441705
2.3958747979463997
2.4920452595197107
2.6081821156641554
2.678320986670494
2.762251035271006
2.812603818084084
2.8725926698837547
2.908465244823294
2.9511099761091866
2.9765718953480858
3.0068051201310664
3.0248422738480985
3.0462499340012172
3.0741626277774907
3.08319306008001
3.0939062153940107
3.107870143200491
3.112387232466564
3.117745683918992
3.1247295224606737
3.1296682305574093
3.1331606188451224
3.141592653589793
8.261780379533242
1.555914235815532
53
0.
0.020833333333333332
0.041666666666666664
0.08333333333333333
0.16666666666666666
0.3333333333333333
0.5
0.6666666666666666
0.75
0.7916666666666666
0.8333333333333333
0.875
0.8958333333333333
0.9166666666666666
0.9375
0.9479166666666666
0.9583333333333333
0.96875
0.9739583333333333
0.9791666666666666
0.984375
0.9869791666666666
0.9895833333333333
0.9921875
0.9934895833333333
0.9947916666666666
0.99609375
0.9973958333333333
0.998046875
0.9986979166666666
0.9990234375
0.9993489583333333
0.99951171875
0.9996744791666666
0.999755859375
0.9998372395833333
0.9998779296875
0.9999186197916666
0.99993896484375
0.9999593098958333
0.999969482421875
0.9999796549479166
0.9999847412109375
0.9999898274739583
0.9999949137369791
0.9999961853027344
0.9999974568684895
0.9999987284342448
0.9999993642171223
0.9999996821085612
0.9999998410542805
0.9999999205271403
1.
0.
0.00964568133300415
0.013809278182798332
0.020034568824974945
0.02995927116400572
0.048598844427552336
0.07227989242776624
0.11413601129667031
0.15353534973220528
0.1826467421079845
0.22200302677595468
0.2784964460311087
0.3179867197860852
0.3708980574833709
0.4477783572190059
0.502142591206847
0.5750133180095779
0.6794670313054436
0.7517742073410708
0.8465686388184372
0.9784647838250375
1.067168224150775
1.1802779785022444
1.3315958674613608
1.4293883383351957
1.5495578387411058
1.7027816636660853
1.9098034576874132
2.046898472449189
2.222807202656144
2.3342822682991144
2.472447538638945
2.5576022927033293
2.660996942701832
2.7237140401373705
2.799019621007345
2.8443068520639487
2.8983652533284117
2.93073691437415
2.969249411877984
2.9922620214925466
3.019604626997842
3.035921522129824
3.0552872527063903
3.0805421809389015
3.0887148477576005
3.0984117621092553
3.1110533015133828
3.1199951428028156
3.12631944249898
3.1307921297616024
3.133955163508625
3.141592653589793
9.349219723059516
0.5967287066399837
56
0.
0.041666666666666664
0.08333333333333333
0.16666666666666666
0.3333333333333333
0.5
0.6666666666666666
0.75
0.8333333333333333
0.875
0.9166666666666666
0.9375
0.9479166666666666
0.9583333333333333
0.96875
0.9739583333333333
0.9791666666666666
0.984375
0.9869791666666666
0.9895833333333333
0.9921875
0.9934895833333333
0.9947916666666666
0.99609375
0.9967447916666666
0.9973958333333333
0.998046875
0.9983723958333333
0.9986979166666666
0.9990234375
0.9993489583333333
0.99951171875
0.9996744791666666
0.999755859375
0.9998372395833333
0.9998779296875
0.9999186197916666
0.99993896484375
0.9999593098958333
0.999969482421875
0.9999796549479166
0.9999847412109375
0.9999898274739583
0.9999923706054688
0.9999949137369791
0.9999961853027344
0.9999974568684895
0.9999987284342448
0.9999990463256836
0.9999993642171223
0.9999996821085612
0.9999998410542805
0.9999999205271403
0.9999999602635701
0.999999980131785
1.
0.
0.008169239971663501
0.011857951720823268
0.017751558294424995
0.028869841986684134
0.04306101756813921
0.06804378220244008
0.09117294688326798
0.13036265738926622
0.1617885191776292
0.21166912271525187
0.25224293657952696
0.28077512981713126
0.31919151238802956
0.3752098785807818
0.4149336351431235
0.4684163578183535
0.5458198282425683
0.6000554353965409
0.6720779185127749
0.7741859860166831
0.844229142451028
0.9353684915325502
1.0610221233300103
1.1448790002788551
1.2512212794233373
1.3928258233424173
1.4841738440420131
1.5964896811290474
1.7401351713080964
1.9355855439858345
2.0661658958337266
2.2352379451884827
2.343274243474621
2.4781098632584144
2.561688957571499
2.663615247393382
2.7256589139449234
2.800320662221048
2.845316726584939
2.899077035873201
2.931300999433632
2.9696789696968247
2.992622234400924
3.019877739737209
3.0361424900396403
3.0554522319849973
3.0806445474276027
3.088799483272548
3.098476969809399
3.111095811270669
3.120023398349608
3.126338519135481
3.1308051669560064
3.133964156010301
3.141592653589793
10.43665906658579
0.22345980188129919
58
0.
0.16666666666666666
0.3333333333333333
0.5
0.6666666666666666
0.75
0.8333333333333333
0.875
0.9166666666666666
0.9375
0.9583333333333333
0.96875
0.9791666666666666
0.984375
0.9869791666666666
0.9895833333333333
0.9921875
0.9934895833333333
0.9947916666666666
0.99609375
0.9967447916666666
0.9973958333333333
0.998046875
0.9983723958333333
0.9986979166666666
0.9990234375
0.9991861979166666
0.9993489583333333
0.99951171875
0.9995930989583333
0.9996744791666666
0.999755859375
0.9998372395833333
0.9998779296875
0.9999186197916666
0.99993896484375
0.9999593098958333
0.999969482421875
0.9999796549479166
0.9999847412109375
0.9999898274739583
0.9999923706054688
0.9999949137369791
0.9999961853027344
0.9999974568684895
0.9999980926513672
0.9999987284342448
0.9999990463256836
0.9999993642171223
0.9999996821085612
0.9999997615814209
0.9999998410542805
0.9999999205271403
0.9999999602635701
0.999999980131785
0.9999999900658925
0.9999999950329462
1.
0.
0.010288222175219684
0.016746673016884952
0.025000250373007554
0.03949611701030092
0.05282744918311708
0.07520839853151555
0.09297765609772704
0.12088567009726889
0.14338032183607918
0.1803381506316021
0.21134968060539283
0.2635354743513237
0.3076096363725647
0.33893043094442604
0.38111307847319603
0.4421572533191471
0.48495621838845454
0.5419072579823151
0.6230877262391198
0.6792253335275238
0.7529991675314901
0.8563921565008062
0.9266732349827789
1.0174964218304683
1.1417625248522636
1.2241830180118531
1.3282017350710482
1.4659659045903857
1.5544480087816344
1.662885385858158
1.801106416957069
1.988553413891466
2.1134991820792655
2.2750957748706164
2.378330961324016
2.5071848632282148
2.5870471416352006
2.684478696389262
2.7437746615961114
2.815169204377568
2.858195457791066
2.9096027660040082
2.9404269831566117
2.9771397667336816
2.9990818359876408
3.025145804072463
3.0407015436233165
3.0591715424249846
3.0832715806016147
3.0910737391974585
3.1003330939355047
3.112407551011982
3.1209505679870504
3.1269939413567105
3.131268527420483
3.134291754800165
3.141592653589793
11.524098410112064
0.0906500760509397
61
0.
0.16666666666666666
0.3333333333333333
0.5
0.6666666666666666
0.75
0.8333333333333333
0.875
0.9166666666666666
0.9375
0.9583333333333333
0.96875
0.9791666666666666
0.984375
0.9895833333333333
0.9921875
0.9947916666666666
0.99609375
0.9967447916666666
0.9973958333333333
0.998046875
0.9983723958333333
0.9986979166666666
0.9990234375
0.9991861979166666
0.9993489583333333
0.99951171875
0.9995930989583333
0.9996744791666666
0.999755859375
0.9997965494791666
0.9998372395833333
0.9998779296875
0.9999186197916666
0.99993896484375
0.9999593098958333
0.999969482421875
0.9999796549479166
0.9999847412109375
0.9999898274739583
0.9999923706054688
0.9999949137369791
0.9999961853027344
0.9999974568684895
0.9999980926513672
0.9999987284342448
0.9999990463256836
0.9999993642171223
0.9999995231628418
0.9999996821085612
0.9999997615814209
0.9999998410542805
0.9999999205271403
0.9999999403953552
0.9999999602635701
0.999999980131785
0.9999999900658925
0.9999999950329462
0.9999999975164731
0.9999999987582365
1.
0.
0.005809957225066547
0.009459672964007569
0.014125115325502452
0.02231048423242556
0.029820258943140124
0.04238831146203765
0.052333003305013205
0.06789501275834577
0.08039704824545975
0.10089813624836164
0.11810770198834519
0.14716883705823386
0.1718538622553284
0.21334625419989842
0.2481332153540167
0.30568963998629284
0.3532768649958674
0.3866297685165974
0.43107840659879015
0.4946874511835539
0.5389021460715125
0.5973449104244245
0.6799806994926613
0.7366986108061331
0.8107266869551629
0.9135329803990827
0.9828165392892043
1.071680314963829
1.1921768325544073
1.2714988742186455
1.3710618926494846
1.5022370067423771
1.6890598324594264
1.8202419849707008
1.9989057236360228
2.1188432738188654
2.275275038095927
2.376079317548177
2.50292464512641
2.582165552059502
2.6793645243435695
2.7388494381747837
2.8106755693662744
2.854098316532029
2.906108362514546
2.9373229970858405
2.974537292213396
2.9968080779809196
3.0232883462969786
3.0390943716925265
3.057860688837284
3.082345963941579
3.0902724969368762
3.0996792371580835
3.1119455327021943
3.120624036365281
3.1267631310972073
3.131105361099044
3.134176399317898
3.141592653589793
12.611537753638338
0.04585312552351811
67
0.
0.16666666666666666
0.3333333333333333
0.5
0.6666666666666666
0.75
0.8333333333333333
0.875
0.9166666666666666
0.9375
0.9583333333333333
0.96875
0.9791666666666666
0.984375
0.9895833333333333
0.9921875
0.9947916666666666
0.99609375
0.9973958333333333
0.998046875
0.9986979166666666
0.9990234375
0.9991861979166666
0.9993489583333333
0.99951171875
0.9995930989583333
0.9996744791666666
0.999755859375
0.9997965494791666
0.9998372395833333
0.9998779296875
0.9998982747395833
0.9999186197916666
0.99993896484375
0.9999491373697916
0.9999593098958333
0.999969482421875
0.9999745686848958
0.9999796549479166
0.9999847412109375
0.9999898274739583
0.9999923706054688
0.9999949137369791
0.9999961853027344
0.9999974568684895
0.9999980926513672
0.9999987284342448
0.9999990463256836
0.9999993642171223
0.9999995231628418
0.9999996821085612
0.9999997615814209
0.9999998410542805
0.9999998807907104
0.9999999205271403
0.9999999403953552
0.9999999602635701
0.9999999701976776
0.999999980131785
0.9999999900658925
0.9999999925494194
0.9999999950329462
0.9999999975164731
0.9999999987582365
0.9999999993791182
0.9999999996895591
1.
0.
0.0031129389141693704
0.005069320646755575
0.007570138945430616
0.011952613943316797
0.015968639055584925
0.022682507570840383
0.02798721524918864
0.0362725323322774
0.042922272497514624
0.05381706131472315
0.06296035929258202
0.07842095369551068
0.09158760712294925
0.11380303261117466
0.1325148081655835
0.16366402993590373
0.18961729979159578
0.23249241115156863
0.26800495488474224
0.32629756526810944
0.3741885655597086
0.40759846620420526
0.4519095185009348
0.5148546205846254
0.5582577869482858
0.615170209272646
0.694738115873797
0.7487468432828822
0.8185287638247184
0.9142004751319072
0.9779450681601277
1.0589508743810137
1.1676661579051766
1.2386886323140052
1.3274153955300583
1.4439768868609288
1.5186515756770156
1.6103915114078298
1.7283935951132796
1.8920511971216674
2.004770100869017
2.1565424160713267
2.257893731010373
2.3901366491805125
2.475681240126149
2.583976253757019
2.6520536032802697
2.7360657145589617
2.7876532763342863
2.850309705160701
2.8883757757244792
2.934070880082626
2.9614845939439105
2.994153889991113
3.013708134239722
3.036981195419258
3.050895480127176
3.067440312022865
3.0890676476473686
3.096078919060033
3.1044058329974953
3.115274462697965
3.122971269967219
3.1284195215883894
3.132274927894429
3.141592653589793