14
20
3.912023005428146
30.533973434917428
76
0.
0.0003255208333333333
0.0006510416666666666
0.0013020833333333333
0.0026041666666666665
0.00390625
0.005208333333333333
0.010416666666666666
0.015625
0.020833333333333332
0.041666666666666664
0.0625
0.08333333333333333
0.125
0.16666666666666666
0.25
0.3333333333333333
0.41666666666666663
0.5
0.5416666666666666
0.5833333333333333
0.6041666666666666
0.625
0.6458333333333333
0.65625
0.6666666666666666
0.6770833333333333
0.6822916666666666
0.6875
0.6927083333333333
0.6979166666666666
0.7083333333333333
0.71875
0.7291666666666666
0.75
0.7916666666666666
0.8125
0.8333333333333333
0.8541666666666666
0.8645833333333333
0.8697916666666666
0.875
0.8802083333333333
0.8828125
0.8841145833333333
0.8854166666666666
0.88671875
0.8873697916666666
0.8880208333333333
0.8893229166666666
0.890625
0.8932291666666666
0.8958333333333333
0.9010416666666666
0.90625
0.9166666666666666
0.9270833333333333
0.9375
0.9583333333333333
0.96875
0.9791666666666666
0.984375
0.9895833333333333
0.9921875
0.9947916666666666
0.99609375
0.9973958333333333
0.9986979166666666
0.9990234375
0.9993489583333333
0.9996744791666666
0.9998372395833333
0.9999186197916666
0.9999593098958333
0.9999796549479166
1.
0.
0.008056007881976263
0.011394413638709388
0.016118375929997483
0.02280683942442158
0.027947311991989323
0.032287842353621865
0.04575894264904414
0.05616289601945827
0.06499090095365087
0.09271780919221086
0.11457917653074594
0.13353017263213843
0.16671832604787998
0.19648537290806606
0.25177543874019176
0.3064856733845911
0.3652788558169691
0.43441984224027413
0.47665044592614964
0.5287043438768722
0.5610349898806707
0.600713336086205
0.653701997013609
0.6897343168614704
0.7387465454228652
0.8155506142385137
0.8723304707712639
0.9360125083731651
0.9927518189894373
1.0392747575095396
1.1117368644987882
1.1688212997693366
1.2175468787780095
1.3016280384363244
1.449269344485196
1.5229280951609527
1.6027211632849048
1.697467852947823
1.7571562332219195
1.7932129253967324
1.8367300017689328
1.8947079102557303
1.9355821871051022
1.9626081661639632
1.9988324333269767
2.0581507668534824
2.110601717725946
2.169703848020608
2.2386115179598014
2.2788137712530654
2.3323825764001627
2.3710492352743833
2.4294643891264505
2.4754150273126045
2.5498088309696354
2.6125054552543467
2.6695297898605217
2.778264051388871
2.834586892019898
2.8964415324350217
2.9314811241727954
2.971738903460994
2.995204459810001
3.0226324367375446
3.038810420555879
3.0578656332095555
3.082524045974626
3.0904674114092425
3.099872923085247
3.112108529836514
3.1207515214391908
3.126859388145298
3.1311764799567845
3.1342282150457184
3.141592653589793
3.9799879643985383
29.15785000719286
75
0.
0.0003255208333333333
0.0006510416666666666
0.0013020833333333333
0.0026041666666666665
0.00390625
0.005208333333333333
0.010416666666666666
0.015625
0.020833333333333332
0.041666666666666664
0.0625
0.08333333333333333
0.125
0.16666666666666666
0.25
0.3333333333333333
0.41666666666666663
0.5
0.5416666666666666
0.5833333333333333
0.6041666666666666
0.625
0.6458333333333333
0.6666666666666666
0.671875
0.6770833333333333
0.6875
0.6979166666666666
0.7083333333333333
0.7291666666666666
0.75
0.7916666666666666
0.8125
0.8333333333333333
0.84375
0.8541666666666666
0.8645833333333333
0.8697916666666666
0.8723958333333333
0.875
0.8763020833333333
0.8776041666666666
0.8782552083333333
0.87890625
0.8795572916666666
0.8802083333333333
0.8815104166666666
0.8821614583333333
0.8828125
0.8854166666666666
0.8880208333333333
0.890625
0.8958333333333333
0.90625
0.9166666666666666
0.9375
0.9583333333333333
0.96875
0.9791666666666666
0.984375
0.9895833333333333
0.9921875
0.9947916666666666
0.99609375
0.9973958333333333
0.9986979166666666
0.9990234375
0.9993489583333333
0.9996744791666666
0.9998372395833333
0.9999186197916666
0.9999593098958333
0.9999796549479166
1.
0.
0.007892659238438475
0.011163400610698442
0.0157916611684065
0.022344765264320644
0.027381343868889445
0.031634272735543444
0.044834420695588934
0.055030304485486105
0.0636827876155028
0.09086630181845486
0.11231010332942883
0.13090901345068512
0.16350820553162385
0.19278403369567917
0.24728368924924723
0.3014207246342133
0.35991913910899903
0.42931787301706886
0.4721522408394275
0.525598553461499
0.5592661472544852
0.6012343604649697
0.6587422383848693
0.755343468478309
0.7938889993893014
0.8419924366348583
0.9507406481406743
1.037853918567542
1.104122584590634
1.206436319097235
1.2904041667374697
1.4413721055097204
1.5184403137651028
1.6039920208828058
1.6533032515402712
1.7109276881018745
1.7849184658495891
1.835295548206433
1.8678047026630997
1.9104506527597402
1.939361957425495
1.979986076276621
2.0103687674929414
2.0589613162970606
2.132851627554816
2.1826052173131942
2.23702674451869
2.2558125465192687
2.271807247593659
2.3206332894941237
2.356953890706173
2.3868517645413885
2.435932122368073
2.512547952415519
2.5753836398747234
2.684069226915965
2.787089272721577
2.84134590182153
2.9013793160328984
2.935540663723361
2.974891781806459
2.9978694340795666
3.0247574068874408
3.0406293327211897
3.0593341362609876
3.083550559074937
3.0913538304971384
3.1005942511683933
3.112617603443419
3.1211114677219562
3.127113896964499
3.1313564390517454
3.1343554624193137
3.141592653589793
4.081935402854127
27.27354144176039
77
0.
0.0003255208333333333
0.0006510416666666666
0.0013020833333333333
0.0026041666666666665
0.005208333333333333
0.010416666666666666
0.015625
0.020833333333333332
0.041666666666666664
0.0625
0.08333333333333333
0.125
0.16666666666666666
0.25
0.3333333333333333
0.41666666666666663
0.5
0.5416666666666666
0.5833333333333333
0.6041666666666666
0.625
0.6458333333333333
0.6666666666666666
0.6770833333333333
0.6875
0.6979166666666666
0.7083333333333333
0.7291666666666666
0.75
0.7916666666666666
0.8125
0.8333333333333333
0.84375
0.8541666666666666
0.859375
0.8619791666666666
0.8645833333333333
0.865234375
0.8658854166666666
0.8665364583333333
0.8671875
0.8678385416666666
0.8681640625
0.8684895833333333
0.8688151041666666
0.8689778645833333
0.869140625
0.8697916666666666
0.8704427083333333
0.87109375
0.8723958333333333
0.875
0.8776041666666666
0.8802083333333333
0.8854166666666666
0.8958333333333333
0.90625
0.9166666666666666
0.9375
0.9583333333333333
0.96875
0.9791666666666666
0.984375
0.9895833333333333
0.9921875
0.9947916666666666
0.99609375
0.9973958333333333
0.9986979166666666
0.9990234375
0.9993489583333333
0.9996744791666666
0.9998372395833333
0.9999186197916666
0.9999593098958333
1.
0.
0.007647606220922077
0.01081683223761067
0.01530151105870249
0.021651507459480964
0.03065363192857222
0.04344694225252628
0.053330220995660114
0.06171882417284522
0.08808409491752259
0.10889734680629384
0.12696291488548073
0.15866510756250052
0.18718610707233352
0.240447843803092
0.2936415460653705
0.35156088216906434
0.42109846003215035
0.46462313220923335
0.5197946389093321
0.5551609320510187
0.6000447780210507
0.6631169045942313
0.7702071607467291
0.8546751512382467
0.9442799635845003
1.0193731424653065
1.0810957156215997
1.1816294589675027
1.266935093454804
1.4246346390002997
1.5077406298616312
1.6037941678231566
1.6625013596093787
1.7374713948855867
1.7882580515963271
1.8209366836661203
1.8637623811744906
1.8773446746401161
1.8928867837780574
1.9113009174238018
1.9344402502556424
1.9670814715692795
1.9915843212766575
2.030770497055748
2.089246916380472
2.111580643806049
2.1284296681675365
2.1713543186699438
2.1986534655163203
2.2194797458143904
2.2514964435031204
2.2975588072659656
2.332362650789163
2.361224937108193
2.4088534031002875
2.4834355886326787
2.5445100935114344
2.5987336837648276
2.69785807494191
2.7954749303737123
2.8477365246279764
2.9060134011603522
2.9393334209404296
2.9778233061067154
3.0003409094808426
3.026722778853177
3.0423086726581396
3.0606882702797202
3.0844958431134804
3.0921684466210753
3.101257733509028
3.1130852507607925
3.121439831566957
3.127344882912841
3.13151917066367
3.141592653589793
4.183882841309714
25.578177256358106
79
0.
0.0003255208333333333
0.0006510416666666666
0.0013020833333333333
0.0026041666666666665
0.005208333333333333
0.010416666666666666
0.015625
0.020833333333333332
0.041666666666666664
0.0625
0.08333333333333333
0.125
0.16666666666666666
0.25
0.3333333333333333
0.41666666666666663
0.5
0.5416666666666666
0.5833333333333333
0.6041666666666666
0.625
0.6458333333333333
0.6666666666666666
0.6875
0.7083333333333333
0.75
0.7916666666666666
0.8125
0.8229166666666666
0.8333333333333333
0.84375
0.8489583333333333
0.8515625
0.8541666666666666
0.8567708333333333
0.857421875
0.8580729166666666
0.8587239583333333
0.859375
0.8597005208333333
0.8600260416666666
0.8601888020833333
0.8602701822916666
0.8603515625
0.8604329427083333
0.8605143229166666
0.8606770833333333
0.86083984375
0.8610026041666666
0.861328125
0.8616536458333333
0.8619791666666666
0.86328125
0.8645833333333333
0.8671875
0.8697916666666666
0.875
0.8854166666666666
0.8958333333333333
0.9166666666666666
0.9375
0.9583333333333333
0.96875
0.9791666666666666
0.984375
0.9895833333333333
0.9921875
0.9947916666666666
0.99609375
0.9973958333333333
0.9986979166666666
0.9990234375
0.9993489583333333
0.9996744791666666
0.9998372395833333
0.9999186197916666
0.9999593098958333
1.
0.
0.007402880428032539
0.010470722408468766
0.014811996312807397
0.020959105597727862
0.029674083699714637
0.04206067032458563
0.05163119676612293
0.05975558705673431
0.08530004793558439
0.10547856808178094
0.12300520228499807
0.15379518146370524
0.18154031447198027
0.2335006300685395
0.2856456843303723
0.3428049984035836
0.41213006892741516
0.4560127984119372
0.5122850743196363
0.5487586419741743
0.5954400965044968
0.6612157140667985
0.7674321328760704
0.9184129927815812
1.046790481368469
1.23567929766909
1.4015711159573758
1.4914793205932588
1.5421163714934099
1.5999971931087786
1.6715636889351229
1.717638585455751
1.7456678759500215
1.779557450587627
1.8245681017483013
1.8391090205754945
1.8560241279063558
1.8766480446243778
1.904131579394227
1.9231388163360559
1.9507786436789865
1.972921025560376
1.9895584576321899
2.0141974976537864
2.0439053784790713
2.0656011364112095
2.092019463151969
2.109276420582446
2.1224490318937863
2.142603881306014
2.158230875094198
2.171233205422942
2.209898273264092
2.2380121286097627
2.2803761637508284
2.313307851086464
2.3652759706099604
2.4434350543240275
2.5057743826107184
2.610298303666443
2.7044406404185684
2.7991995080560237
2.8504459139376537
2.9078752010279834
2.9408126159206858
2.9789307086431394
3.00125894844565
3.02743973536777
3.042916422918745
3.0611720276253314
3.084830464325354
3.0924575289669365
3.1014925569936067
3.1132502089926852
3.1215560842812096
3.1274262245012006
3.1315760522856557
3.141592653589793
4.319812759250499
23.564710404940154
87
0.
0.0006510416666666666
0.0013020833333333333
0.0026041666666666665
0.005208333333333333
0.010416666666666666
0.015625
0.020833333333333332
0.041666666666666664
0.0625
0.08333333333333333
0.125
0.16666666666666666
0.25
0.3333333333333333
0.41666666666666663
0.5
0.5416666666666666
0.5833333333333333
0.625
0.6458333333333333
0.6666666666666666
0.6875
0.7083333333333333
0.75
0.7916666666666666
0.8125
0.8229166666666666
0.8333333333333333
0.8385416666666666
0.84375
0.8463541666666666
0.8489583333333333
0.849609375
0.8502604166666666
0.8515625
0.8518880208333333
0.8522135416666666
0.8525390625
0.8527018229166666
0.852783203125
0.8528645833333333
0.8529052734375
0.8529459635416666
0.8529866536458333
0.852996826171875
0.8530069986979166
0.8530171712239583
0.85302734375
0.8530476888020833
0.8530680338541666
0.8531087239583333
0.8531494140625
0.8531901041666666
0.8533528645833333
0.853515625
0.8538411458333333
0.8541666666666666
0.8548177083333333
0.85546875
0.8567708333333333
0.859375
0.8619791666666666
0.8645833333333333
0.8697916666666666
0.875
0.8854166666666666
0.8958333333333333
0.9166666666666666
0.9375
0.9583333333333333
0.96875
0.9791666666666666
0.984375
0.9895833333333333
0.9921875
0.9947916666666666
0.99609375
0.9973958333333333
0.9986979166666666
0.9990234375
0.9993489583333333
0.9996744791666666
0.9998372395833333
0.9999186197916666
0.9999593098958333
1.
0.
0.010010890077474702
0.01416161439082915
0.0200391017834549
0.028372361421588506
0.040217947913481225
0.049372110950840126
0.057144463161686074
0.08159285369112647
0.10092041983629199
0.11772142344081345
0.1472741396830424
0.1739543304379633
0.22408308816692496
0.2746633274651106
0.3305105600230508
0.398938560468746
0.4426851598470281
0.49920925767990343
0.5828012232952857
0.6470906833368575
0.7418506071927661
0.8670004472656527
0.987161175376787
1.1821603191378967
1.360042155512364
1.4592759704476355
1.5169191336878332
1.5857167710557731
1.6278310071659452
1.6800630687851772
1.7131787796695366
1.7558025085370421
1.769087831727127
1.7841232996858982
1.8232672178491853
1.8365584585045454
1.8527145258375068
1.8741404773126613
1.8888965063574874
1.8983415155587986
1.910430057209552
1.9182662782843092
1.9284558667300853
1.9442364200530418
1.9504652265369158
1.9592599805455375
1.9747193204004592
1.994861654776218
2.013301458636181
2.023245551438782
2.0361660313702745
2.0452826032006
2.052538308421153
2.073104084150769
2.0874835488646695
2.1085826510508214
2.1245845445611633
2.1491779318948163
2.1684173464772214
2.1986300255151954
2.2430372111818424
2.2770634011998068
2.305474531221923
2.3525799890287726
2.391930740103314
2.457879669360803
2.5142260972787835
2.613010909392187
2.7046580340822657
2.7983307328851845
2.8493658825223758
2.9067717986801935
2.939773070603469
2.9780189155681245
3.000443720672122
3.0267539781155026
3.042314228251236
3.0606736112794874
3.0844734264397835
3.0921472000211465
3.101238112534422
3.1130699223175364
3.1214285656524123
3.1273367160445154
3.131513295623955
3.141592653589793
4.523707636161675
20.96331914494568
84
0.
0.0006510416666666666
0.0013020833333333333
0.0026041666666666665
0.005208333333333333
0.010416666666666666
0.015625
0.020833333333333332
0.041666666666666664
0.0625
0.08333333333333333
0.125
0.16666666666666666
0.25
0.3333333333333333
0.41666666666666663
0.5
0.5416666666666666
0.5833333333333333
0.625
0.6666666666666666
0.7083333333333333
0.7291666666666666
0.75
0.7708333333333333
0.7916666666666666
0.8125
0.8229166666666666
0.8333333333333333
0.8385416666666666
0.8411458333333333
0.84375
0.8450520833333333
0.8463541666666666
0.84765625
0.8483072916666666
0.8486328125
0.8487955729166666
0.8489583333333333
0.8490397135416666
0.84912109375
0.8491617838541666
0.8492024739583333
0.8492431640625
0.8492635091145833
0.8492838541666666
0.8493245442708333
0.849365234375
0.8494059244791666
0.8494466145833333
0.849609375
0.8497721354166666
0.8499348958333333
0.8502604166666666
0.8509114583333333
0.8515625
0.8528645833333333
0.8541666666666666
0.8567708333333333
0.859375
0.8645833333333333
0.875
0.8854166666666666
0.8958333333333333
0.9166666666666666
0.9375
0.9583333333333333
0.96875
0.9791666666666666
0.984375
0.9895833333333333
0.9921875
0.9947916666666666
0.99609375
0.9973958333333333
0.9986979166666666
0.9990234375
0.9993489583333333
0.9996744791666666
0.9998372395833333
0.9999186197916666
0.9999593098958333
0.9999796549479166
1.
0.
0.009327492387763228
0.013194981074945461
0.018671616638807766
0.026437138891997853
0.03747742689148238
0.04601111750053404
0.05325822769199399
0.0760665583406117
0.09411418504022763
0.10981752638485182
0.1374806843060596
0.1625092024156891
0.20970712363770927
0.2576064113384755
0.3108648619552396
0.3766304154664138
0.4188390489370682
0.4731510135869434
0.5510948348492333
0.6810780909078321
0.8794271971374608
0.9813875752970153
1.0787477960001661
1.1743646553232274
1.273302309105611
1.3842352170244951
1.4499816384829118
1.5310188175969375
1.583284709635754
1.6152645878034935
1.6543472901942498
1.6783974306695617
1.707798864951252
1.7476334198062193
1.7764282407308618
1.7961595628653182
1.8087384828985047
1.8247586651741687
1.8350803547610912
1.8483891287976555
1.8570967142610317
1.86855935145719
1.8866688433372067
1.90361875701337
1.9314017139208934
1.9599096884224088
1.97401278859817
1.9839435876214973
1.9918105004377815
2.0139781285779264
2.0293973934963847
2.0416169484051063
2.0608855471131626
2.0891422305242178
2.1105942439644143
2.14362913113164
2.1695543742762626
2.2104553773865154
2.2431998811702276
2.2958372468798864
2.376089846216722
2.4404038507366552
2.4965422184737474
2.5965041554995
2.690253221609619
2.7866235934610426
2.8392723182794466
2.8985737616248044
2.9326935777586742
2.9722556475008823
2.995460126900614
3.0226910767391906
3.038798494959548
3.057805218777929
3.082446677508355
3.0903927595482656
3.0998058870779572
3.1120572731132277
3.120713666918075
3.126831817807656
3.1311565839879707
3.134213946335161
3.141592653589793
4.727602513072852
18.734869527916825
71
0.
0.0006510416666666666
0.0013020833333333333
0.0026041666666666665
0.005208333333333333
0.0078125
0.010416666666666666
0.020833333333333332
0.03125
0.041666666666666664
0.08333333333333333
0.125
0.16666666666666666
0.25
0.3333333333333333
0.41666666666666663
0.5
0.5833333333333333
0.625
0.6666666666666666
0.7083333333333333
0.75
0.7708333333333333
0.7916666666666666
0.8125
0.8229166666666666
0.8333333333333333
0.8385416666666666
0.84375
0.8463541666666666
0.8489583333333333
0.849609375
0.8502604166666666
0.8509114583333333
0.8515625
0.8522135416666666
0.8525390625
0.8528645833333333
0.8531901041666666
0.853515625
0.8541666666666666
0.8548177083333333
0.85546875
0.8567708333333333
0.859375
0.8619791666666666
0.8645833333333333
0.8697916666666666
0.875
0.8854166666666666
0.8958333333333333
0.9166666666666666
0.9375
0.9583333333333333
0.96875
0.9791666666666666
0.984375
0.9895833333333333
0.9921875
0.9947916666666666
0.99609375
0.9973958333333333
0.9986979166666666
0.9990234375
0.9993489583333333
0.9996744791666666
0.9998372395833333
0.9999186197916666
0.9999593098958333
0.9999796549479166
1.
0.
0.008656731984770467
0.012246179467801786
0.017329228798738328
0.024537078602828218
0.03008838205819157
0.03478566992479515
0.049438163597620786
0.06085338321626758
0.07062550620580463
0.10200775922654902
0.12776458030843624
0.15110157777922253
0.19520890060635723
0.24011180922760803
0.29017450812519474
0.3519940358713419
0.44138929190122406
0.5101542414623356
0.6142438463901939
0.7696023833637575
0.9566992015957557
1.0554080987008998
1.1599208863079247
1.2773568751490623
1.3460637052682132
1.4285636599521567
1.47950154394833
1.543533811899854
1.5849765975659467
1.6400919139533847
1.657924197301316
1.6786720940709663
1.703948388079587
1.7373629806879922
1.790630948868861
1.8381525075666738
1.899284607245518
1.9412441351221443
1.969113589118389
2.0072006171662955
2.0344933278287605
2.0563023031234224
2.0908672715095453
2.1417952438421333
2.180710751754259
2.2130917205667604
2.266553107945153
2.3110113496780498
2.3851656245896766
2.448229639916762
2.5582824515086657
2.6599396099359365
2.7635202764114046
2.8198485837645424
2.8831394324974475
2.9194971724756553
2.96161280911004
2.9862979832249192
3.015254348585722
3.032376817264067
3.052577514419058
3.078760723998158
3.0872029540955865
3.0972027996164564
3.1102182314584854
3.1194143648609765
3.1259136197758877
3.1305075931700785
3.1337551770058
3.141592653589793
4.99946234895442
16.164859157592733
63
0.
0.0006510416666666666
0.0013020833333333333
0.0026041666666666665
0.005208333333333333
0.010416666666666666
0.020833333333333332
0.03125
0.041666666666666664
0.08333333333333333
0.125
0.16666666666666666
0.25
0.3333333333333333
0.41666666666666663
0.5
0.5833333333333333
0.6666666666666666
0.7083333333333333
0.75
0.7708333333333333
0.7916666666666666
0.8125
0.8229166666666666
0.8333333333333333
0.84375
0.8489583333333333
0.8541666666666666
0.8567708333333333
0.859375
0.8619791666666666
0.86328125
0.8645833333333333
0.8658854166666666
0.8671875
0.8697916666666666
0.8723958333333333
0.875
0.8802083333333333
0.8854166666666666
0.8958333333333333
0.90625
0.9166666666666666
0.9375
0.9583333333333333
0.96875
0.9791666666666666
0.984375
0.9895833333333333
0.9921875
0.9947916666666666
0.99609375
0.9973958333333333
0.9986979166666666
0.9990234375
0.9993489583333333
0.9996744791666666
0.999755859375
0.9998372395833333
0.9999186197916666
0.9999593098958333
0.9999796549479166
1.
0.
0.007793295236004572
0.011024784028218689
0.015601031504478152
0.022090526103525566
0.03131857988065702
0.04451444044861874
0.05479748030127781
0.06360262496970309
0.09189670179104881
0.11514225207112327
0.13622408950943002
0.1761188974183651
0.21677288537649061
0.26204607220859305
0.3175377524640624
0.3954808217742293
0.530980363823802
0.6437637385588862
0.7951837134065413
0.8852145674789036
0.9862517742230763
1.1025428026851072
1.1695068376227957
1.2461108869532471
1.3392112517962627
1.3969160542603234
1.4690165042289722
1.5147771144942332
1.572888488104889
1.6564429412838666
1.7181503099501212
1.798230422460036
1.875796902544697
1.9340784878474906
2.0133693643136166
2.068876534864056
2.112704412888707
2.181885959764761
2.2373799959223977
2.3274194361708735
2.4025141540102015
2.4696172920958275
2.5926137089815837
2.713706742064868
2.7784569891890163
2.850585339211607
2.8917926832266483
2.939367385427423
2.9671892050075415
2.9997752130235606
3.0190244062451397
3.0417164008994466
3.071111419715852
3.080583598051612
3.091803437849276
3.106404032075493
3.111122062932461
3.1167166529098997
3.124005521410672
3.129158100469854
3.1328008100615006
3.141592653589793
5.271322184835989
13.916067749335937
56
0.
0.0013020833333333333
0.0026041666666666665
0.005208333333333333
0.010416666666666666
0.020833333333333332
0.03125
0.041666666666666664
0.08333333333333333
0.125
0.16666666666666666
0.25
0.3333333333333333
0.41666666666666663
0.5
0.5833333333333333
0.6666666666666666
0.7083333333333333
0.75
0.7916666666666666
0.8125
0.8333333333333333
0.84375
0.8541666666666666
0.8645833333333333
0.8697916666666666
0.875
0.8776041666666666
0.8802083333333333
0.8828125
0.8854166666666666
0.890625
0.8958333333333333
0.90625
0.9166666666666666
0.9375
0.9583333333333333
0.96875
0.9791666666666666
0.984375
0.9895833333333333
0.9921875
0.9947916666666666
0.99609375
0.9973958333333333
0.998046875
0.9986979166666666
0.9993489583333333
0.99951171875
0.9996744791666666
0.9998372395833333
0.9999186197916666
0.9999593098958333
0.9999796549479166
0.9999898274739583
1.
0.
0.009872866020128254
0.013971042439286058
0.019782734647597257
0.02804733734700488
0.039866608840497815
0.04907808327912233
0.05696662678088184
0.08232215186224254
0.10316142146852902
0.1220657529299689
0.15783958497280912
0.19425194225557574
0.23464279131866295
0.2836340112168863
0.3505551431195772
0.45903430828944314
0.5444488524196951
0.6616743465451149
0.821200012430272
0.924192458756016
1.052327871704529
1.1311983930314518
1.2265818745700117
1.3518004671911088
1.4363592197681991
1.5515183936115464
1.6282540777491337
1.718642759113397
1.8102100480864458
1.888893016679832
2.0063339319219264
2.0919440061635717
2.2194039229283167
2.319163792285229
2.484773041452844
2.636488972113725
2.7150454178644368
2.801201017113538
2.849947154445509
2.9059024224814602
2.938496060067115
2.9765762751644345
2.999028603482643
3.02546885750898
3.0411466953792017
3.0596745365252467
3.0837367440459227
3.091502594756278
3.1007057940902834
3.112690758808651
3.1211606583187477
3.1271474141036375
3.131379507430527
3.1343714587107416
3.141592653589793
5.543182020717557
11.9121159948045
53
0.
0.0013020833333333333
0.0026041666666666665
0.005208333333333333
0.010416666666666666
0.015625
0.020833333333333332
0.041666666666666664
0.0625
0.08333333333333333
0.16666666666666666
0.25
0.3333333333333333
0.5
0.5833333333333333
0.6666666666666666
0.7083333333333333
0.75
0.7916666666666666
0.8125
0.8333333333333333
0.8541666666666666
0.8645833333333333
0.875
0.8854166666666666
0.890625
0.8958333333333333
0.9010416666666666
0.90625
0.9166666666666666
0.9270833333333333
0.9375
0.9583333333333333
0.96875
0.9791666666666666
0.984375
0.9895833333333333
0.9921875
0.9947916666666666
0.99609375
0.9973958333333333
0.998046875
0.9986979166666666
0.9993489583333333
0.99951171875
0.9996744791666666
0.9998372395833333
0.9998779296875
0.9999186197916666
0.9999593098958333
0.9999796549479166
0.9999898274739583
1.
0.
0.008806770056440075
0.01246245056821601
0.017646696150478314
0.02501921620976518
0.030720041841749823
0.03556320984718654
0.050819474730330196
0.06290937666875678
0.07344413817493144
0.10890926619045753
0.1408142222263304
0.1732276299503009
0.25200871138528874
0.30943683352437673
0.3983501498675792
0.46580355626484904
0.5582106758697395
0.686797025475843
0.7717345474651033
0.8787664423231256
1.021562117308048
1.114998228698835
1.2332323885896501
1.3940455567348755
1.5002719634099706
1.6263623042102517
1.7590322549834552
1.8779740052576175
2.061517909627329
2.2000348915902888
2.3161158142587066
2.5208506809243327
2.6214080996208833
2.729081036127522
2.789125703863716
2.8574693396676887
2.897050536607941
2.9431281627639163
2.9702282432436795
3.0020843366228163
3.0209520136493873
3.0432328976283696
3.0721420707129314
3.0814685541578135
3.092518651942057
3.1069047234867027
3.1115554891571153
3.1170707645868054
3.124256147064343
3.129335434829144
3.1329262619539784
3.141592653589793
5.815041856599126
10.123407677607016
49
0.
0.0013020833333333333
0.0026041666666666665
0.005208333333333333
0.010416666666666666
0.020833333333333332
0.041666666666666664
0.0625
0.08333333333333333
0.16666666666666666
0.25
0.3333333333333333
0.5
0.5833333333333333
0.6666666666666666
0.7083333333333333
0.75
0.7916666666666666
0.8125
0.8333333333333333
0.8541666666666666
0.875
0.8958333333333333
0.90625
0.9166666666666666
0.9270833333333333
0.9375
0.9583333333333333
0.96875
0.9791666666666666
0.984375
0.9895833333333333
0.9921875
0.9947916666666666
0.99609375
0.9973958333333333
0.998046875
0.9986979166666666
0.9990234375
0.9993489583333333
0.9996744791666666
0.999755859375
0.9998372395833333
0.9999186197916666
0.9999593098958333
0.9999796549479166
0.9999898274739583
0.9999949137369791
1.
0.
0.007835232188122895
0.011087654606818192
0.015700068712615263
0.022259510225317414
0.03164099205121937
0.045216063756592824
0.055974444035448406
0.06534938093370797
0.09690884548666726
0.12528377738418345
0.15406168483053417
0.22344045578976834
0.273017358227545
0.3474597799155987
0.40251911052542066
0.4774617155729839
0.5822381439548545
0.6516367740090294
0.7389174023986589
0.8542566915535755
1.0177284174562315
1.2719955065337512
1.4556439075242693
1.6727754843797495
1.8817770674186234
2.0592693691712047
2.3511848384935323
2.4858348606212655
2.6257467428544268
2.7023586368474697
2.788645523198609
2.838266042591083
2.895769935432809
2.9294818275449024
2.969029854430917
2.99241648178782
3.020007065177733
3.036390533896494
3.0557719421940037
3.080960940625748
3.089095784811778
3.0987384765328496
3.111296577744839
3.1201730667586967
3.126448204533349
3.1308846536726143
3.1340213254800884
3.141592653589793
6.222831610421478
7.8236735451536665
48
0.
0.0026041666666666665
0.005208333333333333
0.010416666666666666
0.020833333333333332
0.03125
0.041666666666666664
0.08333333333333333
0.125
0.16666666666666666
0.3333333333333333
0.5
0.5833333333333333
0.6666666666666666
0.75
0.7916666666666666
0.8333333333333333
0.8541666666666666
0.875
0.8958333333333333
0.9166666666666666
0.9270833333333333
0.9375
0.9479166666666666
0.9583333333333333
0.96875
0.9791666666666666
0.984375
0.9895833333333333
0.9921875
0.9947916666666666
0.99609375
0.9973958333333333
0.998046875
0.9986979166666666
0.9990234375
0.9993489583333333
0.99951171875
0.9996744791666666
0.9998372395833333
0.9998779296875
0.9999186197916666
0.9999593098958333
0.9999796549479166
0.9999898274739583
0.9999949137369791
0.9999974568684895
1.
0.
0.00927855270874117
0.013138506663952053
0.018628066986416388
0.026479972841101453
0.03260070073970931
0.03784337184930654
0.05470073179404293
0.06856062852956724
0.08113287197317065
0.12895729419547453
0.186526848264667
0.2268918758916003
0.28581168092082543
0.38558213871891983
0.46546946159162395
0.5836719403679547
0.6683831593284275
0.7840259778591857
0.9522742110757328
1.2069235134077927
1.3756274268989117
1.568281998138425
1.7730496918619247
1.9785471078600567
2.1824409074625666
2.392683922515477
2.5062888257221925
2.632940557254994
2.7052184119571914
2.788551582267706
2.8372245943053267
2.8941782821002557
2.9277987747827905
2.9674117211788453
2.9909106436123802
3.0186968296889347
3.035219498713944
3.0547843412860054
3.0802444568450484
3.0884731387832227
3.098230022590632
3.110939176260362
3.119921633396892
3.126271057205188
3.1307597127342817
3.1339331393509475
3.141592653589793
6.630621364243831
5.958737207544253
47
0.
0.0026041666666666665
0.005208333333333333
0.010416666666666666
0.020833333333333332
0.041666666666666664
0.08333333333333333
0.125
0.16666666666666666
0.3333333333333333
0.5
0.5833333333333333
0.6666666666666666
0.75
0.7916666666666666
0.8333333333333333
0.8541666666666666
0.875
0.8958333333333333
0.9166666666666666
0.9375
0.9583333333333333
0.96875
0.9791666666666666
0.984375
0.9895833333333333
0.9921875
0.9947916666666666
0.99609375
0.9973958333333333
0.998046875
0.9986979166666666
0.9990234375
0.9993489583333333
0.99951171875
0.9996744791666666
0.999755859375
0.9998372395833333
0.9999186197916666
0.99993896484375
0.9999593098958333
0.9999796549479166
0.9999898274739583
0.9999949137369791
0.9999974568684895
0.9999987284342448
1.
0.
0.007750707699446725
0.010975220219188996
0.015561346936255983
0.02212184384546437
0.0316185719320141
0.04571330240192271
0.05730862251128606
0.06783205181272882
0.10788746721845414
0.15596380780172334
0.18934902573986526
0.23731912396600188
0.31687191015122396
0.3799136079836215
0.4720170399838607
0.5364228343350088
0.6215828030335117
0.7404480568843608
0.9153464209797159
1.17729752593745
1.5549876559488909
1.7921700167597299
2.066434537614446
2.2231814351932973
2.4023397083641735
2.5060030351660414
2.626399499762247
2.6970457152441076
2.7799427374167394
2.828964462935947
2.886796922917819
2.9211361410983074
2.961753058344846
2.9859156013299235
3.014541145654691
3.031588428799745
3.051794982761381
3.0781110663949702
3.086620052365165
3.0967116489985864
3.109860616492452
3.1191565268908485
3.12572882190212
3.1303756833550103
3.133661284178643
3.141592653589793
7.174341036006968
4.060236724310428
49
0.
0.005208333333333333
0.010416666666666666
0.020833333333333332
0.041666666666666664
0.08333333333333333
0.125
0.16666666666666666
0.3333333333333333
0.5
0.5833333333333333
0.6666666666666666
0.75
0.7916666666666666
0.8333333333333333
0.875
0.8958333333333333
0.9166666666666666
0.9375
0.9479166666666666
0.9583333333333333
0.96875
0.9791666666666666
0.984375
0.9895833333333333
0.9921875
0.9947916666666666
0.99609375
0.9973958333333333
0.998046875
0.9986979166666666
0.9990234375
0.9993489583333333
0.99951171875
0.9996744791666666
0.999755859375
0.9998372395833333
0.9998779296875
0.9999186197916666
0.99993896484375
0.9999593098958333
0.9999796549479166
0.9999847412109375
0.9999898274739583
0.9999949137369791
0.9999974568684895
0.9999987284342448
0.9999993642171223
1.
0.
0.008613559482090942
0.01221343202469034
0.017364186276306186
0.024823416632035782
0.03590363316392321
0.04502955840547345
0.05332116722634724
0.08495876629437611
0.12298027736452283
0.14925436219464788
0.18658699574250545
0.24733189208177184
0.2947402113812728
0.36281236123720956
0.4686522021071909
0.5482162028361305
0.6608401017665579
0.8305399044017053
0.9495017971741712
1.102540782476297
1.3047237967247833
1.5837311317942853
1.7685802777374746
2.0025602760570216
2.148054775500532
2.3250144525595466
2.4322533190738493
2.5607458425781484
2.637870499563461
2.729755526844624
2.7846992167161546
2.8500037361634596
2.888989876973218
2.9352782178149255
2.9628913457820407
2.995661234580463
3.0152024581267156
3.038387639074747
3.0522113118728567
3.0686105298093933
3.0899842082205122
3.0968977870969594
3.105098826319051
3.1157870479834884
3.123345048410645
3.1286895049867978
3.1324686780899182
3.141592653589793
7.718060707770105
2.6982661456900745
51
0.
0.010416666666666666
0.020833333333333332
0.041666666666666664
0.08333333333333333
0.125
0.16666666666666666
0.3333333333333333
0.5
0.5833333333333333
0.6666666666666666
0.75
0.7916666666666666
0.8333333333333333
0.875
0.8958333333333333
0.9166666666666666
0.9375
0.9479166666666666
0.9583333333333333
0.96875
0.9739583333333333
0.9791666666666666
0.984375
0.9895833333333333
0.9921875
0.9947916666666666
0.99609375
0.9973958333333333
0.998046875
0.9986979166666666
0.9990234375
0.9993489583333333
0.99951171875
0.9996744791666666
0.999755859375
0.9998372395833333
0.9998779296875
0.9999186197916666
0.99993896484375
0.9999593098958333
0.999969482421875
0.9999796549479166
0.9999898274739583
0.9999923706054688
0.9999949137369791
0.9999974568684895
0.9999987284342448
0.9999993642171223
0.9999996821085612
1.
0.
0.009543958619181142
0.013570278042018704
0.019403688539191843
0.028076569560271648
0.035228508117587216
0.04173452207752333
0.0666317109658257
0.0966511116810656
0.11736846582402372
0.146620912996809
0.19358470895281907
0.22973262805467315
0.2808367752601068
0.35789173054638374
0.41373112004487644
0.4904031808310154
0.60402432156379
0.6847156737598097
0.7918755767815954
0.9416157555023145
1.0419603830283903
1.1690712828012721
1.33731299152676
1.5754128076843796
1.7393527287675408
1.9558248058982561
2.0958777944021114
2.2718088883986276
2.3812365868709278
2.514867870441906
2.5962480349898174
2.694193809546989
2.753208728263185
2.8237183641457855
2.865976772994767
2.916281759059954
2.946351665469411
2.9820839376558106
3.0034118619882557
3.0287347705644225
3.0438409308717587
3.0617669106051513
3.0851365886653466
3.092697256681847
3.1016668125076943
3.1133581317027166
3.1216264866970245
3.1274737689153453
3.1316087580594942
3.141592653589793
8.53364021541481
1.3884665171129005
53
0.
0.020833333333333332
0.041666666666666664
0.08333333333333333
0.16666666666666666
0.3333333333333333
0.5
0.6666666666666666
0.75
0.8333333333333333
0.875
0.8958333333333333
0.9166666666666666
0.9375
0.9479166666666666
0.9583333333333333
0.96875
0.9739583333333333
0.9791666666666666
0.984375
0.9869791666666666
0.9895833333333333
0.9921875
0.9934895833333333
0.9947916666666666
0.99609375
0.9973958333333333
0.998046875
0.9986979166666666
0.9990234375
0.9993489583333333
0.99951171875
0.9996744791666666
0.999755859375
0.9998372395833333
0.9998779296875
0.9999186197916666
0.99993896484375
0.9999593098958333
0.999969482421875
0.9999796549479166
0.9999847412109375
0.9999898274739583
0.9999923706054688
0.9999949137369791
0.9999974568684895
0.9999980926513672
0.9999987284342448
0.9999993642171223
0.9999996821085612
0.9999998410542805
0.9999999205271403
1.
0.
0.009266825817656275
0.013253409514289034
0.019186499229236403
0.02854911136609141
0.04568595381510677
0.06642961478444553
0.10081127583631662
0.13262044783706192
0.1902844442527525
0.2394737822223018
0.274041165295749
0.3202458378616313
0.38707933100878117
0.4342656570960477
0.4976509045728716
0.5890916519289484
0.6528975745932059
0.7372339997892581
0.8559829500312381
0.9368587116614315
1.041305755838183
1.1835975465491237
1.277256950297819
1.3943007298233505
1.546811076439335
1.7588882938647123
1.9031671080569708
2.0926525313111215
2.2151390757936715
2.3693310307064426
2.4655557071722254
2.583466911368936
2.6555020953748008
2.7424181645728694
2.7948915073592318
2.8576847150360436
2.895352347795272
2.9402363411579486
2.9670866785508543
2.9990058187929782
3.018057291305841
3.040676420380173
3.0541707514915077
3.0701878631948185
3.0910786593135593
3.0978397477039494
3.1058622515722436
3.116321628904485
3.1237204302523667
3.128953627047723
3.1326547837491376
3.141592653589793
9.349219723059516
0.6792126612392156
56
0.
0.041666666666666664
0.08333333333333333
0.16666666666666666
0.3333333333333333
0.5
0.6666666666666666
0.75
0.8333333333333333
0.875
0.9166666666666666
0.9375
0.9479166666666666
0.9583333333333333
0.96875
0.9739583333333333
0.9791666666666666
0.984375
0.9869791666666666
0.9895833333333333
0.9921875
0.9934895833333333
0.9947916666666666
0.99609375
0.9967447916666666
0.9973958333333333
0.998046875
0.9983723958333333
0.9986979166666666
0.9990234375
0.9993489583333333
0.99951171875
0.9996744791666666
0.999755859375
0.9998372395833333
0.9998779296875
0.9999186197916666
0.99993896484375
0.9999593098958333
0.999969482421875
0.9999796549479166
0.9999847412109375
0.9999898274739583
0.9999923706054688
0.9999949137369791
0.9999961853027344
0.9999974568684895
0.9999987284342448
0.9999990463256836
0.9999993642171223
0.9999996821085612
0.9999998410542805
0.9999999205271403
0.9999999602635701
0.999999980131785
1.
0.
0.008925961823455252
0.012925210403000497
0.019243166223071907
0.03083184880455825
0.04488460223391059
0.06810811501868524
0.08940498118917103
0.12749713112274813
0.15943086416004376
0.21074738164234955
0.2523972784653614
0.281570906314168
0.3207241137912089
0.3776356773886526
0.41791045061834825
0.47207091581831934
0.5503851780364449
0.6052393731901486
0.678080526013541
0.7813608778273443
0.8522116716403342
0.9443875900963412
1.071396723861466
1.156080304129244
1.2633514097685226
1.4059418464066202
1.4977586615895238
1.610454408343466
1.7542637393727798
1.9493526675295774
2.07932451116373
2.2471878754871315
2.3542309419401004
2.4876053828063664
2.5701749706258754
2.670766611665101
2.731946224179268
2.805535667775229
2.8498510880535863
2.90281519008204
2.9345674977740255
2.9723533519139913
2.9949221985840344
3.0217347136787227
3.0377397881871624
3.056745820781397
3.0815494222813027
3.0895803609895576
3.099111867117264
3.111542267658739
3.12033784492256
3.126560242166426
3.1309616362003454
3.1340746399988535
3.141592653589793
10.43665906658579
0.25622147846513477
57
0.
0.16666666666666666
0.3333333333333333
0.5
0.6666666666666666
0.75
0.8333333333333333
0.875
0.9166666666666666
0.9375
0.9583333333333333
0.96875
0.9791666666666666
0.984375
0.9869791666666666
0.9895833333333333
0.9921875
0.9934895833333333
0.9947916666666666
0.99609375
0.9967447916666666
0.9973958333333333
0.998046875
0.9983723958333333
0.9986979166666666
0.9990234375
0.9991861979166666
0.9993489583333333
0.99951171875
0.9996744791666666
0.999755859375
0.9998372395833333
0.9998779296875
0.9999186197916666
0.99993896484375
0.9999593098958333
0.999969482421875
0.9999796549479166
0.9999847412109375
0.9999898274739583
0.9999923706054688
0.9999949137369791
0.9999961853027344
0.9999974568684895
0.9999980926513672
0.9999987284342448
0.9999990463256836
0.9999993642171223
0.9999996821085612
0.9999997615814209
0.9999998410542805
0.9999999205271403
0.9999999602635701
0.999999980131785
0.9999999900658925
0.9999999950329462
1.
0.
0.011158248800779454
0.017889548590398274
0.02605763887332529
0.03952571682487921
0.051809072775270755
0.07360838692990503
0.09170775995846275
0.12045399681308114
0.14352636252312836
0.18110806798398413
0.212415458388651
0.264881178681534
0.3091374008858739
0.34060130351744755
0.3830138037537158
0.44447023602847663
0.4876046719845778
0.545040817428778
0.6269495383909116
0.6835923208936987
0.7580136632214362
0.8622498237678108
0.9330533074656695
1.0244806375243454
1.1494430689510269
1.2322337613518937
1.3366205214044853
1.4747035933955275
1.671752676657884
1.8098363965960447
1.9968174091416284
2.121293684764998
2.2820859257300437
2.3846852831580008
2.5126144128817933
2.591885993801682
2.688519946312382
2.7473358654868356
2.8181025396884842
2.86075870656078
2.9117218384736
2.9422666370806745
2.978644234068588
3.000392867126178
3.026230971376821
3.0416490771801534
3.0599527403407407
3.083830957401458
3.091560138773297
3.1007321448815124
3.112691485196298
3.1211522233450686
3.1271369758788015
3.1313698897373183
3.1343635396690064
3.141592653589793
11.524098410112064
0.10423169448052368
61
0.
0.16666666666666666
0.3333333333333333
0.5
0.6666666666666666
0.75
0.8333333333333333
0.875
0.9166666666666666
0.9375
0.9583333333333333
0.96875
0.9791666666666666
0.984375
0.9895833333333333
0.9921875
0.9947916666666666
0.99609375
0.9967447916666666
0.9973958333333333
0.998046875
0.9983723958333333
0.9986979166666666
0.9990234375
0.9991861979166666
0.9993489583333333
0.99951171875
0.9995930989583333
0.9996744791666666
0.999755859375
0.9997965494791666
0.9998372395833333
0.9998779296875
0.9999186197916666
0.99993896484375
0.9999593098958333
0.999969482421875
0.9999796549479166
0.9999847412109375
0.9999898274739583
0.9999923706054688
0.9999949137369791
0.9999961853027344
0.9999974568684895
0.9999980926513672
0.9999987284342448
0.9999990463256836
0.9999993642171223
0.9999995231628418
0.9999996821085612
0.9999997615814209
0.9999998410542805
0.9999999205271403
0.9999999403953552
0.9999999602635701
0.999999980131785
0.9999999900658925
0.9999999950329462
0.9999999975164731
0.9999999987582365
1.
0.
0.006302576131348816
0.01010657371583437
0.014722992923640512
0.022326936048471267
0.02924757557217871
0.041496043835693
0.0516322256521994
0.06766651255481491
0.08048513296669588
0.10130468872965444
0.11863719940173835
0.14776365760445495
0.17247034801558633
0.2140558626334471
0.24899910277680803
0.30693024686668047
0.3548850161299571
0.3885072944746279
0.43331701410491363
0.49743212588103086
0.5419848956903849
0.6008546589786491
0.6840508217998632
0.7411205828481143
0.8155713848114181
0.9188934631811696
0.9884764755701468
1.077669332574859
1.1985156891715083
1.2780079877144548
1.377720428244013
1.5089732161898823
1.6957142618263206
1.8267017449070684
2.0049341501256226
2.1244780021274927
2.2802744397379064
2.3806121327869314
2.5068224695395274
2.5856306036859342
2.682282551281605
2.7414071558149087
2.8128035125357504
2.8559644123874555
2.907632315058003
2.93864632137933
2.9756248107552166
2.997751186822056
3.0240500630872527
3.0397479313273825
3.0583883734613235
3.0827135800158882
3.0905893100204556
3.0999364071583693
3.1121259862971145
3.120750937586856
3.126852513739997
3.131168388891467
3.1342208793950905
3.141592653589793
12.611537753638338
0.05276738680262649
67
0.
0.16666666666666666
0.3333333333333333
0.5
0.6666666666666666
0.75
0.8333333333333333
0.875
0.9166666666666666
0.9375
0.9583333333333333
0.96875
0.9791666666666666
0.984375
0.9895833333333333
0.9921875
0.9947916666666666
0.99609375
0.9973958333333333
0.998046875
0.9986979166666666
0.9990234375
0.9991861979166666
0.9993489583333333
0.99951171875
0.9995930989583333
0.9996744791666666
0.999755859375
0.9997965494791666
0.9998372395833333
0.9998779296875
0.9998982747395833
0.9999186197916666
0.99993896484375
0.9999491373697916
0.9999593098958333
0.999969482421875
0.9999745686848958
0.9999796549479166
0.9999847412109375
0.9999898274739583
0.9999923706054688
0.9999949137369791
0.9999961853027344
0.9999974568684895
0.9999980926513672
0.9999987284342448
0.9999990463256836
0.9999993642171223
0.9999995231628418
0.9999996821085612
0.9999997615814209
0.9999998410542805
0.9999998807907104
0.9999999205271403
0.9999999403953552
0.9999999602635701
0.9999999701976776
0.999999980131785
0.9999999900658925
0.9999999925494194
0.9999999950329462
0.9999999975164731
0.9999999987582365
0.9999999993791182
0.9999999996895591
1.
0.
0.003376358671345233
0.005416446447562993
0.00789274911799664
0.011966508598725471
0.015668752598621768
0.022212889230130067
0.02762063472456605
0.03615825458115323
0.042975678625490066
0.05403485447984203
0.06323453647294881
0.07870788216443235
0.09186503967406225
0.11409670057449657
0.13286840711143302
0.16418736293609995
0.1903188605512352
0.23351487094801798
0.26929830652991965
0.3280287586209548
0.3762677542133049
0.4099149606843931
0.45453261242042015
0.5178946284304587
0.5615748560300156
0.6188325105097053
0.6988459921271613
0.7531345123975896
0.8232490354106969
0.9193234705786779
0.9832926894746348
1.0645411523991126
1.1735149107129277
1.244658570175585
1.333490912035138
1.4500886714047037
1.524734537974781
1.6163964625953968
1.7342254404780695
1.8975798769154955
2.010013172245094
2.161292003192801
2.262221951670947
2.393846956457582
2.4789981120162916
2.5866781968703183
2.6544028276176133
2.7379245039493676
2.789322993688781
2.8516936767607404
2.8894965198104745
2.9349113243912295
2.962251135332645
2.994872418400543
3.014383084290145
3.0375840667848126
3.051444654352648
3.0679152054818846
3.089428185582685
3.096398152193623
3.104673299818171
3.115469910248225
3.12311265312955
3.128521095022024
3.132347551199652
3.141592653589793