15
31
3.912023005428146
31.502339440299625
98
0.
0.000040690104166666664
0.00008138020833333333
0.00016276041666666666
0.0003255208333333333
0.0006510416666666666
0.0009765625
0.0013020833333333333
0.0026041666666666665
0.00390625
0.005208333333333333
0.0078125
0.010416666666666666
0.015625
0.020833333333333332
0.03125
0.041666666666666664
0.0625
0.08333333333333333
0.125
0.16666666666666666
0.25
0.3333333333333333
0.41666666666666663
0.5
0.5416666666666666
0.5833333333333333
0.6041666666666666
0.625
0.6458333333333333
0.65625
0.6666666666666666
0.671875
0.6770833333333333
0.6822916666666666
0.6848958333333333
0.6875
0.6901041666666666
0.6927083333333333
0.6979166666666666
0.703125
0.7083333333333333
0.71875
0.7291666666666666
0.75
0.7708333333333333
0.7916666666666666
0.8125
0.8333333333333333
0.8541666666666666
0.8645833333333333
0.875
0.8802083333333333
0.8854166666666666
0.890625
0.8932291666666666
0.8958333333333333
0.8971354166666666
0.8984375
0.8997395833333333
0.900390625
0.9010416666666666
0.9016927083333333
0.9020182291666666
0.90234375
0.9036458333333333
0.9049479166666666
0.90625
0.9088541666666666
0.9114583333333333
0.9166666666666666
0.921875
0.9270833333333333
0.9375
0.9583333333333333
0.96875
0.9791666666666666
0.984375
0.9895833333333333
0.9921875
0.9947916666666666
0.99609375
0.9973958333333333
0.998046875
0.9986979166666666
0.9990234375
0.9993489583333333
0.99951171875
0.9996744791666666
0.9998372395833333
0.9998779296875
0.9999186197916666
0.9999593098958333
0.9999796549479166
0.9999898274739583
0.9999949137369791
0.9999974568684895
1.
0.
0.0031292051568959987
0.004425435943481604
0.006258710785728613
0.008851717231205994
0.01251981393968163
0.015335531517349045
0.017710204427582286
0.02505879941788461
0.03070632870856377
0.03547476624406632
0.04349214547695394
0.05027212988953792
0.061698015241522644
0.07139115826866885
0.08780409217915047
0.1018197712966208
0.12578999979695896
0.146549776040287
0.18285177886007456
0.2153398328748819
0.2754487243085755
0.3345285273535916
0.39741384038381083
0.47026432665734874
0.5139788758708652
0.5667912212474219
0.5988603281191347
0.6372828440267132
0.6866612049648994
0.7187665422427064
0.7603945976895627
0.7875535112033897
0.8225620060889343
0.8727473343945596
0.9086405165681029
0.9549244125395664
1.0058513227570722
1.050201833295555
1.1150124188415074
1.1615780529431403
1.1987950437388348
1.258452279393087
1.3073180045192105
1.3891450728285406
1.4606055775841758
1.5279088353040613
1.5948747112457342
1.6651014260999195
1.7437630174345096
1.789265507121438
1.8424083331740053
1.8736791831795194
1.9101404219753888
1.9553687698183373
1.9837709993850867
2.0193745475873555
2.041832530768103
2.0698720987244434
2.1084969695962563
2.1356867917787423
2.1727727067208087
2.2201325750246754
2.2430400463870854
2.2630123977129504
2.319038363507241
2.355481158818242
2.3832079381543165
2.425770078740696
2.459161698527996
2.512226015395179
2.5554486288456495
2.593153859908607
2.6593144484199334
2.7765105512503143
2.8347491034474497
2.897613145767049
2.9328681897870315
2.9731413999107663
2.996526344472453
3.023795144535063
3.039852295454457
3.0587434222060343
3.0699382404149076
3.0831648315254747
3.0910254829120443
3.100331468136336
3.1058713019546844
3.1124358178866514
3.1209821456069533
3.123745088236446
3.1270217826276236
3.1312909701378526
3.134309002018419
3.13644270333961
3.137951273372267
3.1390179011892334
3.141592653589793
3.998666402998139
29.49697266819222
103
0.
0.000040690104166666664
0.00008138020833333333
0.00016276041666666666
0.0003255208333333333
0.0006510416666666666
0.0009765625
0.0013020833333333333
0.0026041666666666665
0.00390625
0.005208333333333333
0.0078125
0.010416666666666666
0.015625
0.020833333333333332
0.03125
0.041666666666666664
0.0625
0.08333333333333333
0.125
0.16666666666666666
0.25
0.3333333333333333
0.41666666666666663
0.5
0.5416666666666666
0.5833333333333333
0.6041666666666666
0.625
0.6354166666666666
0.6458333333333333
0.65625
0.6614583333333333
0.6666666666666666
0.671875
0.6770833333333333
0.6796875
0.6822916666666666
0.6848958333333333
0.6875
0.6927083333333333
0.6979166666666666
0.7083333333333333
0.71875
0.7291666666666666
0.75
0.7708333333333333
0.7916666666666666
0.8125
0.8333333333333333
0.84375
0.8541666666666666
0.8645833333333333
0.8697916666666666
0.875
0.8776041666666666
0.8802083333333333
0.8828125
0.8841145833333333
0.8854166666666666
0.8860677083333333
0.88671875
0.8873697916666666
0.8880208333333333
0.888671875
0.8889973958333333
0.8893229166666666
0.8899739583333333
0.890625
0.8919270833333333
0.8932291666666666
0.8958333333333333
0.8984375
0.9010416666666666
0.90625
0.9114583333333333
0.9166666666666666
0.9270833333333333
0.9375
0.9583333333333333
0.96875
0.9791666666666666
0.984375
0.9895833333333333
0.9921875
0.9947916666666666
0.99609375
0.9973958333333333
0.998046875
0.9986979166666666
0.9990234375
0.9993489583333333
0.99951171875
0.9996744791666666
0.9998372395833333
0.9998779296875
0.9999186197916666
0.9999593098958333
0.9999796549479166
0.9999898274739583
0.9999949137369791
0.9999974568684895
1.
0.
0.003046716541611292
0.004308778605640653
0.00609373327054481
0.008618402854848961
0.012189852933423893
0.014931408665270107
0.017243556952626523
0.024398830767813014
0.029897989535302923
0.03454133344625728
0.04234881266821481
0.04895179064421901
0.06008063943850256
0.06952324793231437
0.08551568474023416
0.09917668508477794
0.12255183653099762
0.14281042448259262
0.1782757570443001
0.2100684476156852
0.2690674255298635
0.32735979369978885
0.3898748986484524
0.46317506340622405
0.5078076282391797
0.5626692856816081
0.5966708263546323
0.6383668279329968
0.6638139883719567
0.6941914399891937
0.7325298356467059
0.7565902503343254
0.7860297358688771
0.8242335469866789
0.8779332150079637
0.9133701286694014
0.9535945339807255
0.9938688460226324
1.0299802613517208
1.0879363804866284
1.1326539909938982
1.2012371634002539
1.2553636308239047
1.3017708928155671
1.382208870832626
1.454451557565844
1.5239455450405857
1.5946433492603216
1.67106355396363
1.7136420560865635
1.7613628880625996
1.817802531908252
1.8516157572350673
1.8919873880942124
1.916119976957202
1.944552341527465
1.9801674040942439
2.0026561392330797
2.030850589052049
2.0485319591699485
2.0703004986559335
2.09910503750329
2.1412279199492144
2.1973426049094487
2.221967936376208
2.2420412829255367
2.272629643549425
2.2956601479826952
2.330230679654908
2.356654552961418
2.3974168256870056
2.4295065321485003
2.4566504713209505
2.5021781707853092
2.540662585991065
2.57484970224311
2.6355249477437432
2.6904431269929727
2.794734755407405
2.848616288756148
2.907718895464916
2.9411755687317593
2.9795975216528117
3.001984938302724
3.0281500973847164
3.0435800351338154
3.061754228903165
3.072530734141462
3.0852683687036944
3.0928430302417627
3.101811961817981
3.107151213949673
3.1134792077945916
3.121720426990932
3.1243847538604292
3.1275443529746427
3.131660745881459
3.134570604114584
3.1366277494658816
3.1380821534735914
3.1391104637537777
3.141592653589793
4.085309800568132
27.687626576076124
99
0.
0.000040690104166666664
0.00008138020833333333
0.00016276041666666666
0.0003255208333333333
0.0006510416666666666
0.0009765625
0.0013020833333333333
0.0026041666666666665
0.00390625
0.005208333333333333
0.0078125
0.010416666666666666
0.015625
0.020833333333333332
0.03125
0.041666666666666664
0.0625
0.08333333333333333
0.125
0.16666666666666666
0.25
0.3333333333333333
0.41666666666666663
0.5
0.5416666666666666
0.5833333333333333
0.6041666666666666
0.625
0.6354166666666666
0.6458333333333333
0.65625
0.6666666666666666
0.671875
0.6770833333333333
0.6822916666666666
0.6875
0.6979166666666666
0.7083333333333333
0.71875
0.7291666666666666
0.75
0.7916666666666666
0.8125
0.8333333333333333
0.84375
0.8541666666666666
0.859375
0.8645833333333333
0.8671875
0.8697916666666666
0.8723958333333333
0.873046875
0.8736979166666666
0.8743489583333333
0.875
0.8756510416666666
0.8759765625
0.8763020833333333
0.8766276041666666
0.876953125
0.8772786458333333
0.8776041666666666
0.8782552083333333
0.87890625
0.8802083333333333
0.8815104166666666
0.8828125
0.8841145833333333
0.8854166666666666
0.890625
0.8958333333333333
0.90625
0.9166666666666666
0.9375
0.9583333333333333
0.96875
0.9791666666666666
0.984375
0.9895833333333333
0.9921875
0.9947916666666666
0.99609375
0.9973958333333333
0.998046875
0.9986979166666666
0.9990234375
0.9993489583333333
0.99951171875
0.9996744791666666
0.9998372395833333
0.9998779296875
0.9999186197916666
0.9999593098958333
0.9999796549479166
0.9999898274739583
0.9999949137369791
0.9999974568684895
1.
0.
0.002964162245074966
0.004192025383371406
0.005928614471372551
0.008384884863402347
0.011859598997987488
0.01452692079668034
0.0167764827978493
0.02373821572692246
0.029088821985774053
0.03360688964020858
0.041204124768290794
0.047629744613290156
0.05846080361730668
0.06765207383296107
0.08322222941362711
0.09652650739240091
0.11930180018214405
0.13905345941072028
0.17366766958042928
0.20474630177483502
0.2625828770211357
0.3200080145741371
0.3820308587968776
0.4555873524695776
0.5009988898595304
0.5577374491128878
0.5935863149230141
0.6385230830956546
0.666629654250629
0.7010502024118015
0.7461845308226445
0.8128387783752994
0.8617830215505174
0.9243310634859798
0.9896511451562372
1.0451204477937233
1.1282688864126578
1.1907346168420252
1.2425670156742665
1.2881898682862367
1.369060565647611
1.5158262191470284
1.591371171944257
1.6759650418647452
1.7253005570422517
1.783888117869773
1.8192559542012592
1.8619882155925886
1.8879640508224902
1.919252274500539
1.960252344262901
1.9732221941188954
1.9880159433223386
2.005433517929604
2.0269835797715956
2.0560975090895908
2.0760493021273447
2.1026873764194507
2.138086689827223
2.1739566836313706
2.2012714083192146
2.2217488437527195
2.2516431568674604
2.2737969151090147
2.307002498105087
2.3324548157799834
2.3535687616760055
2.3718670770528356
2.3881751336657455
2.441291668110466
2.4834298475778636
2.5518188843172878
2.6092870075950825
2.7102196346213443
2.8068304021602013
2.857911408608983
2.914531319504102
2.946784387715721
2.9839599947330053
3.0056765706989985
3.031094707583737
3.0461023069188946
3.0637890755930557
3.0742840564294958
3.0866925256087563
3.0940720957307395
3.1028127124478315
3.1080170201921633
3.1141851271538386
3.1222177590490934
3.12481492493773
3.127895072309651
3.131908268994902
3.134745393224202
3.136751226053967
3.138169405655079
3.1391721309032254
3.141592653589793
4.171953198138125
26.051738947684974
103
0.
0.000040690104166666664
0.00008138020833333333
0.00016276041666666666
0.0003255208333333333
0.0006510416666666666
0.0009765625
0.0013020833333333333
0.0026041666666666665
0.00390625
0.005208333333333333
0.0078125
0.010416666666666666
0.015625
0.020833333333333332
0.03125
0.041666666666666664
0.0625
0.08333333333333333
0.125
0.16666666666666666
0.25
0.3333333333333333
0.41666666666666663
0.5
0.5416666666666666
0.5833333333333333
0.6041666666666666
0.625
0.6354166666666666
0.6458333333333333
0.65625
0.6666666666666666
0.671875
0.6770833333333333
0.6822916666666666
0.6875
0.6979166666666666
0.7083333333333333
0.71875
0.7291666666666666
0.75
0.7916666666666666
0.8125
0.8229166666666666
0.8333333333333333
0.84375
0.8489583333333333
0.8541666666666666
0.8567708333333333
0.859375
0.8619791666666666
0.86328125
0.8639322916666666
0.8645833333333333
0.865234375
0.8655598958333333
0.8658854166666666
0.8662109375
0.8663736979166666
0.8665364583333333
0.86669921875
0.8668619791666666
0.8671875
0.8675130208333333
0.8678385416666666
0.8684895833333333
0.869140625
0.8697916666666666
0.87109375
0.8723958333333333
0.875
0.8776041666666666
0.8802083333333333
0.8854166666666666
0.8958333333333333
0.90625
0.9166666666666666
0.9375
0.9583333333333333
0.96875
0.9791666666666666
0.984375
0.9895833333333333
0.9921875
0.9947916666666666
0.99609375
0.9973958333333333
0.998046875
0.9986979166666666
0.9990234375
0.9993489583333333
0.99951171875
0.9996744791666666
0.9998372395833333
0.9998779296875
0.9999186197916666
0.9999593098958333
0.9999796549479166
0.9999898274739583
0.9999949137369791
0.9999974568684895
1.
0.
0.0028818720382059785
0.004075654534180444
0.005764042814116312
0.008152143201480763
0.01153043911239645
0.01412376891201929
0.01631094383176747
0.02307973582909806
0.02828222729292736
0.03267536966504812
0.040062895565102875
0.04631156016791357
0.056845368702652034
0.06578559946269961
0.08093351904006886
0.09388064297264687
0.11605400313911308
0.1352953533522641
0.16904806794011423
0.19939751012699578
0.2560244962001562
0.31250449596186936
0.3739064175813404
0.4474910210032727
0.49349100395005474
0.5518037941625477
0.5892633848435141
0.6370743209576719
0.6675478958331776
0.7055240947364113
0.7562994074112592
0.8309555299386897
0.8812211658667889
0.9366114781466315
0.9893700689538801
1.035530533833573
1.1104029433599247
1.170302893555237
1.2215216109764473
1.2673751869204273
1.3499210822884486
1.5032848461359756
1.5846521868223908
1.6295523408869301
1.6796050815969867
1.7385618524771087
1.7738426087666213
1.8160581636245055
1.8414315041689775
1.8716026092380023
1.9102236514467117
1.9355231422935741
1.9509078668442497
1.9692873062063638
1.992705306392515
2.0077258747590943
2.026802206253222
2.053725503299779
2.0729409060727373
2.09813693740772
2.1259182830634624
2.148880418552016
2.180060425437651
2.201163150464521
2.2173819016187273
2.2422232253730514
2.2614875626192434
2.2775169098993766
2.303776207773633
2.3252684075055665
2.360162097689045
2.3886603661546677
2.4132380845780643
2.455080775314473
2.5225934055656527
2.5789200538635453
2.629384728886715
2.7222895501134388
2.814246096223956
2.8635855793802745
2.918660575541533
2.9501697159926117
2.986580756754403
3.007887504481582
3.0328541693910602
3.047607169306903
3.065002740553073
3.0753271753171383
3.087539868329076
3.09480425289031
3.1034078447172497
3.1085312364037065
3.1146052402644915
3.122516222586319
3.125073812914952
3.128106851051528
3.1320583850656862
3.134851724016082
3.1368265045420665
3.1382226811863076
3.1392098251866556
3.141592653589793
4.301918294493115
23.87822506705707
106
0.
0.000040690104166666664
0.00008138020833333333
0.00016276041666666666
0.0003255208333333333
0.00048828125
0.0006510416666666666
0.0013020833333333333
0.001953125
0.0026041666666666665
0.005208333333333333
0.0078125
0.010416666666666666
0.015625
0.020833333333333332
0.03125
0.041666666666666664
0.0625
0.08333333333333333
0.125
0.16666666666666666
0.25
0.3333333333333333
0.41666666666666663
0.5
0.5416666666666666
0.5833333333333333
0.6041666666666666
0.625
0.6354166666666666
0.6458333333333333
0.65625
0.6666666666666666
0.6770833333333333
0.6875
0.6979166666666666
0.7083333333333333
0.7291666666666666
0.75
0.7708333333333333
0.7916666666666666
0.8125
0.8229166666666666
0.8333333333333333
0.8385416666666666
0.84375
0.8463541666666666
0.8489583333333333
0.8502604166666666
0.8515625
0.8528645833333333
0.853515625
0.8538411458333333
0.8541666666666666
0.8544921875
0.8546549479166666
0.8548177083333333
0.8548990885416666
0.85498046875
0.8550211588541666
0.8550618489583333
0.8551025390625
0.8551432291666666
0.855224609375
0.8553059895833333
0.85546875
0.8556315104166666
0.8557942708333333
0.8561197916666666
0.8567708333333333
0.857421875
0.8580729166666666
0.8587239583333333
0.859375
0.8619791666666666
0.8645833333333333
0.8697916666666666
0.875
0.8854166666666666
0.8958333333333333
0.9166666666666666
0.9375
0.9583333333333333
0.96875
0.9791666666666666
0.984375
0.9895833333333333
0.9921875
0.9947916666666666
0.99609375
0.9973958333333333
0.998046875
0.9986979166666666
0.9990234375
0.9993489583333333
0.99951171875
0.9996744791666666
0.9998372395833333
0.9998779296875
0.9999186197916666
0.9999593098958333
0.9999796549479166
0.9999898274739583
0.9999949137369791
0.9999974568684895
1.
0.
0.002759477211146531
0.003902561246823627
0.005519249287130435
0.00780594409451067
0.009560957619253168
0.011040814693171027
0.015618435280754215
0.01913395424483601
0.022100173431856586
0.03128945188837473
0.03836475824411031
0.04434986307072819
0.054440717364806296
0.06300655052935376
0.07752404267556252
0.08993701166595977
0.11120783832245146
0.12968109306796716
0.1621288120619912
0.19136194895808656
0.24609602084862636
0.30101709305991414
0.3612361977283054
0.4343713678291661
0.48079440921847033
0.5406202446769464
0.5797020125651339
0.6303141738744439
0.6628931001010208
0.7035182422689865
0.7566989192822797
0.8280745552307912
0.9141137076375103
0.996059895464345
1.0652922934519193
1.1242174757619785
1.2235257636757382
1.310120038457974
1.392120082694351
1.4753306891047875
1.5666923847300027
1.6192981463867138
1.6812679914492574
1.7184775625957232
1.7633256854572694
1.790597394638809
1.8235900405008179
1.8435823914292877
1.8675129733823548
1.898398859675619
1.9188424891503857
1.931390931050472
1.94656638527016
1.9663970044462207
1.9796268989793429
1.997575136059579
2.010164321397164
2.0282619718404917
2.0414352462565737
2.058592086968624
2.0763314892656806
2.090302175434199
2.109268474661512
2.1222503727645847
2.140571525414318
2.153993642434926
2.1648219928348005
2.1820866414117708
2.2075771713603363
2.226976191057316
2.243008509477299
2.256858328138581
2.269163150400847
2.308907514545185
2.3399537346065977
2.389076662695124
2.4287706452973126
2.493749615298299
2.5483487206901243
2.642942199117833
2.729971355597937
2.818520623113987
2.8666552470908195
2.9207357464233987
2.9518021661772926
2.9877894699104943
3.0088833444110055
3.033627705344787
3.048259044928217
3.0655220554710665
3.0757714838258092
3.087897092762395
3.0951117411303755
3.1036577522594113
3.108746925482011
3.1147800503474676
3.122638573638545
3.12517942027541
3.128192738783911
3.1321188036802536
3.134894290041336
3.1368565251454443
3.1382438699233086
3.1392247883855555
3.141592653589793
4.431883390848105
21.986789572024133
118
0.
0.000040690104166666664
0.00008138020833333333
0.00016276041666666666
0.0003255208333333333
0.00048828125
0.0006510416666666666
0.0013020833333333333
0.001953125
0.0026041666666666665
0.005208333333333333
0.0078125
0.010416666666666666
0.015625
0.020833333333333332
0.03125
0.041666666666666664
0.0625
0.08333333333333333
0.125
0.16666666666666666
0.25
0.3333333333333333
0.41666666666666663
0.5
0.5416666666666666
0.5833333333333333
0.6041666666666666
0.625
0.6458333333333333
0.65625
0.6666666666666666
0.6875
0.6979166666666666
0.7083333333333333
0.75
0.7708333333333333
0.7916666666666666
0.8020833333333333
0.8125
0.8229166666666666
0.828125
0.8333333333333333
0.8385416666666666
0.8411458333333333
0.84375
0.8450520833333333
0.845703125
0.8463541666666666
0.8470052083333333
0.84716796875
0.8473307291666666
0.8474934895833333
0.84765625
0.8477376302083333
0.8477783203125
0.8478190104166666
0.84783935546875
0.8478597005208333
0.847869873046875
0.8478800455729166
0.8478851318359375
0.8478902180989583
0.8478927612304688
0.8478953043619791
0.8478978474934895
0.847900390625
0.8479054768880208
0.8479105631510416
0.8479207356770833
0.847930908203125
0.8479410807291666
0.8479817708333333
0.8480224609375
0.8480631510416666
0.84814453125
0.8482259114583333
0.8483072916666666
0.8486328125
0.8489583333333333
0.849609375
0.8502604166666666
0.8515625
0.8528645833333333
0.8541666666666666
0.8567708333333333
0.859375
0.8645833333333333
0.8697916666666666
0.875
0.8854166666666666
0.8958333333333333
0.9166666666666666
0.9375
0.9583333333333333
0.96875
0.9791666666666666
0.984375
0.9895833333333333
0.9921875
0.9947916666666666
0.99609375
0.9973958333333333
0.998046875
0.9986979166666666
0.9990234375
0.9993489583333333
0.99951171875
0.9996744791666666
0.9998372395833333
0.9998779296875
0.9999186197916666
0.9999593098958333
0.9999796549479166
0.9999898274739583
0.9999949137369791
0.9999974568684895
1.
0.
0.002638759631542821
0.0037318391803435533
0.0052778082935872935
0.007464481531057838
0.00914273850565399
0.010557879340566928
0.01493536220652134
0.01829724106452169
0.021133882699917887
0.02992213326042715
0.036689186132289206
0.04241397567444612
0.05206702913765566
0.060262505054400624
0.07415557353984405
0.08603847846159729
0.10641105761204778
0.12411661016748746
0.15525053317817888
0.1833464756747764
0.23610485506906967
0.2893056351314352
0.34803623881312573
0.4200768462271736
0.4662728425846316
0.5263155561969372
0.5657293700848055
0.6166234804060005
0.6883173815528136
0.737303449508032
0.7979549520280437
0.9385266773303605
1.0038714190486664
1.0626745220105245
1.257130991238118
1.3448898421685989
1.435133525330288
1.483678302417689
1.5367130197676682
1.5975109264835248
1.632823123206844
1.6736831980764046
1.7241768169037053
1.7560565778841901
1.796865890988484
1.8237687249483228
1.8403167261212359
1.86045634635341
1.8873426669199713
1.8960393105309024
1.90615327121877
1.918467435625714
1.93483071780482
1.9461366261457271
1.9533988510198166
1.96273393617861
1.968825878246817
1.9768445432246113
1.9822623669699129
1.9897812617050654
1.995296565551567
2.0041302312167755
2.0119864868010984
2.022188805999625
2.02930672031143
2.0340330081913445
2.0404577625738534
2.0450296929643152
2.051712151703861
2.0567320782103478
2.0608354018308948
2.0727697214670666
2.0812590660731423
2.088048594362822
2.098821814636926
2.1074103204958923
2.114669751053322
2.136641191864098
2.152794392495841
2.1771668560678785
2.1960178448400027
2.2253893450982583
2.2486345369585816
2.2682797937525008
2.301009620281929
2.328276387286693
2.3733879515808733
2.41099380374602
2.4439935734008165
2.501488421308202
2.552071775881312
2.642713007291026
2.7281366154824043
2.816204483764282
2.864391737352047
2.9187133591062246
2.949984659597784
2.9862554289656877
3.007534963512818
3.0325106442070497
3.0472851011946402
3.0647212126676986
3.0750756910284824
3.0873276643690484
3.0946176562109473
3.103253395193317
3.1083966024973164
3.114493926626038
3.122434928166
3.1250024175855438
3.128047575509447
3.132015567450162
3.134820996130358
3.13680455118358
3.1382070451466424
3.1391987125408964
3.141592653589793
4.691813583558084
18.849250871418302
103
0.
0.000040690104166666664
0.00008138020833333333
0.00016276041666666666
0.0003255208333333333
0.0006510416666666666
0.0013020833333333333
0.001953125
0.0026041666666666665
0.005208333333333333
0.0078125
0.010416666666666666
0.015625
0.020833333333333332
0.03125
0.041666666666666664
0.0625
0.08333333333333333
0.125
0.16666666666666666
0.25
0.3333333333333333
0.41666666666666663
0.5
0.5416666666666666
0.5833333333333333
0.6041666666666666
0.625
0.6458333333333333
0.6666666666666666
0.6875
0.7083333333333333
0.7291666666666666
0.75
0.7708333333333333
0.7916666666666666
0.8020833333333333
0.8125
0.8229166666666666
0.828125
0.8333333333333333
0.8359375
0.8385416666666666
0.83984375
0.8411458333333333
0.8424479166666666
0.8430989583333333
0.84375
0.8440755208333333
0.8444010416666666
0.8447265625
0.8448893229166666
0.8450520833333333
0.8450927734375
0.8451334635416666
0.8451741536458333
0.84521484375
0.8452555338541666
0.8452962239583333
0.8453776041666666
0.845458984375
0.8455403645833333
0.845703125
0.8460286458333333
0.8463541666666666
0.8470052083333333
0.84765625
0.8489583333333333
0.8502604166666666
0.8515625
0.8528645833333333
0.8541666666666666
0.859375
0.8645833333333333
0.875
0.8854166666666666
0.8958333333333333
0.9166666666666666
0.9375
0.9583333333333333
0.96875
0.9791666666666666
0.984375
0.9895833333333333
0.9921875
0.9947916666666666
0.99609375
0.9973958333333333
0.998046875
0.9986979166666666
0.9990234375
0.9993489583333333
0.99951171875
0.9996744791666666
0.9998372395833333
0.9998779296875
0.9999186197916666
0.9999593098958333
0.9999796549479166
0.9999898274739583
0.9999949137369791
0.9999974568684895
1.
0.
0.0024035171845024367
0.0033991529945956913
0.004807307842078707
0.0067990622652499555
0.009616745569993363
0.013604150096097127
0.0166665386984309
0.019250556812651694
0.027256690976178152
0.03342222830790575
0.038638758432440634
0.04743631284367192
0.054907239000763504
0.06757652518085282
0.07841801485019666
0.09701894817570274
0.11320165190207145
0.1417043720995828
0.1674874337057852
0.2160998045779916
0.2654390516514247
0.32034264216064845
0.3882974458412698
0.4320676845852212
0.48864030435161065
0.5250611597444541
0.5703639559544226
0.629099042620828
0.7069507192870121
0.8046980966539252
0.9113343254839815
1.0155161598471256
1.1151090396617178
1.213180560783757
1.3152757368427668
1.3706202912948249
1.4315695026046105
1.5024983942817267
1.5445859077597957
1.5947084134184473
1.624778187601049
1.6605859652553734
1.6818836019487253
1.7068139038805814
1.7377052920964313
1.7569736556664994
1.7808372584797016
1.7956602803547228
1.8138457050740828
1.838318485720974
1.8554119291262372
1.8803768900714637
1.8891599297763428
1.8998221569398093
1.9131369717024915
1.9294289686084565
1.946575882430255
1.9613565481128252
1.9827233788834155
1.997614108478941
2.0091131554251844
2.0266972731942396
2.0514749462794653
2.0696924923913618
2.0970526714278046
2.118066093470467
2.1505997112958757
2.1761828934372542
2.1977203394800426
2.2165559848863845
2.2334454643892574
2.2888720292494678
2.3330211477340987
2.404461180569167
2.4638533610341566
2.516635225133674
2.611948790302225
2.7022703675340467
2.7956585147248365
2.8468272608607306
2.9045487456847217
2.9377913930221164
2.9763587660062907
2.9989889121470026
3.025552874982655
3.0412683936960208
3.059815178444695
3.070830293189493
3.0838633759675877
3.091618349756476
3.1008056538918827
3.1062775033526155
3.112763918125202
3.121211741873346
3.1239433137739563
3.127183042140961
3.13140445381904
3.134388975363381
3.136499117258212
3.1379910961836104
3.1390460263010387
3.141592653589793
4.86510037869807
17.109491551805206
93
0.
0.000040690104166666664
0.00008138020833333333
0.00016276041666666666
0.0003255208333333333
0.0006510416666666666
0.0013020833333333333
0.001953125
0.0026041666666666665
0.005208333333333333
0.0078125
0.010416666666666666
0.015625
0.020833333333333332
0.03125
0.041666666666666664
0.0625
0.08333333333333333
0.125
0.16666666666666666
0.25
0.3333333333333333
0.41666666666666663
0.5
0.5416666666666666
0.5833333333333333
0.625
0.6458333333333333
0.6666666666666666
0.6875
0.7083333333333333
0.7291666666666666
0.75
0.7708333333333333
0.7916666666666666
0.8020833333333333
0.8125
0.8229166666666666
0.828125
0.8333333333333333
0.8385416666666666
0.8411458333333333
0.84375
0.8450520833333333
0.8463541666666666
0.84765625
0.8483072916666666
0.8489583333333333
0.849609375
0.8499348958333333
0.8502604166666666
0.8505859375
0.8509114583333333
0.8515625
0.8522135416666666
0.8528645833333333
0.8541666666666666
0.85546875
0.8567708333333333
0.859375
0.8619791666666666
0.8645833333333333
0.8697916666666666
0.875
0.8854166666666666
0.8958333333333333
0.9166666666666666
0.9375
0.9583333333333333
0.96875
0.9791666666666666
0.984375
0.9895833333333333
0.9921875
0.9947916666666666
0.99609375
0.9973958333333333
0.998046875
0.9986979166666666
0.9990234375
0.9993489583333333
0.99951171875
0.9996744791666666
0.9998372395833333
0.9998779296875
0.9999186197916666
0.9999593098958333
0.999969482421875
0.9999796549479166
0.9999898274739583
0.9999949137369791
0.9999974568684895
1.
0.
0.0022520209202534515
0.003184898238952764
0.004504293949947494
0.006370510402260744
0.009010611623516279
0.012746746897322095
0.015616193423734707
0.018037438768987706
0.025539494324551725
0.03131714316828015
0.036205743272394085
0.04445088555355385
0.05145344355785732
0.0633303155402595
0.07349590045392272
0.09094276919888662
0.10612820621004203
0.13289255908573178
0.15712607698452044
0.2028842376587687
0.24941799698737785
0.3012754918538311
0.3653914814960129
0.40643079108066293
0.45872606384203535
0.53147469890136
0.5809223250764186
0.6431838605546952
0.7199954388602529
0.8088694793171164
0.904310299029441
1.0024840083729236
1.1031404869779027
1.2094465602324638
1.266910586679545
1.3295208100910385
1.400734319719092
1.4416446917818913
1.4883539240987276
1.5446389390161541
1.5788877586966432
1.6203529346712535
1.6454940662183177
1.6755462474719383
1.7140767201279796
1.7391058852614942
1.771528038925861
1.8190805986718315
1.8537706644475418
1.8955656912132914
1.9337372806327273
1.9630636110172708
2.0043045297247337
2.033597444480853
2.056711030403676
2.092820900384549
2.1212582540727167
2.145146346717617
2.1846293622351367
2.2172479822944227
2.2455175088222377
2.2937504929755064
2.334886889841363
2.4048137387615576
2.4651062144117857
2.5713681871875873
2.67020682859031
2.771294047432016
2.8263685699545316
2.888310248203682
2.923914382871404
2.96517248985985
2.989361301851991
3.0177399464065044
3.034522274313554
3.0543240029239693
3.0660814396271423
3.079992190237061
3.088268629218185
3.0980723118371873
3.1039107338582808
3.110832209404888
3.1198464292492556
3.1227608413091636
3.1262174308972406
3.13072154688371
3.132178227954314
3.1339060289515848
3.1361575934502914
3.137749587826925
3.1388752468285457
3.141592653589793
5.1250305714080495
14.859413684260927
79
0.
0.00008138020833333333
0.00016276041666666666
0.0003255208333333333
0.0006510416666666666
0.0013020833333333333
0.001953125
0.0026041666666666665
0.005208333333333333
0.0078125
0.010416666666666666
0.015625
0.020833333333333332
0.03125
0.041666666666666664
0.0625
0.08333333333333333
0.125
0.16666666666666666
0.25
0.3333333333333333
0.41666666666666663
0.5
0.5416666666666666
0.5833333333333333
0.6666666666666666
0.7083333333333333
0.75
0.7708333333333333
0.7916666666666666
0.8125
0.8229166666666666
0.8333333333333333
0.8385416666666666
0.84375
0.8489583333333333
0.8541666666666666
0.8567708333333333
0.859375
0.8606770833333333
0.8619791666666666
0.86328125
0.8645833333333333
0.8658854166666666
0.8671875
0.8697916666666666
0.8723958333333333
0.875
0.8802083333333333
0.8854166666666666
0.8958333333333333
0.90625
0.9166666666666666
0.9375
0.9583333333333333
0.96875
0.9791666666666666
0.984375
0.9895833333333333
0.9921875
0.9947916666666666
0.99609375
0.9973958333333333
0.998046875
0.9986979166666666
0.9990234375
0.9993489583333333
0.99951171875
0.9996744791666666
0.999755859375
0.9998372395833333
0.9999186197916666
0.99993896484375
0.9999593098958333
0.9999796549479166
0.9999898274739583
0.9999949137369791
0.9999974568684895
1.
0.
0.002876904376904236
0.0040687116485503575
0.0057544641222155215
0.008139276341124413
0.011514167036151381
0.01410620023540461
0.016293389235471682
0.02307042017831807
0.028289946121547137
0.03270650855666854
0.04015601772104036
0.0464834321854733
0.05721667379770981
0.06640508656858028
0.08217909959326343
0.09591341291891974
0.12013246205683481
0.14207529853265907
0.18353819247630332
0.2257122280422788
0.2726169564688004
0.3301291666571403
0.36635070938678377
0.4113636326755511
0.5552805280555252
0.6760908242164101
0.8351221943544253
0.92782919452222
1.030717690677994
1.1482317080329112
1.2157428042145182
1.293094894526949
1.3374660366876892
1.38771125518156
1.446994888350992
1.5222132422666106
1.5708836144734466
1.6339785464515488
1.6748904736793297
1.7259002654328248
1.789180894633165
1.8573888293712766
1.9164491694204229
1.9632891169091589
2.0327304421346075
2.0842352296458913
2.1259244377072815
2.192812843266051
2.247030262478352
2.3355492177154473
2.409651557241458
2.4759786647435704
2.5976944860094786
2.717617207170867
2.781760779232311
2.8532234883104453
2.894054731555527
2.9411962252215753
2.968764753850502
3.0010561294962494
3.0201326143699188
3.042617944894454
3.0559628729694444
3.0717467350903296
3.081134115338449
3.092251609469123
3.0988722822429127
3.106721413884544
3.111398326438411
3.1169439774609544
3.124167907492033
3.126503640216736
3.129273744955581
3.13288299262974
3.1354345543896134
3.1372385003404815
3.1385139425029696
3.141592653589793
5.298317366548035
13.533462058301065
78
0.
0.00008138020833333333
0.00016276041666666666
0.0003255208333333333
0.0006510416666666666
0.0009765625
0.0013020833333333333
0.0026041666666666665
0.00390625
0.005208333333333333
0.010416666666666666
0.015625
0.020833333333333332
0.03125
0.041666666666666664
0.0625
0.08333333333333333
0.125
0.16666666666666666
0.25
0.3333333333333333
0.41666666666666663
0.5
0.5416666666666666
0.5833333333333333
0.6666666666666666
0.7083333333333333
0.75
0.7708333333333333
0.7916666666666666
0.8125
0.8229166666666666
0.8333333333333333
0.84375
0.8489583333333333
0.8541666666666666
0.859375
0.8645833333333333
0.8697916666666666
0.87109375
0.8723958333333333
0.875
0.8776041666666666
0.8802083333333333
0.8854166666666666
0.890625
0.8958333333333333
0.9010416666666666
0.90625
0.9166666666666666
0.9270833333333333
0.9375
0.9583333333333333
0.96875
0.9791666666666666
0.984375
0.9895833333333333
0.9921875
0.9947916666666666
0.99609375
0.9973958333333333
0.998046875
0.9986979166666666
0.9990234375
0.9993489583333333
0.99951171875
0.9996744791666666
0.999755859375
0.9998372395833333
0.9999186197916666
0.99993896484375
0.9999593098958333
0.9999796549479166
0.9999898274739583
0.9999949137369791
0.9999974568684895
0.9999987284342448
1.
0.
0.0026818064618334444
0.0037927941755523
0.005364231129230895
0.007587324572700027
0.009293952875752354
0.010733367583860377
0.015188539703841672
0.01861346061341151
0.021506136803653195
0.03048914798755547
0.03743398820312085
0.043332921991017265
0.053339733293657064
0.06190672638304315
0.07661499303244433
0.08942245235865999
0.1120091240828661
0.13247388413074823
0.17113568737333051
0.21041778311742682
0.2539741181625649
0.3069720742832718
0.33995345965057683
0.38030972409593106
0.5035097177838784
0.6031382070067777
0.7378736614761862
0.8198934031980563
0.9138382735278129
1.023617605984395
1.0868022899267096
1.1579806027661492
1.2409048155820235
1.2889564499291433
1.3436174597856545
1.4081279530543667
1.4889824954568192
1.6014319712510898
1.638011352604413
1.6791204642362183
1.7727501119713367
1.8651793700236914
1.9408113467207273
2.0502385320316354
2.1293687723944594
2.192980536595388
2.2473885906047983
2.295777588760969
2.381163289159118
2.457432072749175
2.5288497686696796
2.6680147691181095
2.740945009368832
2.8213861944625807
2.867058478374372
2.9195930912203267
2.9502378171847194
2.9860720455500918
3.0072152209829697
3.0321199036078026
3.0468943131864377
3.0643593328270455
3.0747430301136154
3.0870394016497977
3.094362450218005
3.103043179603896
3.10821495711553
3.1143467733887715
3.1223332514279236
3.1249152972749212
3.127977367507351
3.1319667747953126
3.1347869200255425
3.1367806683427637
3.138190263677588
3.1391868993266074
3.141592653589793
5.60507563878095
11.433311519220718
70
0.
0.00008138020833333333
0.00016276041666666666
0.0003255208333333333
0.0006510416666666666
0.0013020833333333333
0.0026041666666666665
0.00390625
0.005208333333333333
0.010416666666666666
0.015625
0.020833333333333332
0.03125
0.041666666666666664
0.0625
0.08333333333333333
0.125
0.16666666666666666
0.25
0.3333333333333333
0.41666666666666663
0.5
0.5833333333333333
0.625
0.6666666666666666
0.7083333333333333
0.75
0.7708333333333333
0.7916666666666666
0.8125
0.8333333333333333
0.84375
0.8541666666666666
0.8645833333333333
0.875
0.8854166666666666
0.890625
0.8958333333333333
0.9010416666666666
0.90625
0.9166666666666666
0.9270833333333333
0.9375
0.9583333333333333
0.96875
0.9791666666666666
0.984375
0.9895833333333333
0.9921875
0.9947916666666666
0.99609375
0.9973958333333333
0.998046875
0.9986979166666666
0.9990234375
0.9993489583333333
0.99951171875
0.9996744791666666
0.999755859375
0.9998372395833333
0.9998779296875
0.9999186197916666
0.9999593098958333
0.999969482421875
0.9999796549479166
0.9999898274739583
0.9999949137369791
0.9999974568684895
0.9999987284342448
1.
0.
0.0023592206610059644
0.003336571061956853
0.00471898527147738
0.006674672232600155
0.009442297173421084
0.013361595576477783
0.016374576080084368
0.018919340691051247
0.02682202102158842
0.032931738895950545
0.03812138501167145
0.04692513000711833
0.05446228101781791
0.06740257340127226
0.0786703385387542
0.0985395327846751
0.11653640617994301
0.15050025098970182
0.18490643254136266
0.22281121584740765
0.26829586604712635
0.32928868514820053
0.3707867683533838
0.425090571906177
0.4988011477697634
0.5996012230343774
0.6629197619573535
0.7373700322728735
0.8266475655585304
0.9374323428217257
1.0045489730057526
1.0829560684647144
1.1774806485559888
1.2974033034908594
1.462967784837213
1.5737264559600606
1.7027527873621249
1.8309725145169098
1.9409245607584995
2.109441494061013
2.238456745828769
2.347894614417483
2.5430083385248134
2.639494310347199
2.743116613260813
2.801003864428441
2.8669604556949353
2.905187864856257
2.949706518039435
2.975897306011577
3.006690570953739
3.024933251537861
3.0464761815900117
3.0592757341257553
3.07442807042205
3.08344726890494
3.094133753283334
3.1004989080396577
3.1080456370761436
3.112543094508954
3.1178767009634547
3.124825625191592
3.127072732056015
3.129737914456966
3.1332107570101773
3.1356660924902124
3.137402109418841
3.138629575053323
3.141592653589793
5.911833911013865
9.587047212548761
70
0.
0.00016276041666666666
0.0003255208333333333
0.0006510416666666666
0.0013020833333333333
0.0026041666666666665
0.00390625
0.005208333333333333
0.010416666666666666
0.015625
0.020833333333333332
0.03125
0.041666666666666664
0.0625
0.08333333333333333
0.125
0.16666666666666666
0.25
0.3333333333333333
0.41666666666666663
0.5
0.5833333333333333
0.625
0.6666666666666666
0.7083333333333333
0.75
0.7916666666666666
0.8125
0.8333333333333333
0.8541666666666666
0.8645833333333333
0.875
0.8958333333333333
0.9010416666666666
0.90625
0.9114583333333333
0.9166666666666666
0.921875
0.9270833333333333
0.9322916666666666
0.9375
0.9583333333333333
0.96875
0.9791666666666666
0.984375
0.9895833333333333
0.9921875
0.9947916666666666
0.99609375
0.9973958333333333
0.998046875
0.9986979166666666
0.9990234375
0.9993489583333333
0.99951171875
0.9996744791666666
0.999755859375
0.9998372395833333
0.9998779296875
0.9999186197916666
0.9999593098958333
0.999969482421875
0.9999796549479166
0.9999898274739583
0.9999923706054688
0.9999949137369791
0.9999974568684895
0.9999987284342448
0.9999993642171223
1.
0.
0.0029246656755064515
0.004136417547323893
0.005850671525689789
0.008276628344968867
0.01171208378950747
0.014353107199776428
0.016583714789182604
0.02351079180633275
0.028866243628226873
0.033415194216163305
0.041131993548915016
0.04773846248407824
0.05908040307243214
0.06895554084962391
0.08636533802298099
0.10212744644146202
0.1318376144447873
0.16184307720564914
0.194702635480736
0.23367347202109853
0.2847140727266494
0.3184445422365323
0.3614130222705251
0.41839076555600013
0.49600492217653863
0.6036011188881757
0.6739517241229024
0.761349725452313
0.8751146764115287
0.9470018418870753
1.0335061727755048
1.2757812530643016
1.357765251138614
1.45065585272182
1.5536213771350964
1.662616514663097
1.771126309311329
1.8736901709872456
1.968129916820758
2.054758368668407
2.3506066468942555
2.486075734733315
2.626372137924801
2.7030463097387454
2.7893097581777457
2.838881468953144
2.8963029854887132
2.9299554141012267
2.9694273008621144
2.9927638109746044
3.020296268244329
3.0366413029282966
3.055976231841377
3.067480415020582
3.081107578144137
3.089222348870499
3.098841623024482
3.104573699789488
3.111371183702186
3.120226879559353
3.1230904792808847
3.1264867843981023
3.1309121977291503
3.1323433893842765
3.13404093396289
3.1362530329583946
3.137817097335517
3.138922995012582
3.141592653589793
6.448313215158565
6.89282134929386
66
0.
0.00016276041666666666
0.0003255208333333333
0.0006510416666666666
0.0013020833333333333
0.0026041666666666665
0.005208333333333333
0.0078125
0.010416666666666666
0.020833333333333332
0.03125
0.041666666666666664
0.0625
0.08333333333333333
0.125
0.16666666666666666
0.25
0.3333333333333333
0.41666666666666663
0.5
0.5833333333333333
0.6666666666666666
0.7083333333333333
0.75
0.7916666666666666
0.8125
0.8333333333333333
0.8541666666666666
0.875
0.8958333333333333
0.9166666666666666
0.9270833333333333
0.9375
0.9479166666666666
0.9583333333333333
0.96875
0.9739583333333333
0.9791666666666666
0.984375
0.9895833333333333
0.9921875
0.9947916666666666
0.99609375
0.9973958333333333
0.998046875
0.9986979166666666
0.9990234375
0.9993489583333333
0.99951171875
0.9996744791666666
0.999755859375
0.9998372395833333
0.9998779296875
0.9999186197916666
0.99993896484375
0.9999593098958333
0.999969482421875
0.9999796549479166
0.9999898274739583
0.9999923706054688
0.9999949137369791
0.9999974568684895
0.9999987284342448
0.9999993642171223
0.9999996821085612
1.
0.
0.0023113732271847964
0.003269024402414
0.00462380595435306
0.006541051894744704
0.00925612172160827
0.01310624483957331
0.016071624949481965
0.01858089874004977
0.026408811043606317
0.03250792239551481
0.0377295521977411
0.046694049901739164
0.054498956336527876
0.06825687626766837
0.08070752690146696
0.10414534080489404
0.12773388387744927
0.15338790103007183
0.1834117416879938
0.2217507587063
0.2768172732102988
0.31613888756445657
0.3689051753185165
0.44227367039796023
0.4903292545862481
0.5495061353778118
0.6248557188920387
0.7256234590167512
0.8691329951986589
1.0852637874868853
1.2320713497418037
1.4080593081501573
1.6095092681760634
1.8272313321057
2.0537831602217853
2.1706980371031035
2.2920725202233627
2.4213330986489723
2.5653611202627995
2.647455396730982
2.741999784020729
2.7971705952395527
2.8616864370463655
2.899749142426143
2.944583075509265
2.971174963211019
3.0026054513289187
3.021294488031308
3.0434265635667344
3.0566025277813456
3.0722173664701917
3.08152019686056
3.092551642104016
3.0991259903109962
3.1069227355831024
3.111569671080658
3.1170809730644202
3.124262103704195
3.126584468328236
3.1293390166515955
3.1329284798753725
3.1354663855812035
3.137260841909067
3.138529657154117
3.141592653589793
6.907755278982137
5.087271913972341
65
0.
0.0003255208333333333
0.0006510416666666666
0.0013020833333333333
0.0026041666666666665
0.00390625
0.005208333333333333
0.010416666666666666
0.015625
0.020833333333333332
0.041666666666666664
0.0625
0.08333333333333333
0.125
0.16666666666666666
0.25
0.3333333333333333
0.5
0.5833333333333333
0.6666666666666666
0.7083333333333333
0.75
0.7916666666666666
0.8333333333333333
0.8541666666666666
0.875
0.8958333333333333
0.9166666666666666
0.9375
0.9479166666666666
0.9583333333333333
0.96875
0.9739583333333333
0.9791666666666666
0.984375
0.9869791666666666
0.9895833333333333
0.9921875
0.9947916666666666
0.99609375
0.9973958333333333
0.998046875
0.9986979166666666
0.9990234375
0.9993489583333333
0.99951171875
0.9996744791666666
0.999755859375
0.9998372395833333
0.9998779296875
0.9999186197916666
0.99993896484375
0.9999593098958333
0.999969482421875
0.9999796549479166
0.9999847412109375
0.9999898274739583
0.9999949137369791
0.9999961853027344
0.9999974568684895
0.9999987284342448
0.9999993642171223
0.9999996821085612
0.9999998410542805
1.
0.
0.002665150768967559
0.0037696733297828194
0.005332769185514542
0.007546339676253428
0.009248067731521457
0.010685375696255413
0.01514909259947719
0.018600334943092812
0.021532051331888572
0.030764571533992716
0.0380769664041174
0.04444462740158805
0.05567152354698868
0.06583363587174484
0.08496269731853302
0.10419783740241208
0.149349775172087
0.18001923097245956
0.22317988134283695
0.25338628753450015
0.29342265031248194
0.34874725112147176
0.4290871466371043
0.48459212197807616
0.5569215209871731
0.656157889046724
0.8008854243538017
1.0224690485847472
1.1754646034176586
1.3653140997128626
1.6000449917678918
1.7375181494514436
1.8912762366687517
2.065669307840203
2.1631722259183146
2.2701413679611813
2.390308965728424
2.5311198675395445
2.6142279981248553
2.7120997638915405
2.7701225330857056
2.8386856346357825
2.879439394727737
2.9276875509495066
2.9564074886473004
2.9904390283008206
3.010710986323994
3.0347462704597663
3.0490687700407997
3.066053352142591
3.076176337713873
3.0881829352613006
3.0953397607399187
3.1038285642632237
3.1088886327197427
3.114890551988908
3.1227119873954305
3.1252416769293836
3.1282422919145514
3.1321526650156692
3.134917644998891
3.136872745452617
3.1382551923506234
3.141592653589793
7.522328348368392
3.292135378444593
71
0.
0.0006510416666666666
0.0013020833333333333
0.0026041666666666665
0.005208333333333333
0.010416666666666666
0.015625
0.020833333333333332
0.041666666666666664
0.0625
0.08333333333333333
0.125
0.16666666666666666
0.25
0.3333333333333333
0.5
0.5833333333333333
0.6666666666666666
0.7083333333333333
0.75
0.7916666666666666
0.8333333333333333
0.8541666666666666
0.875
0.8958333333333333
0.9166666666666666
0.9270833333333333
0.9375
0.9479166666666666
0.9583333333333333
0.9635416666666666
0.96875
0.9739583333333333
0.9791666666666666
0.984375
0.9869791666666666
0.9895833333333333
0.9921875
0.9934895833333333
0.9947916666666666
0.99609375
0.9967447916666666
0.9973958333333333
0.998046875
0.9986979166666666
0.9990234375
0.9993489583333333
0.99951171875
0.9996744791666666
0.999755859375
0.9998372395833333
0.9998779296875
0.9999186197916666
0.99993896484375
0.9999593098958333
0.999969482421875
0.9999796549479166
0.9999847412109375
0.9999898274739583
0.9999923706054688
0.9999949137369791
0.9999974568684895
0.9999980926513672
0.9999987284342448
0.9999993642171223
0.9999995231628418
0.9999996821085612
0.9999998410542805
0.9999999205271403
0.9999999602635701
1.
0.
0.0028579023935118735
0.004042950500019609
0.0057211857861125875
0.008101169487168835
0.011485794228491192
0.014103006862044628
0.01632649346145466
0.023330539415860947
0.02888037855794052
0.033715260009229434
0.042244823830910785
0.049971219655060836
0.06452837171847428
0.0791751926879906
0.11348157093604701
0.13658588333840793
0.1686244690625169
0.19068701614685515
0.21956548270024612
0.25905000072172996
0.31574734237891505
0.3542731603429519
0.4033374991004732
0.46834284787061026
0.5593918443180398
0.6203428780542767
0.6967018007995972
0.7946514250244721
0.9238363855389645
1.0048847370265142
1.100922940714521
1.216716316694152
1.3596306923578847
1.541877043206323
1.6541149590241906
1.786197014770687
1.945741896928729
2.0397870246615213
2.147015595009477
2.272406164960704
2.3445655919063664
2.4255284500717598
2.518722563170751
2.6307984298840994
2.6982756532075705
2.778847150851134
2.8271110335032725
2.884544642730797
2.918864962640492
2.9596396844103623
2.983974234721799
3.0128639992846273
3.0300964239939985
3.0505442533195875
3.062736205749508
3.077200606558618
3.0858243924426985
3.096055043500811
3.1021543692311986
3.109389920759953
3.1188204923518814
3.12187099389283
3.1254896085351502
3.1302057334592175
3.1317311940600727
3.1335407112377727
3.1358989835987847
3.1375665774370005
3.1387457660965628
3.141592653589793
8.058807652513092
2.187428798130244
72
0.
0.0013020833333333333
0.0026041666666666665
0.005208333333333333
0.010416666666666666
0.020833333333333332
0.03125
0.041666666666666664
0.08333333333333333
0.125
0.16666666666666666
0.25
0.3333333333333333
0.5
0.5833333333333333
0.6666666666666666
0.75
0.7916666666666666
0.8333333333333333
0.8541666666666666
0.875
0.8958333333333333
0.9166666666666666
0.9270833333333333
0.9375
0.9479166666666666
0.9583333333333333
0.9635416666666666
0.96875
0.9739583333333333
0.9791666666666666
0.9817708333333333
0.984375
0.9869791666666666
0.9895833333333333
0.9921875
0.9934895833333333
0.9947916666666666
0.99609375
0.9967447916666666
0.9973958333333333
0.998046875
0.9983723958333333
0.9986979166666666
0.9990234375
0.9993489583333333
0.99951171875
0.9996744791666666
0.999755859375
0.9998372395833333
0.9998779296875
0.9999186197916666
0.99993896484375
0.9999593098958333
0.999969482421875
0.9999796549479166
0.9999847412109375
0.9999898274739583
0.9999923706054688
0.9999949137369791
0.9999961853027344
0.9999974568684895
0.9999980926513672
0.9999987284342448
0.9999993642171223
0.9999995231628418
0.9999996821085612
0.9999998410542805
0.9999999205271403
0.9999999602635701
0.999999980131785
1.
0.
0.0031585299258623076
0.0044696785307471835
0.006329145902399916
0.0089737257206848
0.012756555674266486
0.015705520293300638
0.01823153704443165
0.026353791929237303
0.033030148849676054
0.039082211090611885
0.05049588347119269
0.061991383157937896
0.08891335244122171
0.1069792524944665
0.1318478385068087
0.1708805028809454
0.20080115777789645
0.24337809271712205
0.2720019300856793
0.3079909384492688
0.354771423748636
0.41869882664669195
0.46074800335456295
0.5130425803271893
0.5802334765469687
0.6702899891323609
0.7281261737187606
0.7983295362457254
0.8857585801114782
0.99855331288563
1.0687056210927524
1.1517635666358288
1.2522733856318697
1.3774525235923005
1.5397017879053878
1.6414345011240892
1.7631850074583615
1.9134388279921668
2.0037217963763037
2.1082380877675666
2.232564173798511
2.305109464591281
2.3873307254545497
2.482994275428401
2.599350475066613
2.670014862387327
2.7549148150571976
2.8060065235190885
2.8670001063310586
2.9035318938785424
2.9470105264417437
2.9729883729433064
3.0038524553995174
3.022274507200029
3.044144916503501
3.057188758427668
3.0726658462150205
3.081894441874533
3.0928436033205546
3.0993718119622824
3.107116646112561
3.111734091417637
3.1172118214972877
3.1243514945784208
3.1266610056238324
3.1294006592705905
3.132971284720986
3.1354962616773467
3.1372817717425625
3.1385443589222546
3.141592653589793
8.517193191416238
1.5088339155975814
74
0.
0.0013020833333333333
0.0026041666666666665
0.005208333333333333
0.010416666666666666
0.015625
0.020833333333333332
0.041666666666666664
0.0625
0.08333333333333333
0.16666666666666666
0.25
0.3333333333333333
0.5
0.5833333333333333
0.6666666666666666
0.75
0.7916666666666666
0.8333333333333333
0.875
0.8958333333333333
0.9166666666666666
0.9270833333333333
0.9375
0.9479166666666666
0.9583333333333333
0.9635416666666666
0.96875
0.9739583333333333
0.9791666666666666
0.9817708333333333
0.984375
0.9869791666666666
0.9895833333333333
0.9921875
0.9934895833333333
0.9947916666666666
0.99609375
0.9967447916666666
0.9973958333333333
0.998046875
0.9983723958333333
0.9986979166666666
0.9990234375
0.9991861979166666
0.9993489583333333
0.99951171875
0.9996744791666666
0.999755859375
0.9998372395833333
0.9998779296875
0.9999186197916666
0.99993896484375
0.9999593098958333
0.999969482421875
0.9999796549479166
0.9999847412109375
0.9999898274739583
0.9999923706054688
0.9999949137369791
0.9999961853027344
0.9999974568684895
0.9999980926513672
0.9999987284342448
0.9999990463256836
0.9999993642171223
0.9999996821085612
0.9999997615814209
0.9999998410542805
0.9999999205271403
0.9999999602635701
0.999999980131785
0.9999999900658925
1.
0.
0.0025457903646164655
0.0036026021028898528
0.005101407163374119
0.007233149509677467
0.008881827028782768
0.010282714513898304
0.014697297463384712
0.01819761908298733
0.02124899218316809
0.03152401838809627
0.040746388067273646
0.05004160435291308
0.07181267922675236
0.08639315272622658
0.10638007147327985
0.13751536664796216
0.16121731418108762
0.19474271922841138
0.24507929023387598
0.28102466410892585
0.32946753015168073
0.3609786120609596
0.3999059440598337
0.44973490600819904
0.5166842348468688
0.5600174446588578
0.6131454932335962
0.6802919161661973
0.768770403992954
0.8249649347911652
0.8927608750149537
0.9767946065039378
1.0848220728876141
1.2310820084126366
1.3267719426295537
1.4456885879970198
1.5995054005549703
1.6958676729666924
1.8112265889994656
1.953821605042303
2.0397082966447453
2.139389666495657
2.2583759445910534
2.3280303069476664
2.407184766742065
2.4995517652366117
2.6122855506585894
2.6809435303917715
2.763600112646375
2.8134174922791257
2.8729620621397602
2.908657072963141
2.951155152783721
2.976563744695304
3.006763917296655
3.0247902261871844
3.0461929457034915
3.0589611363783633
3.074114219897676
3.0831499663866566
3.093869900017549
3.100261213009544
3.1078434224878144
3.112363799606089
3.117726268112047
3.124715532535155
3.1269763472186383
3.1296582076924007
3.1331534663380225
3.1356251172326086
3.1373729032572593
3.1386088070340175
3.141592653589793
8.860399663809957
1.1289130675053525
74
0.
0.0026041666666666665
0.005208333333333333
0.010416666666666666
0.020833333333333332
0.03125
0.041666666666666664
0.08333333333333333
0.125
0.16666666666666666
0.3333333333333333
0.5
0.5833333333333333
0.6666666666666666
0.75
0.7916666666666666
0.8333333333333333
0.875
0.8958333333333333
0.9166666666666666
0.9375
0.9479166666666666
0.9583333333333333
0.9635416666666666
0.96875
0.9739583333333333
0.9791666666666666
0.9817708333333333
0.984375
0.9869791666666666
0.9895833333333333
0.9908854166666666
0.9921875
0.9934895833333333
0.9947916666666666
0.99609375
0.9967447916666666
0.9973958333333333
0.998046875
0.9983723958333333
0.9986979166666666
0.9990234375
0.9991861979166666
0.9993489583333333
0.99951171875
0.9996744791666666
0.999755859375
0.9998372395833333
0.9998779296875
0.9999186197916666
0.99993896484375
0.9999593098958333
0.999969482421875
0.9999796549479166
0.9999847412109375
0.9999898274739583
0.9999923706054688
0.9999949137369791
0.9999961853027344
0.9999974568684895
0.9999980926513672
0.9999987284342448
0.9999990463256836
0.9999993642171223
0.9999996821085612
0.9999997615814209
0.9999998410542805
0.9999999205271403
0.9999999403953552
0.9999999602635701
0.999999980131785
0.9999999900658925
0.9999999950329462
1.
0.
0.0030565482807491393
0.004328205645653853
0.006136929356237081
0.008724543974684714
0.010742189450383776
0.012470823535116892
0.018031924372947043
0.02260681500895034
0.026757151019872128
0.042493108452019236
0.06099788589957946
0.0733768164229793
0.09030684529822157
0.11657235097326432
0.13649025233895323
0.16456726043184033
0.20648010939326056
0.23619602121405597
0.27595529050330597
0.33328987699398727
0.37364808276591666
0.4278328821887215
0.46298094102993836
0.5062404084256563
0.5612662982056911
0.6344997279044043
0.6814874922636616
0.738703867190856
0.8104737685326125
0.9042183045761448
0.9632872867364024
1.0340548931827909
1.120988850583636
1.2314196675774776
1.378521827472359
1.4733007162697365
1.5895721123727935
1.7376933371713967
1.8293133186228692
1.9379335510115479
2.070781191147031
2.1501271684397882
2.241657202575334
2.350214386465171
2.485054911865487
2.5683147529742083
2.669565879623628
2.731051865609541
2.804943421256854
2.849403140474811
2.9024982874975023
2.934308640417789
2.972156806244406
2.9947728068058517
3.0216470045726855
3.037687646857595
3.0567280949866644
3.068084114009678
3.0815599235050892
3.0895959333143366
3.099130869218937
3.104816239547251
3.111561513473935
3.120354365877844
3.123198897987417
3.1265733829519484
3.130971658423462
3.1323943870793296
3.134082092253991
3.1362816928765764
3.1378371413054658
3.138937057378322
3.141592653589793
9.210340371976184
0.8328676605323031
75
0.
0.0026041666666666665
0.005208333333333333
0.010416666666666666
0.020833333333333332
0.03125
0.041666666666666664
0.08333333333333333
0.125
0.16666666666666666
0.3333333333333333
0.5
0.5833333333333333
0.6666666666666666
0.75
0.7916666666666666
0.8333333333333333
0.875
0.8958333333333333
0.9166666666666666
0.9375
0.9479166666666666
0.9583333333333333
0.96875
0.9739583333333333
0.9791666666666666
0.9817708333333333
0.984375
0.9869791666666666
0.9895833333333333
0.9908854166666666
0.9921875
0.9934895833333333
0.9947916666666666
0.9954427083333333
0.99609375
0.9967447916666666
0.9973958333333333
0.998046875
0.9983723958333333
0.9986979166666666
0.9990234375
0.9991861979166666
0.9993489583333333
0.99951171875
0.9995930989583333
0.9996744791666666
0.999755859375
0.9998372395833333
0.9998779296875
0.9999186197916666
0.99993896484375
0.9999593098958333
0.999969482421875
0.9999796549479166
0.9999847412109375
0.9999898274739583
0.9999923706054688
0.9999949137369791
0.9999961853027344
0.9999974568684895
0.9999980926513672
0.9999987284342448
0.9999990463256836
0.9999993642171223
0.9999995231628418
0.9999996821085612
0.9999998410542805
0.9999998807907104
0.9999999205271403
0.9999999602635701
0.999999980131785
0.9999999900658925
0.9999999950329462
1.
0.
0.0025787393990979648
0.0036516256153450517
0.00517766833893407
0.007360959174485457
0.009063442419381987
0.010522143180082138
0.015215507171507148
0.019077410646772812
0.02258168533612669
0.035873712776164204
0.05150625159507929
0.061954019032411434
0.07621722201120965
0.09827586128547913
0.11495393220422226
0.13840170744145308
0.1732513070383462
0.19782857359811862
0.2305377145734743
0.2774074363721546
0.31025912729698235
0.3543022927977551
0.41815235951161
0.46318513407387185
0.5235240835334704
0.5625170675168462
0.610315041087261
0.6707888932486223
0.7506974344010023
0.8016142428882593
0.8632267170643411
0.9398824084522187
1.0389149545274736
1.1006673348546265
1.1739911513564443
1.2631020310579129
1.374828520391103
1.521266903421739
1.6142774322330997
1.7270540360792466
1.8687763158247894
1.9554293205764854
2.057243042724356
2.1805158712988337
2.253542995978109
2.3372755490184853
2.435935591625541
2.5576273156831975
2.632354783443234
2.72286374944887
2.7776640131513526
2.8433716707074574
2.882854135984606
2.929950775558787
2.9581350912151017
2.991660109338887
3.011688618505827
3.0354796346225337
3.0496733951590596
3.066518889691986
3.0765654941328355
3.0884871749894214
3.0955962635053282
3.104031237426812
3.109060661125118
3.1150276295681643
3.1228057968982044
3.125322044390988
3.1283070650677045
3.1321976862034644
3.134949089512368
3.136894784896633
3.1382706790254167
3.141592653589793
9.615805480084347
0.5814796101112255
75
0.
0.005208333333333333
0.010416666666666666
0.020833333333333332
0.041666666666666664
0.08333333333333333
0.125
0.16666666666666666
0.3333333333333333
0.5
0.5833333333333333
0.6666666666666666
0.75
0.7916666666666666
0.8333333333333333
0.875
0.8958333333333333
0.9166666666666666
0.9375
0.9479166666666666
0.9583333333333333
0.96875
0.9739583333333333
0.9791666666666666
0.984375
0.9869791666666666
0.9895833333333333
0.9908854166666666
0.9921875
0.9934895833333333
0.9947916666666666
0.9954427083333333
0.99609375
0.9967447916666666
0.9973958333333333
0.998046875
0.9983723958333333
0.9986979166666666
0.9990234375
0.9991861979166666
0.9993489583333333
0.99951171875
0.9995930989583333
0.9996744791666666
0.999755859375
0.9997965494791666
0.9998372395833333
0.9998779296875
0.9999186197916666
0.99993896484375
0.9999593098958333
0.999969482421875
0.9999796549479166
0.9999847412109375
0.9999898274739583
0.9999923706054688
0.9999949137369791
0.9999961853027344
0.9999974568684895
0.9999980926513672
0.9999987284342448
0.9999990463256836
0.9999993642171223
0.9999995231628418
0.9999996821085612
0.9999997615814209
0.9999998410542805
0.9999999205271403
0.9999999403953552
0.9999999602635701
0.999999980131785
0.9999999900658925
0.9999999950329462
0.9999999975164731
1.
0.
0.002990500755709622
0.004240282260051899
0.006028397443873152
0.00861759084890385
0.012462260796741887
0.01562640552028215
0.018498019291645594
0.0293939344488941
0.042208726402113005
0.05076602762864773
0.062430310616730225
0.08042180289401608
0.09399082580017422
0.11302503898125901
0.14121314985937325
0.16100706257724337
0.1872365580464513
0.22462381257657796
0.2507292635273201
0.2856672295139994
0.3363465439650303
0.37220545661007676
0.4204911440925206
0.49053228328139337
0.5397879275133346
0.6054805495745456
0.6477166248581337
0.6992382107590207
0.7640065121196236
0.8488592732571042
0.902493443412161
0.9669534067817842
1.0465054603289572
1.1482772565551957
1.2854106232860052
1.3749067482222224
1.4860939232076638
1.6302262650088288
1.720886905235928
1.8299458572312202
1.9657216165721216
2.048081461963389
2.144257070512792
2.259906688697716
2.3280329918014706
2.405825844377008
2.497086530373589
2.6091171480748327
2.67766200184129
2.7604466027149583
2.8104841101519433
2.8704052815974355
2.906358749796543
2.9492132912690625
2.9748561456225286
3.0053456289112144
3.0235459315361624
3.045156122774594
3.058049376079182
3.073353859188873
3.0824826842316386
3.093316532784504
3.0997775710322983
3.1074442524183974
3.1120158973639054
3.11744006411479
3.1245111788588895
3.126798817542066
3.1295127183657523
3.1330500947735342
3.135551774846516
3.137320918467528
3.1385719862642167
3.141592653589793
9.903487552536127
0.44977547084515174
77
0.
0.005208333333333333
0.010416666666666666
0.020833333333333332
0.041666666666666664
0.08333333333333333
0.125
0.16666666666666666
0.3333333333333333
0.5
0.5833333333333333
0.6666666666666666
0.75
0.7916666666666666
0.8333333333333333
0.875
0.8958333333333333
0.9166666666666666
0.9375
0.9479166666666666
0.9583333333333333
0.96875
0.9739583333333333
0.9791666666666666
0.984375
0.9869791666666666
0.9895833333333333
0.9908854166666666
0.9921875
0.9934895833333333
0.9947916666666666
0.9954427083333333
0.99609375
0.9967447916666666
0.9973958333333333
0.9977213541666666
0.998046875
0.9983723958333333
0.9986979166666666
0.9990234375
0.9991861979166666
0.9993489583333333
0.99951171875
0.9995930989583333
0.9996744791666666
0.999755859375
0.9997965494791666
0.9998372395833333
0.9998779296875
0.9999186197916666
0.99993896484375
0.9999593098958333
0.999969482421875
0.9999796549479166
0.9999847412109375
0.9999898274739583
0.9999923706054688
0.9999949137369791
0.9999961853027344
0.9999974568684895
0.9999980926513672
0.9999987284342448
0.9999990463256836
0.9999993642171223
0.9999995231628418
0.9999996821085612
0.9999997615814209
0.9999998410542805
0.9999999205271403
0.9999999403953552
0.9999999602635701
0.999999980131785
0.9999999900658925
0.9999999950329462
0.9999999975164731
0.9999999987582365
1.
0.
0.002590889900762276
0.003673681840437582
0.005222908765932569
0.007466265025729714
0.010797645209032635
0.013539607535606131
0.016028281539222103
0.02547265724974545
0.03658002008656748
0.04399362439259754
0.05409061812059777
0.0696430146237146
0.08135720388419987
0.09777048324668407
0.1220324180257366
0.1390322795036871
0.16151003385329965
0.1934625198507783
0.21572732324200353
0.24549303403012251
0.28866739835439603
0.3192564422938242
0.36054012942250596
0.42067099252134227
0.46315287254766374
0.5200771792750889
0.5568421927550882
0.6018731696049416
0.6587808792768236
0.7338708433032912
0.781669164959825
0.8394832427784419
0.9114218584428347
1.0044768565411109
1.062627727981811
1.1318538071670912
1.2163166226660986
1.3228427030647087
1.4637331340705875
1.554069806691855
1.6645795006987474
1.8050526677270367
1.8918624089855762
1.9947720210906383
2.1206927880212683
2.1959593785796594
2.2828556487616463
2.3860290066167407
2.5143679078595773
2.593712077215391
2.6902954542551796
2.7490016020764165
2.81958504548304
2.8620775937475935
2.9128457891903072
2.943265074077257
2.9794678024189003
3.001107158683814
3.0268239864526465
3.042172997476324
3.0603910301750394
3.0712566413402076
3.084150603229366
3.0918396940392814
3.1009630532364145
3.1064030406026784
3.1128572116486155
3.121270637086879
3.1239924329289663
3.1272213216342464
3.1314298388441175
3.13440608398048
3.1365107942419312
3.1379991427673457
3.139051610825021
3.141592653589793
10.126631103850338
0.3686576537951316
78
0.
0.005208333333333333
0.010416666666666666
0.020833333333333332
0.041666666666666664
0.08333333333333333
0.125
0.16666666666666666
0.3333333333333333
0.5
0.5833333333333333
0.6666666666666666
0.75
0.7916666666666666
0.8333333333333333
0.875
0.8958333333333333
0.9166666666666666
0.9375
0.9479166666666666
0.9583333333333333
0.96875
0.9739583333333333
0.9791666666666666
0.984375
0.9869791666666666
0.9895833333333333
0.9921875
0.9934895833333333
0.9947916666666666
0.9954427083333333
0.99609375
0.9967447916666666
0.9973958333333333
0.9977213541666666
0.998046875
0.9983723958333333
0.9986979166666666
0.9990234375
0.9991861979166666
0.9993489583333333
0.99951171875
0.9995930989583333
0.9996744791666666
0.999755859375
0.9997965494791666
0.9998372395833333
0.9998779296875
0.9998982747395833
0.9999186197916666
0.99993896484375
0.9999593098958333
0.999969482421875
0.9999796549479166
0.9999847412109375
0.9999898274739583
0.9999923706054688
0.9999949137369791
0.9999961853027344
0.9999974568684895
0.9999980926513672
0.9999987284342448
0.9999990463256836
0.9999993642171223
0.9999995231628418
0.9999996821085612
0.9999997615814209
0.9999998410542805
0.9999999205271403
0.9999999403953552
0.9999999602635701
0.999999980131785
0.9999999850988388
0.9999999900658925
0.9999999950329462
0.9999999975164731
0.9999999987582365
1.
0.
0.002315784164675659
0.0032836114134211663
0.004668363806989908
0.006673600298809219
0.009651501346357755
0.012102654231461233
0.014327492718722117
0.022771392698559375
0.032701797390534415
0.03932781768258032
0.048347485095018
0.0622285164830197
0.07267542409498995
0.08730268927141618
0.10890040423500263
0.12401357642548895
0.1439702641832963
0.17229197577319152
0.19200137314036875
0.218331768237033
0.2565178973775238
0.2835907789461124
0.32017681829245126
0.3735943832770005
0.41143790010899084
0.4622903953874564
0.5356615626261955
0.5869275785122132
0.6548677033584329
0.6983009267522956
0.7510413551077163
0.8170028212654344
0.9029211611137595
0.9569772700634374
1.0217196748997304
1.101319557529281
1.2027249958752178
1.338717439318847
1.4271111177932547
1.5365842561066454
1.6779797082069157
1.7666529146104397
1.8730779831320754
2.0052486007390224
2.0852665945638806
2.178577650990336
2.290614037019548
2.356544919663466
2.4317723954412807
2.51995494111109
2.6281324157311987
2.6942829414542233
2.7741561645554524
2.822411825481707
2.880179097469218
2.914844735769959
2.956166372365261
2.980887119755922
3.010273707904349
3.0278222978175
3.0486646927039702
3.0611002702365515
3.0758577961461606
3.0846578295839424
3.0950990057066927
3.101324585534758
3.108710630969316
3.1183385255814566
3.121453139779447
3.12514798772343
3.129963761406555
3.131521525312875
3.1333694062457647
3.135777750115043
3.1374808011919093
3.1386850875463894
3.141592653589793
10.308952660644293
0.3136669162908459
77
0.
0.010416666666666666
0.020833333333333332
0.041666666666666664
0.08333333333333333
0.125
0.16666666666666666
0.3333333333333333
0.5
0.5833333333333333
0.6666666666666666
0.75
0.7916666666666666
0.8333333333333333
0.875
0.8958333333333333
0.9166666666666666
0.9375
0.9479166666666666
0.9583333333333333
0.96875
0.9739583333333333
0.9791666666666666
0.984375
0.9869791666666666
0.9895833333333333
0.9921875
0.9934895833333333
0.9947916666666666
0.9954427083333333
0.99609375
0.9967447916666666
0.9973958333333333
0.9977213541666666
0.998046875
0.9983723958333333
0.9986979166666666
0.9990234375
0.9991861979166666
0.9993489583333333
0.99951171875
0.9995930989583333
0.9996744791666666
0.999755859375
0.9997965494791666
0.9998372395833333
0.9998779296875
0.9998982747395833
0.9999186197916666
0.99993896484375
0.9999593098958333
0.999969482421875
0.9999796549479166
0.9999847412109375
0.9999898274739583
0.9999923706054688
0.9999949137369791
0.9999961853027344
0.9999974568684895
0.9999980926513672
0.9999987284342448
0.9999990463256836
0.9999993642171223
0.9999995231628418
0.9999996821085612
0.9999997615814209
0.9999998410542805
0.9999998807907104
0.9999999205271403
0.9999999602635701
0.9999999701976776
0.999999980131785
0.9999999900658925
0.9999999950329462
0.9999999975164731
0.9999999987582365
1.
0.
0.002993825427509045
0.0042563962957286846
0.006084724482073529
0.008799970537760467
0.011035010429045969
0.013063755503809579
0.020763857706548896
0.029819251236080407
0.035860116782286004
0.04408032763112529
0.05672359237237502
0.06623376826674095
0.07954307711197334
0.09918009550958778
0.11290915835999948
0.13102207335958782
0.15669839048248752
0.17455104195301943
0.19838878792711676
0.23295462873467926
0.25747068998783795
0.29062890474679937
0.339118536596017
0.373534073644171
0.4198680572852884
0.4869036987820416
0.5338776158501632
0.5963122300607877
0.6363412476627489
0.685077309498612
0.746242286080673
0.8262932535981237
0.8768939449134019
0.9377534379164647
1.0129842039043677
1.1095169180827829
1.2402801750932517
1.3261369061525314
1.4334702129706884
1.5738366317656054
1.6629066834999207
1.7709060293425964
1.9067345961243254
1.9898930911693573
2.0877501559403124
2.2064768746684997
2.276950038812774
2.3578854815631107
2.4534417786647134
2.57157560040869
2.644262607076103
2.732427346924799
2.7858872955892036
2.8500133810390413
2.888581548049366
2.9346171240323473
2.9621707599578486
2.994943430103179
3.014523765682513
3.037786886532331
3.051669387455094
3.06814672243522
3.077974261160822
3.0896364795782314
3.09659109964149
3.104843041572116
3.109763458003747
3.1156012221162004
3.1232111678168306
3.125673044155018
3.1285935952953805
3.1324002384880063
3.135092288015272
3.1369960276276263
3.138342261413201
3.141592653589793
10.56410860802415
0.2508504203599535
77
0.
0.010416666666666666
0.020833333333333332
0.041666666666666664
0.08333333333333333
0.125
0.16666666666666666
0.3333333333333333
0.5
0.6666666666666666
0.75
0.8333333333333333
0.875
0.8958333333333333
0.9166666666666666
0.9375
0.9479166666666666
0.9583333333333333
0.96875
0.9739583333333333
0.9791666666666666
0.984375
0.9869791666666666
0.9895833333333333
0.9921875
0.9934895833333333
0.9947916666666666
0.99609375
0.9967447916666666
0.9973958333333333
0.9977213541666666
0.998046875
0.9983723958333333
0.9986979166666666
0.9988606770833333
0.9990234375
0.9991861979166666
0.9993489583333333
0.99951171875
0.9995930989583333
0.9996744791666666
0.999755859375
0.9997965494791666
0.9998372395833333
0.9998779296875
0.9998982747395833
0.9999186197916666
0.99993896484375
0.9999593098958333
0.999969482421875
0.9999796549479166
0.9999847412109375
0.9999898274739583
0.9999923706054688
0.9999949137369791
0.9999961853027344
0.9999974568684895
0.9999980926513672
0.9999987284342448
0.9999990463256836
0.9999993642171223
0.9999995231628418
0.9999996821085612
0.9999997615814209
0.9999998410542805
0.9999998807907104
0.9999999205271403
0.9999999602635701
0.9999999701976776
0.999999980131785
0.9999999900658925
0.9999999925494194
0.9999999950329462
0.9999999975164731
0.9999999987582365
0.9999999993791182
1.
0.
0.002627830574217677
0.0037360597230413285
0.005340910896985379
0.007724351297400902
0.00968634426483304
0.011467307669302236
0.01822737491848961
0.026176905165878065
0.0386901934214665
0.04977452556798085
0.06976152210926137
0.08694257022717876
0.09894264273017711
0.1147586283911466
0.13715031649020645
0.1527033922047184
0.17345793796489986
0.20354637850620774
0.224895374374144
0.2537963358830998
0.2961353186823999
0.32624763297847525
0.3668753613920459
0.4258390609509376
0.46729212826511507
0.5225719469324407
0.6015564265662211
0.6562728977129357
0.7282782239119642
0.7740407309582044
0.8293528729597693
0.8981604650636856
0.9872100028431796
1.0429149344089155
1.1093133657458982
1.1904807020440362
1.2931557993569782
1.4295942980792473
1.5175283350560917
1.6256495204654664
1.76407050696935
1.8502044702895521
1.9529457354385253
2.0796335789507525
2.155878461825578
2.2443943758534144
2.350161261766926
2.482701766416337
2.565150035269518
2.6659661272501953
2.727475046168947
2.801602053383433
2.8463441628526347
2.8998498680936367
2.931939556580081
2.9701762623584345
2.993045217712763
3.020220294201091
3.0364378890742336
3.0556921965206025
3.06717897579203
3.080813089986832
3.0889451252702336
3.0985955751961356
3.104350638844744
3.1111793907255634
3.120082353921064
3.1229628210218383
3.126380134899804
3.130834557592489
3.1322755271001523
3.1339849201847656
3.1362128682197588
3.1377884182464437
3.1389025763087868
3.141592653589793
10.819778284410283
0.20143611893336566
77
0.
0.010416666666666666
0.020833333333333332
0.041666666666666664
0.08333333333333333
0.16666666666666666
0.3333333333333333
0.5
0.6666666666666666
0.75
0.8333333333333333
0.875
0.8958333333333333
0.9166666666666666
0.9375
0.9479166666666666
0.9583333333333333
0.96875
0.9739583333333333
0.9791666666666666
0.984375
0.9869791666666666
0.9895833333333333
0.9921875
0.9934895833333333
0.9947916666666666
0.99609375
0.9967447916666666
0.9973958333333333
0.9977213541666666
0.998046875
0.9983723958333333
0.9986979166666666
0.9988606770833333
0.9990234375
0.9991861979166666
0.9993489583333333
0.99951171875
0.9995930989583333
0.9996744791666666
0.999755859375
0.9997965494791666
0.9998372395833333
0.9998779296875
0.9998982747395833
0.9999186197916666
0.99993896484375
0.9999491373697916
0.9999593098958333
0.999969482421875
0.9999796549479166
0.9999847412109375
0.9999898274739583
0.9999923706054688
0.9999949137369791
0.9999961853027344
0.9999974568684895
0.9999980926513672
0.9999987284342448
0.9999990463256836
0.9999993642171223
0.9999995231628418
0.9999996821085612
0.9999997615814209
0.9999998410542805
0.9999998807907104
0.9999999205271403
0.9999999403953552
0.9999999602635701
0.999999980131785
0.9999999850988388
0.9999999900658925
0.9999999950329462
0.9999999975164731
0.9999999987582365
0.9999999993791182
1.
0.
0.002302637025414896
0.003273727127041935
0.004680007515676966
0.006768583450232431
0.01004862432647531
0.015972975071466555
0.02293945143279981
0.03390084705830925
0.04360393826863686
0.06108736314111773
0.07610374996587338
0.08658380666491358
0.10038565739530013
0.11990630650738923
0.1334542579191355
0.15152423186130007
0.1777152480108698
0.1963040635823956
0.22148554298471404
0.25842573773195543
0.2847410389077882
0.32030559586694507
0.3720481336860819
0.4085180640006296
0.4572807280854822
0.5272230828162041
0.5758839658638532
0.6401985039480622
0.6812506434684915
0.7310667054422229
0.7933557721800598
0.8745278683664515
0.9256480001025059
0.9869491853466331
1.062461807154868
1.1589477291243016
1.2889725595931465
1.3739516776433316
1.4797955511336784
1.6176364248298531
1.7048126473853686
1.8102713946409759
1.942593340819656
2.0234739336623773
2.1185525533543093
2.2338193421078447
2.302207153344181
2.3807377531041465
2.4734452333799384
2.5880837084075363
2.6586193444879003
2.7442143956325014
2.796101458895198
2.8583704320377294
2.895833342095653
2.9405353060470736
2.9672904012073094
2.999124369063411
3.018146480659115
3.0407443171443114
3.0542277366083
3.0702326273497547
3.0797791653614457
3.0911086799450684
3.097865287636028
3.105882659842069
3.1106634050349844
3.116335648730718
3.1237301378513274
3.126122387792866
3.128960388258929
3.132659513073913
3.135275579002327
3.137125611894112
3.138433880467438
3.141592653589793
11.166301533755057
0.151202295417749
78
0.
0.020833333333333332
0.041666666666666664
0.08333333333333333
0.16666666666666666
0.3333333333333333
0.5
0.6666666666666666
0.75
0.8333333333333333
0.875
0.8958333333333333
0.9166666666666666
0.9375
0.9479166666666666
0.9583333333333333
0.96875
0.9739583333333333
0.9791666666666666
0.984375
0.9869791666666666
0.9895833333333333
0.9921875
0.9934895833333333
0.9947916666666666
0.99609375
0.9967447916666666
0.9973958333333333
0.998046875
0.9983723958333333
0.9986979166666666
0.9988606770833333
0.9990234375
0.9991861979166666
0.9993489583333333
0.99951171875
0.9995930989583333
0.9996744791666666
0.999755859375
0.9997965494791666
0.9998372395833333
0.9998779296875
0.9998982747395833
0.9999186197916666
0.99993896484375
0.9999491373697916
0.9999593098958333
0.999969482421875
0.9999745686848958
0.9999796549479166
0.9999847412109375
0.9999898274739583
0.9999923706054688
0.9999949137369791
0.9999961853027344
0.9999974568684895
0.9999980926513672
0.9999987284342448
0.9999990463256836
0.9999993642171223
0.9999995231628418
0.9999996821085612
0.9999997615814209
0.9999998410542805
0.9999998807907104
0.9999999205271403
0.9999999403953552
0.9999999602635701
0.999999980131785
0.9999999850988388
0.9999999900658925
0.9999999950329462
0.9999999962747097
0.9999999975164731
0.9999999987582365
0.9999999993791182
0.9999999996895591
1.
0.
0.0027295060469723713
0.0039020360648473742
0.005643486578480448
0.008378489398587716
0.013318647801658024
0.019127560829920186
0.028263426984743607
0.03634491225028556
0.05089545914983013
0.0633823507659271
0.07209032476278421
0.08354938665465525
0.09974015469354364
0.11096785824246919
0.12593538688326564
0.14762455246920356
0.16302216452436308
0.18389461397881607
0.2145559332496581
0.23643444054073348
0.26605420963083326
0.3092571161501662
0.33978933745204165
0.38072334617187037
0.43967802234807546
0.4808725670325177
0.535567724793486
0.6133680905308198
0.6670871027839719
0.73760492657998
0.7823342961119077
0.8363163505314823
0.9033597195987251
0.98996518535519
1.1084880935828365
1.1871799280027293
1.2866749921987362
1.4189256162191088
1.5042693143565617
1.6094128003353183
1.7445041142665354
1.8289253700678951
1.9300500027200567
2.0554686469182193
2.131390849366818
2.21995698698661
2.3264152894362358
2.3891492285075886
2.4608080506251193
2.544947420244644
2.648362220123029
2.7116992807630766
2.7882932651665255
2.834603548262549
2.8901000223625353
2.923425293036306
2.963150987774785
2.9869263251040605
3.0152052591161067
3.0320912954405257
3.052140055632077
3.0641010944503106
3.078298421144528
3.0867665360298258
3.096815966978921
3.102809040559336
3.1099202811888293
3.1191916601297174
3.122191354073285
3.125750134310965
3.130388987399427
3.1318896263589937
3.133669808463775
3.1359900269392744
3.1376308342750177
3.1387911410281504
3.141592653589793
11.512925464970229
0.11538279040531678
75
0.
0.041666666666666664
0.08333333333333333
0.16666666666666666
0.3333333333333333
0.5
0.6666666666666666
0.75
0.8333333333333333
0.875
0.9166666666666666
0.9375
0.9479166666666666
0.9583333333333333
0.96875
0.9739583333333333
0.9791666666666666
0.984375
0.9869791666666666
0.9895833333333333
0.9921875
0.9934895833333333
0.9947916666666666
0.99609375
0.9967447916666666
0.9973958333333333
0.998046875
0.9983723958333333
0.9986979166666666
0.9990234375
0.9991861979166666
0.9993489583333333
0.99951171875
0.9995930989583333
0.9996744791666666
0.999755859375
0.9997965494791666
0.9998372395833333
0.9998779296875
0.9998982747395833
0.9999186197916666
0.99993896484375
0.9999491373697916
0.9999593098958333
0.999969482421875
0.9999745686848958
0.9999796549479166
0.9999847412109375
0.9999898274739583
0.9999923706054688
0.9999949137369791
0.9999961853027344
0.9999974568684895
0.9999980926513672
0.9999987284342448
0.9999990463256836
0.9999993642171223
0.9999995231628418
0.9999996821085612
0.9999997615814209
0.9999998410542805
0.9999998807907104
0.9999999205271403
0.9999999403953552
0.9999999602635701
0.9999999701976776
0.999999980131785
0.9999999900658925
0.9999999925494194
0.9999999950329462
0.9999999975164731
0.9999999987582365
0.9999999993791182
0.9999999996895591
1.
0.
0.0032403286456232855
0.004686497406685518
0.006957808960076502
0.011060523896174275
0.015884417823459257
0.023468774436489998
0.03017422607214584
0.042240743234340655
0.052589787733286326
0.0692898267758587
0.08268440571986639
0.09196761866415012
0.10433842306497626
0.1222616510645219
0.1349880548403327
0.15224799538719766
0.17762818047578402
0.19576061705186146
0.22034066289616425
0.2562611766660602
0.2816975611712791
0.31586949935650005
0.36523504655647204
0.3998432315297777
0.4459510454090292
0.5118719635031609
0.5576364160368563
0.6180441186697454
0.7032806452379264
0.76165588355923
0.8376923487394998
0.9429887286789105
1.0137486158233433
1.1042735039353688
1.2265944107307687
1.306848949033898
1.407279199356043
1.5390716045620618
1.6231573549495748
1.7257789165348767
1.8561676582556128
1.9368717898697978
2.0328168396374227
2.1507837928314464
2.2216894230629998
2.3039648856117405
2.4022821344248606
2.5256007748873945
2.6024110137766447
2.696445428492532
2.75388886838788
2.8231788228467085
2.8650202911504965
2.9151051757982858
2.945149950839442
2.9809536516059576
3.002373943733937
3.027840509478105
3.0430410765158395
3.061087452466578
3.0718533587933115
3.0846316044268964
3.09225303666813
3.1012974249910923
3.106691001075243
3.113090765210497
3.1214343397115303
3.1241337983787862
3.127336353281408
3.1315108162973035
3.134463162595262
3.1365510646305648
3.1380275720355133
3.141592653589793
11.918390573078392
0.08649075365487273
77
0.
0.041666666666666664
0.08333333333333333
0.16666666666666666
0.3333333333333333
0.5
0.6666666666666666
0.75
0.8333333333333333
0.875
0.9166666666666666
0.9375
0.9479166666666666
0.9583333333333333
0.96875
0.9739583333333333
0.9791666666666666
0.984375
0.9869791666666666
0.9895833333333333
0.9921875
0.9934895833333333
0.9947916666666666
0.99609375
0.9967447916666666
0.9973958333333333
0.998046875
0.9983723958333333
0.9986979166666666
0.9990234375
0.9991861979166666
0.9993489583333333
0.99951171875
0.9995930989583333
0.9996744791666666
0.999755859375
0.9997965494791666
0.9998372395833333
0.9998779296875
0.9998982747395833
0.9999186197916666
0.99993896484375
0.9999491373697916
0.9999593098958333
0.999969482421875
0.9999745686848958
0.9999796549479166
0.9999847412109375
0.9999872843424479
0.9999898274739583
0.9999923706054688
0.9999949137369791
0.9999961853027344
0.9999974568684895
0.9999980926513672
0.9999987284342448
0.9999990463256836
0.9999993642171223
0.9999995231628418
0.9999996821085612
0.9999997615814209
0.9999998410542805
0.9999998807907104
0.9999999205271403
0.9999999403953552
0.9999999602635701
0.9999999701976776
0.999999980131785
0.9999999850988388
0.9999999900658925
0.9999999950329462
0.9999999962747097
0.9999999975164731
0.9999999987582365
0.9999999993791182
0.9999999996895591
1.
0.
0.0025900993236219853
0.0037460893197514846
0.005561679702767434
0.008841256142105677
0.012697050696737102
0.018757543467434138
0.02411328986693877
0.03374681180229317
0.042005379195459616
0.05532302072499334
0.06599656068236794
0.0733904954811439
0.08324076724214693
0.09751035935349295
0.10764425458706037
0.12139396689618633
0.14163070694371213
0.15610414342150353
0.17574690301659956
0.20450164817212052
0.2249006652135497
0.25235616528343824
0.2921287727843937
0.32009541687128
0.357470495737465
0.4111536685066252
0.44860571117617487
0.4982870502980309
0.5688954184513089
0.6176159965731138
0.6815419350585422
0.7709954979607809
0.8317458110440198
0.9102674964822957
1.0178995532746404
1.089548547554197
1.1804629442883474
1.3020988145259829
1.3812246000016573
1.4795629190572854
1.6076348952756314
1.6888491052923287
1.7875415661455998
1.9124025686640673
1.9894830282315392
2.0809644267768963
2.1933550251297933
2.2608813021350795
2.3392528455649493
2.4329777244804562
2.5506682867422423
2.6240751769713277
2.714087368398975
2.7691133725581643
2.835585550398761
2.8757499288460506
2.9238272519223543
2.9526984565826777
2.9871213746168865
3.007708186965595
3.032171588774257
3.046776892487263
3.064123115379206
3.074474736511239
3.0867645762510714
3.0940964244292624
3.102798834393521
3.107989339560565
3.1141489908442423
3.1221808969793714
3.124779853178171
3.1278633860005374
3.13188305244562
3.1347261572116762
3.1367369193122148
3.141592653589793
12.206072645530174
0.07210522971241465
77
0.
0.08333333333333333
0.16666666666666666
0.3333333333333333
0.5
0.6666666666666666
0.75
0.8333333333333333
0.875
0.9166666666666666
0.9375
0.9583333333333333
0.96875
0.9739583333333333
0.9791666666666666
0.984375
0.9869791666666666
0.9895833333333333
0.9921875
0.9934895833333333
0.9947916666666666
0.99609375
0.9967447916666666
0.9973958333333333
0.998046875
0.9983723958333333
0.9986979166666666
0.9990234375
0.9991861979166666
0.9993489583333333
0.99951171875
0.9995930989583333
0.9996744791666666
0.999755859375
0.9997965494791666
0.9998372395833333
0.9998779296875
0.9998982747395833
0.9999186197916666
0.99993896484375
0.9999491373697916
0.9999593098958333
0.999969482421875
0.9999745686848958
0.9999796549479166
0.9999847412109375
0.9999872843424479
0.9999898274739583
0.9999923706054688
0.9999936421712239
0.9999949137369791
0.9999961853027344
0.9999974568684895
0.9999980926513672
0.9999987284342448
0.9999990463256836
0.9999993642171223
0.9999995231628418
0.9999996821085612
0.9999997615814209
0.9999998410542805
0.9999998807907104
0.9999999205271403
0.9999999403953552
0.9999999602635701
0.9999999701976776
0.999999980131785
0.9999999850988388
0.9999999900658925
0.9999999925494194
0.9999999950329462
0.9999999975164731
0.9999999981373549
0.9999999987582365
0.9999999993791182
0.9999999996895591
1.
0.
0.0031779806836240414
0.004718240133801514
0.0075004636956468775
0.010771357298244473
0.015911576253542215
0.020452932651887842
0.02861989785007427
0.03561967602067872
0.046903692691279066
0.05594396474218667
0.0705449096487877
0.08262592944391842
0.09120649013106252
0.10285158459795567
0.1199994003833129
0.13227132413332301
0.14893738808454438
0.1733590172717681
0.19070275435332745
0.21407166775035363
0.24798146073452912
0.2718684796876845
0.3038508871220691
0.34991595177731527
0.3821479095022075
0.425031490493047
0.4862408070208341
0.5286636277509504
0.5845656145251786
0.6632585096773824
0.7170379058771358
0.7869468738727887
0.8835375128769541
0.9483504723428527
1.0312084690501615
1.1432104217143932
1.2168199029511697
1.3091980308044893
1.4311313844431053
1.509504043998821
1.6059612369414265
1.7301388256126917
1.8081106271279204
1.9021340092685064
2.020031174982652
2.0922657150807122
2.177511204845485
2.2815762769348242
2.343791959797235
2.415723801103175
2.5013973842784054
2.60850913681136
2.6750779913858636
2.7565926129460614
2.8063024182463288
2.8662094113084127
2.902393218312272
2.9457129991284243
2.9716879781113543
3.0026046046381967
3.0210894762945064
3.0430696929839165
3.056200480810194
3.071803322427162
3.0811186429271737
3.092182140143091
3.098784453642124
3.1066229756339823
3.1112992679234606
3.116849713581711
3.1240889095165825
3.1264317665616113
3.1292117088776807
3.1328360358472644
3.1353998046635625
3.141592653589793
12.429216196844383
0.06354772737704975
78
0.
0.08333333333333333
0.16666666666666666
0.3333333333333333
0.5
0.6666666666666666
0.75
0.8333333333333333
0.875
0.9166666666666666
0.9375
0.9583333333333333
0.96875
0.9739583333333333
0.9791666666666666
0.984375
0.9869791666666666
0.9895833333333333
0.9921875
0.9934895833333333
0.9947916666666666
0.99609375
0.9967447916666666
0.9973958333333333
0.998046875
0.9983723958333333
0.9986979166666666
0.9990234375
0.9991861979166666
0.9993489583333333
0.99951171875
0.9995930989583333
0.9996744791666666
0.999755859375
0.9997965494791666
0.9998372395833333
0.9998779296875
0.9998982747395833
0.9999186197916666
0.99993896484375
0.9999491373697916
0.9999593098958333
0.999969482421875
0.9999745686848958
0.9999796549479166
0.9999847412109375
0.9999872843424479
0.9999898274739583
0.9999923706054688
0.9999936421712239
0.9999949137369791
0.9999961853027344
0.9999968210856119
0.9999974568684895
0.9999980926513672
0.9999987284342448
0.9999990463256836
0.9999993642171223
0.9999995231628418
0.9999996821085612
0.9999997615814209
0.9999998410542805
0.9999998807907104
0.9999999205271403
0.9999999403953552
0.9999999602635701
0.9999999701976776
0.999999980131785
0.9999999850988388
0.9999999900658925
0.9999999925494194
0.9999999950329462
0.9999999975164731
0.9999999981373549
0.9999999987582365
0.9999999993791182
0.9999999996895591
1.
0.
0.002786442249718633
0.004136941224097797
0.006576392789508754
0.009444167097544807
0.01395034217045276
0.01793080374158699
0.025088176174172985
0.031221956693946108
0.04110802233327665
0.04902651117050172
0.06181335383177559
0.07239279073888781
0.07990742265703556
0.09010761429740419
0.10513289774413435
0.11589029453715806
0.13050639327381283
0.15193906284893346
0.1671713608125596
0.1877114092167104
0.21755142283981616
0.23859844676100947
0.26681596284675
0.3075391186622032
0.3360938445198236
0.37416566116647454
0.42867423570533764
0.46657244202666287
0.5166683222780478
0.5874941308066758
0.6361001876691116
0.6995455827181406
0.787696163413157
0.8471655849341638
0.923577343465655
1.0275652635542905
1.0963561163508022
1.183211303282474
1.2988103401675608
1.3737256044139674
1.4666431442497663
1.5875419366320433
1.664257690819292
1.7577120279576377
1.8765250358608168
1.950323015631091
2.0385344229508204
2.1480147317011045
2.214495491192691
2.292399413761862
2.38673340779804
2.4427354030548605
2.507146114355158
2.5833071748664893
2.677985985872578
2.7364905949873086
2.807647246015694
2.8509658809249654
2.9031326178850096
2.93456880258156
2.972190130324236
2.9947663068919135
3.021642955929696
3.037683468723321
3.0567222250678765
3.068077748953685
3.081553482280762
3.0895897118283053
3.099125164782013
3.1048109769739045
3.111556904223033
3.1203508176977723
3.123195743912256
3.126570729720401
3.1309697104932543
3.134080676728172
3.141592653589793
12.611537753638338
0.057905539566668274
77
0.
0.08333333333333333
0.16666666666666666
0.3333333333333333
0.5
0.6666666666666666
0.75
0.8333333333333333
0.875
0.9166666666666666
0.9375
0.9583333333333333
0.96875
0.9791666666666666
0.984375
0.9869791666666666
0.9895833333333333
0.9921875
0.9934895833333333
0.9947916666666666
0.99609375
0.9967447916666666
0.9973958333333333
0.998046875
0.9983723958333333
0.9986979166666666
0.9990234375
0.9991861979166666
0.9993489583333333
0.99951171875
0.9995930989583333
0.9996744791666666
0.999755859375
0.9997965494791666
0.9998372395833333
0.9998779296875
0.9998982747395833
0.9999186197916666
0.99993896484375
0.9999491373697916
0.9999593098958333
0.999969482421875
0.9999745686848958
0.9999796549479166
0.9999847412109375
0.9999872843424479
0.9999898274739583
0.9999923706054688
0.9999936421712239
0.9999949137369791
0.9999961853027344
0.9999968210856119
0.9999974568684895
0.9999980926513672
0.9999987284342448
0.9999990463256836
0.9999993642171223
0.9999995231628418
0.9999996821085612
0.9999997615814209
0.9999998410542805
0.9999998807907104
0.9999999205271403
0.9999999403953552
0.9999999602635701
0.9999999701976776
0.999999980131785
0.9999999850988388
0.9999999900658925
0.9999999925494194
0.9999999950329462
0.9999999962747097
0.9999999975164731
0.9999999987582365
0.9999999993791182
0.9999999996895591
1.
0.
0.0024953163304173606
0.0037046876495832443
0.005889275338322076
0.008457270123119483
0.012492082317711338
0.016055769371664638
0.022462925516767353
0.027953484748157145
0.03680172201563065
0.04388788294569573
0.055329223120296776
0.06479507392679784
0.08064732181830286
0.09409684123020101
0.10372900765644875
0.11682076587930199
0.1360280803280873
0.14968658106405516
0.16811526728868179
0.19491187981014085
0.21383092654407437
0.23922122123288977
0.2759208767399572
0.3016963035217909
0.33612008328165816
0.38552463827612393
0.4199600457821186
0.46558904598155126
0.5303209756191469
0.5748953329042085
0.6332661722612607
0.7147222233825471
0.7699062381223263
0.8410871294276039
0.9384494060419203
1.0031742460723378
1.0852624167058254
1.1951410439192043
1.2667521537158737
1.3560295985956603
1.4730098884242082
1.5477761827362893
1.6394453833785645
1.7570314961327607
1.830751454668933
1.9196402121519414
2.0312723864683444
2.099866928961077
2.1811362896291704
2.2809047082738547
2.3409261933954513
2.4107237291977297
2.494483743604688
2.600254219780988
2.6664695122689435
2.748100607374967
2.7983184978526054
2.859183106048697
2.8961140034624937
2.9404962102768346
2.9671879149436067
2.998968945807452
3.0179609467646906
3.0405349089946094
3.0540155453955053
3.07002934565124
3.07958754337876
3.0909370794968267
3.097708834741172
3.1057472997303868
3.1105422380248773
3.116232891739067
3.123653945220236
3.128904741978749
3.1326192760406952
3.141592653589793