16
22
3.912023005428146
31.57767739697894
79
0.
0.0003255208333333333
0.0006510416666666666
0.0013020833333333333
0.0026041666666666665
0.005208333333333333
0.0078125
0.010416666666666666
0.020833333333333332
0.03125
0.041666666666666664
0.0625
0.08333333333333333
0.125
0.16666666666666666
0.25
0.3333333333333333
0.41666666666666663
0.5
0.5416666666666666
0.5833333333333333
0.625
0.6458333333333333
0.65625
0.6666666666666666
0.671875
0.6770833333333333
0.6822916666666666
0.6848958333333333
0.6875
0.6901041666666666
0.6927083333333333
0.6979166666666666
0.703125
0.7083333333333333
0.71875
0.7291666666666666
0.75
0.7916666666666666
0.8333333333333333
0.8541666666666666
0.875
0.8854166666666666
0.8958333333333333
0.9010416666666666
0.90625
0.9088541666666666
0.9114583333333333
0.9140625
0.9153645833333333
0.9166666666666666
0.9173177083333333
0.91796875
0.9186197916666666
0.9192708333333333
0.921875
0.9244791666666666
0.9270833333333333
0.9322916666666666
0.9375
0.9479166666666666
0.9583333333333333
0.96875
0.9791666666666666
0.984375
0.9895833333333333
0.9921875
0.9947916666666666
0.99609375
0.9973958333333333
0.9986979166666666
0.9990234375
0.9993489583333333
0.9996744791666666
0.9998372395833333
0.9999186197916666
0.9999593098958333
0.9999796549479166
1.
0.
0.009666764195541962
0.01367257237137557
0.019340755007947835
0.027365613924894314
0.03873955177661645
0.04749369454354942
0.054896202596054815
0.0779504324636781
0.09586211470000634
0.11115306338119746
0.13729234410473515
0.1599158598989191
0.1994354021753103
0.2347470297543454
0.2998948393369083
0.3636114488614611
0.43095851160968407
0.5081445057121124
0.5539041425367965
0.608487463090907
0.6798603977397136
0.7286043543234041
0.7596378132954463
0.7990108724609316
0.8241558283298637
0.8560192968511006
0.9015133571263944
0.9360961257516337
0.9924520303707626
1.0805538386042697
1.1413598158245553
1.2096305694386553
1.254407562093686
1.2894578317181895
1.3451792913112375
1.3906526726098793
1.4665523942424117
1.5939049329670536
1.7159871379521778
1.782528416650078
1.859329774490087
1.905170995919671
1.9606857166063645
1.994854649937293
2.0369669255415754
2.0631252140972647
2.0953671434278482
2.1392467934267305
2.1703322604364477
2.215716594065782
2.2487371505889358
2.2894132421268347
2.328392376849108
2.359223526308847
2.4348340434345723
2.4813687398168565
2.516887590841923
2.572485383453977
2.6175114368755725
2.692820776227274
2.7592713032029588
2.8234036999048926
2.8904406984522573
2.927381865345375
2.9691810409018093
2.9933011265821463
3.0213192538884406
3.037772855525585
3.0570978095598083
3.0820367392699786
3.090056790757436
3.099546063665903
3.1118845818541185
3.1205939027809353
3.1267473683319453
3.131096980142792
3.134171855461282
3.141592653589793
3.9799879643985383
29.854706616554626
76
0.
0.0003255208333333333
0.0006510416666666666
0.0013020833333333333
0.0026041666666666665
0.005208333333333333
0.0078125
0.010416666666666666
0.020833333333333332
0.03125
0.041666666666666664
0.0625
0.08333333333333333
0.125
0.16666666666666666
0.25
0.3333333333333333
0.41666666666666663
0.5
0.5416666666666666
0.5833333333333333
0.6041666666666666
0.625
0.6458333333333333
0.65625
0.6666666666666666
0.671875
0.6770833333333333
0.6796875
0.6822916666666666
0.6848958333333333
0.6875
0.6927083333333333
0.6979166666666666
0.7083333333333333
0.71875
0.7291666666666666
0.75
0.7916666666666666
0.8333333333333333
0.8541666666666666
0.875
0.8854166666666666
0.890625
0.8958333333333333
0.8984375
0.9010416666666666
0.9036458333333333
0.904296875
0.9049479166666666
0.90625
0.9075520833333333
0.9088541666666666
0.9114583333333333
0.9140625
0.9166666666666666
0.921875
0.9270833333333333
0.9375
0.9583333333333333
0.96875
0.9791666666666666
0.984375
0.9895833333333333
0.9921875
0.9947916666666666
0.99609375
0.9973958333333333
0.9986979166666666
0.9990234375
0.9993489583333333
0.9996744791666666
0.9998372395833333
0.9999186197916666
0.9999593098958333
1.
0.
0.009468701509417567
0.013392470646297039
0.018944641234467905
0.02680543311010383
0.03794737609887692
0.04652354076751611
0.05377604834356469
0.07636676826323048
0.09392324939012957
0.10891526204925886
0.13455474712670312
0.15675953415105973
0.19558631614480812
0.23033088465945198
0.2946036295129058
0.357756311849161
0.4249514659042127
0.5027812370859446
0.5495156898326822
0.6061093039347112
0.6406328818774841
0.682309630455325
0.7368470472556998
0.7734359281268163
0.8235702125241362
0.8593973259202311
0.9133376096740067
0.9568444743554713
1.0226779714388763
1.0892224190607571
1.1353438224672687
1.1961983252888173
1.2391122142700104
1.302959465168404
1.3528356055832191
1.3954719817642371
1.4691181521740417
1.5972419109457638
1.7248778942041978
1.7974182927615907
1.8862472263420165
1.944360275933122
1.9807684348137193
2.0268510428426083
2.056595517067647
2.095322874661867
2.155289104984521
2.1782678537980233
2.2080462793165583
2.2877722876989735
2.347662731279474
2.386105568993198
2.437997703554815
2.4754666400642646
2.5058756643789666
2.555360654919533
2.59637315080422
2.6655960910466314
2.7838616836767254
2.841573948250479
2.9034371594861197
2.9379938050317795
2.9773827705190494
3.000220870308084
3.026828450470185
3.0424849728386922
3.060898605591093
3.0846921071404716
3.0923481375519306
3.101413985210257
3.1132089059372916
3.1215356896480735
3.127416907623816
3.131572215423759
3.141592653589793
4.081935402854127
27.53199605659493
78
0.
0.0003255208333333333
0.0006510416666666666
0.0013020833333333333
0.0026041666666666665
0.005208333333333333
0.0078125
0.010416666666666666
0.020833333333333332
0.03125
0.041666666666666664
0.0625
0.08333333333333333
0.125
0.16666666666666666
0.25
0.3333333333333333
0.41666666666666663
0.5
0.5416666666666666
0.5833333333333333
0.6041666666666666
0.625
0.6458333333333333
0.6510416666666666
0.65625
0.6614583333333333
0.6666666666666666
0.671875
0.6770833333333333
0.6822916666666666
0.6875
0.6979166666666666
0.7083333333333333
0.7291666666666666
0.75
0.7916666666666666
0.8125
0.8333333333333333
0.8541666666666666
0.8645833333333333
0.8697916666666666
0.875
0.8802083333333333
0.8828125
0.8841145833333333
0.8854166666666666
0.88671875
0.8873697916666666
0.8880208333333333
0.888671875
0.8893229166666666
0.890625
0.8919270833333333
0.8932291666666666
0.8958333333333333
0.9010416666666666
0.90625
0.9166666666666666
0.9270833333333333
0.9375
0.9583333333333333
0.96875
0.9791666666666666
0.984375
0.9895833333333333
0.9921875
0.9947916666666666
0.99609375
0.9973958333333333
0.9986979166666666
0.9990234375
0.9993489583333333
0.9996744791666666
0.9998372395833333
0.9999186197916666
0.9999593098958333
1.
0.
0.00916671671876497
0.012965391762564027
0.01834064382609739
0.025951212040949405
0.03673921396396249
0.045043701141974056
0.05206711041890233
0.07394916294633924
0.09096148044523093
0.10549456615910349
0.13036425814499053
0.1519209840473948
0.18966687288217826
0.223514781831081
0.28636399559325043
0.34852509711724594
0.41529829864408657
0.49384009915190014
0.5419005597662092
0.601438975792264
0.6387778638776652
0.6853678303347069
0.7503425136796383
0.7722565245878781
0.798399033402576
0.8312587024156171
0.876397325918473
0.9481687963903701
1.0503650168173146
1.1258822226850416
1.177334524324365
1.25026739484419
1.3052396526611973
1.392309221538638
1.465340496901425
1.5977674899653866
1.664829147552931
1.7377857405906196
1.8244908501257164
1.8789550023019226
1.9117028738064468
1.9509497728413028
2.0023802467629404
2.0375331808188384
2.0599064500306037
2.0881962053543637
2.128229594213861
2.1574687103059325
2.19805972146394
2.2450996728961017
2.282491492861638
2.33105960836965
2.363617243179606
2.3887856223702495
2.4278288180332908
2.484734100945493
2.5284988625559848
2.5983292352815752
2.6565926781574296
2.709296079310938
2.8093145332723815
2.8609599242819406
2.9175926904352822
2.9496442685601876
2.986448165460079
3.00789239657359
3.0329516717233553
3.0477299780027733
3.0651341106337133
3.0876542336285837
3.0949076629537133
3.103496537299878
3.1146702273711426
3.1225610400392787
3.1281372035995387
3.1320789020241975
3.141592653589793
4.183882841309714
25.48608735092415
77
0.
0.0003255208333333333
0.0006510416666666666
0.0013020833333333333
0.0026041666666666665
0.005208333333333333
0.0078125
0.010416666666666666
0.020833333333333332
0.03125
0.041666666666666664
0.0625
0.08333333333333333
0.125
0.16666666666666666
0.25
0.3333333333333333
0.41666666666666663
0.5
0.5416666666666666
0.5833333333333333
0.6041666666666666
0.625
0.6354166666666666
0.6458333333333333
0.65625
0.6614583333333333
0.6666666666666666
0.671875
0.6770833333333333
0.6875
0.6979166666666666
0.7083333333333333
0.7291666666666666
0.75
0.7916666666666666
0.8125
0.8333333333333333
0.84375
0.8541666666666666
0.859375
0.8645833333333333
0.8671875
0.8684895833333333
0.8697916666666666
0.87109375
0.8717447916666666
0.8723958333333333
0.873046875
0.8733723958333333
0.8736979166666666
0.875
0.8763020833333333
0.8776041666666666
0.8802083333333333
0.8854166666666666
0.890625
0.8958333333333333
0.90625
0.9166666666666666
0.9583333333333333
0.96875
0.9791666666666666
0.984375
0.9895833333333333
0.9921875
0.9947916666666666
0.99609375
0.9973958333333333
0.9986979166666666
0.9990234375
0.9993489583333333
0.9996744791666666
0.9998372395833333
0.9999186197916666
0.9999593098958333
1.
0.
0.00886295838734269
0.012535801497647162
0.017733071882483832
0.025091867165771938
0.03552359354463636
0.04355449840744272
0.05034709194743661
0.07151427201901718
0.08797651138098382
0.10204465138582319
0.12613178943806147
0.14702639350702942
0.1836585737705969
0.21656970796652708
0.2778876764892963
0.33889964940927825
0.4050176123795714
0.48391562800681026
0.533058080163531
0.5952655757013546
0.6353214740994727
0.6869293825252646
0.7204546718163991
0.7636204264688902
0.8261294942455969
0.8727028186089532
0.9384902291784281
1.0176546385303968
1.0841809170603876
1.1753894369900835
1.2398546142486555
1.2919983249038596
1.3782495872218723
1.4528676349810765
1.5926474352154547
1.6663748238232967
1.7506899937055274
1.8011581622070747
1.8632524652357423
1.90267571617972
1.9539945866675585
1.9888468443251375
2.010957223585251
2.038914092774896
2.07898203997386
2.1097190889693165
2.158339439885511
2.2181518824973394
2.24022957900899
2.257685183566003
2.304688254986322
2.335732825540867
2.359769760182518
2.3971866106432183
2.451913420929947
2.4940298209736445
2.5295569980940447
2.589694164932299
2.641710282703355
2.8252740921228914
2.873328392826432
2.9267300468843804
2.957197049480456
2.992345853906532
3.0128911603473396
3.0369476190547
3.0511549516418133
3.067901336635954
3.0895922132615414
3.096581048441455
3.1048590012331654
3.115631278307928
3.1232396712408885
3.1286171778387164
3.1324186272726866
3.141592653589793
4.319812759250499
23.122156198194087
80
0.
0.0003255208333333333
0.0006510416666666666
0.0013020833333333333
0.0026041666666666665
0.00390625
0.005208333333333333
0.010416666666666666
0.015625
0.020833333333333332
0.041666666666666664
0.0625
0.08333333333333333
0.125
0.16666666666666666
0.25
0.3333333333333333
0.41666666666666663
0.5
0.5416666666666666
0.5833333333333333
0.6041666666666666
0.625
0.6458333333333333
0.65625
0.6666666666666666
0.6770833333333333
0.6875
0.7083333333333333
0.7291666666666666
0.75
0.7916666666666666
0.8125
0.8229166666666666
0.8333333333333333
0.8385416666666666
0.84375
0.8489583333333333
0.8515625
0.8528645833333333
0.8541666666666666
0.8544921875
0.8548177083333333
0.8551432291666666
0.85546875
0.8556315104166666
0.8557942708333333
0.85595703125
0.8561197916666666
0.8564453125
0.8567708333333333
0.857421875
0.8580729166666666
0.8587239583333333
0.859375
0.8619791666666666
0.8645833333333333
0.8697916666666666
0.875
0.8854166666666666
0.8958333333333333
0.9166666666666666
0.9375
0.9583333333333333
0.96875
0.9791666666666666
0.984375
0.9895833333333333
0.9921875
0.9947916666666666
0.99609375
0.9973958333333333
0.9986979166666666
0.9990234375
0.9993489583333333
0.9996744791666666
0.9998372395833333
0.9999186197916666
0.9999593098958333
1.
0.
0.008460906557911697
0.011967184107345593
0.016928838243041974
0.023954266105843742
0.029354159601396236
0.03391411940151219
0.04806906177332658
0.05900486044619376
0.06828734062268862
0.09746629706675718
0.12050684805389072
0.14051154555924447
0.1756342704913641
0.20725831665801528
0.26641167684997774
0.32568292612059013
0.3905771460168631
0.4693237761692437
0.5193825444885573
0.5843021896712532
0.6273015554505935
0.6844861539327806
0.773814394930869
0.8482501989838441
0.9569662335287512
1.0623900644842692
1.1409171643589702
1.254862016453741
1.3439099127562584
1.4228673941166086
1.5759564848602574
1.661426596093764
1.7107536517874358
1.7688532777826733
1.8036671334606684
1.8454469164031924
1.9008805091497687
1.9401219731999213
1.966478870542764
2.0033135451521233
2.01589827538839
2.0311724585510467
2.0511065888991826
2.081092208013255
2.1044472259580744
2.1347077886617853
2.1614766092127815
2.1806966964692904
2.206783159503341
2.225073846063037
2.251494917074179
2.2712144524702724
2.287315099365233
2.301109047634607
2.3436004631281073
2.3754546172626365
2.4245538501267716
2.4635299085050226
2.5265545863002647
2.5790488716562283
2.669415433843023
2.7521631397440465
2.8361261852270174
2.8817024517260146
2.932869110855909
2.9622469755729295
2.996267795746992
3.0162048106870696
3.0395883439858755
3.053414204311998
3.0697247331564523
3.090865149375242
3.0976807425380124
3.105754710621626
3.1162626565604894
3.123685553852474
3.128932290087762
3.1326413581940216
3.141592653589793
4.421760197706088
21.578266734694985
84
0.
0.0003255208333333333
0.0006510416666666666
0.0013020833333333333
0.0026041666666666665
0.00390625
0.005208333333333333
0.010416666666666666
0.015625
0.020833333333333332
0.041666666666666664
0.0625
0.08333333333333333
0.125
0.16666666666666666
0.25
0.3333333333333333
0.41666666666666663
0.5
0.5416666666666666
0.5833333333333333
0.6041666666666666
0.625
0.6458333333333333
0.65625
0.6666666666666666
0.6770833333333333
0.6875
0.7083333333333333
0.7291666666666666
0.75
0.7916666666666666
0.8125
0.8229166666666666
0.828125
0.8333333333333333
0.8385416666666666
0.83984375
0.8411458333333333
0.8424479166666666
0.84375
0.8450520833333333
0.845703125
0.8460286458333333
0.84619140625
0.8463541666666666
0.8465169270833333
0.8465983072916666
0.8466796875
0.8467610677083333
0.8468424479166666
0.8470052083333333
0.8473307291666666
0.84765625
0.8483072916666666
0.8489583333333333
0.8502604166666666
0.8515625
0.8528645833333333
0.8541666666666666
0.859375
0.8645833333333333
0.875
0.8854166666666666
0.8958333333333333
0.9166666666666666
0.9375
0.9583333333333333
0.96875
0.9791666666666666
0.984375
0.9895833333333333
0.9921875
0.9947916666666666
0.99609375
0.9973958333333333
0.9986979166666666
0.9990234375
0.9993489583333333
0.9996744791666666
0.9998372395833333
0.9999186197916666
0.9999593098958333
1.
0.
0.008164186934024056
0.011547529703244146
0.016335276876027
0.023114612305301027
0.028325517524249173
0.032726015823118605
0.0463869827187421
0.05694247565665144
0.06590327933988535
0.09407987641662403
0.11634112713116611
0.1356803846931602
0.1696663363294493
0.20030968910624283
0.25777335599249585
0.3156071352157971
0.37933585383988294
0.457465194813891
0.5077264018843621
0.5737502994343283
0.6180349789451948
0.6774668952271353
0.7696157425585606
0.8411381596192482
0.9330320658377107
1.0236150205647094
1.0984747429948003
1.2141040755554513
1.3069455900959417
1.3902158947193193
1.5548477568431063
1.6506538895408864
1.7088838651543736
1.743157006224176
1.783431171531764
1.8346756464550442
1.8505547342165307
1.868499090371766
1.8894354115553356
1.9152085599567814
1.9505965674562025
1.9767495713821825
1.9951476181386176
2.007198237241973
2.0230733710976296
2.0482153280523567
2.071376982190639
2.1064253045715406
2.129744344289264
2.1442448022788594
2.1635237326226724
2.1879541174015102
2.2049896007950167
2.2298570177914505
2.2486501558006227
2.2774679246109635
2.3000009406055226
2.3189170752350874
2.33543626243904
2.3878226940562235
2.428360448958265
2.4928098575926474
2.5457850008971694
2.5925961554175285
2.676749597947711
2.756232277810882
2.8382629951320673
2.883167715659081
2.933799282908461
2.962950113219988
2.996764265903101
3.016602931184044
3.0398883095054634
3.053663419198885
3.069919603126614
3.090997140398403
3.0977940817699157
3.1058459343400875
3.116326466060236
3.1237303783951518
3.128963525734303
3.132663213207741
3.141592653589793
4.57468135538947
19.56227619906797
106
0.
0.0003255208333333333
0.0006510416666666666
0.0013020833333333333
0.0026041666666666665
0.005208333333333333
0.010416666666666666
0.015625
0.020833333333333332
0.041666666666666664
0.0625
0.08333333333333333
0.125
0.16666666666666666
0.25
0.3333333333333333
0.41666666666666663
0.5
0.5416666666666666
0.5833333333333333
0.6041666666666666
0.625
0.6458333333333333
0.65625
0.6666666666666666
0.6875
0.6979166666666666
0.7083333333333333
0.75
0.7708333333333333
0.7916666666666666
0.8020833333333333
0.8125
0.8229166666666666
0.828125
0.8307291666666666
0.8333333333333333
0.8346354166666666
0.8359375
0.8365885416666666
0.8372395833333333
0.837890625
0.8382161458333333
0.83837890625
0.8384602864583333
0.8385416666666666
0.8385823567708333
0.838623046875
0.8386433919270833
0.838653564453125
0.8386637369791666
0.8386688232421875
0.8386739095052083
0.8386751810709635
0.8386764526367188
0.8386777242024739
0.8386783599853516
0.8386786778767903
0.8386789957682291
0.8386796315511067
0.8386802673339844
0.8386809031168619
0.8386815388997395
0.83868408203125
0.8386891682942708
0.8386942545572916
0.8386993408203125
0.8387044270833333
0.8387247721354166
0.8387451171875
0.8387858072916666
0.8388264973958333
0.8388671875
0.8390299479166666
0.8391927083333333
0.8395182291666666
0.83984375
0.8404947916666666
0.8411458333333333
0.8424479166666666
0.84375
0.8463541666666666
0.8489583333333333
0.8541666666666666
0.8645833333333333
0.875
0.8958333333333333
0.9166666666666666
0.9375
0.9583333333333333
0.96875
0.9791666666666666
0.984375
0.9895833333333333
0.9921875
0.9947916666666666
0.99609375
0.9973958333333333
0.9986979166666666
0.9990234375
0.9993489583333333
0.9996744791666666
0.9998372395833333
0.9999186197916666
0.9999593098958333
1.
0.
0.007729201578920325
0.010932318037636985
0.015465091671751686
0.021883567598038004
0.030983885762220147
0.043919897012334
0.05391683620742314
0.06240482554178672
0.08910518831756405
0.11021463100728486
0.12856654487506358
0.16085461331681863
0.19001746746517548
0.24487316077063784
0.3003751808793633
0.36199012817169574
0.4383688673847285
0.4880631963337378
0.553919821040029
0.5982096344005108
0.656988433282718
0.7428434240587162
0.8021328544738516
0.8725759920912671
1.0163427087888464
1.0787581383614415
1.1348825339171789
1.324852974946927
1.4133826777070448
1.5069945640591673
1.5590145446029415
1.6180400405032167
1.6906864995370543
1.7375461480766137
1.7662556958017193
1.8014332315101644
1.8231717239288214
1.8499222953823506
1.8664697212562997
1.8867785296501198
1.9144210452062316
1.9345119690228436
1.9483699212371053
1.9572760444237733
1.9687725218809913
1.9763442616103488
1.9864983732373436
1.9936220333475192
1.9982874965518738
2.0044765385637464
2.008727233425933
2.0148787538899207
2.0170865371123607
2.0199153349565555
2.024137982880976
2.0278386993500956
2.031331006088588
2.0392553672914846
2.046025074467578
2.0490843598799557
2.0512321908836113
2.0529360944765997
2.0577458445353862
2.063747372509318
2.067928863449275
2.071246444565938
2.0740422775665732
2.0824620668519054
2.088618712969931
2.0978558940313987
2.1049509525351535
2.110834026268396
2.1282574484875965
2.1408502976184454
2.159660123035696
2.1740924080576542
2.1964310529808495
2.2139884776788965
2.241636356161344
2.2636617599754394
2.298758587821971
2.327041796090041
2.3726816316417447
2.4424013392927297
2.498213067400044
2.591059072599789
2.672757416745491
2.751507247154015
2.833758354448534
2.8790620186823044
2.9303089529069974
2.9598749690014827
2.994214530939518
3.0143793022938232
3.038060012678004
3.052075195575471
3.068619654517847
3.090073989342288
3.0969941643504253
3.105192518627938
3.1158637427992053
3.1234041213430035
3.1287336941884893
3.1325011328847086
3.141592653589793
4.727602513072852
17.836392910675404
80
0.
0.0003255208333333333
0.0006510416666666666
0.0013020833333333333
0.0026041666666666665
0.005208333333333333
0.010416666666666666
0.015625
0.020833333333333332
0.041666666666666664
0.0625
0.08333333333333333
0.125
0.16666666666666666
0.25
0.3333333333333333
0.41666666666666663
0.5
0.5416666666666666
0.5833333333333333
0.625
0.6458333333333333
0.6666666666666666
0.6875
0.7083333333333333
0.75
0.7708333333333333
0.7916666666666666
0.8020833333333333
0.8125
0.8229166666666666
0.828125
0.8307291666666666
0.8333333333333333
0.833984375
0.8346354166666666
0.8352864583333333
0.8359375
0.8362630208333333
0.83642578125
0.8365885416666666
0.836669921875
0.8367513020833333
0.8368326822916666
0.8368733723958333
0.8369140625
0.8369954427083333
0.8370768229166666
0.8372395833333333
0.8375651041666666
0.837890625
0.8382161458333333
0.8385416666666666
0.83984375
0.8411458333333333
0.84375
0.8489583333333333
0.8541666666666666
0.8645833333333333
0.875
0.8958333333333333
0.9166666666666666
0.9375
0.9583333333333333
0.96875
0.9791666666666666
0.984375
0.9895833333333333
0.9921875
0.9947916666666666
0.99609375
0.9973958333333333
0.9986979166666666
0.9990234375
0.9993489583333333
0.9996744791666666
0.9998372395833333
0.9999186197916666
0.9999593098958333
1.
0.
0.007307368372482452
0.010335692412029248
0.014621166911176884
0.020689602610786433
0.029294005458054502
0.04152618932202017
0.05098038361894051
0.05900856695408517
0.08427031774826942
0.10425313802664432
0.12163530881079133
0.152244273435682
0.1799264958261927
0.23211421736341795
0.28511153016410984
0.34422360513843203
0.41791950439905245
0.46602787752630503
0.5295874544098974
0.6261710771455693
0.7003894167505308
0.8024440913577915
0.9232054199337768
1.0392179457108295
1.2408199019572648
1.336506258279815
1.4380622270063101
1.49478758841224
1.5596841419784429
1.6411805879360575
1.6957729764597755
1.7308061916868505
1.7769793336435333
1.7918111293969459
1.8090126509554727
1.8299387508721714
1.8577817540362604
1.8771307642640738
1.8896617186400095
1.90595040939552
1.9167430017908962
1.9312404306252682
1.955327354073229
1.9789313414473522
2.0073427577299094
2.035636704742716
2.0512217389205536
2.0715088036649343
2.0971970546071925
2.115172024657943
2.1294610748807963
2.1415181635486564
2.1779649329933384
2.2047976672091316
2.2454845108464148
2.303848967448267
2.3482162696230993
2.417910468322239
2.4746343983706613
2.5699494140305306
2.6543569896452905
2.7359724542632446
2.8213745160611636
2.868458128646449
2.921744833880173
2.9524977330663362
2.9882222534889293
3.0092026650481873
3.0338447976311675
3.0484287682213047
3.0656453074035253
3.087974407054186
3.0951760961710995
3.103708339380352
3.1148150084176023
3.122661566499938
3.128207903653989
3.1321289808230772
3.141592653589793
4.931497389984028
15.878877825168937
71
0.
0.0006510416666666666
0.0013020833333333333
0.0026041666666666665
0.005208333333333333
0.010416666666666666
0.015625
0.020833333333333332
0.041666666666666664
0.0625
0.08333333333333333
0.125
0.16666666666666666
0.25
0.3333333333333333
0.41666666666666663
0.5
0.5416666666666666
0.5833333333333333
0.625
0.6666666666666666
0.7083333333333333
0.75
0.7708333333333333
0.7916666666666666
0.8020833333333333
0.8125
0.8229166666666666
0.828125
0.8333333333333333
0.8359375
0.8385416666666666
0.8391927083333333
0.83984375
0.8404947916666666
0.8411458333333333
0.8414713541666666
0.841796875
0.8421223958333333
0.8424479166666666
0.8430989583333333
0.84375
0.8450520833333333
0.8463541666666666
0.8489583333333333
0.8515625
0.8541666666666666
0.859375
0.8645833333333333
0.875
0.8958333333333333
0.9166666666666666
0.9375
0.9583333333333333
0.96875
0.9791666666666666
0.984375
0.9895833333333333
0.9921875
0.9947916666666666
0.99609375
0.9973958333333333
0.9986979166666666
0.9990234375
0.9993489583333333
0.9996744791666666
0.9998372395833333
0.9999186197916666
0.9999593098958333
0.9999796549479166
1.
0.
0.009569843517465959
0.013537837480181334
0.019156826836809963
0.027124299091098477
0.038451997394247844
0.047208170455362526
0.05464450333401698
0.07805070935756139
0.09657495820118055
0.1126966097231159
0.141108242706803
0.16683196535727343
0.21541452647992773
0.2648771239622448
0.32017599880217695
0.3891241042662142
0.4338692142262411
0.49201321333785314
0.5758603626776888
0.7106009819514395
0.9030224251031778
1.1060665726784393
1.2079582314113348
1.316016574187034
1.3755156309450807
1.442107722854275
1.5218884926980198
1.5712273798092853
1.633607052378159
1.67440461246255
1.7296574950634631
1.7479236330281132
1.769516414950969
1.7964766884544778
1.8335786491341357
1.8595713875557665
1.8944051357990577
1.9369626738680898
1.97446853463334
2.023737931058198
2.055750238009151
2.09964408896515
2.131358286719618
2.1785682797334487
2.2147891894300584
2.2449521745764422
2.2947186187088238
2.336034205561218
2.4047352585534005
2.515049211978241
2.609900709129572
2.7002366513432614
2.793886832403121
2.8452628430935456
2.9032534269693313
2.936663558602499
2.97543371682421
2.998186217979649
3.0248962309797705
3.040699295802308
3.059350114986593
3.0835341987350486
3.091333259915926
3.1005727129879155
3.112599238144627
3.1210953020650014
3.1271005867573978
3.1313460891223053
3.1343476753467274
3.141592653589793
5.135392266895204
14.211184293520242
62
0.
0.0006510416666666666
0.0013020833333333333
0.0026041666666666665
0.005208333333333333
0.010416666666666666
0.015625
0.020833333333333332
0.041666666666666664
0.0625
0.08333333333333333
0.125
0.16666666666666666
0.25
0.3333333333333333
0.41666666666666663
0.5
0.5833333333333333
0.625
0.6666666666666666
0.7083333333333333
0.75
0.7708333333333333
0.7916666666666666
0.8125
0.8229166666666666
0.8333333333333333
0.8385416666666666
0.84375
0.8463541666666666
0.8489583333333333
0.8515625
0.8541666666666666
0.8567708333333333
0.859375
0.8619791666666666
0.8645833333333333
0.8697916666666666
0.875
0.8854166666666666
0.8958333333333333
0.9166666666666666
0.9375
0.9583333333333333
0.96875
0.9791666666666666
0.984375
0.9895833333333333
0.9921875
0.9947916666666666
0.99609375
0.9973958333333333
0.9986979166666666
0.9990234375
0.9993489583333333
0.9996744791666666
0.999755859375
0.9998372395833333
0.9999186197916666
0.9999593098958333
0.9999796549479166
1.
0.
0.00883859515195274
0.01250342598651785
0.017693180594447407
0.025052206432803693
0.035515389118651534
0.043603873007555756
0.05047364468945398
0.07210021999157604
0.08922084281200872
0.10412503915957641
0.13040154372789117
0.15420419952770864
0.19918620055077854
0.24499657976807135
0.29614535511232337
0.3595195310395446
0.4516798600337422
0.5225454467135489
0.6275355783865897
0.7779423577629151
0.9613820709392218
1.0618813584430458
1.1705483727526513
1.2945897350536626
1.3679728227456494
1.4570120637290986
1.512626666815002
1.5833717417964557
1.6295977980665923
1.6909002154933843
1.786920143594452
1.9316667066020994
2.028399413601464
2.089047428848325
2.1342646598682196
2.171136446579606
2.2307640495475427
2.279416825252746
2.359207021154207
2.426104063671451
2.5414544331324667
2.6469847368311568
2.7538778088426925
2.8118241361000345
2.8768223024113535
2.9141192864928893
2.957293600392519
2.982587478959054
3.0122484538894563
3.029783510125356
3.0504677533956834
3.077274545517117
3.0859167391689857
3.096154054562406
3.109477192830439
3.113783034310915
3.118888706433814
3.125540364448069
3.1302428582134927
3.133567579733084
3.141592653589793
5.339287143806381
12.75122533116736
59
0.
0.0006510416666666666
0.0013020833333333333
0.0026041666666666665
0.005208333333333333
0.0078125
0.010416666666666666
0.020833333333333332
0.03125
0.041666666666666664
0.08333333333333333
0.125
0.16666666666666666
0.25
0.3333333333333333
0.41666666666666663
0.5
0.5833333333333333
0.6666666666666666
0.7083333333333333
0.75
0.7708333333333333
0.7916666666666666
0.8125
0.8333333333333333
0.84375
0.8489583333333333
0.8541666666666666
0.859375
0.8619791666666666
0.8645833333333333
0.8671875
0.8697916666666666
0.875
0.8802083333333333
0.8854166666666666
0.8958333333333333
0.90625
0.9166666666666666
0.9375
0.9583333333333333
0.96875
0.9791666666666666
0.984375
0.9895833333333333
0.9921875
0.9947916666666666
0.99609375
0.9973958333333333
0.998046875
0.9986979166666666
0.9993489583333333
0.99951171875
0.9996744791666666
0.9998372395833333
0.9999186197916666
0.9999593098958333
0.9999796549479166
1.
0.
0.008143494846703186
0.011520125810712826
0.01630178958972989
0.023082236175047597
0.028304326496538638
0.03272301325729624
0.046506195988275253
0.057243837570964365
0.06643562245843261
0.09595180402714652
0.1201734248976986
0.14211545835090506
0.1835700463279718
0.22573188713575434
0.2726313422143381
0.3301714913307066
0.411505033854469
0.5547418781422747
0.6727440373997549
0.8268765372392618
0.917457519840135
1.0190203610676551
1.136026876454327
1.2801834010542057
1.372662712787474
1.4289551006327539
1.4970881062949237
1.5867771209874935
1.64650976865936
1.7229015539343138
1.816303138899287
1.906788147602747
2.0349313194959775
2.120214680896114
2.1856284531892123
2.287656194444329
2.3701137861679054
2.442448600886855
2.572874115045121
2.6995597592757328
2.76685487461297
2.8415679630763093
2.884160171606993
2.933271327582154
2.961965831178313
2.9955545389466556
3.0153879142145095
3.038766986990012
3.0526356038096822
3.0690320483325197
3.090343367535957
3.0972258577205527
3.1053831562608583
3.1160032324604217
3.1235054627185557
3.1288067032243294
3.1325534316674517
3.141592653589793
5.543182020717557
11.443151266091174
54
0.
0.0006510416666666666
0.0013020833333333333
0.0026041666666666665
0.005208333333333333
0.010416666666666666
0.020833333333333332
0.03125
0.041666666666666664
0.08333333333333333
0.125
0.16666666666666666
0.25
0.3333333333333333
0.41666666666666663
0.5
0.5833333333333333
0.6666666666666666
0.7083333333333333
0.75
0.7916666666666666
0.8125
0.8333333333333333
0.84375
0.8541666666666666
0.8645833333333333
0.875
0.8802083333333333
0.8854166666666666
0.890625
0.8958333333333333
0.90625
0.9166666666666666
0.9375
0.9583333333333333
0.96875
0.9791666666666666
0.984375
0.9895833333333333
0.9921875
0.9947916666666666
0.99609375
0.9973958333333333
0.998046875
0.9986979166666666
0.9993489583333333
0.99951171875
0.9996744791666666
0.9998372395833333
0.9999186197916666
0.9999593098958333
0.9999796549479166
0.9999898274739583
1.
0.
0.007486610007401546
0.010590873704747388
0.01498684388734791
0.02122038170193944
0.030083581415276367
0.04275518196107322
0.052626920804353314
0.06107747179444094
0.08821271918903376
0.11047761121011469
0.13064153555440247
0.168705055224901
0.20732921867382512
0.2500803648699923
0.3019551262483074
0.37335574969135316
0.4917384512604053
0.585983162552817
0.7126064208102264
0.878783700337513
0.9833779416761576
1.1113911063211657
1.1891971601931652
1.2822161998725792
1.4015793037718327
1.5772040547221524
1.7047684274020578
1.846448531678084
1.9649244858233967
2.056328295641452
2.192794339252606
2.298290392070523
2.4709022599050954
2.6271207328655057
2.707541909009077
2.795489431442004
2.845159309128161
2.902112797026223
2.935263293973801
2.9739753867560577
2.996792606471648
3.023655656059073
3.0395828935748646
3.058402669846623
3.082839524761612
3.0907265462610702
3.1000728755546922
3.112242860469668
3.1208436974254044
3.1269231647076574
3.131220877158135
3.1342592592012313
3.141592653589793
5.815041856599126
9.87669266845177
51
0.
0.0013020833333333333
0.0026041666666666665
0.005208333333333333
0.010416666666666666
0.020833333333333332
0.03125
0.041666666666666664
0.08333333333333333
0.125
0.16666666666666666
0.25
0.3333333333333333
0.5
0.5833333333333333
0.6666666666666666
0.7083333333333333
0.75
0.7916666666666666
0.8125
0.8333333333333333
0.8541666666666666
0.8645833333333333
0.875
0.8854166666666666
0.8958333333333333
0.90625
0.9114583333333333
0.9166666666666666
0.9375
0.9583333333333333
0.96875
0.9791666666666666
0.984375
0.9895833333333333
0.9921875
0.9947916666666666
0.99609375
0.9973958333333333
0.998046875
0.9986979166666666
0.9990234375
0.9993489583333333
0.9996744791666666
0.999755859375
0.9998372395833333
0.9999186197916666
0.9999593098958333
0.9999796549479166
0.9999898274739583
1.
0.
0.009440500694813163
0.01335896906855646
0.018915381154249265
0.026815724231206973
0.03811047316140428
0.04690924379025265
0.05444094430056361
0.07862195480190619
0.0984551494103619
0.11640607888144104
0.1502415592357347
0.18445230135197535
0.2670455280826841
0.32715192576316116
0.42110847614361074
0.49307272068945873
0.5909516149108652
0.7235505329055504
0.8087661720236499
0.9137419627582215
1.049853132444294
1.1363901792771383
1.2425173339546702
1.3792822253489028
1.5642987165018842
1.7902448578687298
1.8959845332789986
1.9890862601103956
2.271401965313105
2.491936461616962
2.5985356618303395
2.711820477720351
2.774702503809172
2.8460853959122248
2.8873502302665033
2.935335192739775
2.9635292145657925
2.996657419123279
3.016272761751636
3.039426438293081
3.053179140329373
3.069459121526683
3.0906372980785677
3.0974781912256417
3.1055870456576002
3.1161454410296647
3.1236050422217283
3.1288766295301587
3.1326026340537503
3.141592653589793
6.222831610421478
7.83026421858202
49
0.
0.0013020833333333333
0.0026041666666666665
0.005208333333333333
0.010416666666666666
0.015625
0.020833333333333332
0.041666666666666664
0.0625
0.08333333333333333
0.16666666666666666
0.25
0.3333333333333333
0.5
0.5833333333333333
0.6666666666666666
0.75
0.7916666666666666
0.8333333333333333
0.8541666666666666
0.875
0.8958333333333333
0.90625
0.9166666666666666
0.9375
0.9479166666666666
0.9583333333333333
0.96875
0.9791666666666666
0.984375
0.9895833333333333
0.9921875
0.9947916666666666
0.99609375
0.9973958333333333
0.998046875
0.9986979166666666
0.9990234375
0.9993489583333333
0.99951171875
0.9996744791666666
0.9998372395833333
0.9998779296875
0.9999186197916666
0.9999593098958333
0.9999796549479166
0.9999898274739583
0.9999949137369791
1.
0.
0.007910295006553856
0.011193596913862102
0.015849288860131684
0.022468807634587862
0.027585935941654857
0.03193198209477302
0.0456127290829199
0.056440823606741033
0.0658639250293935
0.09747440955513322
0.12570779073201863
0.1541157242664153
0.22147897698592708
0.26859338150934603
0.33809280410485554
0.45796375795163574
0.5532254226636591
0.6908635547348262
0.7877793842833156
0.918868574629558
1.109209074899173
1.2396051240851163
1.4014176650500048
1.796975442915985
1.9918634760121905
2.172224580484714
2.344146634951526
2.5189343243357074
2.613154395703807
2.718252785072033
2.778288912468794
2.8475665395169787
2.888058138645254
2.9354644742501996
2.9634571796695806
2.9964506529238277
3.0160273614382147
3.0391752397269687
3.052943151224946
3.0692481680834764
3.0904633865866185
3.0973192688298563
3.1054482747500325
3.1160380208237486
3.123524359708596
3.1288172202894575
3.1325594478839522
3.141592653589793
6.630621364243831
6.107771216001719
47
0.
0.0026041666666666665
0.005208333333333333
0.010416666666666666
0.020833333333333332
0.03125
0.041666666666666664
0.08333333333333333
0.125
0.16666666666666666
0.3333333333333333
0.5
0.5833333333333333
0.6666666666666666
0.75
0.7916666666666666
0.8333333333333333
0.8541666666666666
0.875
0.9166666666666666
0.9270833333333333
0.9375
0.9583333333333333
0.96875
0.9791666666666666
0.984375
0.9895833333333333
0.9921875
0.9947916666666666
0.99609375
0.9973958333333333
0.998046875
0.9986979166666666
0.9990234375
0.9993489583333333
0.99951171875
0.9996744791666666
0.999755859375
0.9998372395833333
0.9999186197916666
0.99993896484375
0.9999593098958333
0.9999796549479166
0.9999898274739583
0.9999949137369791
0.9999974568684895
1.
0.
0.00934956237999742
0.013238263241631602
0.018767237466875968
0.02667127274753822
0.032828016596353794
0.038097532099681586
0.055009051840403174
0.06886655759878435
0.08139076369976597
0.12850703662266877
0.1837886022555393
0.22149111601428376
0.27518209560376655
0.3642776419919866
0.43490775088972217
0.5371775400728396
0.6080858029034276
0.7016104609128827
1.0280827712797853
1.1615074623229065
1.3242858798357113
1.7343590109432385
1.9699769778091054
2.224062467091412
2.3631933560421308
2.5186736915732144
2.607394161759258
2.7096039760308295
2.769251788012792
2.8390053202506396
2.8801555402873817
2.928626837540849
2.9573706674419484
2.991351765215812
3.0115562714474904
3.035478168244353
3.049720131169053
3.066602429364059
3.088588059711504
3.095695343676406
3.1041234783280878
3.115103305375925
3.122864533372399
3.1283512107363256
3.132230208242525
3.141592653589793
7.174341036006968
4.278248049174665
48
0.
0.0026041666666666665
0.005208333333333333
0.010416666666666666
0.020833333333333332
0.041666666666666664
0.08333333333333333
0.125
0.16666666666666666
0.3333333333333333
0.5
0.5833333333333333
0.6666666666666666
0.75
0.7916666666666666
0.8333333333333333
0.875
0.8958333333333333
0.9166666666666666
0.9375
0.9583333333333333
0.96875
0.9791666666666666
0.984375
0.9895833333333333
0.9921875
0.9947916666666666
0.99609375
0.9973958333333333
0.998046875
0.9986979166666666
0.9990234375
0.9993489583333333
0.99951171875
0.9996744791666666
0.999755859375
0.9998372395833333
0.9998779296875
0.9999186197916666
0.9999593098958333
0.999969482421875
0.9999796549479166
0.9999898274739583
0.9999949137369791
0.9999974568684895
0.9999987284342448
0.9999993642171223
1.
0.
0.007332488385312828
0.010382307638945867
0.014718674333053527
0.020918115474207
0.02988100354028791
0.04314839309890814
0.054020611890211546
0.06384574019061959
0.10074854782513772
0.14363445678750467
0.17233286111871043
0.2121099157651339
0.2757679724909213
0.3254954945879564
0.3973249780688976
0.5099984800109322
0.5958715869925015
0.7195968895104599
0.9098808831424677
1.216188300625615
1.438288662682858
1.7310178557447926
1.9153853043940565
2.138963882051416
2.273406409818582
2.4331935000944798
2.5284210222514334
2.6412609977586192
2.7084502938827644
2.7880718792804475
2.8354976524765725
2.8917199496220376
2.9252200238553567
2.9649451379689222
2.9886202106925706
3.0166983031280172
3.033434180984907
3.0532846954752384
3.0791523214328227
3.087518530594617
3.097442082959584
3.110374191436232
3.119518220135055
3.125983848406859
3.130555649796396
3.133788357460621
3.141592653589793
7.718060707770105
2.914570523861324
52
0.
0.005208333333333333
0.010416666666666666
0.020833333333333332
0.041666666666666664
0.08333333333333333
0.125
0.16666666666666666
0.3333333333333333
0.5
0.5833333333333333
0.6666666666666666
0.75
0.7916666666666666
0.8333333333333333
0.875
0.8958333333333333
0.9166666666666666
0.9375
0.9479166666666666
0.9583333333333333
0.96875
0.9739583333333333
0.9791666666666666
0.984375
0.9895833333333333
0.9921875
0.9947916666666666
0.99609375
0.9973958333333333
0.998046875
0.9986979166666666
0.9990234375
0.9993489583333333
0.99951171875
0.9996744791666666
0.999755859375
0.9998372395833333
0.9998779296875
0.9999186197916666
0.99993896484375
0.9999593098958333
0.9999796549479166
0.9999847412109375
0.9999898274739583
0.9999949137369791
0.9999961853027344
0.9999974568684895
0.9999987284342448
0.9999993642171223
0.9999996821085612
1.
0.
0.008112577760650606
0.011501209697924265
0.016346209109027624
0.023352237039661664
0.03372665391717524
0.04223176316223836
0.049920228905516346
0.07879844678075147
0.11222394149302058
0.13436971695962135
0.16460319521708563
0.21188171329818395
0.2482604653134191
0.30046879742211674
0.38109368812219513
0.44079346533926983
0.5242268207098583
0.6501361392121956
0.7404638665172782
0.8606239398861474
1.027444803575358
1.1378858371117602
1.2757683250633183
1.4543370146117671
1.6989294818507974
1.861925944872702
2.071034600432915
2.203076250007068
2.3659094719734037
2.4657476354941585
2.5864294512310786
2.6593609407923835
2.746672586906785
2.799071112027198
2.8615071098278815
2.898848261029772
2.9432466889257465
2.969757873139159
3.001237459169841
3.0200189000115354
3.042310583345281
3.0713766867227847
3.080780274551543
3.091936097273793
3.1064769791458167
3.1111806945432297
3.1167605280758095
3.124032892034811
3.1291756284336354
3.1328122915308954
3.141592653589793
8.53364021541481
1.5508286233654547
55
0.
0.010416666666666666
0.020833333333333332
0.041666666666666664
0.08333333333333333
0.16666666666666666
0.3333333333333333
0.5
0.6666666666666666
0.75
0.7916666666666666
0.8333333333333333
0.875
0.8958333333333333
0.9166666666666666
0.9375
0.9479166666666666
0.9583333333333333
0.96875
0.9739583333333333
0.9791666666666666
0.984375
0.9869791666666666
0.9895833333333333
0.9921875
0.9934895833333333
0.9947916666666666
0.99609375
0.9973958333333333
0.998046875
0.9986979166666666
0.9990234375
0.9993489583333333
0.99951171875
0.9996744791666666
0.999755859375
0.9998372395833333
0.9998779296875
0.9999186197916666
0.99993896484375
0.9999593098958333
0.999969482421875
0.9999796549479166
0.9999847412109375
0.9999898274739583
0.9999949137369791
0.9999961853027344
0.9999974568684895
0.9999987284342448
0.9999990463256836
0.9999993642171223
0.9999996821085612
0.9999998410542805
0.9999999205271403
1.
0.
0.007865095402921103
0.011179077069289717
0.015972546600070747
0.02307447295683048
0.034170663631560336
0.05398040066969472
0.07685696748811797
0.11217594210658559
0.14326044555545214
0.16680414256626444
0.2002805022012892
0.25120233991475355
0.28800318327216945
0.33799607557629585
0.41115336712429384
0.4630635539807641
0.5328718707698645
0.6333937451559328
0.7032385763336558
0.7950445172811977
0.9231878837145098
1.0096754226962508
1.1204177655556224
1.2695574756699495
1.3666312105820249
1.4867112680681376
1.6411118420707147
1.8519396417212675
1.9928497196223822
2.174985580145117
2.2910841249866434
2.4356066167760875
2.5249763064748905
2.633746073199041
2.6998462542989152
2.779298776869719
2.827135430186452
2.8842571630936025
2.918481177636608
2.9592186685490063
2.9835610313102054
3.0124860680742467
3.0297521752494077
3.0502504472655114
3.0769821533920534
3.0856322039677737
3.095895211695645
3.1092742174399057
3.113602535185437
3.1187373337047535
3.1254301339524826
3.1301633421254933
3.1335105677464345
3.141592653589793
9.349219723059516
0.7777394739688853
55
0.
0.020833333333333332
0.041666666666666664
0.08333333333333333
0.16666666666666666
0.3333333333333333
0.5
0.6666666666666666
0.75
0.8333333333333333
0.875
0.9166666666666666
0.9375
0.9479166666666666
0.9583333333333333
0.96875
0.9739583333333333
0.9791666666666666
0.984375
0.9869791666666666
0.9895833333333333
0.9921875
0.9934895833333333
0.9947916666666666
0.99609375
0.9967447916666666
0.9973958333333333
0.998046875
0.9986979166666666
0.9990234375
0.9993489583333333
0.99951171875
0.9996744791666666
0.999755859375
0.9998372395833333
0.9998779296875
0.9999186197916666
0.99993896484375
0.9999593098958333
0.999969482421875
0.9999796549479166
0.9999847412109375
0.9999898274739583
0.9999923706054688
0.9999949137369791
0.9999961853027344
0.9999974568684895
0.9999987284342448
0.9999990463256836
0.9999993642171223
0.9999996821085612
0.9999998410542805
0.9999999205271403
0.9999999602635701
1.
0.
0.007542002749622359
0.010776795429044235
0.015570990871294195
0.02306596350746342
0.036455805021667356
0.05190058310823373
0.07556397797893233
0.096125974419677
0.13339964621023762
0.16633645429351981
0.22138341943949935
0.26669803080280663
0.2984607952706382
0.34100358182406565
0.4026119778537256
0.4460462656581237
0.5042564223909146
0.5880605361465076
0.6465292085095935
0.7239084164746266
0.8331495434064646
0.9077735940514089
1.0044563812064358
1.136864949375711
1.224576789370293
1.334971908346042
1.4804043449249145
1.6862512295685228
1.8290277594913198
2.0201690279806797
2.1459498235973626
2.3067200896248803
2.40833195171063
2.5340739991075805
2.6114923401366847
2.7054221813144483
2.762385720678241
2.830739684695274
2.871850057300389
2.9209125517943173
2.950282586971641
2.985229130013163
3.006111449494214
3.0309188292588147
3.0457195778360218
3.0632866848549636
3.0861980313168575
3.093612787817651
3.102410748049719
3.1138808583921582
3.121994450465286
3.1277331278656173
3.131791736916626
3.141592653589793
10.43665906658579
0.29865795173328386
58
0.
0.08333333333333333
0.16666666666666666
0.3333333333333333
0.5
0.6666666666666666
0.75
0.8333333333333333
0.875
0.9166666666666666
0.9375
0.9583333333333333
0.96875
0.9739583333333333
0.9791666666666666
0.984375
0.9869791666666666
0.9895833333333333
0.9921875
0.9934895833333333
0.9947916666666666
0.99609375
0.9967447916666666
0.9973958333333333
0.998046875
0.9983723958333333
0.9986979166666666
0.9990234375
0.9991861979166666
0.9993489583333333
0.99951171875
0.9996744791666666
0.999755859375
0.9998372395833333
0.9998779296875
0.9999186197916666
0.99993896484375
0.9999593098958333
0.999969482421875
0.9999796549479166
0.9999847412109375
0.9999898274739583
0.9999923706054688
0.9999949137369791
0.9999961853027344
0.9999974568684895
0.9999980926513672
0.9999987284342448
0.9999990463256836
0.9999993642171223
0.9999996821085612
0.9999997615814209
0.9999998410542805
0.9999999205271403
0.9999999602635701
0.999999980131785
0.9999999900658925
1.
0.
0.009039037305814153
0.013392140392838267
0.021171306391017997
0.030135847765879277
0.04380488550871197
0.05559269869533059
0.07680912487229873
0.09543934012215952
0.12624099531283076
0.1512546962967737
0.1918182052375468
0.22533824206533024
0.24906472642144997
0.28111715892104744
0.32795843418651255
0.361206221103447
0.4059913710012663
0.47085601117259074
0.5163655668634387
0.5769271634555138
0.6631702905616139
0.7226912556609367
0.8007067417344306
0.9095517218581657
0.9831707905324206
1.0778296074621143
1.2064314565060907
1.291125367456094
1.3973181734284326
1.5367529120624899
1.7337136334457621
1.870319829850874
2.0535047181111703
2.1743591890878244
2.329272214151672
2.427466914794735
2.549304663629491
2.6244720716553673
2.715840477188177
2.7713102329311954
2.837967124263915
2.8780648372211837
2.9259456202035787
2.954636967746556
2.988782205408618
3.009174847168687
3.033396155606086
3.0478514517463706
3.0650141734533287
3.0874073448122936
3.0946566524097174
3.103259729682061
3.114478102527315
3.122415223821189
3.1280298872858148
3.132001190844599
3.141592653589793
11.524098410112064
0.12234115463046213
61
0.
0.16666666666666666
0.3333333333333333
0.5
0.6666666666666666
0.75
0.8333333333333333
0.875
0.9166666666666666
0.9375
0.9583333333333333
0.96875
0.9791666666666666
0.984375
0.9895833333333333
0.9921875
0.9934895833333333
0.9947916666666666
0.99609375
0.9967447916666666
0.9973958333333333
0.998046875
0.9983723958333333
0.9986979166666666
0.9990234375
0.9991861979166666
0.9993489583333333
0.99951171875
0.9995930989583333
0.9996744791666666
0.999755859375
0.9997965494791666
0.9998372395833333
0.9998779296875
0.9999186197916666
0.99993896484375
0.9999593098958333
0.999969482421875
0.9999796549479166
0.9999847412109375
0.9999898274739583
0.9999923706054688
0.9999949137369791
0.9999961853027344
0.9999974568684895
0.9999980926513672
0.9999987284342448
0.9999990463256836
0.9999993642171223
0.9999995231628418
0.9999996821085612
0.9999997615814209
0.9999998410542805
0.9999999205271403
0.9999999403953552
0.9999999602635701
0.999999980131785
0.9999999900658925
0.9999999950329462
0.9999999975164731
1.
0.
0.007568301807734704
0.011965114125073935
0.017029492925897425
0.024736623035986727
0.031363968771709175
0.04326072214607788
0.05368399270921758
0.07085369762311917
0.08473089427779172
0.10713756845284853
0.12561415207403107
0.15641510358698213
0.18242679802272468
0.22617113197286196
0.26296668737322565
0.28903148712007903
0.3240558375078918
0.3746582628488112
0.4101274851771171
0.4573646056623568
0.5248485497428639
0.5716536578095983
0.633372428498016
0.7203281744219204
0.7797886540731842
0.8571205978323919
0.9639851711555836
1.0356515904684525
1.1271641016532454
1.250513215418783
1.3312533124607984
1.4320786146102085
1.5640461485815198
1.7503328473022322
1.8799724509136784
2.055007737024432
2.1715546610550867
2.3224687474675596
2.419109852161532
2.5400805835614824
2.615298479148722
2.707291348533978
2.763421234206873
2.8311030005975697
2.8719411622033237
2.920814449543476
2.9501301031873797
2.985013474636764
3.0058608741553874
3.030641324746153
3.045440226989817
3.06302060071041
3.085974637094958
3.0934094016183704
3.1022350496518802
3.11374771330974
3.1218958345658243
3.1276611566632186
3.1317397241968123
3.141592653589793
12.611537753638338
0.06199095187875911
66
0.
0.16666666666666666
0.3333333333333333
0.5
0.6666666666666666
0.75
0.8333333333333333
0.875
0.9166666666666666
0.9375
0.9583333333333333
0.96875
0.9791666666666666
0.984375
0.9895833333333333
0.9921875
0.9947916666666666
0.99609375
0.9973958333333333
0.998046875
0.9986979166666666
0.9990234375
0.9991861979166666
0.9993489583333333
0.99951171875
0.9995930989583333
0.9996744791666666
0.999755859375
0.9997965494791666
0.9998372395833333
0.9998779296875
0.9998982747395833
0.9999186197916666
0.99993896484375
0.9999491373697916
0.9999593098958333
0.999969482421875
0.9999796549479166
0.9999847412109375
0.9999898274739583
0.9999923706054688
0.9999949137369791
0.9999961853027344
0.9999974568684895
0.9999980926513672
0.9999987284342448
0.9999990463256836
0.9999993642171223
0.9999995231628418
0.9999996821085612
0.9999997615814209
0.9999998410542805
0.9999998807907104
0.9999999205271403
0.9999999403953552
0.9999999602635701
0.999999980131785
0.9999999850988388
0.9999999900658925
0.9999999950329462
0.9999999962747097
0.9999999975164731
0.9999999987582365
0.9999999993791182
0.9999999996895591
1.
0.
0.004054624364068268
0.006410057280283839
0.009122280329759064
0.013246279940055452
0.01678821512026434
0.02313997742316023
0.02870119942306837
0.03785127802218736
0.045235189435938954
0.057140151631556106
0.06695014658268239
0.08331633503940092
0.09717024009016238
0.12056462742959789
0.1403488639076757
0.17342943163341465
0.20107453754706814
0.2467958400242971
0.2846540992983988
0.3467091667142764
0.3975822569397161
0.43300679425513083
0.4799026307647291
0.5463388587834056
0.5920221438161222
0.6517604062693249
0.7349665837954694
0.7912345379304292
0.8636827007738117
0.9625584060187076
1.0281480960325866
1.1111792514044054
1.2220543576482745
1.2941549897149982
1.3838774598194805
1.5011677094369646
1.6675234069512213
1.7847205503704031
1.9462701010063927
2.0568614803299963
2.204869874178609
2.303128893311197
2.4306071505817934
2.512630691429067
2.615979618568911
2.6806666306539033
2.7602634946038327
2.809014034002918
2.868073692740311
2.9038835660374764
2.9468304250164503
2.9725886630769125
3.003273540329725
3.021633885663243
3.043479916359455
3.0720612366878175
3.081332875373918
3.09234815573062
3.1067320872475923
3.1113914261209907
3.116922691153607
3.1241384115901334
3.1292456557412462
3.1328595122624714
3.141592653589793