20
27
3.912023005428146
38.0996787504106
97
0.
0.0006510416666666666
0.0013020833333333333
0.0026041666666666665
0.005208333333333333
0.010416666666666666
0.015625
0.020833333333333332
0.041666666666666664
0.0625
0.08333333333333333
0.125
0.16666666666666666
0.25
0.3333333333333333
0.41666666666666663
0.5
0.5833333333333333
0.625
0.6666666666666666
0.6875
0.6979166666666666
0.7083333333333333
0.71875
0.7239583333333333
0.7265625
0.7291666666666666
0.73046875
0.7317708333333333
0.732421875
0.7330729166666666
0.7333984375
0.7337239583333333
0.73388671875
0.7340494791666666
0.734130859375
0.7342122395833333
0.7342936197916666
0.734375
0.7345377604166666
0.7347005208333333
0.7350260416666666
0.7353515625
0.7356770833333333
0.7369791666666666
0.73828125
0.7395833333333333
0.7421875
0.7447916666666666
0.75
0.7604166666666666
0.7708333333333333
0.7916666666666666
0.8333333333333333
0.875
0.8958333333333333
0.9166666666666666
0.9270833333333333
0.9375
0.9427083333333333
0.9479166666666666
0.9505208333333333
0.953125
0.9544270833333333
0.9557291666666666
0.9563802083333333
0.95703125
0.9576822916666666
0.9580078125
0.9583333333333333
0.9586588541666666
0.958984375
0.9596354166666666
0.9602864583333333
0.9609375
0.9622395833333333
0.9635416666666666
0.9661458333333333
0.96875
0.9739583333333333
0.9791666666666666
0.984375
0.9895833333333333
0.9921875
0.9947916666666666
0.99609375
0.9973958333333333
0.9986979166666666
0.9990234375
0.9993489583333333
0.9996744791666666
0.999755859375
0.9998372395833333
0.9999186197916666
0.9999593098958333
0.9999796549479166
1.
0.
0.009984186501170791
0.014125972213544426
0.019994726724395073
0.028326799905652573
0.040203016635939434
0.04941589425333101
0.05726840349608213
0.08220911674309102
0.10227111219477672
0.12004281529954301
0.15230942607470346
0.18294373288607033
0.246542094979922
0.32402969409697885
0.4305079822606226
0.5588477244371859
0.6887894482461303
0.7588047861808385
0.8406279516512712
0.8913454172353923
0.9215738902232181
0.9574964248706226
1.0039671105957582
1.0352818121604725
1.055040577339719
1.0799630592521865
1.095860092371318
1.1161519179805903
1.1292850128600491
1.1463713129364215
1.1577227291796857
1.1730743560271932
1.1838893915433484
1.2000511533235412
1.2135371453018233
1.2382237066220292
1.262531322729147
1.2759655833483394
1.2923293867689207
1.3033997250254288
1.3192585512566548
1.331078890959476
1.3407390723238026
1.3689586083161196
1.38923748094801
1.4056246311952132
1.4319988086894877
1.4534068031952523
1.4881308770418755
1.5413831730366427
1.5840186933082865
1.6545139417927164
1.7722435642524499
1.8851448174894048
1.9468101452038562
2.018163789873199
2.0608919670023536
2.1128730663413737
2.1450882019836737
2.1852275296125887
2.210587642910475
2.2426952260685606
2.2632862322452736
2.2897378643872233
2.306961906354616
2.329441849041939
2.3639955053217876
2.394053351942386
2.4450240994989167
2.4874922031311772
2.51334635889402
2.547026587849106
2.5708224898830654
2.5898877943983254
2.620457578686652
2.6453186754885873
2.686069814426519
2.720208889041572
2.7787686187542238
2.831433153836536
2.88283166708449
2.9369669533470466
2.966927691664114
3.0009103319695565
3.020550536304934
3.0433902703794007
3.0725824730039166
3.0819206606312193
3.0929434703881316
3.1072433716098122
3.111856688334065
3.1173223457157246
3.1244375017075368
3.1294653023871137
3.1330189060590303
3.141592653589793
3.9799879643985383
37.5751301056751
92
0.
0.0006510416666666666
0.0013020833333333333
0.0026041666666666665
0.005208333333333333
0.010416666666666666
0.015625
0.020833333333333332
0.041666666666666664
0.0625
0.08333333333333333
0.125
0.16666666666666666
0.25
0.3333333333333333
0.41666666666666663
0.5
0.5833333333333333
0.625
0.6666666666666666
0.6875
0.7083333333333333
0.71875
0.7239583333333333
0.7291666666666666
0.7317708333333333
0.734375
0.7356770833333333
0.736328125
0.7369791666666666
0.7373046875
0.7376302083333333
0.7379557291666666
0.7381184895833333
0.73828125
0.7386067708333333
0.7389322916666666
0.7392578125
0.7395833333333333
0.7408854166666666
0.7421875
0.7434895833333333
0.7447916666666666
0.75
0.7552083333333333
0.7604166666666666
0.7708333333333333
0.7916666666666666
0.8125
0.8333333333333333
0.875
0.8958333333333333
0.9166666666666666
0.9270833333333333
0.9375
0.9427083333333333
0.9453125
0.9479166666666666
0.94921875
0.9505208333333333
0.951171875
0.9518229166666666
0.9524739583333333
0.9527994791666666
0.953125
0.9534505208333333
0.9537760416666666
0.9544270833333333
0.955078125
0.9557291666666666
0.95703125
0.9583333333333333
0.9609375
0.9635416666666666
0.96875
0.9791666666666666
0.984375
0.9895833333333333
0.9921875
0.9947916666666666
0.99609375
0.9973958333333333
0.9986979166666666
0.9990234375
0.9993489583333333
0.9996744791666666
0.999755859375
0.9998372395833333
0.9999186197916666
0.9999593098958333
0.9999796549479166
1.
0.
0.009634137462074348
0.013630524135211961
0.019292909061436242
0.02733101325637278
0.03878536554030862
0.04766787318361827
0.055236080426939664
0.079251899717019
0.09853760603590514
0.1155895069623242
0.14644678670363817
0.17558016252978803
0.23532808789992152
0.30637075034961464
0.4028157950798276
0.5268349728761863
0.6589085541747536
0.7300763166683588
0.8124104650615738
0.86266764079405
0.9265698649787081
0.9694258705231684
0.9966298943069105
1.0314978924284035
1.0543853042956237
1.0850919753369164
1.1066904405903564
1.1208626674790105
1.1396603253038156
1.1524884777090183
1.1705319306650375
1.205196876441077
1.2394133130032778
1.2635891901176026
1.289162718998804
1.3051285566770827
1.3172129216911592
1.3271415047339967
1.3562389999489883
1.3771598572434114
1.3940550113761558
1.4084848807357182
1.4530293888920716
1.4867623343475762
1.5149335900978194
1.5619889245016179
1.637591166627388
1.7018712331213826
1.7614229967139885
1.8798803898944563
1.9452740807925215
2.022538994283293
2.070376281422918
2.1317447155851923
2.1731071012254883
2.1993527873640266
2.2327778466004977
2.254376947792282
2.2823783352440783
2.3007978486069107
2.325058385801115
2.362231730111078
2.3917442994903593
2.4296337977520555
2.4624800730931553
2.4863602267166223
2.519607455188679
2.5435443075867137
2.5627466001681696
2.5934392137394515
2.6182592767378488
2.658618725426871
2.6921000749711763
2.7487367298161507
2.8458832569990387
2.893441570895078
2.944507688861633
2.973065585690498
3.0056402780601505
3.0245347113530903
3.0465579221303836
3.0747623238407096
3.0837961240462977
3.094466913239709
3.10831351306172
3.1127827999202466
3.1180798751407326
3.1249761391165576
3.1298477572085686
3.1332901304260004
3.141592653589793
4.081935402854127
36.63759318600653
85
0.
0.0006510416666666666
0.0013020833333333333
0.0026041666666666665
0.005208333333333333
0.010416666666666666
0.015625
0.020833333333333332
0.041666666666666664
0.0625
0.08333333333333333
0.125
0.16666666666666666
0.25
0.3333333333333333
0.41666666666666663
0.5
0.5833333333333333
0.625
0.6666666666666666
0.6875
0.7083333333333333
0.71875
0.7291666666666666
0.734375
0.7369791666666666
0.7395833333333333
0.7408854166666666
0.7421875
0.7428385416666666
0.7434895833333333
0.7438151041666666
0.744140625
0.7444661458333333
0.7447916666666666
0.7454427083333333
0.74609375
0.7467447916666666
0.7473958333333333
0.75
0.7526041666666666
0.7552083333333333
0.7604166666666666
0.7708333333333333
0.78125
0.7916666666666666
0.8125
0.8333333333333333
0.875
0.8958333333333333
0.90625
0.9166666666666666
0.9270833333333333
0.9322916666666666
0.9348958333333333
0.9375
0.9401041666666666
0.94140625
0.9427083333333333
0.943359375
0.9440104166666666
0.9446614583333333
0.9453125
0.9466145833333333
0.9479166666666666
0.9505208333333333
0.953125
0.9583333333333333
0.96875
0.9791666666666666
0.984375
0.9895833333333333
0.9921875
0.9947916666666666
0.99609375
0.9973958333333333
0.9986979166666666
0.9990234375
0.9993489583333333
0.9996744791666666
0.9998372395833333
0.9999186197916666
0.9999593098958333
0.9999796549479166
1.
0.
0.009142536028647156
0.01293477315099838
0.018307488226306956
0.025933205825381344
0.036796467370832885
0.04521686253926497
0.05238807625484214
0.07511791268780342
0.09333243909340198
0.10939927120002699
0.13835434725063664
0.1655047018747539
0.22036902060906574
0.28368341333206454
0.3672697057191494
0.481007420079684
0.6135318279868792
0.686049740564084
0.7691297941064241
0.8189087964672729
0.8803011077987387
0.9194370994152887
0.9707541811287612
1.006101725253555
1.0289523273084473
1.0587865286789477
1.078774085798771
1.1062362207866017
1.126084358128224
1.1569784874591265
1.183481127366544
1.2213943939327065
1.2511847312723923
1.2707459955123792
1.29688006144498
1.3153379129898257
1.3299976348149487
1.342354133329119
1.379664482110922
1.4071889537306612
1.4297410426377042
1.4665570525253322
1.523376367014342
1.569129004378575
1.6090285403819304
1.6795009080986836
1.7440633879683323
1.8728314544840816
1.9456050591434413
1.9874096727224972
2.035924597408501
2.097085106075203
2.1372556767509976
2.1620472048547166
2.192422420844702
2.2334573158678275
2.262454627414614
2.305758174722493
2.3403915844975125
2.391257863964126
2.4403204842129655
2.4741318125519958
2.518826755887968
2.5502652756457542
2.5967467900543504
2.6327357141974455
2.69036151936081
2.782213444251753
2.8651948661524265
2.908097036976812
2.955175660025857
2.9818329233266567
3.0124520909034542
3.0302971386661364
3.051152706614107
3.077940437573664
3.0865328766646076
3.0966887975136497
3.1098763852917517
3.1191787599383356
3.125747947775733
3.1303907057286695
3.133672655097119
3.141592653589793
4.183882841309714
35.54313584432152
82
0.
0.0006510416666666666
0.0013020833333333333
0.0026041666666666665
0.005208333333333333
0.0078125
0.010416666666666666
0.020833333333333332
0.03125
0.041666666666666664
0.08333333333333333
0.125
0.16666666666666666
0.25
0.3333333333333333
0.41666666666666663
0.5
0.5833333333333333
0.625
0.6666666666666666
0.6875
0.7083333333333333
0.71875
0.7291666666666666
0.734375
0.7395833333333333
0.7421875
0.7447916666666666
0.7473958333333333
0.748046875
0.7486979166666666
0.7493489583333333
0.75
0.7506510416666666
0.7513020833333333
0.7526041666666666
0.75390625
0.7552083333333333
0.7578125
0.7604166666666666
0.765625
0.7708333333333333
0.78125
0.7916666666666666
0.8125
0.8333333333333333
0.875
0.8958333333333333
0.90625
0.9166666666666666
0.921875
0.9270833333333333
0.9283854166666666
0.9296875
0.9309895833333333
0.9322916666666666
0.93359375
0.9348958333333333
0.9361979166666666
0.9375
0.9401041666666666
0.9427083333333333
0.9453125
0.9479166666666666
0.9583333333333333
0.96875
0.9791666666666666
0.984375
0.9895833333333333
0.9921875
0.9947916666666666
0.99609375
0.9973958333333333
0.9986979166666666
0.9990234375
0.9993489583333333
0.9996744791666666
0.9998372395833333
0.9999186197916666
0.9999593098958333
0.9999796549479166
1.
0.
0.008687192922671743
0.012290385512411243
0.017394948397283724
0.024639146640943046
0.030224699284851338
0.034956273805462054
0.049756183663117334
0.06134116220748856
0.0713074714257973
0.10372731927462436
0.13099295217713205
0.1564210960292596
0.20722079013533537
0.26450226557629886
0.33798669307085766
0.43977441003730927
0.5687426714777035
0.6417044125563148
0.7251643683157883
0.7745405085064881
0.8340610525152469
0.8706657984845796
0.9159643034649095
0.9443831750887463
0.9800778834273903
1.0027419353983757
1.0314644115768634
1.0731031342974084
1.0879102068647113
1.1064157470715206
1.13149330580458
1.1691255965622764
1.2159031669342624
1.250249690360257
1.2921226712110725
1.3197114213509034
1.3409883684859436
1.3739734207527612
1.3999836129263443
1.4412783880275544
1.4746655539145694
1.5292338677945236
1.574920784844864
1.6534148782943268
1.7242279540920986
1.86602434020717
1.9489908764030612
1.9989854350181246
2.0613050688487538
2.101687979754332
2.1560076710299594
2.1738652807659853
2.1949119596456708
2.2210569662602793
2.256770215597428
2.315757526490344
2.404757410054839
2.461476239052318
2.497879142542745
2.5483234497012983
2.585678190455848
2.6165465644272725
2.6435138855067
2.7318264116388975
2.8071162789513675
2.880935660213347
2.9203712398935866
2.964297634379451
2.9893945374760413
3.018374390992588
3.03532243321698
3.055177022480572
3.080731491794828
3.0889384751238165
3.09864256251966
3.1112521986982777
3.1201530233409476
3.1264396808804813
3.1308814443026036
3.1340204625578356
3.141592653589793
4.319812759250499
33.88965993407683
75
0.
0.0006510416666666666
0.0013020833333333333
0.0026041666666666665
0.005208333333333333
0.0078125
0.010416666666666666
0.020833333333333332
0.03125
0.041666666666666664
0.08333333333333333
0.125
0.16666666666666666
0.25
0.3333333333333333
0.5
0.5833333333333333
0.625
0.6666666666666666
0.6875
0.7083333333333333
0.7291666666666666
0.7395833333333333
0.7447916666666666
0.75
0.7526041666666666
0.7552083333333333
0.7578125
0.7591145833333333
0.7604166666666666
0.7630208333333333
0.765625
0.7708333333333333
0.7760416666666666
0.78125
0.7916666666666666
0.8125
0.8333333333333333
0.8541666666666666
0.875
0.8854166666666666
0.8958333333333333
0.90625
0.9114583333333333
0.9140625
0.9166666666666666
0.91796875
0.9192708333333333
0.9205729166666666
0.921875
0.9231770833333333
0.9244791666666666
0.9270833333333333
0.9296875
0.9322916666666666
0.9375
0.9479166666666666
0.9583333333333333
0.96875
0.9791666666666666
0.984375
0.9895833333333333
0.9921875
0.9947916666666666
0.99609375
0.9973958333333333
0.9986979166666666
0.9990234375
0.9993489583333333
0.9996744791666666
0.9998372395833333
0.9999186197916666
0.9999593098958333
0.9999796549479166
1.
0.
0.008129651810090363
0.011501431571845612
0.016277835177309304
0.023055446741987787
0.028280282798664753
0.03270549956089338
0.0465408916543716
0.05736239268426375
0.06666423450570648
0.09685572260571149
0.12213653202097112
0.1455851191276553
0.19190086300578235
0.2429461697056996
0.3935279913528148
0.5126846963789253
0.5841683529897711
0.6669118786753776
0.7155322461276005
0.7729874684529171
0.8476458038015018
0.8989869595106526
0.9322909622399914
0.976047933882728
1.005564523687046
1.0461432161484865
1.1148619619254447
1.169723252076831
1.2207988338434606
1.2848294919327072
1.3256562913800767
1.382325189545103
1.4243578065284017
1.4591062687205427
1.5168487136965447
1.610156450575258
1.6916648597961281
1.7710200555700666
1.8557556362118173
1.9035795512590918
1.958830875841391
2.0290651666483974
2.076527133723084
2.1069787342980315
2.14655678184928
2.1729211218499684
2.2085530772149737
2.2664877612849232
2.3573868443738775
2.4162101850033295
2.4531176835892237
2.503475426238047
2.5403104956859655
2.570483292199764
2.620107022480095
2.6989313880160144
2.766256982244447
2.8301788238591574
2.8963337714864497
2.9325970453241155
2.9735130147839848
2.9970805717694633
3.024425246644329
3.0404707569938023
3.0593070055796994
3.0836035506493173
3.091414712563044
3.1006554451202253
3.1126705759835427
3.121153914266633
3.1271463956920176
3.13138065779149
3.134373205729627
3.141592653589793
4.455742677191283
32.07827628617515
73
0.
0.0006510416666666666
0.0013020833333333333
0.0026041666666666665
0.005208333333333333
0.010416666666666666
0.020833333333333332
0.03125
0.041666666666666664
0.08333333333333333
0.125
0.16666666666666666
0.25
0.3333333333333333
0.5
0.5833333333333333
0.625
0.6666666666666666
0.6875
0.7083333333333333
0.7291666666666666
0.7395833333333333
0.75
0.7552083333333333
0.7604166666666666
0.7630208333333333
0.765625
0.7682291666666666
0.7708333333333333
0.7760416666666666
0.78125
0.7916666666666666
0.8020833333333333
0.8125
0.8333333333333333
0.8541666666666666
0.875
0.8854166666666666
0.890625
0.8958333333333333
0.9010416666666666
0.9036458333333333
0.90625
0.9075520833333333
0.9088541666666666
0.9095052083333333
0.91015625
0.9108072916666666
0.9114583333333333
0.9127604166666666
0.9140625
0.9153645833333333
0.9166666666666666
0.921875
0.9270833333333333
0.9375
0.9583333333333333
0.96875
0.9791666666666666
0.984375
0.9895833333333333
0.9921875
0.9947916666666666
0.99609375
0.9973958333333333
0.9986979166666666
0.9990234375
0.9993489583333333
0.9996744791666666
0.9998372395833333
0.9999186197916666
0.9999593098958333
1.
0.
0.007621346439960794
0.010782184683790452
0.015259573710837334
0.02161227571737618
0.03065558095369914
0.043615919073127285
0.05374714734217994
0.062450429799443694
0.09065374534281917
0.11419515997439801
0.1359447620767321
0.17855942542038344
0.22477569297582403
0.3564342880474585
0.4634383945087609
0.5311303129848345
0.611294508602566
0.6585704227689313
0.7139111380173868
0.7834955855432624
0.8283161960185991
0.8869366971346908
0.9263701167399848
0.9805368968490705
1.018845260307818
1.072469217724774
1.145904769964453
1.2141167003920754
1.3007446932218885
1.3571913349464635
1.4377997522469603
1.4999668830460726
1.5535327748593144
1.649119205322919
1.7411772979864617
1.8417121605299795
1.9015575214808533
1.9365214738249283
1.9774343685554376
2.0292430931058894
2.063197590811493
2.109238069228511
2.142367632130681
2.1945387327786965
2.2403643992512774
2.3009373772297494
2.344172548964602
2.3730374503249556
2.4126313183143497
2.441211562666475
2.464233670331401
2.483859945001347
2.5444347171709243
2.5906521846598034
2.664742955271063
2.7860797867694584
2.8441248408502107
2.905884653847546
2.9402389758495233
2.9793045424828652
3.001920691121296
3.0282421452091506
3.0437223494003103
3.0619151657275423
3.085418035871236
3.092978885976021
3.1019271145721303
3.1135676658580653
3.1217873430788035
3.127593844548101
3.131696826070448
3.141592653589793
4.591672595132067
30.175851607544548
76
0.
0.0006510416666666666
0.0013020833333333333
0.0026041666666666665
0.005208333333333333
0.010416666666666666
0.020833333333333332
0.03125
0.041666666666666664
0.08333333333333333
0.125
0.16666666666666666
0.25
0.3333333333333333
0.5
0.5833333333333333
0.625
0.6666666666666666
0.7083333333333333
0.7291666666666666
0.7395833333333333
0.75
0.7604166666666666
0.7708333333333333
0.7734375
0.7760416666666666
0.7786458333333333
0.78125
0.7864583333333333
0.7916666666666666
0.8020833333333333
0.8125
0.8333333333333333
0.8541666666666666
0.8645833333333333
0.875
0.8854166666666666
0.890625
0.8932291666666666
0.8958333333333333
0.8971354166666666
0.8984375
0.8990885416666666
0.8997395833333333
0.900390625
0.9007161458333333
0.9010416666666666
0.9013671875
0.9016927083333333
0.90234375
0.9029947916666666
0.9036458333333333
0.9049479166666666
0.90625
0.9088541666666666
0.9114583333333333
0.9166666666666666
0.9270833333333333
0.9375
0.9583333333333333
0.96875
0.9791666666666666
0.984375
0.9895833333333333
0.9921875
0.9947916666666666
0.99609375
0.9973958333333333
0.9986979166666666
0.9990234375
0.9993489583333333
0.9996744791666666
0.9998372395833333
0.9999186197916666
0.9999593098958333
1.
0.
0.007155418377396418
0.010122949473944778
0.014326358913003165
0.02028992549826087
0.028778124321402015
0.04093948800941609
0.050442288159453126
0.05860225812203304
0.08501483052181141
0.10701220514330366
0.12727897314095551
0.16676393726439362
0.2091068540238112
0.3264263229854627
0.4219194456596031
0.4845159261371302
0.5604726483390958
0.6585301780830619
0.7238218019669441
0.7644077430917591
0.8143479924039511
0.8817294121690861
0.993492733581478
1.0376374839025726
1.0907264460850281
1.1463386827059823
1.1956942740561458
1.271254453158971
1.3272952821846598
1.4119794018389042
1.4793141669579501
1.5933483543408242
1.7006289775165944
1.75732395257074
1.8202804642225374
1.8968300441034558
1.9462719883322723
1.976850277026112
2.014940630336304
2.0390547863401522
2.0697069793457463
2.089514033059724
2.115192544205419
2.1542839296412657
2.1873423603784503
2.23746273453523
2.278130945043885
2.3038716937933605
2.337464795262699
2.3609092244606797
2.3794505753961066
2.4086557174440864
2.4318941101031437
2.468896766940566
2.498754083064978
2.5471913636699406
2.6224470545993057
2.6846255804973587
2.7953999467449804
2.8505804902094933
2.910182746223261
2.943617465028591
2.981815289920821
3.003995551893311
3.0298606935263446
3.0450905225986267
3.063010839347517
3.086172460557913
3.0936294750060216
3.102456626204499
3.113936907352825
3.1220451338807202
3.1277744857888843
3.1318237389119545
3.141592653589793
4.795567472043244
27.279724824799718
87
0.
0.0013020833333333333
0.0026041666666666665
0.005208333333333333
0.010416666666666666
0.020833333333333332
0.03125
0.041666666666666664
0.08333333333333333
0.125
0.16666666666666666
0.25
0.3333333333333333
0.5
0.5833333333333333
0.625
0.6666666666666666
0.7083333333333333
0.7291666666666666
0.75
0.7604166666666666
0.7708333333333333
0.78125
0.7864583333333333
0.7916666666666666
0.796875
0.8020833333333333
0.8125
0.8229166666666666
0.8333333333333333
0.8541666666666666
0.8645833333333333
0.875
0.8802083333333333
0.8854166666666666
0.88671875
0.8880208333333333
0.8893229166666666
0.890625
0.8919270833333333
0.8922526041666666
0.892578125
0.8929036458333333
0.8932291666666666
0.893310546875
0.8933919270833333
0.8934733072916666
0.89349365234375
0.8935139973958333
0.8935343424479166
0.8935546875
0.8935953776041666
0.8936360677083333
0.8937174479166666
0.8938802083333333
0.89404296875
0.8942057291666666
0.8943684895833333
0.89453125
0.8951822916666666
0.8958333333333333
0.8971354166666666
0.8984375
0.8997395833333333
0.9010416666666666
0.90625
0.9114583333333333
0.9166666666666666
0.9270833333333333
0.9375
0.9583333333333333
0.96875
0.9791666666666666
0.984375
0.9895833333333333
0.9921875
0.9947916666666666
0.99609375
0.9973958333333333
0.9986979166666666
0.9990234375
0.9993489583333333
0.9996744791666666
0.9998372395833333
0.9999186197916666
0.9999593098958333
1.
0.
0.009229723122107975
0.013062058365302075
0.01849882400933762
0.026236252415134706
0.03731907340309404
0.04597591588961063
0.05340656957258307
0.07743320631217845
0.09740193936718025
0.11575203844026077
0.15131318491399418
0.18904547412119174
0.2906678266002683
0.3722868052333207
0.4271366171987111
0.4954612963679587
0.5850902879870279
0.6441939559682991
0.7221816903856624
0.7741985721467634
0.8429010942685892
0.9436655491811934
1.0130012410664284
1.0908554335511864
1.1642921646580477
1.227063829723883
1.3272488567085463
1.4080757294570987
1.4794045746306117
1.6132831850163327
1.6835064335430034
1.763475887094804
1.8113094023326404
1.8704988215745202
1.8885050509060548
1.9086704999603987
1.931960725129072
1.96026345298699
1.9983792137994536
2.01094600804121
2.025833318105988
2.044632288548249
2.0719450643116097
2.0818413829274003
2.0946738234769655
2.114259735906875
2.121733053479912
2.131738666164144
2.1466826473469176
2.1663818316864525
2.1911185815332983
2.2044942457854577
2.2214069921015036
2.242331826675977
2.2567865840727546
2.268199419349528
2.2777939961721576
2.2861577956545367
2.31241064199495
2.3323126436659516
2.3629409918819153
2.38699018728685
2.40725209538546
2.425003624284498
2.481691024579974
2.526054737849976
2.5639317673251885
2.6290183506007727
2.6864707028834824
2.7934424037487116
2.848039599179886
2.907598630601344
2.9412004524994853
2.9797132278141083
3.002125010384031
3.0282936287507902
3.0437184208650647
3.0618757548557367
3.085363478767687
3.092926417442421
3.10188005018876
3.1135301555328034
3.1217586965294317
3.127572531724363
3.1316812289465097
3.141592653589793
4.931497389984028
25.38907381445554
102
0.
0.0013020833333333333
0.0026041666666666665
0.005208333333333333
0.010416666666666666
0.015625
0.020833333333333332
0.041666666666666664
0.0625
0.08333333333333333
0.16666666666666666
0.25
0.3333333333333333
0.5
0.5833333333333333
0.625
0.6666666666666666
0.7083333333333333
0.7291666666666666
0.75
0.7708333333333333
0.78125
0.7916666666666666
0.8020833333333333
0.8125
0.8333333333333333
0.8541666666666666
0.8645833333333333
0.875
0.8802083333333333
0.8854166666666666
0.88671875
0.8880208333333333
0.8893229166666666
0.890625
0.8912760416666666
0.8916015625
0.8919270833333333
0.89208984375
0.8921712239583333
0.8922526041666666
0.8922932942708333
0.892333984375
0.8923543294270833
0.892364501953125
0.8923746744791666
0.892377217610677
0.8923797607421875
0.8923823038736979
0.8923835754394531
0.8923842112223307
0.8923848470052083
0.8923851648966471
0.8923854827880859
0.8923856417338053
0.8923858006795247
0.8923859596252441
0.8923861185709635
0.8923864364624023
0.8923867543538411
0.8923873901367188
0.8923886617024739
0.8923899332682291
0.89239501953125
0.8924001057942708
0.8924051920572916
0.8924102783203125
0.8924153645833333
0.8924560546875
0.8924967447916666
0.8925374348958333
0.892578125
0.8927408854166666
0.8929036458333333
0.8932291666666666
0.8938802083333333
0.89453125
0.8958333333333333
0.8984375
0.9010416666666666
0.90625
0.9166666666666666
0.9270833333333333
0.9375
0.9583333333333333
0.96875
0.9791666666666666
0.984375
0.9895833333333333
0.9921875
0.9947916666666666
0.99609375
0.9973958333333333
0.9986979166666666
0.9990234375
0.9993489583333333
0.9996744791666666
0.9998372395833333
0.9999186197916666
0.9999593098958333
0.9999796549479166
1.
0.
0.008689245393331694
0.01229711129689607
0.017415333924353533
0.02469906925747787
0.03033680659842175
0.03513115900632639
0.05027114484796661
0.06232199034964423
0.07287262544870007
0.10887464253980737
0.14220063842247452
0.17741346150986503
0.2711198899754974
0.34563997140125213
0.39600464285174014
0.45934509801399726
0.5430398750241078
0.5980634302083107
0.6693915786620963
0.772824368642879
0.8488575695878076
0.9536484301541052
1.0821865293862702
1.2005625960094475
1.3824007220678516
1.535339498977545
1.6138316843169105
1.7027382528504862
1.7561675597644186
1.8234671711461066
1.844483402223753
1.8685533678928699
1.897432841159963
1.9353604186471702
1.9615357505833542
1.978527595506357
2.000993664223987
2.016463063335012
2.026410508903407
2.039294900354815
2.0478285055080447
2.059399383000754
2.067700554008125
2.0733118870539538
2.0812035245854594
2.0839247493738937
2.0872708243741758
2.091802693647837
2.0950308426202042
2.0971811518464833
2.100112560055911
2.102220727263493
2.105595182839161
2.109324109985422
2.118080602515256
2.1208976616281885
2.122619026223044
2.1249840627448275
2.1267053656090127
2.1292758625085355
2.1328671879772396
2.1355107196431904
2.142550213853244
2.1472827545311364
2.1509890839345016
2.154091348747992
2.1567879901703195
2.171560535456631
2.1812523059351623
2.188783010769507
2.195062162548485
2.21376031083361
2.2273368322671807
2.247666844259505
2.276263501261975
2.297501701971819
2.3298231006092682
2.376194072635351
2.4113129575144785
2.4660285144101324
2.5480149897694764
2.613994226793057
2.6726568386503304
2.782456437943829
2.8386635374504032
2.9000538848144712
2.93471303019921
2.974453567893871
2.9975858477485
3.0246007713225818
3.0405248383182975
3.059273248055185
3.0835255869999916
3.091335261255046
3.100581994954859
3.112611360520506
3.1211057054396263
3.1271088105499354
3.1313523373979644
3.134352309936673
3.141592653589793
5.135392266895204
22.694266089382005
77
0.
0.0013020833333333333
0.0026041666666666665
0.005208333333333333
0.010416666666666666
0.015625
0.020833333333333332
0.041666666666666664
0.0625
0.08333333333333333
0.16666666666666666
0.25
0.3333333333333333
0.5
0.5833333333333333
0.625
0.6666666666666666
0.7083333333333333
0.7291666666666666
0.75
0.7708333333333333
0.7916666666666666
0.8020833333333333
0.8125
0.8229166666666666
0.8333333333333333
0.8541666666666666
0.8645833333333333
0.875
0.8802083333333333
0.8854166666666666
0.8880208333333333
0.890625
0.8919270833333333
0.8932291666666666
0.8935546875
0.8938802083333333
0.8942057291666666
0.89453125
0.8948567708333333
0.89501953125
0.8951009114583333
0.8951822916666666
0.895263671875
0.8953450520833333
0.8955078125
0.8956705729166666
0.8958333333333333
0.896484375
0.8971354166666666
0.8977864583333333
0.8984375
0.9010416666666666
0.9036458333333333
0.90625
0.9114583333333333
0.9166666666666666
0.9270833333333333
0.9375
0.9583333333333333
0.96875
0.9791666666666666
0.984375
0.9895833333333333
0.9921875
0.9947916666666666
0.99609375
0.9973958333333333
0.9986979166666666
0.9990234375
0.9993489583333333
0.9996744791666666
0.9998372395833333
0.9999186197916666
0.9999593098958333
0.9999796549479166
1.
0.
0.00794952186931709
0.011250220597596025
0.01593264005846317
0.02259608349878341
0.027753545128748128
0.03213934512576785
0.04598807652601172
0.057009419169023544
0.06665687912504113
0.09955462421253893
0.12995021459291317
0.16195725604860173
0.24620466718983167
0.31240416505852003
0.3572061184978422
0.4138986874333615
0.48912001728778765
0.5382915246765565
0.6008278347032661
0.6865953187747713
0.8166891098486686
0.9071190061602803
1.0110842974162566
1.116092992382042
1.2140008261406376
1.3922274022371923
1.4807231670186654
1.5774225933554709
1.633109200634312
1.6992549021855419
1.7396877718404322
1.7899709912618977
1.82208360387227
1.863999122221981
1.877284268114632
1.892512562666609
1.9106318038357466
1.93362629678703
1.9670459973384344
1.9937410521158951
2.0133958947232373
2.040381399397131
2.06985253222399
2.092363699120446
2.1214800576062127
2.140913999224095
2.155814166316663
2.196257736575406
2.223595076492241
2.2450380751195858
2.263019103276319
2.3171342529844248
2.357079652705591
2.389906360210099
2.443811473523328
2.488699371674382
2.564374690998915
2.6302217242883614
2.7514880938049195
2.8129716948524988
2.879846064414335
2.9175078835142294
2.960629526371969
2.985706822637954
3.014973935968587
3.0322194849877557
3.0525153320453846
3.0787659349833394
3.087216309406321
3.0972212378397073
3.1102406305397126
3.119435041548836
3.125930650919974
3.1305208382471594
3.133765142747029
3.141592653589793
5.271322184835989
21.019017233173216
66
0.
0.0013020833333333333
0.0026041666666666665
0.005208333333333333
0.010416666666666666
0.020833333333333332
0.03125
0.041666666666666664
0.08333333333333333
0.125
0.16666666666666666
0.3333333333333333
0.5
0.5833333333333333
0.6666666666666666
0.7083333333333333
0.75
0.7708333333333333
0.7916666666666666
0.8020833333333333
0.8125
0.8333333333333333
0.8541666666666666
0.8645833333333333
0.875
0.8802083333333333
0.8854166666666666
0.890625
0.8932291666666666
0.8958333333333333
0.896484375
0.8971354166666666
0.8984375
0.8987630208333333
0.8990885416666666
0.8994140625
0.8997395833333333
0.900390625
0.9010416666666666
0.90234375
0.9036458333333333
0.90625
0.9088541666666666
0.9114583333333333
0.9166666666666666
0.9270833333333333
0.9375
0.9583333333333333
0.96875
0.9791666666666666
0.984375
0.9895833333333333
0.9921875
0.9947916666666666
0.99609375
0.9973958333333333
0.9986979166666666
0.9990234375
0.9993489583333333
0.9996744791666666
0.999755859375
0.9998372395833333
0.9999186197916666
0.9999593098958333
0.9999796549479166
1.
0.
0.0074983157301384195
0.010611684649774154
0.015028378536621189
0.021313734195552755
0.030315681401020787
0.037345952684494886
0.04337932309347942
0.06287737116863669
0.07906296724477692
0.09391168680111217
0.15273353734326314
0.2317852462660383
0.29352406486908333
0.3880695281433306
0.45809474591014004
0.5608883822834332
0.6374636750110205
0.7476571223843155
0.8212685335624738
0.9077660516220367
1.098839783830463
1.2851384106476003
1.378089637328595
1.4773307860394769
1.5324874851533534
1.5948982575539188
1.6712222990431886
1.7199017515332031
1.7845981181804111
1.8057204776808697
1.8305725937284476
1.9037017525444933
1.933338620117302
1.9733241299064292
2.0223310012073936
2.064672489185306
2.1192627633594188
2.1545612330329162
2.2030160343114753
2.238120878751292
2.2905970520214973
2.3311022614643453
2.365037290091645
2.4215467089133056
2.511288792740047
2.5862867083383048
2.720636377745655
2.787699436642406
2.860170712526686
2.9008302132530006
2.9472834075139422
2.974260801834892
3.00571371216741
3.0242383866506266
3.0460303905905834
3.074196873369124
3.0832653250302107
3.093999591728549
3.107961076933238
3.1124726520049784
3.117821881368427
3.124789341613105
3.1297134954889283
3.1331941080216112
3.141592653589793
5.407252102776773
19.45062043914181
60
0.
0.0026041666666666665
0.005208333333333333
0.010416666666666666
0.020833333333333332
0.03125
0.041666666666666664
0.08333333333333333
0.125
0.16666666666666666
0.3333333333333333
0.5
0.5833333333333333
0.6666666666666666
0.7083333333333333
0.75
0.7916666666666666
0.8125
0.8333333333333333
0.8541666666666666
0.8645833333333333
0.875
0.8854166666666666
0.890625
0.8958333333333333
0.8984375
0.9010416666666666
0.90234375
0.9036458333333333
0.904296875
0.9049479166666666
0.9055989583333333
0.90625
0.9075520833333333
0.9088541666666666
0.9114583333333333
0.9140625
0.9166666666666666
0.921875
0.9270833333333333
0.9375
0.9583333333333333
0.96875
0.9791666666666666
0.984375
0.9895833333333333
0.9921875
0.9947916666666666
0.99609375
0.9973958333333333
0.998046875
0.9986979166666666
0.9993489583333333
0.99951171875
0.9996744791666666
0.9998372395833333
0.9999186197916666
0.9999593098958333
0.9999796549479166
1.
0.
0.010015366788776884
0.014183949786697181
0.020116366758819178
0.028613203450090927
0.03524943644931542
0.040944997724439526
0.059354055341511336
0.0746390653539005
0.0886641542076234
0.144225761433856
0.2187077975053666
0.2765829441619247
0.3649167055875448
0.4301019390034678
0.524603699700049
0.6884073281273289
0.8224647699976296
0.9920313008248782
1.1752922424214485
1.269830058866813
1.3698747210655968
1.483341550720827
1.5509704899282983
1.6346184097126235
1.6885638797623075
1.7608074704392285
1.8117730679666681
1.8862810420984726
1.938529305589794
1.9956022354272556
2.0444096655449555
2.0823637203903527
2.1376768598051985
2.1781917997150644
2.238317349294724
2.284222614739506
2.3223834110572366
2.3854802905870667
2.438279318123944
2.5278051198891105
2.680878235245348
2.7554392653457582
2.8352376437460256
2.879760580711712
2.9304704718155805
2.9598570813971685
2.9940783788201943
3.014212043811789
3.0378833583751765
3.051906897221525
3.068468459930636
3.0899575483027135
3.096891250867052
3.105106709647173
3.1158019040487885
3.123359929422675
3.1287022135976175
3.132478756821325
3.141592653589793
5.611146979687949
17.298849891650512
56
0.
0.0026041666666666665
0.005208333333333333
0.010416666666666666
0.020833333333333332
0.03125
0.041666666666666664
0.08333333333333333
0.125
0.16666666666666666
0.3333333333333333
0.5
0.5833333333333333
0.6666666666666666
0.7083333333333333
0.75
0.7916666666666666
0.8125
0.8333333333333333
0.8541666666666666
0.875
0.8854166666666666
0.8958333333333333
0.9010416666666666
0.90625
0.9088541666666666
0.9114583333333333
0.9127604166666666
0.9140625
0.9166666666666666
0.9192708333333333
0.921875
0.9270833333333333
0.9322916666666666
0.9375
0.9479166666666666
0.9583333333333333
0.96875
0.9791666666666666
0.984375
0.9895833333333333
0.9921875
0.9947916666666666
0.99609375
0.9973958333333333
0.998046875
0.9986979166666666
0.9993489583333333
0.99951171875
0.9996744791666666
0.9998372395833333
0.9999186197916666
0.9999593098958333
0.9999796549479166
0.9999898274739583
1.
0.
0.009191339444776982
0.01301710756505062
0.018461948575968855
0.026261331122483796
0.032353768080472384
0.03758340274352936
0.05449273178958022
0.06854106194230662
0.08143894348070613
0.1325926274232189
0.2010735218602832
0.2539331720976091
0.3339769561546931
0.39248416991693597
0.4756327805988328
0.6119720393840973
0.7178101751796223
0.8550690001515507
1.0182708590322633
1.2049532794567595
1.3121814595429626
1.43968026640189
1.5190244661891488
1.6216337957301599
1.6908875293652037
1.7854587828125734
1.8473349803911592
1.9163312516395568
2.036725147262352
2.1197700849458663
2.1813097808044337
2.2733390233994437
2.3446653351363405
2.405184839419758
2.5091983098321404
2.6023280231314403
2.6926728270515516
2.7872695906841214
2.839412173036359
2.898402634572927
2.9324397909398066
2.9719658699939724
2.995180707285974
3.022435731210408
3.0385639470417702
3.0576072893321276
3.0823003694507545
3.0902638904395876
3.099701544749075
3.11198830951368
3.1206677715182867
3.1268007953224024
3.1311353615475435
3.134199296175307
3.141592653589793
5.815041856599126
15.374030661420564
54
0.
0.0026041666666666665
0.005208333333333333
0.010416666666666666
0.020833333333333332
0.03125
0.041666666666666664
0.08333333333333333
0.125
0.16666666666666666
0.3333333333333333
0.5
0.5833333333333333
0.6666666666666666
0.7083333333333333
0.75
0.7916666666666666
0.8333333333333333
0.8541666666666666
0.875
0.8854166666666666
0.8958333333333333
0.90625
0.9114583333333333
0.9166666666666666
0.9192708333333333
0.921875
0.9244791666666666
0.9270833333333333
0.9322916666666666
0.9375
0.9427083333333333
0.9479166666666666
0.9583333333333333
0.96875
0.9791666666666666
0.984375
0.9895833333333333
0.9921875
0.9947916666666666
0.99609375
0.9973958333333333
0.998046875
0.9986979166666666
0.9993489583333333
0.99951171875
0.9996744791666666
0.9998372395833333
0.9998779296875
0.9999186197916666
0.9999593098958333
0.9999796549479166
0.9999898274739583
1.
0.
0.008441184468825571
0.01195490736811263
0.016956005180414506
0.02412078323404032
0.029718632063275918
0.034524694145255455
0.05007202103525476
0.06299955407665092
0.07487833149717597
0.12208095975871255
0.18528781795281185
0.233766238568073
0.3064203626317235
0.3588612740617933
0.43189568591140476
0.5464545051053921
0.7433337417575662
0.8812726630261174
1.0482965395565604
1.146384856134823
1.2597619668554898
1.400211934023113
1.4900044247648485
1.606537549587869
1.6821373563527289
1.77380050891711
1.8760267547010572
1.9712319366898539
2.115078543530894
2.2182116784657224
2.300764885093133
2.3718388751298862
2.4959066721791037
2.609814401651909
2.725082738006868
2.787476485723283
2.8573859251964904
2.8974676998296163
2.94383964939941
2.970996516644285
3.002832362259288
3.0216498225587447
3.0438426565072367
3.0726027072188566
3.0818724588960995
3.092853707941538
3.1071450605413387
3.1117634479375553
3.117240042705373
3.124375347120269
3.1294194735139595
3.132985562177654
3.141592653589793
6.086901692480694
13.118337992286508
49
0.
0.0026041666666666665
0.005208333333333333
0.010416666666666666
0.020833333333333332
0.041666666666666664
0.08333333333333333
0.125
0.16666666666666666
0.3333333333333333
0.5
0.5833333333333333
0.6666666666666666
0.7083333333333333
0.75
0.7916666666666666
0.8333333333333333
0.8541666666666666
0.875
0.8958333333333333
0.90625
0.9166666666666666
0.9270833333333333
0.9322916666666666
0.9375
0.9427083333333333
0.9479166666666666
0.9583333333333333
0.96875
0.9791666666666666
0.984375
0.9895833333333333
0.9921875
0.9947916666666666
0.99609375
0.9973958333333333
0.998046875
0.9986979166666666
0.9990234375
0.9993489583333333
0.9996744791666666
0.999755859375
0.9998372395833333
0.9999186197916666
0.9999593098958333
0.9999796549479166
0.9999898274739583
0.9999949137369791
1.
0.
0.007538601352288767
0.010676878306928388
0.015144102959632392
0.021545461127996098
0.030845010605833837
0.044754895787365426
0.05633597719008453
0.0669916357568502
0.1094683514261747
0.1664146220303056
0.20970466382079023
0.27356357461766
0.3187993963892799
0.38021057349261383
0.4720774979765966
0.6235456943295201
0.732029539904487
0.8681618907697963
1.0450563631357366
1.1586467200560215
1.3018592464722407
1.5010538072733683
1.6380753869215456
1.8003781125972411
1.9577004699029816
2.088821116407242
2.292118503227545
2.4580554014909763
2.614477607907556
2.696140815406429
2.785947966190634
2.836827357609375
2.895266071947001
2.9293187232184406
2.9691106208556133
2.992577539184932
3.0202080747724156
3.0365952780442096
3.0559649389068486
3.0811134823773085
3.0892321151309328
3.0988558814594134
3.1113873803547323
3.120241379922208
3.126498558120648
3.1309212820263426
3.1340477366188595
3.141592653589793
6.358761528362263
11.16306438128339
49
0.
0.005208333333333333
0.010416666666666666
0.020833333333333332
0.041666666666666664
0.08333333333333333
0.125
0.16666666666666666
0.3333333333333333
0.5
0.5833333333333333
0.6666666666666666
0.7083333333333333
0.75
0.7916666666666666
0.8333333333333333
0.8541666666666666
0.875
0.8958333333333333
0.90625
0.9166666666666666
0.9270833333333333
0.9375
0.9427083333333333
0.9479166666666666
0.953125
0.9583333333333333
0.96875
0.9791666666666666
0.984375
0.9895833333333333
0.9921875
0.9947916666666666
0.99609375
0.9973958333333333
0.998046875
0.9986979166666666
0.9990234375
0.9993489583333333
0.99951171875
0.9996744791666666
0.9998372395833333
0.9998779296875
0.9999186197916666
0.9999593098958333
0.9999796549479166
0.9999898274739583
0.9999949137369791
1.
0.
0.00953319288366386
0.013522622154827232
0.019240696604472272
0.02755159008524898
0.039995047582348384
0.05036967208090347
0.05992879968179815
0.09816427752943659
0.14948923412268242
0.18814578803145918
0.24424852198919106
0.28326179947581126
0.3350529500950088
0.409699019434881
0.5284262144754266
0.6140512887176416
0.7234486453087551
0.8670929235115091
0.9590498960213422
1.0722411861209573
1.2179798822725807
1.416935995884226
1.5451278740608192
1.691933293650656
1.8452082180035205
1.9900753252694041
2.240495685234327
2.460892345070908
2.5709242793366034
2.689075917025501
2.7549962887029866
2.8300153498871605
2.8734507689535724
2.9240005810752643
2.953723073146908
2.988657597243527
3.0093442409741717
3.0337723797142315
3.0482867927708135
3.065464286944617
3.0878017951599825
3.095016894528234
3.1035704125107944
3.114712464257117
3.122588283632864
3.128155930944613
3.132092153692674
3.141592653589793
6.766551282184616
8.690937557214
47
0.
0.005208333333333333
0.010416666666666666
0.020833333333333332
0.041666666666666664
0.08333333333333333
0.125
0.16666666666666666
0.3333333333333333
0.5
0.5833333333333333
0.6666666666666666
0.75
0.7916666666666666
0.8333333333333333
0.875
0.8958333333333333
0.9166666666666666
0.9270833333333333
0.9375
0.9479166666666666
0.9583333333333333
0.96875
0.9739583333333333
0.9791666666666666
0.984375
0.9895833333333333
0.9921875
0.9947916666666666
0.99609375
0.9973958333333333
0.998046875
0.9986979166666666
0.9990234375
0.9993489583333333
0.99951171875
0.9996744791666666
0.999755859375
0.9998372395833333
0.9999186197916666
0.99993896484375
0.9999593098958333
0.9999796549479166
0.9999898274739583
0.9999949137369791
0.9999974568684895
1.
0.
0.008030683494917614
0.011392287715255437
0.016212248738181334
0.023222984457902815
0.033735728519881304
0.0425193537825085
0.05063010143224785
0.08323978095650153
0.1270917478889774
0.15968267492782953
0.20593598176247216
0.2779050005890217
0.334021097607613
0.4192782797273794
0.5596438732098851
0.6646671618461837
0.8127043512347213
0.9149033036457188
1.0488109297015846
1.2310329637238921
1.4807246964810845
1.7937849109926487
1.9604441777976327
2.127985390479749
2.297909820783546
2.477712213687337
2.5765615403981723
2.6878722363378063
2.7518194577993245
2.8258500977482615
2.8692146641225187
2.920051551137265
2.9501010560594656
2.9855352158749477
3.006570930666572
3.031453849653752
3.0462543994432756
3.063784380392809
3.0866023794827564
3.0939776325117774
3.102722847506301
3.114114633900312
3.1221662975272864
3.1278579131067668
3.131881608783346
3.141592653589793
7.174341036006968
6.68038689587781
46
0.
0.010416666666666666
0.020833333333333332
0.041666666666666664
0.08333333333333333
0.125
0.16666666666666666
0.3333333333333333
0.5
0.5833333333333333
0.6666666666666666
0.75
0.7916666666666666
0.8333333333333333
0.875
0.8958333333333333
0.9166666666666666
0.9270833333333333
0.9375
0.9583333333333333
0.96875
0.9791666666666666
0.984375
0.9895833333333333
0.9921875
0.9947916666666666
0.99609375
0.9973958333333333
0.998046875
0.9986979166666666
0.9990234375
0.9993489583333333
0.99951171875
0.9996744791666666
0.999755859375
0.9998372395833333
0.9998779296875
0.9999186197916666
0.9999593098958333
0.999969482421875
0.9999796549479166
0.9999898274739583
0.9999949137369791
0.9999974568684895
0.9999987284342448
1.
0.
0.009574054714017129
0.013627031107025176
0.019526581190839522
0.02838664506255558
0.03580541593888576
0.04267093999211498
0.07042017692224196
0.10782565358857985
0.13531328092533212
0.1736047632407353
0.23140548038343325
0.2748251200737026
0.33847993602903975
0.4417632259954773
0.5197453353001478
0.6290450149506916
0.703257898626358
0.7990569103668199
1.1095469046693331
1.3667911419107293
1.7192247788141637
1.9335900069288547
2.1787953009736736
2.318664330975955
2.4786933869394963
2.571416430512765
2.6792291198801186
2.7425474458156924
2.8168899299003183
2.8608755377386292
2.9127797996756124
2.94360551931113
2.9800777436805768
3.0017761266788607
3.027480023770136
3.0427894842736416
3.060937743281178
3.0845728009028686
3.0922147283861623
3.1012783749341057
3.113088575039133
3.121438436537048
3.1273420749815894
3.1315162752351955
3.141592653589793
7.718060707770105
4.601617232470564
50
0.
0.010416666666666666
0.020833333333333332
0.041666666666666664
0.08333333333333333
0.16666666666666666
0.3333333333333333
0.5
0.5833333333333333
0.6666666666666666
0.75
0.7916666666666666
0.8333333333333333
0.875
0.8958333333333333
0.9166666666666666
0.9375
0.9479166666666666
0.9583333333333333
0.96875
0.9739583333333333
0.9791666666666666
0.984375
0.9895833333333333
0.9921875
0.9947916666666666
0.99609375
0.9973958333333333
0.998046875
0.9986979166666666
0.9990234375
0.9993489583333333
0.99951171875
0.9996744791666666
0.999755859375
0.9998372395833333
0.9998779296875
0.9999186197916666
0.99993896484375
0.9999593098958333
0.9999796549479166
0.9999847412109375
0.9999898274739583
0.9999949137369791
0.9999961853027344
0.9999974568684895
0.9999987284342448
0.9999993642171223
0.9999996821085612
1.
0.
0.007561896894118864
0.01076549265237266
0.015433342065372816
0.022458120388673525
0.03383307654026086
0.05612861562473431
0.0863220150517767
0.10824886003876119
0.13819725503232078
0.18207842288979914
0.21394968581871787
0.2591274990836183
0.330516300494219
0.3843866346873959
0.4598710116231977
0.5750433182132068
0.660725721340111
0.78082977403002
0.9588772145919279
1.081723735105494
1.2375821222683772
1.4396630082073485
1.7112210444245883
1.8868955287926206
2.105445124025883
2.2397109110222284
2.4017973147548326
2.4995365719738816
2.6162910687936276
2.686225072641694
2.7694373822883325
2.819146344261276
2.878196619095134
2.9134337173890357
2.955259645229814
2.980206130326184
3.0098078045504875
3.0274576189238394
3.0483959816928365
3.075687302340564
3.0845154454521437
3.094987855594043
3.108636745957864
3.113051625276211
3.118288638239763
3.1251138914741246
3.129940241721508
3.1333530704187917
3.141592653589793
8.53364021541481
2.5063257577370663
53
0.
0.020833333333333332
0.041666666666666664
0.08333333333333333
0.16666666666666666
0.3333333333333333
0.5
0.6666666666666666
0.75
0.7916666666666666
0.8333333333333333
0.875
0.8958333333333333
0.9166666666666666
0.9375
0.9479166666666666
0.9583333333333333
0.96875
0.9739583333333333
0.9791666666666666
0.984375
0.9869791666666666
0.9895833333333333
0.9921875
0.9934895833333333
0.9947916666666666
0.99609375
0.9973958333333333
0.998046875
0.9986979166666666
0.9990234375
0.9993489583333333
0.99951171875
0.9996744791666666
0.999755859375
0.9998372395833333
0.9998779296875
0.9999186197916666
0.99993896484375
0.9999593098958333
0.999969482421875
0.9999796549479166
0.9999847412109375
0.9999898274739583
0.9999949137369791
0.9999961853027344
0.9999974568684895
0.9999987284342448
0.9999993642171223
0.9999996821085612
0.9999998410542805
0.9999999205271403
1.
0.
0.007479936288011782
0.010730101898211062
0.01563546831217215
0.023627264180912724
0.03949112157853868
0.06112971645669237
0.09733880042117274
0.1268013670550755
0.14756658763196276
0.1761396160893368
0.2199145623675008
0.2525782631136936
0.2983076229837835
0.3673281374562466
0.4175461335367514
0.48661764209481734
0.5888979417170768
0.6614835058349843
0.758039068934371
0.8937010779784323
0.985284418232016
1.102241626744813
1.2589951284354024
1.3605272624617493
1.4855739809363009
1.6454457786551002
1.8619643792365534
2.0054382465250686
2.189342200401141
2.305661337108816
2.4495117848664245
2.5379813395665547
2.645207982357128
2.710157767535746
2.7880423521411535
2.834854079652593
2.8906802838015384
2.9240935056750987
2.9638446736683908
2.9875906025246173
3.0157922653636966
3.0326210123385917
3.052597851246266
3.078649444584612
3.087078309455794
3.097078073966015
3.1101125852661244
3.1193311293663366
3.125850501339587
3.130460832120109
3.1337210476712123
3.141592653589793
9.077359887177948
1.6191948909673852
55
0.
0.041666666666666664
0.08333333333333333
0.16666666666666666
0.3333333333333333
0.5
0.6666666666666666
0.75
0.8333333333333333
0.875
0.8958333333333333
0.9166666666666666
0.9375
0.9479166666666666
0.9583333333333333
0.96875
0.9739583333333333
0.9791666666666666
0.984375
0.9869791666666666
0.9895833333333333
0.9921875
0.9934895833333333
0.9947916666666666
0.99609375
0.9967447916666666
0.9973958333333333
0.998046875
0.9986979166666666
0.9990234375
0.9993489583333333
0.99951171875
0.9996744791666666
0.999755859375
0.9998372395833333
0.9998779296875
0.9999186197916666
0.99993896484375
0.9999593098958333
0.999969482421875
0.9999796549479166
0.9999847412109375
0.9999898274739583
0.9999923706054688
0.9999949137369791
0.9999974568684895
0.9999980926513672
0.9999987284342448
0.9999993642171223
0.9999995231628418
0.9999996821085612
0.9999998410542805
0.9999999205271403
0.9999999602635701
1.
0.
0.008345988652821816
0.01217016878895707
0.018420478341817686
0.030908413028366274
0.047995493272692
0.07621209319990983
0.09878715642063847
0.13591674073202098
0.1682987377457996
0.19230574694469554
0.22586613408591025
0.27636643543830147
0.3128231752989343
0.362465980359293
0.4352431003369205
0.4868173448452567
0.555947817342052
0.6550168964719315
0.7236004467832096
0.8135526581437973
0.938896591318032
1.0234182875837106
1.1316043780217286
1.2773166799617957
1.3722262299310706
1.4897660430035562
1.641232190333015
1.8488617074399245
1.9882524635471825
2.169214548892018
2.285032785022575
2.4296826869881034
2.5193743670833446
2.6287591510167627
2.6953387870869308
2.775461652358826
2.823729400522485
2.8814033048592402
2.915983977544209
2.957161210643067
2.981763194256679
3.0109882872658793
3.028432010634493
3.0491449937960406
3.0761738578825257
3.084924716033584
3.095310288594734
3.1088539067451886
3.113236653240152
3.1184367676668407
3.125215918188948
3.130011025998362
3.133402442280701
3.141592653589793
9.892939394822653
0.8115521928884346
55
0.
0.08333333333333333
0.16666666666666666
0.3333333333333333
0.5
0.6666666666666666
0.75
0.8333333333333333
0.875
0.9166666666666666
0.9375
0.9583333333333333
0.96875
0.9739583333333333
0.9791666666666666
0.984375
0.9869791666666666
0.9895833333333333
0.9921875
0.9934895833333333
0.9947916666666666
0.99609375
0.9967447916666666
0.9973958333333333
0.998046875
0.9983723958333333
0.9986979166666666
0.9990234375
0.9993489583333333
0.99951171875
0.9996744791666666
0.999755859375
0.9998372395833333
0.9998779296875
0.9999186197916666
0.99993896484375
0.9999593098958333
0.999969482421875
0.9999796549479166
0.9999847412109375
0.9999898274739583
0.9999923706054688
0.9999949137369791
0.9999961853027344
0.9999974568684895
0.9999980926513672
0.9999987284342448
0.9999993642171223
0.9999995231628418
0.9999996821085612
0.9999998410542805
0.9999999205271403
0.9999999602635701
0.999999980131785
1.
0.
0.008233729683215783
0.012482295139216925
0.021023798407141286
0.03273638117917819
0.05181952559708446
0.06685432456081596
0.09120981064107304
0.11214715884616655
0.14910441596563648
0.1814206712203671
0.2358994908064717
0.28125210850182286
0.31318669456800746
0.35601719370616514
0.4179961894702609
0.4616068689138273
0.519929169844652
0.6036646544924472
0.6619437877226276
0.7389138857253449
0.8473045792523446
0.9211942124958219
1.0167746721231314
1.147466297032207
1.2339590612771119
1.3427758941925894
1.4861416739390172
1.6892664936621518
1.8304099227181716
2.019803404378538
2.1447493674228286
2.304823327613318
2.406218791083417
2.5319126081999612
2.6093973280364886
2.703540297547556
2.76065565551783
2.82926759399943
2.870544244366814
2.919806471459121
2.949317477913513
2.984442389127369
3.0054255188325336
3.030344094976722
3.045213094939515
3.0628646406208806
3.0858917311708915
3.0933453124567123
3.102190209525633
3.113722932352461
3.121881786903267
3.12765296545006
3.1317348046676567
3.141592653589793
10.43665906658579
0.5082592736330589
56
0.
0.16666666666666666
0.3333333333333333
0.5
0.6666666666666666
0.75
0.8333333333333333
0.875
0.9166666666666666
0.9375
0.9583333333333333
0.96875
0.9791666666666666
0.984375
0.9869791666666666
0.9895833333333333
0.9921875
0.9934895833333333
0.9947916666666666
0.99609375
0.9967447916666666
0.9973958333333333
0.998046875
0.9983723958333333
0.9986979166666666
0.9990234375
0.9991861979166666
0.9993489583333333
0.99951171875
0.9996744791666666
0.999755859375
0.9998372395833333
0.9998779296875
0.9999186197916666
0.99993896484375
0.9999593098958333
0.999969482421875
0.9999796549479166
0.9999847412109375
0.9999898274739583
0.9999923706054688
0.9999949137369791
0.9999961853027344
0.9999974568684895
0.9999980926513672
0.9999987284342448
0.9999990463256836
0.9999993642171223
0.9999996821085612
0.9999997615814209
0.9999998410542805
0.9999999205271403
0.9999999602635701
0.999999980131785
0.9999999900658925
1.
0.
0.009533694982400316
0.016080374039216794
0.02506218401071795
0.039617533268171704
0.05101963846621488
0.06939067512055198
0.08510287397027881
0.11276108001150292
0.1369165938359555
0.177479233159347
0.21104812878917062
0.2661696752857462
0.3119123269683655
0.3442348564500789
0.38771872962162696
0.45076845118492964
0.49512503747287545
0.5543453398072832
0.6390556513425673
0.6977470168786868
0.7749064899350872
0.8829016128657661
0.9561181054043408
1.0504209682791696
1.178782416448654
1.2634550679132814
1.3697693549325605
1.5096283460432005
1.707695746053415
1.8454696701138635
2.0307420200026587
2.1533069025695317
2.3107826673144607
2.4108126171584687
2.535102215739146
2.611913831163741
2.705336700198144
2.7621206797417313
2.8303651143039033
2.871438944481575
2.9205131063579137
2.9499247299085396
2.984919544701397
3.0058272696827038
3.0306710583197236
3.0455008633124505
3.0631066227917176
3.086069548329139
3.0935011924646276
3.102319314778647
3.113815913502095
3.121948381310507
3.127700478898938
3.1317686140289682
3.141592653589793
10.980378738348927
0.3221424982809348
59
0.
0.16666666666666666
0.3333333333333333
0.5
0.6666666666666666
0.75
0.8333333333333333
0.875
0.9166666666666666
0.9375
0.9583333333333333
0.96875
0.9791666666666666
0.984375
0.9869791666666666
0.9895833333333333
0.9921875
0.9934895833333333
0.9947916666666666
0.99609375
0.9967447916666666
0.9973958333333333
0.998046875
0.9983723958333333
0.9986979166666666
0.9990234375
0.9991861979166666
0.9993489583333333
0.99951171875
0.9995930989583333
0.9996744791666666
0.999755859375
0.9998372395833333
0.9998779296875
0.9999186197916666
0.99993896484375
0.9999593098958333
0.999969482421875
0.9999796549479166
0.9999847412109375
0.9999898274739583
0.9999923706054688
0.9999949137369791
0.9999961853027344
0.9999974568684895
0.9999980926513672
0.9999987284342448
0.9999990463256836
0.9999993642171223
0.9999995231628418
0.9999996821085612
0.9999998410542805
0.9999998807907104
0.9999999205271403
0.9999999602635701
0.999999980131785
0.9999999900658925
0.9999999950329462
1.
0.
0.007221609608190708
0.012191003601110088
0.0190101886729648
0.03002350422118785
0.03862077793243853
0.05242723593442038
0.06419888520659102
0.08488475320530181
0.10293728555925943
0.13318256201739773
0.1581227574632574
0.19896203714282237
0.23285184593370942
0.2568484615360881
0.28923675678123445
0.33646768303523916
0.369908998224914
0.41484813626099887
0.4797398444173269
0.5251464025196212
0.5854342728193419
0.6710482004507669
0.7299846103569679
0.8070587367821473
0.9142913110990791
0.9866406030205048
1.0794826241999498
1.2053584069006702
1.2881486807863258
1.3919032936185327
1.5281785026325923
1.7210796630836196
1.855414037554586
2.0365508415966067
2.156819225812902
2.311959419217253
2.4108919818917105
2.5342740806444852
2.6107442231305305
2.703984538245334
2.760762208088231
2.8290853567568197
2.8702706158666236
2.9195033657847125
2.9490087208499713
2.984145753135033
3.005155748670505
3.030125345871948
3.0450261809946846
3.0627144843708978
3.085787831244977
3.0932559725299607
3.1021178849077518
3.1136723648929343
3.121846317867799
3.127628029117489
3.1317172440364662
3.141592653589793
11.524098410112064
0.21056414230148238
62
0.
0.16666666666666666
0.3333333333333333
0.5
0.6666666666666666
0.75
0.8333333333333333
0.875
0.9166666666666666
0.9375
0.9583333333333333
0.96875
0.9791666666666666
0.984375
0.9895833333333333
0.9921875
0.9934895833333333
0.9947916666666666
0.99609375
0.9967447916666666
0.9973958333333333
0.998046875
0.9983723958333333
0.9986979166666666
0.9990234375
0.9991861979166666
0.9993489583333333
0.99951171875
0.9995930989583333
0.9996744791666666
0.999755859375
0.9997965494791666
0.9998372395833333
0.9998779296875
0.9999186197916666
0.99993896484375
0.9999593098958333
0.999969482421875
0.9999796549479166
0.9999847412109375
0.9999898274739583
0.9999923706054688
0.9999949137369791
0.9999961853027344
0.9999974568684895
0.9999980926513672
0.9999987284342448
0.9999990463256836
0.9999993642171223
0.9999995231628418
0.9999996821085612
0.9999997615814209
0.9999998410542805
0.9999999205271403
0.9999999403953552
0.9999999602635701
0.999999980131785
0.9999999900658925
0.9999999950329462
0.9999999975164731
0.9999999987582365
1.
0.
0.005415688626596448
0.00914684918847056
0.014267081024454446
0.02251938213167444
0.0289477859183147
0.03925055854572026
0.04801817546447144
0.06340848834498469
0.07683352444344804
0.09929676058030582
0.11778049235422357
0.14799493724714258
0.17306271982165294
0.2148616563759685
0.2500232305724589
0.27501725896483387
0.3087411458624502
0.35772786842041654
0.39221793053394943
0.43829881299376566
0.5043407633251289
0.550247274582573
0.6108713619308854
0.6964184483419773
0.7549898800011667
0.8312436564738503
0.9367585861118892
1.0076118770248466
1.0981896978226504
1.2204861095137625
1.300671991894092
1.4009638873073837
1.5325461589521567
1.7189342183667413
1.849139519000118
2.025699590443649
2.143764056086565
2.2973088558254466
2.3960261884019634
2.519999492184202
2.5972984640111103
2.6920634682896507
2.7499691285373076
2.819905890718906
2.862145708508458
2.912700524538632
2.9430560792903155
2.97924342082224
3.0008816498113875
3.026593484951174
3.0419439075605577
3.0601748587913518
3.083970758615108
3.0916763518753085
3.100822314973454
3.112750883577195
3.1211920366739387
3.1271640319691656
3.1313884720631595
3.134376404544074
3.141592653589793
12.0678180818752
0.1449371565042788
63
0.
0.16666666666666666
0.3333333333333333
0.5
0.6666666666666666
0.75
0.8333333333333333
0.875
0.9166666666666666
0.9375
0.9583333333333333
0.96875
0.9791666666666666
0.984375
0.9895833333333333
0.9921875
0.9947916666666666
0.99609375
0.9973958333333333
0.998046875
0.9983723958333333
0.9986979166666666
0.9990234375
0.9991861979166666
0.9993489583333333
0.99951171875
0.9995930989583333
0.9996744791666666
0.999755859375
0.9997965494791666
0.9998372395833333
0.9998779296875
0.9998982747395833
0.9999186197916666
0.99993896484375
0.9999593098958333
0.999969482421875
0.9999796549479166
0.9999847412109375
0.9999898274739583
0.9999923706054688
0.9999949137369791
0.9999961853027344
0.9999974568684895
0.9999980926513672
0.9999987284342448
0.9999990463256836
0.9999993642171223
0.9999995231628418
0.9999996821085612
0.9999997615814209
0.9999998410542805
0.9999998807907104
0.9999999205271403
0.9999999602635701
0.9999999701976776
0.999999980131785
0.9999999900658925
0.9999999950329462
0.9999999975164731
0.9999999987582365
0.9999999993791182
1.
0.
0.0040060379194872715
0.00676798789467685
0.010557838371960488
0.016658195880022788
0.02140441249177602
0.02900150782784446
0.03545879111276012
0.04678569511692727
0.05666362939931249
0.07318013216487747
0.08675433438430834
0.1089209985653474
0.1273100149297993
0.1580151769108562
0.18391638214498449
0.2273515757275295
0.2637776640865842
0.32409477990328484
0.3739440981059258
0.40882974614206685
0.4552136710052139
0.5213135217420464
0.5670330366325009
0.6271476916453222
0.7114995153595559
0.7689447662113099
0.843374696379508
0.9457473464844579
1.0141263485844998
1.1011683857859096
1.218136527800019
1.2945703894543423
1.3899929542241471
1.5150654076173216
1.6925695807575858
1.8172379253814999
1.9878643202419108
2.1033449085229505
2.2556201792578636
2.3549511732424335
2.48146210069203
2.5613699512091213
2.6603568298330216
2.7213259039502025
2.7954649581728677
2.8405346253144788
2.894682692028994
2.9272972865328053
2.9662789646803316
2.9896373647761583
3.0174083013919364
3.033987011037113
3.0536758574911422
3.079373222301752
3.0876941948335235
3.097570341287137
3.110450878475331
3.1195654316806785
3.1260137202782623
3.130575014650819
3.133801170891671
3.141592653589793
12.611537753638338
0.10713203321495313
66
0.
0.16666666666666666
0.3333333333333333
0.5
0.6666666666666666
0.75
0.8333333333333333
0.875
0.9166666666666666
0.9375
0.9583333333333333
0.96875
0.9791666666666666
0.984375
0.9895833333333333
0.9921875
0.9947916666666666
0.99609375
0.9973958333333333
0.998046875
0.9986979166666666
0.9990234375
0.9991861979166666
0.9993489583333333
0.99951171875
0.9995930989583333
0.9996744791666666
0.999755859375
0.9997965494791666
0.9998372395833333
0.9998779296875
0.9998982747395833
0.9999186197916666
0.99993896484375
0.9999491373697916
0.9999593098958333
0.999969482421875
0.9999796549479166
0.9999847412109375
0.9999898274739583
0.9999923706054688
0.9999949137369791
0.9999961853027344
0.9999974568684895
0.9999980926513672
0.9999987284342448
0.9999990463256836
0.9999993642171223
0.9999995231628418
0.9999996821085612
0.9999997615814209
0.9999998410542805
0.9999998807907104
0.9999999205271403
0.9999999403953552
0.9999999602635701
0.9999999701976776
0.999999980131785
0.9999999900658925
0.9999999925494194
0.9999999950329462
0.9999999975164731
0.9999999987582365
0.9999999993791182
0.9999999996895591
1.
0.
0.002906525362313397
0.004910862031257613
0.007661029479090497
0.012084629915208367
0.015523413111743973
0.02102325700614439
0.02569414212665644
0.03388341277675719
0.041023976546164666
0.05295911256374369
0.06276157196875111
0.07875990389629717
0.09203174183924961
0.11421446430225331
0.13296273506005432
0.16449897032885752
0.19104985218113785
0.23524471983980094
0.27200719732084205
0.33245247908734343
0.38212421976178507
0.4167642026603914
0.4626812467336756
0.5278392826461291
0.5727135579723768
0.6314839473379055
0.7134784703939662
0.7690106988228458
0.8406067537837852
0.9384624357231071
1.0034587900033973
1.0858158064394072
1.1959303685329696
1.2676070992065298
1.356874049759895
1.4736907171088818
1.639631364398196
1.756748499369269
1.9185533439622522
2.0295996805266587
2.1786948377507236
2.2780108327935387
2.4074729245660405
2.4911016997762547
2.5969234634780323
2.6633593999545626
2.745441364493367
2.795859210000917
2.857028723739963
2.8941737196246518
2.9387867879412264
2.9655813890379945
2.9975390811361495
3.016676945695206
3.0394553176514636
3.0530677274320444
3.0692429403170256
3.090369360342238
3.0972138888655087
3.1053399822257806
3.115941915549742
3.1234467063749607
3.128757455832031
3.1325147559612905
3.141592653589793