22
28
3.912023005428146
27.63571656423575
108
0.
0.0003255208333333333
0.0006510416666666666
0.0013020833333333333
0.0026041666666666665
0.005208333333333333
0.010416666666666666
0.015625
0.020833333333333332
0.041666666666666664
0.0625
0.08333333333333333
0.125
0.16666666666666666
0.25
0.29166666666666663
0.3333333333333333
0.375
0.41666666666666663
0.5
0.5833333333333333
0.625
0.6458333333333333
0.6666666666666666
0.6770833333333333
0.6875
0.6927083333333333
0.6953125
0.6979166666666666
0.69921875
0.6998697916666666
0.7005208333333333
0.7008463541666666
0.701171875
0.7013346354166666
0.701416015625
0.7014973958333333
0.7015787760416666
0.70166015625
0.7017415364583333
0.7018229166666666
0.7021484375
0.7024739583333333
0.7027994791666666
0.703125
0.7044270833333333
0.7057291666666666
0.7083333333333333
0.7135416666666666
0.71875
0.7291666666666666
0.75
0.7708333333333333
0.7916666666666666
0.8333333333333333
0.875
0.8958333333333333
0.9166666666666666
0.9375
0.9479166666666666
0.953125
0.9583333333333333
0.9609375
0.9622395833333333
0.9635416666666666
0.96484375
0.9651692708333333
0.9654947916666666
0.9658203125
0.9659830729166666
0.9661458333333333
0.9661865234375
0.9662272135416666
0.9662679036458333
0.966278076171875
0.9662882486979166
0.9662984212239583
0.96630859375
0.9663492838541666
0.9663899739583333
0.9664306640625
0.9664713541666666
0.9666341145833333
0.966796875
0.9671223958333333
0.9674479166666666
0.9680989583333333
0.96875
0.9700520833333333
0.9713541666666666
0.9739583333333333
0.9791666666666666
0.984375
0.9895833333333333
0.9921875
0.9947916666666666
0.99609375
0.9973958333333333
0.9986979166666666
0.9990234375
0.9993489583333333
0.9996744791666666
0.999755859375
0.9998372395833333
0.9999186197916666
0.9999593098958333
0.9999796549479166
1.
0.
0.007838581029280527
0.011088152740531928
0.01568873430865396
0.022209119589599327
0.03147076271182804
0.04468484316683424
0.054949755615360925
0.06371146794250396
0.09164325972695202
0.11426919990453102
0.13447731162097334
0.17173678119164748
0.2081270658250769
0.28963340233564544
0.34234163784732907
0.4115089795968284
0.4973769033794292
0.5808171604976421
0.718600379208619
0.8474296597635385
0.9215418418538771
0.9657025494881051
1.0200248847237399
1.0546228362075243
1.1000736006018126
1.1316020183203686
1.152227655651311
1.1798013380134036
1.1991292407934377
1.2117917556191777
1.228607274763844
1.2401650681944114
1.2568326814160304
1.270166116536683
1.2805288697160988
1.2991936833287536
1.3287821415096297
1.3439065921761821
1.3532736149592226
1.3602818208215404
1.3790037645106614
1.391553535278971
1.4013685330999408
1.4095820557185388
1.4341842427180018
1.4521844941391258
1.4793952358788036
1.5183329481446477
1.5478595697007511
1.5940346062735793
1.6636533131128541
1.7199582030156209
1.7700561702913347
1.8628884378899642
1.9569622824759179
2.0087748710668527
2.067873860813159
2.1420953365238016
2.191778151497
2.2235079515739535
2.2647634239477084
2.2925552893502807
2.310002325139169
2.331777953515405
2.3623978082774792
2.3729569977421083
2.3859330488165904
2.4034481729378396
2.4158023284514836
2.4346133186219006
2.441880529351866
2.4520007484783326
2.4715339089259003
2.4824637126976836
2.496652892051204
2.506598063894536
2.5132134915806614
2.5286647181833275
2.5381755924450786
2.5453814468949645
2.5513049807146646
2.568693972684466
2.5812433211510166
2.6000467801945204
2.614595172891524
2.6374021879394625
2.6556432796868856
2.68505130066191
2.709207144622718
2.7493857313743826
2.8148667458790246
2.873037425488767
2.9313212252108793
2.9628007434114765
2.998067202018137
3.018291739058442
3.041697836320786
3.0714876321300366
3.080990627607372
3.0922026372050824
3.1067321384212434
3.1114155964071095
3.1169649750096604
3.1241890787071203
3.1292918652453072
3.1328973764284838
3.141592653589793
3.9799879643985383
27.763647504419787
111
0.
0.0003255208333333333
0.0006510416666666666
0.0013020833333333333
0.0026041666666666665
0.005208333333333333
0.010416666666666666
0.015625
0.020833333333333332
0.041666666666666664
0.0625
0.08333333333333333
0.125
0.16666666666666666
0.25
0.3333333333333333
0.41666666666666663
0.4583333333333333
0.5
0.5833333333333333
0.625
0.6458333333333333
0.6666666666666666
0.6770833333333333
0.6875
0.6927083333333333
0.6979166666666666
0.69921875
0.7005208333333333
0.7018229166666666
0.7024739583333333
0.703125
0.7034505208333333
0.7037760416666666
0.7039388020833333
0.7041015625
0.7041829427083333
0.7042643229166666
0.7043050130208333
0.704345703125
0.7043660481770833
0.7043863932291666
0.70440673828125
0.7044270833333333
0.7044677734375
0.7045084635416666
0.70458984375
0.7046712239583333
0.7047526041666666
0.705078125
0.7057291666666666
0.7063802083333333
0.70703125
0.7083333333333333
0.7109375
0.7135416666666666
0.71875
0.7291666666666666
0.7395833333333333
0.75
0.7708333333333333
0.7916666666666666
0.8333333333333333
0.875
0.8958333333333333
0.9166666666666666
0.9270833333333333
0.9375
0.9479166666666666
0.953125
0.9557291666666666
0.9583333333333333
0.9596354166666666
0.9609375
0.9615885416666666
0.9622395833333333
0.9625651041666666
0.962890625
0.9630533854166666
0.9632161458333333
0.9632975260416666
0.96337890625
0.9634602864583333
0.9635416666666666
0.9637044270833333
0.9638671875
0.9641927083333333
0.9645182291666666
0.96484375
0.9661458333333333
0.9674479166666666
0.96875
0.9713541666666666
0.9739583333333333
0.9791666666666666
0.984375
0.9895833333333333
0.9921875
0.9947916666666666
0.99609375
0.9973958333333333
0.9986979166666666
0.9990234375
0.9993489583333333
0.9996744791666666
0.999755859375
0.9998372395833333
0.9999186197916666
0.9999593098958333
0.9999796549479166
1.
0.
0.00759202765471121
0.01073929941446145
0.015194886272057229
0.021509306489191367
0.030477054630135503
0.04326789923366517
0.053199732644592324
0.06167334296469407
0.0886553291310142
0.11046390809705534
0.1298918861019434
0.16553964102308957
0.20004505873002323
0.2754568897675177
0.3814486830965461
0.540952769581062
0.6174217922056371
0.6865112056054523
0.8201152257291474
0.8954674235737861
0.9397544644852885
0.9933337744533749
1.0266781366447522
1.068928853271439
1.0965298591711516
1.133762383076568
1.1460333325427554
1.1605585769791402
1.1788453363803908
1.1904640276759129
1.2051996517133219
1.2146460593393313
1.2267660614573048
1.2346590298469926
1.2450162787371335
1.2519866472661363
1.2616319614266727
1.2687161482341638
1.280404844802472
1.2927394350025998
1.3106867984031378
1.3200596834391825
1.3259558467259875
1.3340070939614717
1.3398148157837924
1.3484167599920702
1.3549533884461955
1.360340457701298
1.37617819415747
1.3967308327555772
1.411386527959423
1.423168359950239
1.4420080498322336
1.4701230820646936
1.4918308827341786
1.525868363151139
1.5764670561196013
1.6161208596692656
1.65005601792307
1.7085202304484919
1.760169585550902
1.8555031390879024
1.9521763255970004
2.00569748926043
2.067278288663022
2.103504068199782
2.146251319742982
2.2012899854131676
2.2383639189857223
2.2618139224401306
2.291530521676981
2.3106157622506522
2.3352136397302896
2.3513435327873973
2.3727227775052246
2.387307028457637
2.407863061701254
2.423330025670877
2.449364997719425
2.473493027716674
2.5004368338029566
2.518238302795039
2.5306308179920163
2.5481988293309645
2.561121246433823
2.580530447699972
2.595483820708532
2.607946034549494
2.645426553446805
2.673339164167231
2.696554366092232
2.7353903920332443
2.768576588677784
2.8268731966320835
2.881131954969631
2.9367622215021294
2.967135309992302
3.001345553043452
3.0210307751225045
3.0438586416986397
3.0729644971870225
3.082260756276593
3.0932295253378186
3.1074531762892392
3.112039185881853
3.117472044533442
3.1245451332100074
3.1295423905839357
3.133073904978787
3.141592653589793
4.04795292336893
27.797473278221656
120
0.
0.0003255208333333333
0.0006510416666666666
0.0013020833333333333
0.0026041666666666665
0.005208333333333333
0.010416666666666666
0.015625
0.020833333333333332
0.041666666666666664
0.0625
0.08333333333333333
0.125
0.16666666666666666
0.25
0.3333333333333333
0.375
0.41666666666666663
0.4583333333333333
0.5
0.5833333333333333
0.625
0.6458333333333333
0.6666666666666666
0.6770833333333333
0.6875
0.6927083333333333
0.6979166666666666
0.7005208333333333
0.703125
0.7044270833333333
0.7057291666666666
0.7060546875
0.7063802083333333
0.7067057291666666
0.70703125
0.7071126302083333
0.7071940104166666
0.707275390625
0.7073567708333333
0.7073771158854166
0.7073974609375
0.7074178059895833
0.707427978515625
0.7074330647786458
0.7074381510416666
0.707440694173177
0.7074432373046875
0.7074457804361979
0.7074483235677083
0.7074534098307291
0.70745849609375
0.7074686686197916
0.7074788411458333
0.70751953125
0.7075602213541666
0.7076009114583333
0.7076822916666666
0.7078450520833333
0.7080078125
0.7081705729166666
0.7083333333333333
0.708984375
0.7096354166666666
0.7109375
0.7122395833333333
0.7135416666666666
0.71875
0.7239583333333333
0.7291666666666666
0.7395833333333333
0.75
0.7708333333333333
0.7916666666666666
0.8333333333333333
0.875
0.8958333333333333
0.9166666666666666
0.9270833333333333
0.9375
0.9427083333333333
0.9479166666666666
0.9505208333333333
0.953125
0.9557291666666666
0.9563802083333333
0.95703125
0.9576822916666666
0.9583333333333333
0.9586588541666666
0.9588216145833333
0.958984375
0.9591471354166666
0.9593098958333333
0.9596354166666666
0.9599609375
0.9602864583333333
0.9609375
0.9622395833333333
0.9635416666666666
0.9661458333333333
0.96875
0.9739583333333333
0.9791666666666666
0.984375
0.9895833333333333
0.9921875
0.9947916666666666
0.99609375
0.9973958333333333
0.9986979166666666
0.9990234375
0.9993489583333333
0.9996744791666666
0.999755859375
0.9998372395833333
0.9999186197916666
0.9999593098958333
0.9999796549479166
1.
0.
0.007353447229843457
0.0104017367025657
0.014717052162618488
0.020832266297326846
0.02951592492450087
0.041898138517139874
0.05150890070775183
0.059705254564541684
0.08577710380487662
0.10680861383959478
0.12550148056612564
0.1596548474897388
0.19245994451856754
0.2627284750452535
0.35651114746271556
0.422576586816955
0.5013348851493691
0.5800411793616524
0.6526318191536793
0.7913834433787605
0.8681738147449716
0.9127012986876233
0.9657277139244156
0.9980426232263228
1.037777847826864
1.0626053171796197
1.0937781024977795
1.1136675159094545
1.1392415829705895
1.156071114031744
1.1787298030810063
1.1861286327131115
1.1947936057870432
1.2054703225678607
1.2200263510605582
1.2248435857320756
1.2305441602510203
1.2376952520665006
1.2478459635733878
1.2513893409533836
1.2557978526665745
1.2619202095198876
1.2664809545936457
1.2696964516970517
1.2745642216147757
1.2789054147273624
1.2897247440573587
1.296894394505624
1.300378488752866
1.304762757619706
1.3078079253095665
1.3122363568709938
1.3155659017378794
1.3245597399319082
1.3306542170274789
1.3354447428917091
1.3429653282088208
1.3539381314664003
1.3622324075607877
1.3690645799015326
1.3749521838625307
1.3931910824119582
1.406881348745221
1.4278385349815768
1.4442302547911172
1.458001230980833
1.499742160070885
1.530888947050237
1.5566995952925406
1.5994727478687738
1.635419921046395
1.6965651592468505
1.7501369131358826
1.8486445858785572
1.948817515902153
2.0047836849834493
2.070134509334105
2.1094054333550725
2.157129135899013
2.186560594592322
2.22288115279281
2.2454841214380608
2.2734582151443816
2.312144283087818
2.3251881259528107
2.3408533051331615
2.3609579321870036
2.3906141568938595
2.4146158244238527
2.4323872855714543
2.4568976328718066
2.4843671032792813
2.5061554386137415
2.535117410959272
2.554843563713773
2.5701867995837153
2.59406085995696
2.628857943142217
2.655494430480847
2.6975114143742744
2.731835820421935
2.7897522332358538
2.8412765027127644
2.8912866673713884
2.943788033887794
2.972795410543497
3.0056680908344338
3.024657770218894
3.046730637278788
3.0749360072239305
3.083955349335558
3.094604204630501
3.108418120110904
3.112873174171759
3.1181521982401077
3.1250258267328777
3.129882168619486
3.1333141026201
3.141592653589793
4.115917882339323
27.74003857977671
115
0.
0.0003255208333333333
0.0006510416666666666
0.0013020833333333333
0.0026041666666666665
0.005208333333333333
0.010416666666666666
0.015625
0.020833333333333332
0.041666666666666664
0.0625
0.08333333333333333
0.125
0.16666666666666666
0.25
0.3333333333333333
0.375
0.41666666666666663
0.4583333333333333
0.5
0.5833333333333333
0.625
0.6458333333333333
0.6666666666666666
0.6770833333333333
0.6875
0.6979166666666666
0.703125
0.7057291666666666
0.70703125
0.7083333333333333
0.708984375
0.7096354166666666
0.7099609375
0.7102864583333333
0.71044921875
0.7106119791666666
0.7106526692708333
0.710693359375
0.7107340494791666
0.71075439453125
0.7107747395833333
0.710784912109375
0.7107899983723958
0.7107950846354166
0.710797627766927
0.7108001708984375
0.7108014424641926
0.7108027140299479
0.7108039855957031
0.7108052571614583
0.7108078002929688
0.7108103434244791
0.7108128865559895
0.7108154296875
0.7108256022135416
0.7108357747395833
0.7108561197916666
0.7108968098958333
0.7109375
0.7111002604166666
0.7112630208333333
0.7115885416666666
0.7119140625
0.7122395833333333
0.7135416666666666
0.71484375
0.7161458333333333
0.71875
0.7239583333333333
0.7291666666666666
0.7395833333333333
0.75
0.7708333333333333
0.7916666666666666
0.8333333333333333
0.875
0.8958333333333333
0.9166666666666666
0.9270833333333333
0.9375
0.9427083333333333
0.9453125
0.9479166666666666
0.9505208333333333
0.951171875
0.9518229166666666
0.953125
0.9534505208333333
0.9537760416666666
0.9541015625
0.9544270833333333
0.955078125
0.9557291666666666
0.95703125
0.9583333333333333
0.9609375
0.9635416666666666
0.96875
0.9791666666666666
0.984375
0.9895833333333333
0.9921875
0.9947916666666666
0.99609375
0.9973958333333333
0.9986979166666666
0.9990234375
0.9993489583333333
0.9996744791666666
0.9998372395833333
0.9999186197916666
0.9999593098958333
0.9999796549479166
1.
0.
0.007123054853490416
0.010075769914889152
0.014255658404713519
0.020178606012744037
0.028588207608521227
0.04057663943920961
0.04987847356980354
0.057808486247577735
0.08300948847811489
0.10330287841626754
0.12130319815309096
0.15406914416650222
0.18533358793382948
0.251198604612812
0.33547951630095835
0.39295534965166296
0.46423112760676744
0.5420823418857518
0.6172942473161454
0.7612326525140031
0.8396099181362624
0.8844692120105923
0.9370953518623112
0.9685556682703271
1.0062635339163557
1.0562682342773109
1.091745573837241
1.1157367190854068
1.130888899471052
1.1500004112571183
1.1621856817830392
1.1777356158307815
1.1878056357340065
1.2009501629463752
1.2097568920888842
1.2219307619315831
1.2260319920852256
1.2309638067488564
1.2373420965365034
1.2415481009618914
1.2471880360230583
1.251133685177748
1.2537034794122166
1.2570772822926441
1.2593513098242788
1.262512027428734
1.2648625651206795
1.268941435393084
1.2804184499780076
1.284692170177615
1.288888142874048
1.2915632574351283
1.2936148177962237
1.2953120317822813
1.3003152874369146
1.3039117063600882
1.3092546175498074
1.3167111736351058
1.3222089824205903
1.3369003193482667
1.34682411484864
1.3611820344731405
1.3719958001385069
1.380894569650288
1.4071276383718518
1.426130368318163
1.4415443375968096
1.4664211105733078
1.5040405972070567
1.5335085967926092
1.5805532569661735
1.6191056482043058
1.6836046953753228
1.739538665748583
1.8419633308889045
1.9466169921856873
2.005876443541298
2.076641453692956
2.1206495467012347
2.1770336638318226
2.214744717302265
2.2383997715354886
2.2679797729058597
2.3097800271241304
2.32423241374001
2.3419314399441475
2.401314165057592
2.4294964974633224
2.4643357908911177
2.4942969603390286
2.5165026360165164
2.547886904234266
2.5706723145265102
2.604635597345572
2.6308180559669356
2.6720599286778945
2.705543624783985
2.7613754690664636
2.8559998931717896
2.902070285884865
2.9514431153666894
2.979024679205936
3.0104684433695343
3.028700209256232
3.0499445091803743
3.077150676195041
3.0858612605322495
3.096149671378791
3.1095040882107132
3.1189175373722016
3.1255653488762754
3.1302628441294145
3.1335828697361774
3.141592653589793
4.183882841309714
27.59533971008709
96
0.
0.0006510416666666666
0.0013020833333333333
0.0026041666666666665
0.005208333333333333
0.010416666666666666
0.015625
0.020833333333333332
0.041666666666666664
0.0625
0.08333333333333333
0.125
0.16666666666666666
0.25
0.3333333333333333
0.41666666666666663
0.5
0.5833333333333333
0.625
0.6458333333333333
0.6666666666666666
0.6875
0.6979166666666666
0.703125
0.7083333333333333
0.7096354166666666
0.7109375
0.7122395833333333
0.712890625
0.7135416666666666
0.7137044270833333
0.7138671875
0.7140299479166666
0.7141927083333333
0.7142740885416666
0.71435546875
0.7143961588541666
0.7144368489583333
0.7144571940104166
0.7144775390625
0.7144978841145833
0.7145182291666666
0.7145589192708333
0.714599609375
0.7146402994791666
0.7146809895833333
0.71484375
0.7151692708333333
0.7154947916666666
0.7161458333333333
0.7174479166666666
0.71875
0.7213541666666666
0.7239583333333333
0.7291666666666666
0.7395833333333333
0.75
0.7708333333333333
0.7916666666666666
0.8333333333333333
0.875
0.8958333333333333
0.9166666666666666
0.9270833333333333
0.9322916666666666
0.9375
0.9401041666666666
0.9427083333333333
0.9440104166666666
0.9453125
0.9466145833333333
0.947265625
0.9479166666666666
0.94921875
0.9505208333333333
0.953125
0.9557291666666666
0.9583333333333333
0.9635416666666666
0.96875
0.9791666666666666
0.984375
0.9895833333333333
0.9921875
0.9947916666666666
0.99609375
0.9973958333333333
0.9986979166666666
0.9990234375
0.9993489583333333
0.9996744791666666
0.9998372395833333
0.9999186197916666
0.9999593098958333
0.9999796549479166
1.
0.
0.00976146709446761
0.01381079885130871
0.01954843577175296
0.027694033769833752
0.03930352952075193
0.04830849865991853
0.055982934552633465
0.08035140809649836
0.0999439175699398
0.11729156013164335
0.1487672143317146
0.17862973964741322
0.24067776602826324
0.3174114490283525
0.43125816145964896
0.5811658742403123
0.7297606013400453
0.809799826597132
0.8550592292495873
0.9074142840294763
0.9742295943828947
1.019896755862432
1.0497870048703628
1.0903695318306286
1.1038807176714172
1.120033373273553
1.140772131249594
1.154346515957824
1.1723957610467541
1.1781884841080947
1.1848705016480476
1.1928876519281841
1.2032049814456691
1.2099483502605315
1.2188393943262203
1.2248613995468027
1.2332657109963507
1.2395076415520525
1.2498737526132222
1.2719049579603772
1.2843199371403078
1.2961493025425783
1.3034712727245186
1.3090199317712534
1.3135824657930963
1.3269444322315915
1.3441778278584995
1.3564090833377755
1.3745190917854524
1.39983803942369
1.4186209746002036
1.4472647601806488
1.4696867181024833
1.50516970043591
1.5583953766170706
1.600410613105945
1.6691421622183262
1.727963362929186
1.8351338023347954
1.9453670878284026
2.0089540193858846
2.08745154246341
2.1390853843996913
2.171518305973146
2.2126458253446613
2.239241042779527
2.2739788045373097
2.2971945569128747
2.3286750595445316
2.3810225288405857
2.426279253324668
2.4747887126635164
2.534197649865297
2.5705432893730644
2.6204428115655305
2.6575334235910675
2.6884332397056907
2.740563994524685
2.785993625093269
2.8698967207415205
2.912561144510393
2.959053385584222
2.9852713727435347
3.015316127314834
3.0328001361829386
3.05321289659404
3.079408918176225
3.0878055509981612
3.0977302186309883
3.110614289195304
3.1197018115522477
3.1261205184299636
3.1306557089438307
3.133860816986285
3.141592653589793
4.251847800280107
27.3683184345049
96
0.
0.0006510416666666666
0.0013020833333333333
0.0026041666666666665
0.005208333333333333
0.010416666666666666
0.015625
0.020833333333333332
0.041666666666666664
0.0625
0.08333333333333333
0.125
0.16666666666666666
0.3333333333333333
0.375
0.41666666666666663
0.5
0.5416666666666666
0.5833333333333333
0.625
0.6458333333333333
0.6666666666666666
0.6875
0.6979166666666666
0.703125
0.7083333333333333
0.7109375
0.7135416666666666
0.71484375
0.7161458333333333
0.716796875
0.7174479166666666
0.7177734375
0.7180989583333333
0.71826171875
0.7183430989583333
0.7184244791666666
0.718505859375
0.7185465494791666
0.7185872395833333
0.7186686197916666
0.71875
0.7189127604166666
0.7190755208333333
0.7194010416666666
0.7197265625
0.7200520833333333
0.7213541666666666
0.72265625
0.7239583333333333
0.7265625
0.7291666666666666
0.734375
0.7395833333333333
0.75
0.7708333333333333
0.7916666666666666
0.8333333333333333
0.875
0.8958333333333333
0.90625
0.9166666666666666
0.921875
0.9270833333333333
0.9322916666666666
0.9348958333333333
0.9361979166666666
0.9375
0.9388020833333333
0.939453125
0.9401041666666666
0.9407552083333333
0.94140625
0.9427083333333333
0.9440104166666666
0.9453125
0.9479166666666666
0.953125
0.9583333333333333
0.96875
0.9791666666666666
0.984375
0.9895833333333333
0.9921875
0.9947916666666666
0.99609375
0.9973958333333333
0.9986979166666666
0.9990234375
0.9993489583333333
0.9996744791666666
0.9998372395833333
0.9999186197916666
0.9999593098958333
0.9999796549479166
1.
0.
0.009458696118009842
0.013382285299760203
0.018941484605540675
0.026832993992524562
0.03807811376459944
0.04679801041704674
0.05422736246492463
0.07780022187208946
0.09672709122892685
0.11345915840711561
0.14373241770885378
0.1723137952229131
0.3016300036835273
0.34682403558593045
0.4028235359206943
0.5452672003199893
0.6208297418162179
0.697189771543063
0.7788494383047052
0.8245453666575675
0.8767347172670787
0.9416379659701049
0.9840608192415501
1.010364889240486
1.043064001910966
1.063640513728508
1.0895600920255655
1.1060945336481571
1.1272454798332825
1.1409991542367297
1.159059248910676
1.1712520938338213
1.188249352942749
1.2009289675592942
1.209804406356981
1.2227231260737517
1.247355787337084
1.2636899629982874
1.2751706132784357
1.28948178245069
1.2989892374221528
1.3123491841921224
1.3221496191760025
1.3368221299784404
1.3480720368061925
1.3573885338587655
1.3849853312842793
1.40501024146646
1.4212549125909173
1.4474615822288261
1.4687625591019997
1.5033406834739198
1.5317238050014432
1.5785075798202683
1.6526481602920977
1.7149902380441873
1.8278379374920146
1.9449061281343045
2.014144524931345
2.0550691245485053
2.10401170270969
2.1336353561325607
2.169341501480963
2.216491770368481
2.2489690263321442
2.2697448806372296
2.296112234080824
2.333461493018223
2.360472888105612
2.3969593197383654
2.4386785846903414
2.4733403462093455
2.520419909455325
2.552763121151088
2.5780965295546503
2.617988166166996
2.677721279909567
2.7254119905082277
2.806473410077962
2.882428639027732
2.9222419943024507
2.966198208806829
2.9911785318097173
3.019931810371347
3.03671189055535
3.056342471663953
3.0815779074550287
3.089675203646548
3.0992471681511997
3.1116825469435936
3.120454116684301
3.126649938755459
3.1310287982155587
3.134123998605829
3.141592653589793
4.319812759250499
27.06475403673077
86
0.
0.0006510416666666666
0.0013020833333333333
0.0026041666666666665
0.005208333333333333
0.010416666666666666
0.015625
0.020833333333333332
0.041666666666666664
0.0625
0.08333333333333333
0.125
0.16666666666666666
0.3333333333333333
0.375
0.41666666666666663
0.5
0.5416666666666666
0.5833333333333333
0.625
0.6458333333333333
0.6666666666666666
0.6875
0.6979166666666666
0.7083333333333333
0.7135416666666666
0.7161458333333333
0.71875
0.7200520833333333
0.7213541666666666
0.7216796875
0.7220052083333333
0.7223307291666666
0.72265625
0.7228190104166666
0.7229817708333333
0.7233072916666666
0.7236328125
0.7239583333333333
0.724609375
0.7252604166666666
0.7265625
0.7278645833333333
0.7291666666666666
0.734375
0.7395833333333333
0.75
0.7604166666666666
0.7708333333333333
0.7916666666666666
0.8333333333333333
0.8541666666666666
0.875
0.8958333333333333
0.90625
0.9166666666666666
0.921875
0.9244791666666666
0.9270833333333333
0.9296875
0.9309895833333333
0.9322916666666666
0.93359375
0.9348958333333333
0.9375
0.9401041666666666
0.9427083333333333
0.9479166666666666
0.9583333333333333
0.96875
0.9791666666666666
0.984375
0.9895833333333333
0.9921875
0.9947916666666666
0.99609375
0.9973958333333333
0.9986979166666666
0.9990234375
0.9993489583333333
0.9996744791666666
0.9998372395833333
0.9999186197916666
0.9999593098958333
0.9999796549479166
1.
0.
0.009167186196010276
0.012969728485258179
0.018357188243596192
0.026004253984550026
0.03689914218731353
0.045345369767669015
0.05253973251851307
0.07535218598094716
0.09364652525113389
0.10979732092704057
0.13894753285324
0.16635312062221708
0.2876507296701349
0.3285473376389831
0.3784999449703494
0.5108118856180655
0.5862144853937901
0.663893046483983
0.7469588343897877
0.793078689037276
0.8451731167301909
0.9085287371799843
0.9484795666266854
1.000447640815752
1.036048932782747
1.0590376075155623
1.0891482513125108
1.109528679109482
1.1382972052463738
1.1482486336017124
1.1604772991473884
1.1768660681382532
1.203783989355795
1.2290860775259858
1.2604250606414482
1.2939772835582115
1.3125333588311692
1.3259448659629698
1.3458208670898997
1.360948215142552
1.384218250820559
1.402440365672936
1.4177428374620826
1.4640797877414886
1.4986394219629793
1.5523444308203738
1.595713358933107
1.633532331382959
1.7001739756230745
1.81974833885242
1.8799390526873299
1.9451017578933307
2.021769874590737
2.0690914329023995
2.129587478556864
2.1700987253604964
2.1955699969277913
2.2274853291638914
2.2724467956233205
2.306021207462078
2.3578843668041487
2.429559750484212
2.48207930027674
2.5443030685306494
2.585672393995337
2.6182496557862467
2.670524716013715
2.7525450254222332
2.823452557174318
2.893395066448344
2.930860199871664
2.9726454103297635
2.996538879956183
3.024140936265724
3.0402896596201043
3.0592091618581905
3.083567686196984
3.0913909271259277
3.100643566353344
3.112664540874525
3.121147404361879
3.1271390803069226
3.131373870333101
3.1343676004278436
3.141592653589793
4.3877777182208915
26.691103624371774
77
0.
0.0006510416666666666
0.0013020833333333333
0.0026041666666666665
0.005208333333333333
0.010416666666666666
0.015625
0.020833333333333332
0.041666666666666664
0.0625
0.08333333333333333
0.125
0.16666666666666666
0.3333333333333333
0.41666666666666663
0.5
0.5833333333333333
0.625
0.6666666666666666
0.6875
0.6979166666666666
0.7083333333333333
0.7135416666666666
0.71875
0.7213541666666666
0.7239583333333333
0.724609375
0.7252604166666666
0.7265625
0.7272135416666666
0.7278645833333333
0.728515625
0.7291666666666666
0.73046875
0.7317708333333333
0.734375
0.7395833333333333
0.7447916666666666
0.75
0.7604166666666666
0.7708333333333333
0.7916666666666666
0.8333333333333333
0.8541666666666666
0.875
0.8958333333333333
0.90625
0.9114583333333333
0.9166666666666666
0.9192708333333333
0.921875
0.9231770833333333
0.9244791666666666
0.92578125
0.9270833333333333
0.9296875
0.9322916666666666
0.9375
0.9427083333333333
0.9479166666666666
0.9583333333333333
0.96875
0.9791666666666666
0.984375
0.9895833333333333
0.9921875
0.9947916666666666
0.99609375
0.9973958333333333
0.9986979166666666
0.9990234375
0.9993489583333333
0.9996744791666666
0.9998372395833333
0.9999186197916666
0.9999593098958333
1.
0.
0.008886556100720236
0.012572587783220296
0.017794780123164114
0.025206699766938685
0.03576495788703024
0.04394844184272147
0.05091745695993657
0.07300283777380881
0.09069555453274925
0.10629667863738665
0.13439539338330853
0.16071734859354886
0.27512083481616917
0.35758627155227246
0.4788712219371899
0.6304015375627706
0.7144352922414262
0.8129142988155403
0.8750078183717896
0.9130489816963129
0.9602793383778363
0.9902427111844722
1.0287599516040187
1.0542170406904487
1.088824729028479
1.100249294223976
1.1137238596363437
1.1534195351715895
1.1930697080891348
1.2627090818040119
1.3005097495606421
1.3232772078756894
1.3539528218960106
1.3760633384762269
1.4090842072160823
1.4558227512805146
1.4910821826888243
1.5204719683558867
1.569515065151218
1.6111201093533647
1.6830326609979227
1.8105190516616096
1.8749790451423944
1.9458436281177258
2.032461906530607
2.0896851290035756
2.1261240732890285
2.173501721648344
2.2053652594136324
2.2495866164352494
2.2817470420005597
2.3293956673118053
2.396807468651617
2.4514382553105496
2.5160442980914106
2.5580908500243504
2.6183255083864534
2.6646268875897623
2.7041821472786003
2.7733930807684763
2.8374373714705436
2.902767011194242
2.9383187813000644
2.9782819032244165
3.0012458755098383
3.0278518685739684
3.0434490941522716
3.061746501758398
3.0853322161740935
3.092913094960022
3.101881122534376
3.1135359924082735
3.12176388496351
3.1275767288395158
3.1316844601522353
3.141592653589793
4.48972515667648
26.014550110111212
76
0.
0.0006510416666666666
0.0013020833333333333
0.0026041666666666665
0.005208333333333333
0.0078125
0.010416666666666666
0.020833333333333332
0.03125
0.041666666666666664
0.08333333333333333
0.125
0.16666666666666666
0.3333333333333333
0.41666666666666663
0.5
0.5833333333333333
0.625
0.6666666666666666
0.6875
0.6979166666666666
0.7083333333333333
0.71875
0.7239583333333333
0.7265625
0.7291666666666666
0.7317708333333333
0.7330729166666666
0.734375
0.7356770833333333
0.7369791666666666
0.73828125
0.7395833333333333
0.7421875
0.7447916666666666
0.75
0.7604166666666666
0.7708333333333333
0.7916666666666666
0.8333333333333333
0.8541666666666666
0.875
0.8854166666666666
0.8958333333333333
0.9010416666666666
0.90625
0.9088541666666666
0.9114583333333333
0.912109375
0.9127604166666666
0.9140625
0.9153645833333333
0.9166666666666666
0.9192708333333333
0.921875
0.9270833333333333
0.9322916666666666
0.9375
0.9479166666666666
0.9583333333333333
0.96875
0.9791666666666666
0.984375
0.9895833333333333
0.9921875
0.9947916666666666
0.99609375
0.9973958333333333
0.9986979166666666
0.9990234375
0.9993489583333333
0.9996744791666666
0.9998372395833333
0.9999186197916666
0.9999593098958333
1.
0.
0.00848502736572412
0.012004382390008549
0.016990201639189594
0.024065959734720598
0.029521716105119236
0.03414340642038874
0.0486000818929577
0.05991695874291215
0.0696530713601656
0.10132679696396714
0.1279669879201466
0.1528118472020091
0.2584853842132904
0.3311717000684022
0.4369029691223057
0.5812469835159111
0.6653928595215517
0.7637902113520803
0.8243224854428927
0.8602255859380559
0.9027472980884441
0.9575681167964885
0.994387483792749
1.017529400305079
1.0464962970560918
1.0873467560147836
1.1182996533537541
1.169968246643734
1.2501468895465633
1.2990252777665425
1.329619315378317
1.3525405958015895
1.3873111799139834
1.4142916904184544
1.456630145828196
1.5196993943384418
1.5694854836108074
1.6517844538129691
1.793706973745351
1.8659263107996444
1.947756805776832
1.9966956826209297
2.057205997846473
2.095983606061648
2.1471766506133
2.182594583931284
2.234458018303929
2.2529086754888326
2.275538767842155
2.3384593444559263
2.401927582959239
2.4441252332822887
2.4984410048114616
2.536278085598672
2.5922295338879247
2.635819652121043
2.6731034500734894
2.737832491704023
2.79639772924488
2.8536503592257185
2.9139546815568926
2.9473155123780606
2.985139610712645
3.0069935152566516
3.0323998386857385
3.0473263642079385
3.0648658902712267
3.087504458632695
3.094786999828235
3.103405650841536
3.1146103450443388
3.1225215915610107
3.128111523945913
3.1320621264998953
3.141592653589793
4.591672595132067
25.220862071045232
79
0.
0.0006510416666666666
0.0013020833333333333
0.0026041666666666665
0.005208333333333333
0.0078125
0.010416666666666666
0.020833333333333332
0.03125
0.041666666666666664
0.08333333333333333
0.125
0.16666666666666666
0.25
0.3333333333333333
0.5
0.5833333333333333
0.625
0.6666666666666666
0.6875
0.7083333333333333
0.71875
0.7291666666666666
0.7317708333333333
0.734375
0.7369791666666666
0.7395833333333333
0.7408854166666666
0.7421875
0.7434895833333333
0.7447916666666666
0.7473958333333333
0.75
0.7552083333333333
0.7604166666666666
0.7708333333333333
0.78125
0.7916666666666666
0.8125
0.8333333333333333
0.8541666666666666
0.8645833333333333
0.875
0.8854166666666666
0.890625
0.8958333333333333
0.8984375
0.8997395833333333
0.9010416666666666
0.90234375
0.9029947916666666
0.9036458333333333
0.904296875
0.9049479166666666
0.9055989583333333
0.90625
0.9088541666666666
0.9114583333333333
0.9166666666666666
0.921875
0.9270833333333333
0.9375
0.9583333333333333
0.96875
0.9791666666666666
0.984375
0.9895833333333333
0.9921875
0.9947916666666666
0.99609375
0.9973958333333333
0.9986979166666666
0.9990234375
0.9993489583333333
0.9996744791666666
0.9998372395833333
0.9999186197916666
0.9999593098958333
1.
0.
0.008105321283876522
0.011467087410904447
0.016229473528016937
0.02298762829707932
0.028197944794954837
0.032611249462032796
0.04641245787730587
0.057211228833316946
0.06649705864244917
0.09666553781581566
0.12197112465335447
0.1454889508311453
0.19211458470493725
0.2438887034326766
0.40202979649972126
0.5353886483688428
0.6175936737987165
0.7148094072458823
0.7738638984068358
0.847559497474701
0.8953448207119208
0.9598312754965995
0.981163532616713
1.0064670530171644
1.0382826858863556
1.082898938018309
1.1152072210696078
1.1603254556934115
1.2150200041733619
1.2597294765584999
1.3173648624687502
1.3557765331169245
1.410282864642484
1.451170048464843
1.5148385800151538
1.5665309885952101
1.6120330082459007
1.6939652107549261
1.7720491339083846
1.8537894721932755
1.8990502945279086
1.9502651576669496
2.012827064498036
2.0524898181193514
2.1043065666200627
2.139761193040863
2.162399203224846
2.1911409173613143
2.231919423314812
2.2612099506119216
2.2991448416541482
2.3390346905845085
2.3711813343310024
2.3957952019111484
2.415489002180064
2.470269405873414
2.507842250040794
2.5629644181186526
2.605603197238629
2.641837557629867
2.704079072908851
2.811998372293797
2.8650037079307857
2.9219418064039173
2.9537819408296393
2.9900944042146786
3.0111568300513074
3.035698650330633
3.0501436343603503
3.0671310450074243
3.089086243565865
3.096150991725927
3.1045145962187277
3.1153967252685963
3.123080403653742
3.128508036336447
3.1323431871401657
3.141592653589793
4.727602513072852
24.02427671187743
76
0.
0.0006510416666666666
0.0013020833333333333
0.0026041666666666665
0.005208333333333333
0.010416666666666666
0.020833333333333332
0.03125
0.041666666666666664
0.08333333333333333
0.125
0.16666666666666666
0.25
0.3333333333333333
0.5
0.5833333333333333
0.625
0.6666666666666666
0.6875
0.7083333333333333
0.71875
0.7291666666666666
0.7395833333333333
0.7447916666666666
0.75
0.7526041666666666
0.7552083333333333
0.7578125
0.7604166666666666
0.765625
0.7708333333333333
0.78125
0.7916666666666666
0.8125
0.8333333333333333
0.8541666666666666
0.8645833333333333
0.875
0.8802083333333333
0.8854166666666666
0.88671875
0.8880208333333333
0.8893229166666666
0.890625
0.8912760416666666
0.8919270833333333
0.8922526041666666
0.892578125
0.8932291666666666
0.8938802083333333
0.89453125
0.8958333333333333
0.8984375
0.9010416666666666
0.90625
0.9114583333333333
0.9166666666666666
0.9270833333333333
0.9375
0.9583333333333333
0.96875
0.9791666666666666
0.984375
0.9895833333333333
0.9921875
0.9947916666666666
0.99609375
0.9973958333333333
0.9986979166666666
0.9990234375
0.9993489583333333
0.9996744791666666
0.9998372395833333
0.9999186197916666
0.9999593098958333
1.
0.
0.007630139049637287
0.010794726125215155
0.015277612890994495
0.021638655756650697
0.030695379052085688
0.04367943218706743
0.05383409187310813
0.06256176496423746
0.09087885451877445
0.11456719425900129
0.13650545510539594
0.17967371728284048
0.22684280413998323
0.3645508266340484
0.481947803830282
0.5587257714490762
0.6520563454095315
0.7087069480972581
0.7775263536496295
0.8197993631735669
0.8715952158546859
0.9421905965591426
0.9931398404229704
1.0714859622215953
1.1320671399092588
1.2018996847102437
1.2590499931553
1.301898802022155
1.3642193567234482
1.4108938131051874
1.4830718727200007
1.5414584771979496
1.6408232223250094
1.7328309033046445
1.8299486680288355
1.8857720407634708
1.9532468590096084
1.9959039813134027
2.052096652232017
2.07029406099558
2.0915852971938276
2.1178476186263917
2.1536566114184454
2.1790846263978665
2.2160819563738254
2.24225270909926
2.2725601912205087
2.3222153668589898
2.353920913899197
2.3767813429092692
2.410167617247174
2.455822789778689
2.4892381628339657
2.5400914858743193
2.580271087657934
2.6146948752507613
2.6739670710307846
2.7263432403916057
2.823914025368891
2.8737245953031723
2.9280670976992864
2.9587269565261383
2.993869457900433
3.0143209960782364
3.038200831982406
3.052275680925759
3.068845962845691
3.0902787049164737
3.0971809479861854
3.105352485712356
3.115982298249618
3.1234888459866723
3.12879321753189
3.132542787276341
3.141592653589793
4.8635324310136365
22.7227369032813
78
0.
0.0006510416666666666
0.0013020833333333333
0.0026041666666666665
0.005208333333333333
0.010416666666666666
0.020833333333333332
0.03125
0.041666666666666664
0.08333333333333333
0.125
0.16666666666666666
0.25
0.3333333333333333
0.41666666666666663
0.5
0.5833333333333333
0.625
0.6666666666666666
0.6875
0.7083333333333333
0.7291666666666666
0.7395833333333333
0.75
0.7552083333333333
0.7604166666666666
0.765625
0.7708333333333333
0.78125
0.7916666666666666
0.8020833333333333
0.8125
0.8333333333333333
0.8541666666666666
0.8645833333333333
0.8697916666666666
0.875
0.8776041666666666
0.8802083333333333
0.8815104166666666
0.8828125
0.8834635416666666
0.8841145833333333
0.88427734375
0.8844401041666666
0.8846028645833333
0.884765625
0.8849283854166666
0.8850911458333333
0.8854166666666666
0.8857421875
0.8860677083333333
0.88671875
0.8880208333333333
0.890625
0.8932291666666666
0.8958333333333333
0.9010416666666666
0.90625
0.9166666666666666
0.9375
0.9583333333333333
0.96875
0.9791666666666666
0.984375
0.9895833333333333
0.9921875
0.9947916666666666
0.99609375
0.9973958333333333
0.9986979166666666
0.9990234375
0.9993489583333333
0.9996744791666666
0.9998372395833333
0.9999186197916666
0.9999593098958333
1.
0.
0.007187201450909919
0.010168021588275428
0.0143904766950456
0.0203816614145849
0.028910871157052705
0.04113592242676224
0.050693885631633656
0.058905901509362
0.08552496426932474
0.10775059351281759
0.12828394985058836
0.16847624361827657
0.21190736872381868
0.26422753028552093
0.3345706991068569
0.4378592557832835
0.5076695164787083
0.5948661140315801
0.6482817620860661
0.7125407881516326
0.7961710085001626
0.8520955326232325
0.9284927372073561
0.9821952266185534
1.0564140460867162
1.1543744038005508
1.244035669866452
1.3626506716131577
1.4440004456734572
1.510141225702944
1.5688725214307475
1.6781569202593958
1.792875485606996
1.8611624519489935
1.9019132923811661
1.9515327215885527
1.982476164709795
2.021607024836919
2.0469918795656956
2.0806358651402306
2.1038899056079394
2.1379359670639775
2.1501922580632593
2.165612069195578
2.186457502489101
2.2153310711131384
2.2452452918271977
2.267172590855889
2.2956663766614493
2.3149504516398647
2.3298673589782917
2.3528795330131738
2.385829530498839
2.4307120508897246
2.463650112494548
2.490623334613408
2.534746243821924
2.571328359693682
2.632616772304185
2.734012662239588
2.8273953961601705
2.8759804994175187
2.9294251870693513
2.9597267641932046
2.9945559993140693
3.0148635751039774
3.038603365101438
3.0526080152423796
3.069102885303015
3.0904522012345232
3.0973280574894746
3.1054709047003306
3.116065198155684
3.123546941257048
3.1288346943692544
3.132572556388572
3.141592653589793
5.067427307924812
20.68580006452458
88
0.
0.0013020833333333333
0.0026041666666666665
0.005208333333333333
0.010416666666666666
0.020833333333333332
0.03125
0.041666666666666664
0.08333333333333333
0.125
0.16666666666666666
0.25
0.3333333333333333
0.41666666666666663
0.5
0.5833333333333333
0.625
0.6666666666666666
0.7083333333333333
0.7291666666666666
0.75
0.7604166666666666
0.7708333333333333
0.78125
0.7916666666666666
0.8020833333333333
0.8125
0.8333333333333333
0.84375
0.8541666666666666
0.8645833333333333
0.8697916666666666
0.8723958333333333
0.875
0.8763020833333333
0.8776041666666666
0.87890625
0.8792317708333333
0.8795572916666666
0.8798828125
0.8800455729166666
0.8802083333333333
0.8802490234375
0.8802897135416666
0.88031005859375
0.8803202311197916
0.8803304036458333
0.880340576171875
0.8803456624348958
0.8803507486979166
0.8803609212239583
0.88037109375
0.8803914388020833
0.8804117838541666
0.8804524739583333
0.8804931640625
0.8805338541666666
0.8806966145833333
0.880859375
0.8811848958333333
0.8815104166666666
0.8821614583333333
0.8828125
0.8841145833333333
0.8854166666666666
0.8880208333333333
0.890625
0.8958333333333333
0.90625
0.9166666666666666
0.9375
0.9583333333333333
0.96875
0.9791666666666666
0.984375
0.9895833333333333
0.9921875
0.9947916666666666
0.99609375
0.9973958333333333
0.9986979166666666
0.9990234375
0.9993489583333333
0.9996744791666666
0.9998372395833333
0.9999186197916666
0.9999593098958333
1.
0.
0.009304384423170178
0.013168062568730174
0.018649934848074357
0.026453337251762354
0.037635891513975714
0.046376309387118224
0.053883625753588994
0.07819795799911625
0.09846415443792943
0.11714499651684566
0.15353205091045596
0.1924418090852828
0.23849261240097233
0.29883217498582787
0.3860458055048033
0.4459245250005012
0.5225001164705493
0.6270944675885965
0.6992091028459997
0.7994177461673823
0.8703441710214342
0.9686128389173799
1.1022458617967896
1.233117094868641
1.3351085292285654
1.418253340700868
1.560693856572228
1.6294809223907478
1.7024042219458229
1.7871411101759636
1.8397335812681102
1.8713467881851436
1.9095646011930343
1.932936714655242
1.9614804544951525
2.0004827824727185
2.013618440527408
2.0295371371464377
2.0505972079411237
2.0650926442121147
2.0864580738168486
2.09439306252473
2.105020426466926
2.1124405748909467
2.1172622336838884
2.123564467026715
2.1333914021646736
2.142600453198135
2.160718056357724
2.17802990690989
2.186012351428037
2.196009552808696
2.202947174082348
2.2130372182723717
2.220626324545858
2.226848787475373
2.2450355500117434
2.2580365506438325
2.277326952525296
2.292058789958296
2.3147854598813615
2.3326085453117056
2.360634853245279
2.382949711972439
2.4185254352030396
2.447242061680416
2.493749543049443
2.5654601080905595
2.623795683223773
2.7240489734525246
2.8185403879372712
2.8681497207343427
2.9229439399171526
2.9540865765927586
2.989933126841357
3.0108531549749737
3.035324430817325
3.0497659602017495
3.066781701598375
3.0888090850082808
3.09590534350193
3.1043093134808997
3.1152437290673
3.122966077047748
3.128423981524409
3.132282148670272
3.141592653589793
5.203357225865597
19.331388241469266
86
0.
0.0013020833333333333
0.0026041666666666665
0.005208333333333333
0.010416666666666666
0.015625
0.020833333333333332
0.041666666666666664
0.0625
0.08333333333333333
0.16666666666666666
0.25
0.3333333333333333
0.41666666666666663
0.5
0.5833333333333333
0.625
0.6666666666666666
0.7083333333333333
0.7291666666666666
0.75
0.7708333333333333
0.78125
0.7916666666666666
0.8020833333333333
0.8125
0.8333333333333333
0.84375
0.8541666666666666
0.8645833333333333
0.8697916666666666
0.8723958333333333
0.875
0.8776041666666666
0.87890625
0.8795572916666666
0.8802083333333333
0.8805338541666666
0.880859375
0.8811848958333333
0.8812662760416666
0.88134765625
0.8814290364583333
0.8814697265625
0.8814900716145833
0.8815104166666666
0.8815205891927083
0.88153076171875
0.8815409342447916
0.8815511067708333
0.8815714518229166
0.881591796875
0.8816324869791666
0.8816731770833333
0.8817545572916666
0.8818359375
0.8819986979166666
0.8821614583333333
0.8824869791666666
0.8828125
0.8834635416666666
0.8841145833333333
0.8854166666666666
0.8880208333333333
0.890625
0.8958333333333333
0.90625
0.9166666666666666
0.9375
0.9583333333333333
0.96875
0.9791666666666666
0.984375
0.9895833333333333
0.9921875
0.9947916666666666
0.99609375
0.9973958333333333
0.9986979166666666
0.9990234375
0.9993489583333333
0.9996744791666666
0.9998372395833333
0.9999186197916666
0.9999593098958333
1.
0.
0.008774749288475747
0.012418446700990435
0.017588138725619453
0.02494693077474371
0.03064468898878171
0.035491740923929184
0.050810797539888354
0.06302152844401489
0.07372773896354055
0.11039949071481002
0.14458121421734674
0.18098010463651715
0.22374656324997533
0.2791546235203848
0.3583904164643595
0.4127958157222311
0.4827614808292555
0.5786260223647722
0.644059769067255
0.7318311407855023
0.8636667927423305
0.9591655888341303
1.0748216215687392
1.1900578026139055
1.2904051499827822
1.4582243930427738
1.5361312152446571
1.6166849864086348
1.7076888075204222
1.7624833339426058
1.7945599301929127
1.8321052152793287
1.8797061029990902
1.911095287971941
1.930569474775258
1.9546781207591508
1.96972647676185
1.9884236021161341
2.01465908760385
2.023715609010971
2.034891200768724
2.0502033355266986
2.0613116589837563
2.0688317264726357
2.0792426306381175
2.086764641388109
2.0980403404040766
2.1155817397707826
2.129831059463393
2.1450761089949073
2.1543403374274384
2.1668385072972347
2.1757983474223828
2.1890253461406886
2.1990556436747504
2.214405982772509
2.2263366679920162
2.2449084092510074
2.2595360295701012
2.282539433838016
2.300812005504939
2.329779048122042
2.372692795254847
2.4057273055901702
2.45758911984573
2.5354601372320107
2.597830158820383
2.7039904481845607
2.803409141106897
2.855462175095915
2.9128799371509393
2.9454873801977564
2.983001512565172
3.0048866726579924
3.0304831722374352
3.045585121153049
3.0633791997239554
3.0864093248020303
3.0938286224682425
3.102615350043554
3.1140463779867322
3.122120268546865
3.1278264715711876
3.131859928399656
3.141592653589793
5.407252102776773
17.37651697557198
68
0.
0.0013020833333333333
0.0026041666666666665
0.005208333333333333
0.010416666666666666
0.015625
0.020833333333333332
0.041666666666666664
0.0625
0.08333333333333333
0.16666666666666666
0.25
0.3333333333333333
0.5
0.5833333333333333
0.625
0.6666666666666666
0.7083333333333333
0.7291666666666666
0.75
0.7708333333333333
0.7916666666666666
0.8125
0.8333333333333333
0.8541666666666666
0.8645833333333333
0.8697916666666666
0.875
0.8802083333333333
0.8828125
0.8841145833333333
0.8854166666666666
0.8860677083333333
0.88671875
0.8873697916666666
0.8876953125
0.8880208333333333
0.8883463541666666
0.888671875
0.8893229166666666
0.8899739583333333
0.890625
0.8919270833333333
0.8932291666666666
0.8958333333333333
0.9010416666666666
0.90625
0.9166666666666666
0.9270833333333333
0.9375
0.9583333333333333
0.96875
0.9791666666666666
0.984375
0.9895833333333333
0.9921875
0.9947916666666666
0.99609375
0.9973958333333333
0.9986979166666666
0.9990234375
0.9993489583333333
0.9996744791666666
0.9998372395833333
0.9999186197916666
0.9999593098958333
0.9999796549479166
1.
0.
0.008042831240091784
0.011382604294872123
0.016121070996904577
0.02286601443770322
0.028088439807207263
0.03253106996792694
0.04657150967916612
0.05776212217454475
0.06757274049018969
0.10115907036586652
0.13241071981836916
0.1655707299436215
0.25384883271667297
0.3238189570032569
0.3716148789980555
0.4330862358371327
0.5170321666909189
0.5735226282424439
0.6469419271171333
0.748754645063476
0.8967175682578257
1.0886823979692908
1.278691054919084
1.4577160346301765
1.553432763351741
1.606893453089369
1.667899266750274
1.743999851313226
1.794300458429811
1.8259845105988202
1.8663181861291511
1.892544470555882
1.9270284060741742
1.981241474070027
2.0269789775459848
2.081400883040047
2.1203453420502716
2.1470784288316476
2.1839979571775925
2.210512342080908
2.2316853401733217
2.2652024480480906
2.2919077494460414
2.3343573122171035
2.3976495171609717
2.4469632688924405
2.526157840940499
2.5924047303682247
2.6523327800341407
2.7659077843767457
2.8244481859995663
2.8885615752624676
2.9248134511240593
2.9664145210029074
2.9906430126327073
3.018947536368029
3.035636491294583
3.055287039510373
3.0807104289742333
3.0888982241027936
3.098593706487994
3.111205356829439
3.1201124692558655
3.1264072956726876
3.1308566954066364
3.1340020398673767
3.141592653589793
5.543182020717557
16.14908611900816
61
0.
0.0013020833333333333
0.0026041666666666665
0.005208333333333333
0.010416666666666666
0.020833333333333332
0.03125
0.041666666666666664
0.08333333333333333
0.125
0.16666666666666666
0.3333333333333333
0.5
0.5833333333333333
0.625
0.6666666666666666
0.7083333333333333
0.75
0.7708333333333333
0.7916666666666666
0.8125
0.8333333333333333
0.8541666666666666
0.8645833333333333
0.875
0.8802083333333333
0.8854166666666666
0.8880208333333333
0.890625
0.8919270833333333
0.8932291666666666
0.89453125
0.8958333333333333
0.8971354166666666
0.8984375
0.8997395833333333
0.9010416666666666
0.90625
0.9114583333333333
0.9166666666666666
0.9270833333333333
0.9375
0.9583333333333333
0.96875
0.9791666666666666
0.984375
0.9895833333333333
0.9921875
0.9947916666666666
0.99609375
0.9973958333333333
0.9986979166666666
0.9990234375
0.9993489583333333
0.9996744791666666
0.999755859375
0.9998372395833333
0.9999186197916666
0.9999593098958333
0.9999796549479166
1.
0.
0.007593168623553164
0.010746240085278976
0.01521985890210052
0.021587897371330263
0.030713148401351944
0.03784502226912142
0.043970177116968066
0.06380146467464642
0.08031666922036192
0.09551864072787716
0.1562908964424189
0.23907913793328545
0.3040823891608521
0.34827042468156594
0.4049350143008711
0.4818710991207827
0.5986459243266198
0.6868152985876402
0.8096176735716337
0.9722420236811345
1.15509103191664
1.3398812897131676
1.437068085990363
1.5465090237317862
1.611528265768521
1.691936815331826
1.7439563559021598
1.8142917700024273
1.864967959080031
1.942167396891862
2.0532536398460186
2.1303871021222607
2.1791338981786486
2.2152382162994755
2.244457516595517
2.26933877737546
2.345543228168316
2.402836300930409
2.4506830937447543
2.531328830127146
2.601370143596286
2.729979542057956
2.795020941102435
2.8656651950332424
2.905413472210513
2.9508974052102466
2.9773373156672154
3.0081871956404767
3.0263612306987637
3.0477492743044547
3.0754045425139904
3.084309084745245
3.0948508322889614
3.10856151604978
3.1129918675589634
3.1182450651253273
3.125087884588345
3.1299242514842502
3.1333429624149605
3.141592653589793
5.679111938658341
14.992185790947714
59
0.
0.0013020833333333333
0.0026041666666666665
0.005208333333333333
0.010416666666666666
0.020833333333333332
0.03125
0.041666666666666664
0.08333333333333333
0.125
0.16666666666666666
0.3333333333333333
0.5
0.5833333333333333
0.6666666666666666
0.7083333333333333
0.75
0.7916666666666666
0.8125
0.8333333333333333
0.8541666666666666
0.8645833333333333
0.875
0.8802083333333333
0.8854166666666666
0.890625
0.8932291666666666
0.8958333333333333
0.8984375
0.8997395833333333
0.9010416666666666
0.90234375
0.9036458333333333
0.90625
0.9088541666666666
0.9114583333333333
0.9166666666666666
0.921875
0.9270833333333333
0.9375
0.9583333333333333
0.96875
0.9791666666666666
0.984375
0.9895833333333333
0.9921875
0.9947916666666666
0.99609375
0.9973958333333333
0.998046875
0.9986979166666666
0.9993489583333333
0.99951171875
0.9996744791666666
0.9998372395833333
0.9999186197916666
0.9999593098958333
0.9999796549479166
1.
0.
0.007171463645010052
0.010149454161264995
0.014374719469340404
0.020389429851354012
0.029008829504246943
0.0357458557205269
0.04153229830043963
0.06027009188666737
0.07587848338459298
0.09024836654467605
0.1476848576641743
0.2256091985767959
0.28629938788414405
0.3797241923563664
0.4503290796121056
0.5554847979194014
0.7369689500231782
0.8746412659755547
1.0397229357438023
1.2203750480467297
1.3169415409005034
1.4225785377301559
1.4818203730002557
1.548836353375929
1.6298195741723314
1.6799390719264233
1.7423371061741764
1.8292827997769852
1.890307522942147
1.964741232581044
2.0363590513562015
2.092571061186533
2.171471014110777
2.227441812860233
2.2718541347153254
2.342333341336183
2.39932011801912
2.448655450768341
2.5344052132574517
2.6841820582519054
2.757842200276692
2.8369338731187836
2.8811381666207283
2.9315302270765553
2.960749102274953
2.9947879941567064
3.014817540593533
3.0383727092142503
3.0523277851332216
3.068808486303653
3.0901975734228477
3.0970986682413186
3.1052755539899426
3.115921792564442
3.123445162146601
3.128762711130264
3.1325216493174115
3.141592653589793
5.883006815569518
13.393065303996968
52
0.
0.0026041666666666665
0.005208333333333333
0.010416666666666666
0.020833333333333332
0.03125
0.041666666666666664
0.08333333333333333
0.125
0.16666666666666666
0.3333333333333333
0.5
0.5833333333333333
0.6666666666666666
0.7083333333333333
0.75
0.7916666666666666
0.8333333333333333
0.8541666666666666
0.875
0.8854166666666666
0.8958333333333333
0.9010416666666666
0.90625
0.9088541666666666
0.9114583333333333
0.9140625
0.9166666666666666
0.921875
0.9270833333333333
0.9375
0.9479166666666666
0.9583333333333333
0.96875
0.9791666666666666
0.984375
0.9895833333333333
0.9921875
0.9947916666666666
0.99609375
0.9973958333333333
0.998046875
0.9986979166666666
0.9993489583333333
0.99951171875
0.9996744791666666
0.9998372395833333
0.9999186197916666
0.9999593098958333
0.9999796549479166
0.9999898274739583
1.
0.
0.009321509913188713
0.013202275848070648
0.01872689917583696
0.02664494179511052
0.032834778830294085
0.03815208701907047
0.05537730334932491
0.0697344430771676
0.08295960723791466
0.13585740659823287
0.2073470713738059
0.2624261831394078
0.34608287035091573
0.4082631517629708
0.4983671336619251
0.6459066284037309
0.8909950296362057
1.0515207833615563
1.2399353410808613
1.3514347060318532
1.4879128071421865
1.5755009862440028
1.691715773569755
1.7697376204222275
1.865842921089006
1.9674388315531748
2.0533774962536873
2.176284259114661
2.2638561761468554
2.3947009293351074
2.49966097313836
2.5940780586665406
2.685804607132863
2.781879517093226
2.8348322306162386
2.894733311897117
2.929288473271549
2.9694180396775818
2.992979585980693
3.02064831120121
3.0370211571524925
3.0563500709921514
3.081412376177296
3.089496133185838
3.099076338136355
3.1115477481725313
3.120357007290016
3.1265814304183275
3.1309804359901734
3.1340898415430396
3.141592653589793
6.086901692480694
11.951000273537217
50
0.
0.0026041666666666665
0.005208333333333333
0.010416666666666666
0.020833333333333332
0.03125
0.041666666666666664
0.08333333333333333
0.125
0.16666666666666666
0.3333333333333333
0.5
0.5833333333333333
0.6666666666666666
0.7083333333333333
0.75
0.7916666666666666
0.8333333333333333
0.8541666666666666
0.875
0.8854166666666666
0.8958333333333333
0.90625
0.9166666666666666
0.921875
0.9270833333333333
0.9322916666666666
0.9375
0.9479166666666666
0.9583333333333333
0.96875
0.9791666666666666
0.984375
0.9895833333333333
0.9921875
0.9947916666666666
0.99609375
0.9973958333333333
0.998046875
0.9986979166666666
0.9990234375
0.9993489583333333
0.9996744791666666
0.999755859375
0.9998372395833333
0.9999186197916666
0.9999593098958333
0.9999796549479166
0.9999898274739583
1.
0.
0.008565174895035391
0.012131268624507256
0.017208305275487615
0.02448589703146306
0.03017625230344476
0.0350654820987316
0.05091161467365551
0.06412994962102357
0.07631541762985959
0.1251223641636327
0.19092418225187502
0.24110764896649367
0.31622255935937604
0.3710566286831132
0.44850628014814103
0.5701143742462026
0.7695866879318494
0.9054985298604448
1.071582181331451
1.1705082271402005
1.2860267746643965
1.4299915236908372
1.6357539659361715
1.7831542470344663
1.944951137301842
2.0789478925010774
2.1830501169685883
2.3425754953397377
2.472118168229786
2.5908200785758644
2.710606664083019
2.7753199798677017
2.8477417380415218
2.889227540966352
2.9372024863623376
2.965282554024776
2.998200869443767
3.0176518031084996
3.040585432785367
3.0542015751908713
3.070306991591676
3.091232349798959
3.097990002362792
3.1060015352359214
3.1164354058167136
3.123808522168138
3.129019735520652
3.1327034379458203
3.141592653589793
6.358761528362263
10.24711988559349
49
0.
0.0026041666666666665
0.005208333333333333
0.010416666666666666
0.020833333333333332
0.041666666666666664
0.08333333333333333
0.125
0.16666666666666666
0.3333333333333333
0.5
0.5833333333333333
0.6666666666666666
0.7083333333333333
0.75
0.7916666666666666
0.8333333333333333
0.8541666666666666
0.875
0.8958333333333333
0.90625
0.9166666666666666
0.9270833333333333
0.9322916666666666
0.9375
0.9427083333333333
0.9479166666666666
0.9583333333333333
0.96875
0.9791666666666666
0.984375
0.9895833333333333
0.9921875
0.9947916666666666
0.99609375
0.9973958333333333
0.998046875
0.9986979166666666
0.9990234375
0.9993489583333333
0.9996744791666666
0.999755859375
0.9998372395833333
0.9999186197916666
0.9999593098958333
0.9999796549479166
0.9999898274739583
0.9999949137369791
1.
0.
0.007652685855004116
0.010839135768157083
0.015376183427480926
0.02188118239623295
0.03134189153223569
0.04552506164523223
0.05737078608972056
0.06830400253160532
0.11219813987540296
0.17123382043710733
0.21566251149432206
0.28084901163454173
0.3273137297868831
0.39098394806694103
0.4864932885477464
0.6400305883496018
0.7473188835042042
0.8815777960595573
1.0567889393368322
1.1693099663177968
1.3097117751676497
1.4971328725477848
1.6175946005960304
1.75563261043066
1.8973373189113079
2.0267521679688234
2.240137450368951
2.4174018868700347
2.584159301196313
2.670916604628049
2.7661013275061053
2.8199368101639344
2.881705356013226
2.9176699903102503
2.959674561692768
2.984437375306989
3.013589872505469
3.0308733326955837
3.051302141790269
3.0778232804892185
3.0863829322649226
3.096529527017164
3.1097423950321725
3.119078198217381
3.1256760639981604
3.130339690720739
3.1336364894281115
3.141592653589793
6.766551282184616
8.083871974284062
47
0.
0.005208333333333333
0.010416666666666666
0.020833333333333332
0.041666666666666664
0.08333333333333333
0.125
0.16666666666666666
0.3333333333333333
0.5
0.5833333333333333
0.6666666666666666
0.7083333333333333
0.75
0.7916666666666666
0.8333333333333333
0.8541666666666666
0.875
0.8958333333333333
0.9166666666666666
0.9375
0.9479166666666666
0.9583333333333333
0.96875
0.9791666666666666
0.984375
0.9895833333333333
0.9921875
0.9947916666666666
0.99609375
0.9973958333333333
0.998046875
0.9986979166666666
0.9990234375
0.9993489583333333
0.99951171875
0.9996744791666666
0.9998372395833333
0.9998779296875
0.9999186197916666
0.9999593098958333
0.999969482421875
0.9999796549479166
0.9999898274739583
0.9999949137369791
0.9999974568684895
1.
0.
0.009145729891416838
0.012974992526834313
0.018467184254541514
0.026460569510606973
0.03846129487584767
0.04850403361579405
0.057790866938522374
0.09521586761271779
0.1453842444980865
0.18242735830932494
0.23528455618720437
0.2717893438653713
0.32003299813180686
0.3887154752989055
0.49517724960751175
0.5707608452303303
0.6671699059286668
0.7935317820246841
0.9714807187737028
1.2538707933930215
1.4668213293472168
1.7369650781082424
2.025951842716246
2.302316394328046
2.440553227378638
2.5877706744058435
2.6693065598991224
2.7616228175877757
2.814872395808404
2.8766885714410777
2.912966539418026
2.9555586642481995
2.980753703996264
3.010488760543663
3.0281502659249724
3.049044513203901
3.0762041524298427
3.0849782605720657
3.095380456142455
3.108927895391043
3.1133075563009376
3.1185012718429173
3.1252676226848495
3.1300506331826585
3.1334319720907704
3.141592653589793
7.174341036006968
6.305327865831982
46
0.
0.005208333333333333
0.010416666666666666
0.020833333333333332
0.041666666666666664
0.08333333333333333
0.125
0.16666666666666666
0.3333333333333333
0.5
0.5833333333333333
0.6666666666666666
0.75
0.7916666666666666
0.8333333333333333
0.875
0.8958333333333333
0.9166666666666666
0.9375
0.9583333333333333
0.96875
0.9791666666666666
0.984375
0.9895833333333333
0.9921875
0.9947916666666666
0.99609375
0.9973958333333333
0.998046875
0.9986979166666666
0.9990234375
0.9993489583333333
0.99951171875
0.9996744791666666
0.999755859375
0.9998372395833333
0.9999186197916666
0.99993896484375
0.9999593098958333
0.9999796549479166
0.9999847412109375
0.9999898274739583
0.9999949137369791
0.9999974568684895
0.9999987284342448
1.
0.
0.007699409761362523
0.010923998931681573
0.015550579201195912
0.022289040797571928
0.032420423124316256
0.04091565512111874
0.04878659562804831
0.08062602003735068
0.12318829148245426
0.15409964831065473
0.1972010049820002
0.26361465802579354
0.3148812250440547
0.39146004128797257
0.5154430186722002
0.6076492196980392
0.7360293546637101
0.9347588873316645
1.2878987482986637
1.5638298191596118
1.9105844019949065
2.1065979731698494
2.322456352107085
2.443201735290234
2.5801089461936986
2.6590338828573934
2.75055439726985
2.8042102492918737
2.8671494825391663
2.904358588709055
2.948249034066461
2.9743080472663355
3.005130247428958
3.023466468909625
3.0451881622963515
3.073455389837225
3.082590649844134
3.0934239770456755
3.1075380181209957
3.112102087348351
3.117515269017329
3.1245688105002403
3.1295556978474672
3.133081600041428
3.141592653589793
7.718060707770105
4.4294344300077535
48
0.
0.010416666666666666
0.020833333333333332
0.041666666666666664
0.08333333333333333
0.125
0.16666666666666666
0.3333333333333333
0.5
0.5833333333333333
0.6666666666666666
0.75
0.7916666666666666
0.8333333333333333
0.875
0.8958333333333333
0.9166666666666666
0.9375
0.9479166666666666
0.9583333333333333
0.96875
0.9791666666666666
0.984375
0.9895833333333333
0.9921875
0.9947916666666666
0.99609375
0.9973958333333333
0.998046875
0.9986979166666666
0.9990234375
0.9993489583333333
0.99951171875
0.9996744791666666
0.999755859375
0.9998372395833333
0.9998779296875
0.9999186197916666
0.99993896484375
0.9999593098958333
0.9999796549479166
0.9999847412109375
0.9999898274739583
0.9999949137369791
0.9999974568684895
0.9999987284342448
0.9999993642171223
1.
0.
0.008647836207433505
0.01231311063776151
0.017656593839301488
0.02570629956727533
0.03247407388584446
0.03876081253950231
0.06432685466247215
0.09844022499654656
0.1227923927859623
0.1559616711727478
0.20518322887020077
0.2415408377746622
0.2937200998797802
0.3765335561497188
0.4386112600391486
0.5249305759611661
0.6558877198112547
0.7529302018255233
0.888105822548576
1.0857206085093938
1.3861604469922073
1.59563096365762
1.8650120812634683
2.0324118919398813
2.234436177129906
2.3557760787065756
2.500054029826294
2.5861116842669234
2.6881710956503313
2.7489850481798244
2.8210913244494793
2.8640589609863953
2.915012070350944
2.9453790839404483
2.9813940507837886
3.0028605353663624
3.0283214072913345
3.0434981094419573
3.06149989549807
3.084959536480904
3.092547219846107
3.10154750003406
3.1132767077390477
3.1215703831491832
3.127434833831331
3.1315815949485377
3.141592653589793
8.53364021541481
2.4803337106416605
51
0.
0.020833333333333332
0.041666666666666664
0.08333333333333333
0.16666666666666666
0.3333333333333333
0.5
0.6666666666666666
0.75
0.7916666666666666
0.8333333333333333
0.875
0.8958333333333333
0.9166666666666666
0.9375
0.9479166666666666
0.9583333333333333
0.96875
0.9739583333333333
0.9791666666666666
0.984375
0.9869791666666666
0.9895833333333333
0.9921875
0.9947916666666666
0.99609375
0.9973958333333333
0.998046875
0.9986979166666666
0.9990234375
0.9993489583333333
0.99951171875
0.9996744791666666
0.999755859375
0.9998372395833333
0.9998779296875
0.9999186197916666
0.99993896484375
0.9999593098958333
0.999969482421875
0.9999796549479166
0.9999847412109375
0.9999898274739583
0.9999949137369791
0.9999961853027344
0.9999974568684895
0.9999987284342448
0.9999993642171223
0.9999996821085612
0.9999998410542805
1.
0.
0.008585239621466373
0.012318808355412018
0.017958964309703347
0.027157651084417558
0.04535202812327085
0.06962994181399611
0.10927359054497086
0.14167136860943877
0.16468259850653294
0.19647633625131586
0.2452071533185397
0.2814512160245404
0.33198730870748816
0.40801062167452096
0.46332597396189096
0.5395719647983679
0.6527625264911868
0.7330612102391096
0.8394757885958377
0.9876834179423242
1.0866447815075528
1.2115698312341494
1.3762238293210287
1.6082667629801433
1.7677289167889423
1.9783665078561938
2.1148618529696694
2.286683043298266
2.393777132327069
2.524786849868749
2.604684518626315
2.700947940064833
2.7589962255581133
2.8283942243767184
2.8700003932240747
2.9195487588552345
2.9491753434249395
2.984384087839655
3.005400297492349
3.030354479929882
3.0452415907275223
3.0629088079075144
3.085942536742126
3.09339480875533
3.1022359548515452
3.113760201120527
3.1219106050384853
3.127674576999462
3.1317507038663064
3.141592653589793
9.349219723059516
1.3084198761217873
55
0.
0.041666666666666664
0.08333333333333333
0.16666666666666666
0.3333333333333333
0.5
0.6666666666666666
0.75
0.8333333333333333
0.875
0.8958333333333333
0.9166666666666666
0.9375
0.9479166666666666
0.9583333333333333
0.96875
0.9739583333333333
0.9791666666666666
0.984375
0.9869791666666666
0.9895833333333333
0.9921875
0.9934895833333333
0.9947916666666666
0.99609375
0.9967447916666666
0.9973958333333333
0.998046875
0.9986979166666666
0.9990234375
0.9993489583333333
0.99951171875
0.9996744791666666
0.999755859375
0.9998372395833333
0.9998779296875
0.9999186197916666
0.99993896484375
0.9999593098958333
0.999969482421875
0.9999796549479166
0.9999847412109375
0.9999898274739583
0.9999923706054688
0.9999949137369791
0.9999974568684895
0.9999980926513672
0.9999987284342448
0.9999993642171223
0.9999995231628418
0.9999996821085612
0.9999998410542805
0.9999999205271403
0.9999999602635701
1.
0.
0.008456343599758968
0.01234077573699271
0.018703540416236206
0.03138328860315427
0.048302086591306706
0.07535377028653112
0.09687379793676038
0.13212537033426527
0.16253853210741231
0.18491962980495527
0.2160945062151539
0.26295560523064837
0.29680408741589415
0.3429331462782899
0.4106383679269899
0.4586836627841054
0.5231920665617433
0.6159097706314348
0.6803165071667892
0.7650927132162331
0.8838459243471359
0.9643687099229001
1.0680143564768259
1.2087413160062002
1.301165112979824
1.4165276136130969
1.566735566208524
1.7756033889002731
1.9177818078803497
2.1046545336073814
2.225545939216234
2.3778318355932613
2.472915248237823
2.589472370030839
2.660697149050647
2.7466626707517663
2.7985631736211687
2.8606836292206594
2.8979570174506
2.9423619470487985
2.9689245566121123
3.0005084927187506
3.019364683376626
3.041750041839693
3.070952715918005
3.080405293033338
3.091622349968392
3.1062481330469005
3.1109805466764273
3.116595207180685
3.1239142393728905
3.1290908510513082
3.1327519059849536
3.141592653589793
10.43665906658579
0.5260934355215987
57
0.
0.16666666666666666
0.3333333333333333
0.5
0.6666666666666666
0.75
0.8333333333333333
0.875
0.9166666666666666
0.9375
0.9583333333333333
0.96875
0.9739583333333333
0.9791666666666666
0.984375
0.9869791666666666
0.9895833333333333
0.9921875
0.9934895833333333
0.9947916666666666
0.99609375
0.9967447916666666
0.9973958333333333
0.998046875
0.9983723958333333
0.9986979166666666
0.9990234375
0.9991861979166666
0.9993489583333333
0.99951171875
0.9996744791666666
0.999755859375
0.9998372395833333
0.9998779296875
0.9999186197916666
0.99993896484375
0.9999593098958333
0.999969482421875
0.9999796549479166
0.9999847412109375
0.9999898274739583
0.9999923706054688
0.9999949137369791
0.9999961853027344
0.9999974568684895
0.9999980926513672
0.9999987284342448
0.9999990463256836
0.9999993642171223
0.9999996821085612
0.9999997615814209
0.9999998410542805
0.9999999205271403
0.9999999602635701
0.999999980131785
0.9999999900658925
1.
0.
0.01103725470002594
0.0185818175523291
0.028638482993862915
0.044476558034652974
0.05685788752563765
0.0767546173534762
0.09360926957718563
0.12302085944842078
0.1487277379565318
0.1922966451180857
0.22867161909874853
0.2542889259387703
0.28864604758396484
0.3384178446278095
0.3735320872631227
0.42067642627768936
0.48882696846324253
0.5366263566013237
0.6002600563881035
0.6909241558388137
0.753491489687788
0.8354227643815694
0.9494488540441022
1.026301453167716
1.1247186575701902
1.2576065436175858
1.3445653281004333
1.4529446935334605
1.5941232919302923
1.7913340154595223
1.926639218838898
2.106249930960697
2.2236644260997487
2.373009628938584
2.4670699187403144
2.5831699761328224
2.6545196121589876
2.740991497616762
2.793369744527867
2.8562011382119286
2.893973371184595
2.93902172377138
2.9659918305628974
2.998082470604767
3.017252393883535
3.0400157955021028
3.0535968565199347
3.0697175533506633
3.090744502653941
3.0975499107796898
3.105625165355204
3.116153581667747
3.1236014015259035
3.1288693602200555
3.13259514761366
3.141592653589793
11.524098410112064
0.2200188343331852
61
0.
0.16666666666666666
0.3333333333333333
0.5
0.6666666666666666
0.75
0.8333333333333333
0.875
0.9166666666666666
0.9375
0.9583333333333333
0.96875
0.9791666666666666
0.984375
0.9895833333333333
0.9921875
0.9934895833333333
0.9947916666666666
0.99609375
0.9967447916666666
0.9973958333333333
0.998046875
0.9983723958333333
0.9986979166666666
0.9990234375
0.9991861979166666
0.9993489583333333
0.99951171875
0.9995930989583333
0.9996744791666666
0.999755859375
0.9997965494791666
0.9998372395833333
0.9998779296875
0.9999186197916666
0.99993896484375
0.9999593098958333
0.999969482421875
0.9999796549479166
0.9999847412109375
0.9999898274739583
0.9999923706054688
0.9999949137369791
0.9999961853027344
0.9999974568684895
0.9999980926513672
0.9999987284342448
0.9999990463256836
0.9999993642171223
0.9999995231628418
0.9999996821085612
0.9999997615814209
0.9999998410542805
0.9999999205271403
0.9999999403953552
0.9999999602635701
0.999999980131785
0.9999999900658925
0.9999999950329462
0.9999999975164731
1.
0.
0.0062799536807720885
0.010585577014198058
0.016320180298608274
0.025295948140851336
0.032265835397805115
0.043387093607726204
0.05274381356565388
0.06900845499226117
0.08321507706255182
0.10724107016547194
0.1271929637936709
0.1599233823682875
0.18707228235761802
0.23225038713110815
0.27017118745206026
0.2970894306901825
0.3333700137238946
0.38599730162025236
0.4229992734767369
0.4723654557283127
0.5429538890167972
0.591896254219584
0.656355276147662
0.7469507779111316
0.8087189470496989
0.8888058014077794
0.9989971027350538
1.0725757993995189
1.166154374376407
1.2916318414308294
1.3733644048831788
1.4749969861783518
1.6073123157247928
1.792781398022118
1.9209932997893455
2.0930802975208653
2.207034627991927
2.3538967724447915
2.4475509357838083
2.564431110265475
2.6369320831046545
2.7254090743554187
2.779322603551265
2.8442585047152327
2.8833984874156515
2.9302127946774306
2.958294465173259
2.9917296168513676
3.011719883686188
3.035484645400416
3.0496737420806888
3.066518286930777
3.088486012979658
3.0955950505214873
3.104030046604427
3.115026602595373
3.122804977898358
3.128306439661789
3.132197220727189
3.141592653589793
12.611537753638338
0.11232225104276383
67
0.
0.16666666666666666
0.3333333333333333
0.5
0.6666666666666666
0.75
0.8333333333333333
0.875
0.9166666666666666
0.9375
0.9583333333333333
0.96875
0.9791666666666666
0.984375
0.9895833333333333
0.9921875
0.9947916666666666
0.99609375
0.9973958333333333
0.998046875
0.9983723958333333
0.9986979166666666
0.9990234375
0.9991861979166666
0.9993489583333333
0.99951171875
0.9995930989583333
0.9996744791666666
0.999755859375
0.9997965494791666
0.9998372395833333
0.9998779296875
0.9998982747395833
0.9999186197916666
0.99993896484375
0.9999491373697916
0.9999593098958333
0.999969482421875
0.9999796549479166
0.9999847412109375
0.9999898274739583
0.9999923706054688
0.9999949137369791
0.9999961853027344
0.9999974568684895
0.9999980926513672
0.9999987284342448
0.9999990463256836
0.9999993642171223
0.9999995231628418
0.9999996821085612
0.9999997615814209
0.9999998410542805
0.9999998807907104
0.9999999205271403
0.9999999403953552
0.9999999602635701
0.999999980131785
0.9999999850988388
0.9999999900658925
0.9999999950329462
0.9999999962747097
0.9999999975164731
0.9999999987582365
0.9999999993791182
0.9999999996895591
1.
0.
0.0033722401030235505
0.005686194183979499
0.00876654965209339
0.013576814731118573
0.017302788255853973
0.023231773630526687
0.02820653876650553
0.03683957156043694
0.04437758819076986
0.05711838016698259
0.06768079925434375
0.08497694128029037
0.09931921512432207
0.1232464868077328
0.14343653606354814
0.1773674851086757
0.20592345117807437
0.25344049717633094
0.29293864025781435
0.32070569072904365
0.35778698684885
0.4109553971880527
0.4479555796808657
0.4968901052603699
0.5661030496958679
0.6136078070453371
0.6756071712384923
0.7617113205985692
0.8197647443563617
0.8943042095461127
0.9956271293019783
1.062585715093303
1.1470713088170372
1.259414850062102
1.3321613359257831
1.4223687119146045
1.5397780851321157
1.7053966665025206
1.8214914478237394
1.980800395594488
2.089402603245924
2.2342286559100555
2.3300702187726654
2.4540853574204213
2.5337078719698916
2.6337900555375073
2.6964407555778123
2.773465651264498
2.8205701892600943
2.8775845877039465
2.9121282882827835
2.9535367027263897
2.9783754135334095
3.0079774088914926
3.0256964409739697
3.0467859892579123
3.0743885887594216
3.0833454521480825
3.093988512280026
3.107889281408035
3.1123928188249135
3.1177395776535666
3.1247153447351144
3.1296532608432197
3.1331475564887588
3.141592653589793