26
31
3.912023005428146
14.498453772250262
79
0.
0.0003255208333333333
0.0006510416666666666
0.0013020833333333333
0.0026041666666666665
0.00390625
0.005208333333333333
0.010416666666666666
0.015625
0.020833333333333332
0.041666666666666664
0.0625
0.08333333333333333
0.125
0.16666666666666666
0.20833333333333331
0.25
0.2708333333333333
0.29166666666666663
0.3125
0.3333333333333333
0.35416666666666663
0.375
0.41666666666666663
0.4583333333333333
0.5
0.5833333333333333
0.625
0.6458333333333333
0.6666666666666666
0.6875
0.6979166666666666
0.703125
0.7083333333333333
0.7135416666666666
0.7161458333333333
0.71875
0.7213541666666666
0.7239583333333333
0.7291666666666666
0.734375
0.7395833333333333
0.75
0.7708333333333333
0.7916666666666666
0.8333333333333333
0.875
0.8958333333333333
0.9166666666666666
0.9270833333333333
0.9375
0.9479166666666666
0.953125
0.9583333333333333
0.9609375
0.9635416666666666
0.96484375
0.9661458333333333
0.9674479166666666
0.96875
0.9713541666666666
0.9739583333333333
0.9791666666666666
0.984375
0.9895833333333333
0.9921875
0.9947916666666666
0.99609375
0.9973958333333333
0.9986979166666666
0.9990234375
0.9993489583333333
0.9996744791666666
0.999755859375
0.9998372395833333
0.9999186197916666
0.9999593098958333
0.9999796549479166
1.
0.
0.008232572207171333
0.011645471274307435
0.016477282126704233
0.02332538797788101
0.028595928849943306
0.03305252697955709
0.0469308848229987
0.05771217723859481
0.06691518224429122
0.09626184754569235
0.12005476149037615
0.14133913915273125
0.18076243039508946
0.21975076723735135
0.2619532924867918
0.3129133415657639
0.3455553549118007
0.3886887351156923
0.45542876083851613
0.5504913200859841
0.6219386864353416
0.6722876202487598
0.7477017026771499
0.809251853992325
0.865639456383101
0.9792272737512827
1.0446636132549514
1.0828702659967253
1.1279870242109902
1.186590795327095
1.2267029372691107
1.252428245333549
1.2853686258079946
1.3331873764761217
1.3689303253586176
1.4168336568617994
1.465837117596606
1.5036058872639348
1.5554874833848957
1.5921967968273214
1.6214926976050026
1.6684216887221492
1.7402608186506483
1.798922382675344
1.9016703169021039
2.00243120687244
2.057544571575293
2.120691941877124
2.1577724683693726
2.2014783816200336
2.2575519707510816
2.294927517327316
2.3467416847532014
2.3851236405891094
2.447713386821384
2.5019382284521616
2.566010700149053
2.6143025014320274
2.6497543993840456
2.7023617624090934
2.7433155641123674
2.8104722722160655
2.8699335992570836
2.9292216271266596
2.9611376004925782
2.9968220773702385
3.017258311210984
3.040888707285277
3.070939444499715
3.080520754056561
3.0918221127489685
3.106466001799252
3.1111855558052883
3.1167770127823737
3.1240559864884254
3.1291976640038217
3.132830720878963
3.141592653589793
4.04795292336893
15.384090145842706
88
0.
0.0003255208333333333
0.0006510416666666666
0.0013020833333333333
0.0026041666666666665
0.00390625
0.005208333333333333
0.010416666666666666
0.015625
0.020833333333333332
0.041666666666666664
0.0625
0.08333333333333333
0.125
0.16666666666666666
0.20833333333333331
0.25
0.29166666666666663
0.3125
0.3333333333333333
0.35416666666666663
0.375
0.41666666666666663
0.4583333333333333
0.5
0.5833333333333333
0.625
0.6458333333333333
0.6666666666666666
0.6770833333333333
0.6875
0.6979166666666666
0.703125
0.7083333333333333
0.7109375
0.7135416666666666
0.7161458333333333
0.71875
0.7239583333333333
0.7291666666666666
0.7395833333333333
0.75
0.7708333333333333
0.7916666666666666
0.8333333333333333
0.875
0.8958333333333333
0.9166666666666666
0.9375
0.9479166666666666
0.9583333333333333
0.9635416666666666
0.9661458333333333
0.96875
0.9700520833333333
0.9713541666666666
0.97265625
0.9729817708333333
0.9733072916666666
0.9736328125
0.9739583333333333
0.97412109375
0.9742838541666666
0.9744466145833333
0.974609375
0.9749348958333333
0.9752604166666666
0.9759114583333333
0.9765625
0.9778645833333333
0.9791666666666666
0.9817708333333333
0.984375
0.9895833333333333
0.9921875
0.9947916666666666
0.99609375
0.9973958333333333
0.998046875
0.9986979166666666
0.9993489583333333
0.99951171875
0.9996744791666666
0.9998372395833333
0.9999186197916666
0.9999593098958333
0.9999796549479166
1.
0.
0.007967798285028046
0.01127091756794661
0.015947267145312544
0.02257491795005386
0.027675671872587338
0.03198860189421335
0.04541874491506637
0.0558506862003018
0.06475439964710401
0.09313669797717125
0.11612995596359818
0.13667677193449515
0.17463853167515184
0.211959755955194
0.2518741162309743
0.29874002750084194
0.362651263662252
0.40990276061787556
0.4775680390878745
0.5539782060978944
0.6144831779047076
0.7013706733304879
0.769031142689581
0.8295462457656005
0.9495159646495609
1.0184704824104363
1.0590416328227046
1.1076678419307964
1.137294920686676
1.1733915763015512
1.22224351296058
1.2573276848238122
1.3122720655789528
1.3600485398028246
1.4252431938337493
1.4742029812960902
1.507212580861191
1.5527669168282543
1.5859549424538575
1.6361794244767216
1.6757084358628396
1.7397715066474706
1.7938449910190255
1.8900068153751686
1.9840026083948006
2.034474856507051
2.0906889063713017
2.15828839030741
2.2005233609785435
2.2547887321271127
2.291144690298709
2.313966010941388
2.342524416207462
2.360513189117913
2.3830114130007964
2.414587621601806
2.425370212039935
2.4384215416146695
2.455346104083075
2.480608326897242
2.500868335281
2.5323317933231912
2.565325348153086
2.5875987837702175
2.616119815915174
2.6357960382641137
2.6644712087033717
2.6863251696505803
2.7205328802054565
2.7481759408003286
2.79399889315012
2.8335427962713347
2.9062546781910767
2.943186780676683
2.9834363206694308
3.0061403197364602
3.0321644845400693
3.04730947976975
3.0649979497006354
3.0876977809164616
3.094976103302832
3.103576080113368
3.11474289852113
3.1226221539622245
3.128186031043747
3.132116504022476
3.141592653589793
4.183882841309714
16.091904477502656
114
0.
0.0003255208333333333
0.0006510416666666666
0.0013020833333333333
0.0026041666666666665
0.005208333333333333
0.010416666666666666
0.015625
0.020833333333333332
0.041666666666666664
0.0625
0.08333333333333333
0.125
0.16666666666666666
0.25
0.29166666666666663
0.3333333333333333
0.35416666666666663
0.375
0.3958333333333333
0.41666666666666663
0.5
0.5833333333333333
0.625
0.6458333333333333
0.6666666666666666
0.6770833333333333
0.6875
0.6927083333333333
0.6979166666666666
0.7005208333333333
0.703125
0.7044270833333333
0.7057291666666666
0.70703125
0.7083333333333333
0.7109375
0.7135416666666666
0.71875
0.7239583333333333
0.7291666666666666
0.7395833333333333
0.75
0.7708333333333333
0.7916666666666666
0.8333333333333333
0.875
0.9166666666666666
0.9375
0.9479166666666666
0.9583333333333333
0.9635416666666666
0.96875
0.9713541666666666
0.97265625
0.9733072916666666
0.9739583333333333
0.974609375
0.9747721354166666
0.9749348958333333
0.97509765625
0.9751790364583333
0.9752604166666666
0.97528076171875
0.9753011067708333
0.9753061930338541
0.975311279296875
0.9753163655598958
0.9753189086914062
0.9753195444742838
0.9753201802571614
0.9753208160400391
0.9753211339314778
0.9753214518229166
0.975321610768636
0.9753217697143555
0.9753220876057942
0.9753227233886719
0.975323994954427
0.9753252665201823
0.9753265380859375
0.9753316243489583
0.9753367106119791
0.975341796875
0.9753621419270833
0.9753824869791666
0.97540283203125
0.9754231770833333
0.9755045572916666
0.9755859375
0.9757486979166666
0.9759114583333333
0.9762369791666666
0.9765625
0.9772135416666666
0.9778645833333333
0.9791666666666666
0.9817708333333333
0.984375
0.9895833333333333
0.9921875
0.9947916666666666
0.99609375
0.9973958333333333
0.998046875
0.9986979166666666
0.9993489583333333
0.99951171875
0.9996744791666666
0.9998372395833333
0.9999186197916666
0.9999593098958333
0.9999796549479166
1.
0.
0.007654867140159132
0.01082819769644439
0.015320693007768161
0.02168747134281143
0.030729719814317314
0.043627317574598694
0.05364267409491664
0.06218818570815629
0.08940586165982774
0.11141871190413788
0.13104790936220745
0.16715552232969266
0.20232859699868624
0.2813866899103718
0.33448502316323264
0.4141081795850906
0.472564163899623
0.5370827500981036
0.5938153295753449
0.6411272325964428
0.7856921708799127
0.9146454007069249
0.9880296852016177
1.0314156288853793
1.0841396941918524
1.1170469269303218
1.158724522709899
1.1857748627631746
1.2214969948030785
1.2458766528765166
1.2802290033653871
1.3055877508710618
1.3431299695962933
1.3922947942097716
1.4302235323395578
1.47594685638287
1.5057351354999091
1.5476455566017744
1.5788339304473324
1.6045235753520073
1.6467637220284206
1.6819595026904388
1.7412496460940936
1.7926268048769984
1.885584327582092
1.9773448592034275
2.081586633901124
2.1472034328092664
2.1877911511888577
2.2390927352485543
2.2725764252571197
2.317712315422654
2.3501028298096993
2.3720664171680754
2.3858976601447486
2.4031913482897913
2.4275305856458886
2.4359197596509037
2.446218009048077
2.4600904879589516
2.46985568336876
2.4847277114491004
2.4905281481459887
2.4988367665049562
2.501767754528107
2.5054562752537484
2.510732344299241
2.514939780170052
2.5164243180326533
2.5182907205957648
2.5209429094217324
2.5230055103410995
2.5272256020100925
2.5346275019921354
2.5374052904736137
2.540129458220599
2.543195772875842
2.546845984133382
2.549342104861437
2.5513079959970577
2.556846558682546
2.5607248926904154
2.563817590757895
2.5726434484229497
2.5788634471714906
2.5838312997173034
2.5880431889009907
2.600875512473535
2.6103883875241083
2.624872977620328
2.6361854068629245
2.654001453826408
2.6682675917440157
2.6912187230558273
2.709959475194393
2.7407716625384744
2.7895219398482936
2.830473713719288
2.9046019995320145
2.941962750455118
2.9825630936369802
3.005428597844613
3.031615204557633
3.046847078929063
3.064629244203148
3.0874448264543206
3.094756925636658
3.1033980871366
3.114618463376745
3.1225302421971213
3.1281185548317874
3.132067553743871
3.141592653589793
4.319812759250499
16.589237892518295
90
0.
0.0003255208333333333
0.0006510416666666666
0.0013020833333333333
0.0026041666666666665
0.005208333333333333
0.010416666666666666
0.015625
0.020833333333333332
0.041666666666666664
0.0625
0.08333333333333333
0.125
0.16666666666666666
0.25
0.3333333333333333
0.35416666666666663
0.375
0.41666666666666663
0.4583333333333333
0.5
0.5833333333333333
0.625
0.6458333333333333
0.6666666666666666
0.6770833333333333
0.6875
0.6927083333333333
0.6953125
0.6979166666666666
0.69921875
0.7005208333333333
0.7018229166666666
0.7024739583333333
0.703125
0.7044270833333333
0.7057291666666666
0.7083333333333333
0.7109375
0.7135416666666666
0.71875
0.7291666666666666
0.7395833333333333
0.75
0.7708333333333333
0.7916666666666666
0.8333333333333333
0.875
0.8958333333333333
0.9166666666666666
0.9375
0.9479166666666666
0.953125
0.9583333333333333
0.9635416666666666
0.96484375
0.9661458333333333
0.9674479166666666
0.9680989583333333
0.96875
0.9690755208333333
0.9694010416666666
0.9695638020833333
0.9697265625
0.9698893229166666
0.9700520833333333
0.9703776041666666
0.970703125
0.9710286458333333
0.9713541666666666
0.97265625
0.9739583333333333
0.9765625
0.9791666666666666
0.984375
0.9895833333333333
0.9921875
0.9947916666666666
0.99609375
0.9973958333333333
0.998046875
0.9986979166666666
0.9993489583333333
0.99951171875
0.9996744791666666
0.9998372395833333
0.9999186197916666
0.9999593098958333
0.9999796549479166
1.
0.
0.007314645410075029
0.010346862866063964
0.014639445329101847
0.02072251344508844
0.029360707775354173
0.04167869059711768
0.05124027692633247
0.05939534146518413
0.08534183777807072
0.10628300982237619
0.12490917472029364
0.1589990342778469
0.19187565297689996
0.2634434953603441
0.36760253857427627
0.40735593760205013
0.4564038656271618
0.5655692307802398
0.6565432795912237
0.7324487392711708
0.8731209994980113
0.9515095111379839
0.9977470441687739
1.0542789479104693
1.0901064894488108
1.1369009595695754
1.1690266951023183
1.1897377057224403
1.216658184610256
1.2345427386508205
1.2586630538351722
1.299076540370326
1.3371553239129648
1.3792463772078931
1.4244838135322069
1.4505717637633961
1.485273549961618
1.510209387422674
1.5303384898321544
1.562738266285683
1.6118170863494767
1.6505923223439216
1.683850441512786
1.741161310048102
1.7917146338108418
1.884619932942459
1.9779046479171634
2.0288617270310367
2.0864641641398847
2.1575058469099577
2.2035954053579956
2.2319618574522773
2.2668258752171098
2.3148262891205924
2.331042545988962
2.350634045815635
2.3761958556320986
2.3932371690400274
2.416361288128171
2.432673167662183
2.45687000739513
2.4763645313275493
2.5085991075742835
2.544408114856676
2.567115138537861
2.5951979146640154
2.6143213729309522
2.6293659892324763
2.6420273211594663
2.6805427860757307
2.7095274873459987
2.7552833044249954
2.7931629875461494
2.8592470925031646
2.9223822060912803
2.9557786069227556
2.9928211983091466
3.01393452410199
3.038280752436217
3.0525062137620274
3.069161633940304
3.090589329593496
3.097467829813153
3.1056013555657658
3.116169238112994
3.123624377700705
3.12889103279386
3.132613183346943
3.141592653589793
4.455742677191283
16.859212168908567
90
0.
0.0006510416666666666
0.0013020833333333333
0.0026041666666666665
0.005208333333333333
0.010416666666666666
0.015625
0.020833333333333332
0.041666666666666664
0.0625
0.08333333333333333
0.125
0.16666666666666666
0.25
0.3333333333333333
0.375
0.41666666666666663
0.4583333333333333
0.5
0.5833333333333333
0.625
0.6458333333333333
0.6666666666666666
0.6770833333333333
0.6875
0.6927083333333333
0.6953125
0.6979166666666666
0.69921875
0.6998697916666666
0.7005208333333333
0.7008463541666666
0.701171875
0.7013346354166666
0.7014973958333333
0.70166015625
0.7018229166666666
0.7021484375
0.7024739583333333
0.7027994791666666
0.703125
0.7044270833333333
0.7057291666666666
0.7083333333333333
0.7135416666666666
0.71875
0.7291666666666666
0.75
0.7708333333333333
0.7916666666666666
0.8333333333333333
0.875
0.8958333333333333
0.9166666666666666
0.9270833333333333
0.9375
0.9427083333333333
0.9479166666666666
0.9505208333333333
0.953125
0.9544270833333333
0.9557291666666666
0.95703125
0.9576822916666666
0.9583333333333333
0.958984375
0.9596354166666666
0.9609375
0.9622395833333333
0.9635416666666666
0.9661458333333333
0.96875
0.9739583333333333
0.9791666666666666
0.984375
0.9895833333333333
0.9921875
0.9947916666666666
0.99609375
0.9973958333333333
0.9986979166666666
0.9990234375
0.9993489583333333
0.9996744791666666
0.999755859375
0.9998372395833333
0.9999186197916666
0.9999593098958333
0.9999796549479166
1.
0.
0.009850567338205473
0.013937042916808457
0.019727646796086577
0.02794940819559791
0.03967024940758262
0.048764674059415966
0.05651805741910244
0.08115951986954949
0.10100541960538598
0.11861265806972755
0.15068009530651522
0.1813188113947622
0.24624595860988777
0.33215885555267183
0.3961405835245799
0.4848908431320419
0.582314976464584
0.6686311471280063
0.8237331026390565
0.9075240104959247
0.956359414804633
1.0156474066609578
1.0530722099678693
1.1019695574949349
1.135791379600356
1.1579146122872221
1.1875433091409213
1.2083912707855362
1.2221041940097623
1.240388941711695
1.2529836426173782
1.2709925126894714
1.2847332748833131
1.3068763641133339
1.3371689224385197
1.356972245151734
1.3794037798345058
1.3938401354638978
1.4048671741315144
1.4139606747159084
1.4406808843010344
1.4598973822586137
1.4886196412345885
1.5292958415588642
1.5599359097970105
1.6076416734540164
1.6793188140859103
1.7372304828020313
1.7888196978484643
1.8848970077835583
1.9836874100963975
2.0393198464862823
2.1047802183193536
2.1444711039362616
2.1932359764426055
2.223727759857947
2.2620208953483223
2.286385814287208
2.3173908114193447
2.33731238927448
2.3627767388493925
2.399648701854653
2.427715784228787
2.469274397538028
2.518198274386058
2.5548775994037705
2.602114569025245
2.6345811517820925
2.6603315723993752
2.701627498653819
2.7356174519917533
2.7931069063500638
2.8442514888745043
2.8938523709160164
2.945875533828952
2.974600111021369
3.007139132198139
3.025930139219775
3.047768332782646
3.0756688003944634
3.08459032720252
3.0951232649400273
3.1087838211324437
3.1131905105380535
3.1184113568029144
3.125207149493677
3.130009167114761
3.1334032975873445
3.141592653589793
4.557690115646871
16.910691200545255
95
0.
0.0006510416666666666
0.0013020833333333333
0.0026041666666666665
0.005208333333333333
0.010416666666666666
0.015625
0.020833333333333332
0.041666666666666664
0.0625
0.08333333333333333
0.125
0.16666666666666666
0.25
0.3333333333333333
0.375
0.41666666666666663
0.4583333333333333
0.5
0.5416666666666666
0.5833333333333333
0.625
0.6458333333333333
0.6666666666666666
0.6770833333333333
0.6875
0.6927083333333333
0.6953125
0.6979166666666666
0.69921875
0.7005208333333333
0.701171875
0.7018229166666666
0.7021484375
0.7024739583333333
0.7025553385416666
0.70263671875
0.7027180989583333
0.7027994791666666
0.70281982421875
0.7028401692708333
0.702880859375
0.7029215494791666
0.7029622395833333
0.7030436197916666
0.703125
0.7034505208333333
0.7037760416666666
0.7044270833333333
0.705078125
0.7057291666666666
0.7083333333333333
0.7109375
0.7135416666666666
0.71875
0.7291666666666666
0.7395833333333333
0.75
0.7708333333333333
0.7916666666666666
0.8333333333333333
0.875
0.8958333333333333
0.9166666666666666
0.9270833333333333
0.9322916666666666
0.9375
0.9401041666666666
0.9427083333333333
0.9453125
0.9466145833333333
0.9479166666666666
0.94921875
0.9505208333333333
0.953125
0.9557291666666666
0.9583333333333333
0.9635416666666666
0.96875
0.9791666666666666
0.984375
0.9895833333333333
0.9921875
0.9947916666666666
0.99609375
0.9973958333333333
0.9986979166666666
0.9990234375
0.9993489583333333
0.9996744791666666
0.9998372395833333
0.9999186197916666
0.9999593098958333
0.9999796549479166
1.
0.
0.009478770870268728
0.013410864499644742
0.01898243186951399
0.026892434009394037
0.038166606936241666
0.04691198140922688
0.05436560729873001
0.07803621025193697
0.09707223617962704
0.11393159201273209
0.14453566641751564
0.17359763040048784
0.2341777052313654
0.3103859610230397
0.36299003645705546
0.43408916670547243
0.523651911195331
0.6145383643454386
0.6989247577299681
0.7811516321899157
0.8692031761927002
0.9197792054867012
0.9803226705436825
1.017904183890873
1.0658641997337632
1.097817518378877
1.117846798371707
1.1429841360289545
1.158959597531881
1.1793175523604915
1.1925023544840176
1.2097444510993396
1.2213397290838879
1.2374705996368192
1.242944211527653
1.2495607457123215
1.2581777078780259
1.2715523960153121
1.2768275473084592
1.2842339598275532
1.3129067794259002
1.3286173421900038
1.337145371187176
1.348207774103977
1.3560048215492757
1.376080405597849
1.3893076347789128
1.4082080785523412
1.4223465927112258
1.4339445039148486
1.46808414701811
1.4928513143657527
1.51300829383962
1.5457332221482303
1.5958595005754912
1.6358592178854465
1.6704197978177342
1.7305221601152083
1.7841808100514827
1.8849651761914035
1.9910973452455325
2.0531724613847464
2.1307136777463356
2.1824285765168163
2.2153132889710174
2.2576241736993774
2.2854582324392876
2.322512935237882
2.3820102362274977
2.433598385530073
2.4971073213046044
2.54455121917832
2.578340085470361
2.6270129158048103
2.6637500329863033
2.6944358610141323
2.746182972712164
2.7911985804530266
2.874123592269961
2.916204407852983
2.962011762702451
2.9878262438891534
3.017396471816489
3.034597570488398
3.0546793653910234
3.0804446240125114
3.0887022058477847
3.098460678671887
3.111131712554884
3.120066383946224
3.126377129400261
3.1308365719970483
3.1339884130305644
3.141592653589793
4.65963755410246
16.83696209815617
107
0.
0.0006510416666666666
0.0013020833333333333
0.0026041666666666665
0.005208333333333333
0.010416666666666666
0.015625
0.020833333333333332
0.041666666666666664
0.0625
0.08333333333333333
0.125
0.16666666666666666
0.3333333333333333
0.375
0.41666666666666663
0.5
0.5416666666666666
0.5833333333333333
0.625
0.6458333333333333
0.6666666666666666
0.6770833333333333
0.6875
0.6927083333333333
0.6979166666666666
0.69921875
0.7005208333333333
0.7018229166666666
0.703125
0.7044270833333333
0.705078125
0.7054036458333333
0.70556640625
0.7057291666666666
0.7057698567708333
0.705810546875
0.7058512369791666
0.70587158203125
0.7058919270833333
0.7058970133463541
0.705902099609375
0.7059046427408854
0.7059071858723958
0.705908457438151
0.7059097290039062
0.7059110005696614
0.7059122721354166
0.705914815266927
0.7059173583984375
0.7059224446614583
0.7059275309244791
0.7059326171875
0.7059529622395833
0.7059733072916666
0.7060139973958333
0.7060546875
0.7061360677083333
0.7062174479166666
0.7063802083333333
0.7067057291666666
0.70703125
0.7076822916666666
0.7083333333333333
0.7096354166666666
0.7109375
0.7122395833333333
0.7135416666666666
0.71875
0.7291666666666666
0.7395833333333333
0.75
0.7708333333333333
0.7916666666666666
0.8333333333333333
0.8541666666666666
0.875
0.8958333333333333
0.90625
0.9166666666666666
0.921875
0.9270833333333333
0.9296875
0.9322916666666666
0.9348958333333333
0.9375
0.9401041666666666
0.9427083333333333
0.9453125
0.9479166666666666
0.9583333333333333
0.96875
0.9791666666666666
0.984375
0.9895833333333333
0.9921875
0.9947916666666666
0.99609375
0.9973958333333333
0.9986979166666666
0.9990234375
0.9993489583333333
0.9996744791666666
0.9998372395833333
0.9999186197916666
0.9999593098958333
1.
0.
0.009112621237136805
0.0128926994939683
0.01824864240040742
0.025851857036756944
0.03668683140776799
0.04508938828303602
0.052248953058667426
0.07497013685661519
0.09321880793373791
0.10935599311433347
0.1385647992289091
0.1661562061102712
0.29160625353645375
0.3364868067548477
0.39453120096364996
0.5583390918700025
0.64679276597794
0.7340368911782289
0.826370341272645
0.8785469580096928
0.9398390914825848
0.976967670733129
1.0227227147699434
1.0516155012046124
1.0887374598290063
1.1003072248129695
1.113412009118539
1.1287389915169959
1.1476563477299968
1.1737391520841185
1.1931811430908759
1.207093914108359
1.2164571971055675
1.2295250587515791
1.2339888561559633
1.2394314581612558
1.2466737828495622
1.251676961608669
1.2590175275681037
1.2617127348824588
1.2652651569673428
1.2676752044199322
1.2710677706362639
1.273658583234002
1.2786033447267153
1.2907644352097811
1.29455653154353
1.2986331801003441
1.3013098900737
1.3051099000039454
1.3079301763495235
1.310228162790486
1.316902183657827
1.3216548190102317
1.3286896720318797
1.3340497567642122
1.3422917129311638
1.3487292077853799
1.3588001076820577
1.3734622366847187
1.3845439458159199
1.4015486069651684
1.4148421068651011
1.43570732026597
1.4522983528385502
1.4663543792151261
1.4787022487477355
1.518139245245734
1.5747209220944853
1.6183317178866043
1.6554677395344135
1.719477614789203
1.7764545769371918
1.8842384211936045
1.9401212467141224
2.0013966483550507
2.07421770280402
2.1194143753245753
2.177239178010716
2.215745416015808
2.2691386938392957
2.3085813695332402
2.370753815441948
2.467813011499679
2.53842040998028
2.5842464995600887
2.6191968507392076
2.6482980873273823
2.6737741427833694
2.75716032922524
2.828051793683153
2.8973955702594765
2.9343908617664867
2.975568409375265
2.9990842845410093
3.0262292199299368
3.042101418330834
3.0606921216397436
3.084618681849626
3.0923010546149636
3.1013857398920632
3.1131906931768247
3.1215190640142363
3.127402649274372
3.1315608862022346
3.141592653589793
4.727602513072852
16.722055518870263
97
0.
0.0006510416666666666
0.0013020833333333333
0.0026041666666666665
0.005208333333333333
0.010416666666666666
0.015625
0.020833333333333332
0.041666666666666664
0.0625
0.08333333333333333
0.125
0.16666666666666666
0.3333333333333333
0.41666666666666663
0.4583333333333333
0.5
0.5416666666666666
0.5833333333333333
0.625
0.6458333333333333
0.6666666666666666
0.6770833333333333
0.6875
0.6927083333333333
0.6979166666666666
0.7005208333333333
0.703125
0.7057291666666666
0.7063802083333333
0.70703125
0.7076822916666666
0.7080078125
0.7083333333333333
0.70849609375
0.7086588541666666
0.7086995442708333
0.708740234375
0.7087809244791666
0.7088216145833333
0.7088419596354166
0.7088623046875
0.7089029947916666
0.7089436848958333
0.708984375
0.7091471354166666
0.7093098958333333
0.70947265625
0.7096354166666666
0.7102864583333333
0.7109375
0.7122395833333333
0.7135416666666666
0.7161458333333333
0.71875
0.7239583333333333
0.7291666666666666
0.7395833333333333
0.75
0.7708333333333333
0.7916666666666666
0.8333333333333333
0.8541666666666666
0.875
0.8854166666666666
0.8958333333333333
0.90625
0.9114583333333333
0.9166666666666666
0.9192708333333333
0.921875
0.9231770833333333
0.9244791666666666
0.92578125
0.9270833333333333
0.9296875
0.9322916666666666
0.9375
0.9427083333333333
0.9479166666666666
0.9583333333333333
0.96875
0.9791666666666666
0.984375
0.9895833333333333
0.9921875
0.9947916666666666
0.99609375
0.9973958333333333
0.9986979166666666
0.9990234375
0.9993489583333333
0.9996744791666666
0.9998372395833333
0.9999186197916666
0.9999593098958333
1.
0.
0.00887315968019091
0.012553833694150394
0.01776879957632289
0.025171501864224788
0.035719632036476136
0.043898518465700864
0.05086641860358744
0.07297042560714988
0.09070980231322728
0.106382520008568
0.13470306368831753
0.16137453652720474
0.28041103356593133
0.3731042568549842
0.44015831924651005
0.522328882385415
0.6108212814635444
0.7005598172775365
0.7955335331235679
0.8486991215873452
0.9103294052216468
0.9470057698979198
0.9911104982507244
1.0180107791830795
1.0508413313300156
1.0710435015005308
1.0957758513212235
1.129451567766803
1.1406725466687868
1.154080868679251
1.17126176921746
1.1824609232016354
1.1972300003503338
1.2072812209069412
1.2215431269705694
1.22650333072176
1.2326306730605499
1.2409418259837883
1.2552799856354317
1.2707022483698045
1.2871700434339435
1.302266110617085
1.3108090616955983
1.3170633874999065
1.3335262386515587
1.3444768717583897
1.353016224888398
1.360147301236603
1.3814417268964718
1.396955392763289
1.4202914837970286
1.438333530645008
1.4665214794328043
1.4889332272336306
1.5247648415162038
1.5538717565619145
1.601515853716664
1.641314529565771
1.7090898935937056
1.7690749235014795
1.8829800529434144
1.9429355905664276
2.010240382546123
2.0491707944652315
2.0945193337795103
2.151761319552923
2.189158841215768
2.2394112269897732
2.274632193623143
2.325587862017769
2.362502645369283
2.4084337670976503
2.453379858651637
2.4893585999435137
2.5410956687742456
2.5786812391127083
2.6350388174749164
2.67928809540693
2.7173805562267757
2.7843258837835982
2.846417059685863
2.9098035530305073
2.9443055934789837
2.983091671013539
3.005379171528662
3.031202039286228
3.046340263965507
3.0640983219139546
3.086990870801731
3.094347042365603
3.1030504248245214
3.1143631622501773
3.1223467119317667
3.127987562923957
3.1319743219993854
3.141592653589793
4.795567472043244
16.558215421693976
89
0.
0.0006510416666666666
0.0013020833333333333
0.0026041666666666665
0.005208333333333333
0.0078125
0.010416666666666666
0.020833333333333332
0.03125
0.041666666666666664
0.08333333333333333
0.125
0.16666666666666666
0.3333333333333333
0.41666666666666663
0.4583333333333333
0.5
0.5416666666666666
0.5833333333333333
0.625
0.6458333333333333
0.6666666666666666
0.6770833333333333
0.6875
0.6979166666666666
0.703125
0.7057291666666666
0.7083333333333333
0.7096354166666666
0.7109375
0.7112630208333333
0.7115885416666666
0.7119140625
0.7120768229166666
0.7122395833333333
0.7123209635416666
0.71240234375
0.7124837239583333
0.7125651041666666
0.7127278645833333
0.712890625
0.7132161458333333
0.7135416666666666
0.7141927083333333
0.71484375
0.7161458333333333
0.7174479166666666
0.71875
0.7239583333333333
0.7291666666666666
0.7395833333333333
0.75
0.7708333333333333
0.7916666666666666
0.8333333333333333
0.8541666666666666
0.875
0.8854166666666666
0.8958333333333333
0.9010416666666666
0.90625
0.9088541666666666
0.9114583333333333
0.9127604166666666
0.9140625
0.9166666666666666
0.9192708333333333
0.921875
0.9270833333333333
0.9322916666666666
0.9375
0.9479166666666666
0.9583333333333333
0.96875
0.9791666666666666
0.984375
0.9895833333333333
0.9921875
0.9947916666666666
0.99609375
0.9973958333333333
0.9986979166666666
0.9990234375
0.9993489583333333
0.9996744791666666
0.9998372395833333
0.9999186197916666
0.9999593098958333
1.
0.
0.00863806802924593
0.012221164021531571
0.017297761538134747
0.024503722995151276
0.03006133448155353
0.03477054849377982
0.04951049391355787
0.06106201283626815
0.07101148060217499
0.10347779143830414
0.13094427365991113
0.15674271274753337
0.27009653473930684
0.3546391855355636
0.41426515946012227
0.48925149491013575
0.5751859089688824
0.6660548872734794
0.763185609834954
0.8172342559298923
0.879126029583645
0.9153329863242136
0.9578882442532402
1.0125891355545726
1.049658219892017
1.0734209417361633
1.1043308297864416
1.1251041418299559
1.1542080228387026
1.1642169680152723
1.1764841837868694
1.1929246542399208
1.2043130134830504
1.2206821409626833
1.233134752625783
1.2522177351908375
1.2756395516820775
1.2919305590288686
1.3113616121786538
1.324020628105687
1.3416712259626051
1.3545798706239633
1.3739095192685835
1.3887412615248576
1.4116986548341102
1.4297579619238758
1.4449654106587397
1.4911606858994182
1.5257090651046548
1.579503185841823
1.623032063182743
1.695748088158474
1.7594805101216637
1.8808226369449117
1.9458446286008309
2.0211766839720973
2.066850626601581
2.123747476080527
2.160293287920946
2.208196610044896
2.2405604285836263
2.284983424293152
2.3156901048533913
2.355355493742353
2.4427250601338586
2.501581454766969
2.5422433691901656
2.6007281286460584
2.6452297417722503
2.682781999629815
2.7472261433043355
2.8049929165611993
2.8611509395178167
2.92008095745464
2.9526137946257283
2.9894567029147128
3.0107279286757445
3.035443649752308
3.0499621660811402
3.06701440788164
3.0890252032386654
3.0961031671889248
3.1044786004635765
3.1153696793244174
3.1230571604833504
3.1284889955036146
3.1323284240819107
3.141592653589793
4.8635324310136365
16.34922520739133
81
0.
0.0006510416666666666
0.0013020833333333333
0.0026041666666666665
0.005208333333333333
0.0078125
0.010416666666666666
0.020833333333333332
0.03125
0.041666666666666664
0.08333333333333333
0.125
0.16666666666666666
0.3333333333333333
0.41666666666666663
0.5
0.5416666666666666
0.5833333333333333
0.625
0.6458333333333333
0.6666666666666666
0.6875
0.6979166666666666
0.703125
0.7083333333333333
0.7109375
0.7135416666666666
0.7141927083333333
0.71484375
0.7154947916666666
0.7161458333333333
0.7164713541666666
0.716796875
0.7171223958333333
0.7174479166666666
0.7180989583333333
0.71875
0.7200520833333333
0.7213541666666666
0.7239583333333333
0.7291666666666666
0.734375
0.7395833333333333
0.75
0.7708333333333333
0.7916666666666666
0.8333333333333333
0.8541666666666666
0.875
0.8854166666666666
0.890625
0.8958333333333333
0.8984375
0.9010416666666666
0.9036458333333333
0.9049479166666666
0.90625
0.9075520833333333
0.9088541666666666
0.9114583333333333
0.9166666666666666
0.921875
0.9270833333333333
0.9375
0.9583333333333333
0.96875
0.9791666666666666
0.984375
0.9895833333333333
0.9921875
0.9947916666666666
0.99609375
0.9973958333333333
0.9986979166666666
0.9990234375
0.9993489583333333
0.9996744791666666
0.9998372395833333
0.9999186197916666
0.9999593098958333
1.
0.
0.008407696129121785
0.011895177079777716
0.01683621016906703
0.0238494667847178
0.02925814591892729
0.03384090915115345
0.04818303246929744
0.05941994756934871
0.06909580265868888
0.10064474573791735
0.12729071586179466
0.15226063375606652
0.2605397685708141
0.338482913107218
0.4598654516937268
0.5411516708564876
0.6313231305969081
0.7297504568749464
0.7844873103834984
0.846555411523102
0.9235171614452772
0.9743154581904115
1.0064448078286998
1.0478441914771421
1.075468304938852
1.1139439103851008
1.127107669866824
1.143171907639489
1.164481299634086
1.1988694507385296
1.231299141626366
1.2753939598901318
1.3034822404769555
1.3216706886528524
1.3464684779552056
1.3642927014494344
1.3906886948834325
1.4108176208592496
1.441914773775556
1.487142169836505
1.5217854254812238
1.5508730593690783
1.5997098255991506
1.6788898775239371
1.7472304805394063
1.8774633787858668
1.9487432877983377
2.034999112170678
2.0913851321883707
2.126895349462177
2.172225730876768
2.2017668056815385
2.2404402304557784
2.2984142689483176
2.3405702798539494
2.387711187939191
2.428058506618252
2.4594112621278477
2.5054940875283456
2.567783117023192
2.613300968962677
2.650886722803471
2.71399019179893
2.820990819170512
2.8729354974768304
2.928479077857297
2.9594577808839504
2.9947359626064105
3.0151773106478257
3.0389830066669496
3.0529872569807304
3.0694554074323523
3.090727083287273
3.097573418159419
3.1056765550427063
3.116213594615859
3.123654904463616
3.1289127198114937
3.1326285689120943
3.141592653589793
4.931497389984028
16.099335249284145
81
0.
0.0006510416666666666
0.0013020833333333333
0.0026041666666666665
0.005208333333333333
0.0078125
0.010416666666666666
0.020833333333333332
0.03125
0.041666666666666664
0.08333333333333333
0.125
0.16666666666666666
0.3333333333333333
0.41666666666666663
0.5
0.5833333333333333
0.625
0.6458333333333333
0.6666666666666666
0.6875
0.6979166666666666
0.703125
0.7083333333333333
0.7135416666666666
0.71484375
0.7161458333333333
0.7174479166666666
0.71875
0.7200520833333333
0.720703125
0.7213541666666666
0.7220052083333333
0.72265625
0.7239583333333333
0.7252604166666666
0.7265625
0.7278645833333333
0.7291666666666666
0.734375
0.7395833333333333
0.75
0.7708333333333333
0.7916666666666666
0.8333333333333333
0.8541666666666666
0.8645833333333333
0.875
0.8802083333333333
0.8854166666666666
0.8880208333333333
0.890625
0.8932291666666666
0.89453125
0.8958333333333333
0.8971354166666666
0.8984375
0.9010416666666666
0.9036458333333333
0.90625
0.9114583333333333
0.9166666666666666
0.9270833333333333
0.9375
0.9583333333333333
0.96875
0.9791666666666666
0.984375
0.9895833333333333
0.9921875
0.9947916666666666
0.9973958333333333
0.998046875
0.9986979166666666
0.9993489583333333
0.99951171875
0.9996744791666666
0.9998372395833333
0.9999186197916666
0.9999593098958333
1.
0.
0.008182222721336941
0.011576134188486523
0.016384517968068887
0.02320925976244147
0.028472307505827486
0.032931456313633645
0.04688501637943709
0.057815117842297516
0.06722456579742542
0.0978843003426881
0.1237420410227022
0.14792502775370683
0.2516383844465603
0.3241474726081388
0.4341979553940398
0.5973187966157898
0.6958038682411588
0.7509017539147148
0.8129953028028871
0.8883842640999968
0.9361853440755645
0.9650151571352543
0.9996347739390791
1.0451656999449745
1.0597287216997326
1.0765322838210394
1.0967308755555205
1.1228008518258061
1.1619833912269757
1.1944513497233422
1.245243146737667
1.2901483077438558
1.3184287886835357
1.3548039583054667
1.3800098706217758
1.3999108321284288
1.4166565622835734
1.4312858107374145
1.4776086725421986
1.5133649413714896
1.5700968863231202
1.6578366343772297
1.7318116099873964
1.8725243324358765
1.9514832503466584
1.9976890796823052
2.053176959599118
2.0872585420465586
2.1293964636556253
2.1557429278583577
2.188489009350813
2.233478334536203
2.2650379097028726
2.3072779139686537
2.358066161458934
2.4023986794162515
2.4618996530932815
2.5017843169143634
2.5326313829842957
2.5807903934743206
2.6193385403560585
2.6824040312514534
2.736081051857416
2.8333634822914187
2.882239772092254
2.9352031928342566
2.964967042933025
2.999005050256477
3.0187833716361734
3.0418562315105224
3.0714391447219356
3.0809160977139394
3.092113571290618
3.106651082391695
3.111341692919973
3.1169005182743814
3.124139537891145
3.129254861693418
3.132870227527523
3.141592653589793
5.033444828439617
15.65792662236204
75
0.
0.0006510416666666666
0.0013020833333333333
0.0026041666666666665
0.005208333333333333
0.010416666666666666
0.020833333333333332
0.03125
0.041666666666666664
0.08333333333333333
0.125
0.16666666666666666
0.3333333333333333
0.41666666666666663
0.5
0.5833333333333333
0.625
0.6666666666666666
0.6875
0.6979166666666666
0.7083333333333333
0.7135416666666666
0.71875
0.7213541666666666
0.7239583333333333
0.7265625
0.7278645833333333
0.7291666666666666
0.73046875
0.7317708333333333
0.734375
0.7369791666666666
0.7395833333333333
0.7447916666666666
0.75
0.7604166666666666
0.7708333333333333
0.7916666666666666
0.8333333333333333
0.84375
0.8541666666666666
0.8645833333333333
0.8697916666666666
0.875
0.8776041666666666
0.8802083333333333
0.8828125
0.8841145833333333
0.8854166666666666
0.88671875
0.8880208333333333
0.890625
0.8932291666666666
0.8958333333333333
0.9010416666666666
0.90625
0.9166666666666666
0.9375
0.9583333333333333
0.96875
0.9791666666666666
0.984375
0.9895833333333333
0.9921875
0.9947916666666666
0.9973958333333333
0.998046875
0.9986979166666666
0.9993489583333333
0.99951171875
0.9996744791666666
0.9998372395833333
0.9999186197916666
0.9999593098958333
1.
0.
0.00785337823482619
0.011110837571705582
0.015725804813148895
0.022275744682949985
0.03160568547049915
0.044993873615999304
0.05547832603183886
0.06450154461961256
0.09387863366832032
0.11861082856564419
0.1416845343054166
0.23933020193098872
0.30528659996541224
0.4017592444188642
0.5496417394759329
0.64547657371972
0.761783023476577
0.8350382254805578
0.8795408392174935
0.9342067670669382
0.9684181758857574
1.0115343638109433
1.0391476745341643
1.0746154686105733
1.127214793336338
1.1688650915871037
1.2276737883639517
1.2816454894758047
1.3188067967709196
1.368122757320716
1.4027443280738516
1.4302819402137454
1.4741314154358665
1.5096185286584254
1.5677014169645636
1.6165320651646533
1.7014284372396034
1.8610802669918642
1.9052928035336267
1.9547519529052026
2.0140689597956056
2.0507294225758255
2.0967840734593026
2.1263929062414832
2.164886025999901
2.224047032139422
2.2729288382496464
2.3352818321439344
2.383539869052801
2.4169177112355236
2.4630699345012435
2.496481048192279
2.5234712493346896
2.5670063783069623
2.602644930451059
2.661697054833437
2.758259372671716
2.846493885487061
2.8922480861295154
2.94250056232713
2.9709653449287448
3.003665065288575
3.022723264951291
3.044997956138153
3.0736089123061396
3.0827852351227096
3.0936317588099036
3.1077182603439075
3.11226478556874
3.1176534619039997
3.124669888104644
3.129628129038769
3.1331330800211794
3.141592653589793
5.135392266895204
15.151168901126683
76
0.
0.0006510416666666666
0.0013020833333333333
0.0026041666666666665
0.005208333333333333
0.010416666666666666
0.020833333333333332
0.03125
0.041666666666666664
0.08333333333333333
0.125
0.16666666666666666
0.3333333333333333
0.41666666666666663
0.5
0.5833333333333333
0.625
0.6666666666666666
0.6875
0.6979166666666666
0.7083333333333333
0.71875
0.7239583333333333
0.7291666666666666
0.734375
0.7369791666666666
0.7395833333333333
0.7421875
0.7447916666666666
0.75
0.7552083333333333
0.7604166666666666
0.7708333333333333
0.7916666666666666
0.8125
0.8333333333333333
0.84375
0.8541666666666666
0.859375
0.8645833333333333
0.8671875
0.8697916666666666
0.8723958333333333
0.873046875
0.8736979166666666
0.8743489583333333
0.875
0.8756510416666666
0.8763020833333333
0.8776041666666666
0.87890625
0.8802083333333333
0.8828125
0.8854166666666666
0.890625
0.8958333333333333
0.90625
0.9166666666666666
0.9375
0.9583333333333333
0.96875
0.9791666666666666
0.984375
0.9895833333333333
0.9921875
0.9947916666666666
0.9973958333333333
0.998046875
0.9986979166666666
0.9993489583333333
0.99951171875
0.9996744791666666
0.9998372395833333
0.9999186197916666
0.9999593098958333
1.
0.
0.007535780158982404
0.010661468014334395
0.015089682118810403
0.021374380566976308
0.030325926055917548
0.043169421044792496
0.053225319321850297
0.06187784093656046
0.09003050944912903
0.11369980834118155
0.13574012700345847
0.22806872995211705
0.2888441526719296
0.37502698164817816
0.5076475008410193
0.5980174253171644
0.7110901055103054
0.7820357069169153
0.8240629411282528
0.8734850855334693
0.9360662510117774
0.9767630092392435
1.030653535811341
1.117210206274406
1.1892828496046872
1.2659373235780436
1.3207330206890193
1.3605133194792005
1.4185591986757178
1.4624963549328966
1.4990722709017443
1.560203281572565
1.6602490521961704
1.7502152863248461
1.8428843993959
1.8948248892845476
1.9555826689915912
1.9922045381455238
2.0369520713054676
2.064780309625945
2.0995193268286583
2.149011223524926
2.166339804221597
2.1877391260756593
2.215922342692851
2.2549987391987596
2.2998262832003094
2.334816754608841
2.3797451237416913
2.4096686872175943
2.4327119331979254
2.4683027390159555
2.4962589959940793
2.5405098553288754
2.576244468426211
2.634788741360096
2.6842085843729078
2.7711164713497007
2.8542491157069514
2.8981603632624457
2.9467977720639142
2.9744885242697627
3.0063940402847864
3.0250267065528864
3.046832215262969
3.074874391638384
3.0838739917839484
3.094515404696097
3.1083393494640457
3.1128016596312182
3.118091090979487
3.124980181420737
3.1298486788551756
3.133289816454112
3.141592653589793
5.271322184835989
14.402102641348206
74
0.
0.0006510416666666666
0.0013020833333333333
0.0026041666666666665
0.005208333333333333
0.010416666666666666
0.020833333333333332
0.03125
0.041666666666666664
0.08333333333333333
0.125
0.16666666666666666
0.25
0.3333333333333333
0.41666666666666663
0.5
0.5833333333333333
0.625
0.6666666666666666
0.6875
0.7083333333333333
0.71875
0.7291666666666666
0.7395833333333333
0.7447916666666666
0.75
0.7552083333333333
0.7604166666666666
0.7708333333333333
0.78125
0.7916666666666666
0.8125
0.8333333333333333
0.84375
0.8489583333333333
0.8541666666666666
0.859375
0.8619791666666666
0.86328125
0.8645833333333333
0.865234375
0.8658854166666666
0.8662109375
0.8665364583333333
0.8668619791666666
0.8671875
0.8678385416666666
0.8684895833333333
0.8697916666666666
0.87109375
0.8723958333333333
0.875
0.8802083333333333
0.8854166666666666
0.8958333333333333
0.9166666666666666
0.9375
0.9583333333333333
0.96875
0.9791666666666666
0.984375
0.9895833333333333
0.9921875
0.9947916666666666
0.9973958333333333
0.998046875
0.9986979166666666
0.9993489583333333
0.99951171875
0.9996744791666666
0.9998372395833333
0.9999186197916666
0.9999593098958333
1.
0.
0.007129608432900637
0.01008679470890164
0.014276236946723355
0.020221895312761348
0.028690077003480082
0.04083861974936535
0.050348736281216236
0.05853005516904686
0.08513434163773247
0.10747342624109302
0.12823745507989046
0.1692978097724155
0.2143710083029326
0.2696846498510832
0.3456984846382144
0.46098143736159886
0.5420902554363253
0.6474207397788713
0.7142793014811835
0.7980124474108223
0.8509882552806851
0.9182015693785661
1.0163748066175358
1.0927203969496337
1.196432496249631
1.2903321012410942
1.3576717137224397
1.4521579538141323
1.5232424203932298
1.583919860222541
1.6930380309546058
1.8035800800019288
1.8671572289070273
1.903921757344304
1.9468823290442312
2.001906260753554
2.0391978869867478
2.063153679391257
2.094391807292193
2.115393427814111
2.144509354093255
2.1657577095680765
2.198108958412414
2.246768109201426
2.283069059196312
2.3223789552066267
2.3468169176756306
2.3803446018845307
2.404751684309791
2.424514002232232
2.456298976825834
2.5041611084202056
2.5415993146714633
2.6016109130637135
2.695809870709015
2.7772335694508707
2.8574765389343875
2.9004211860618554
2.9482874853292933
2.9756448764546772
3.007237958424457
3.025716987562883
3.04736412705738
3.0752282721622506
3.0841772861135013
3.0947596208874133
3.1085083067179755
3.112948801282774
3.1182128138522547
3.125067754809352
3.1299113512603722
3.1333345059831226
3.141592653589793
5.407252102776773
13.602382281793401
85
0.
0.0013020833333333333
0.0026041666666666665
0.005208333333333333
0.010416666666666666
0.020833333333333332
0.03125
0.041666666666666664
0.08333333333333333
0.125
0.16666666666666666
0.25
0.3333333333333333
0.41666666666666663
0.5
0.5833333333333333
0.625
0.6666666666666666
0.6875
0.7083333333333333
0.7291666666666666
0.7395833333333333
0.75
0.7552083333333333
0.7604166666666666
0.765625
0.7708333333333333
0.78125
0.7916666666666666
0.8125
0.8333333333333333
0.84375
0.8489583333333333
0.8541666666666666
0.8567708333333333
0.859375
0.8606770833333333
0.861328125
0.8619791666666666
0.8623046875
0.8626302083333333
0.86279296875
0.8629557291666666
0.863037109375
0.8630777994791666
0.8631184895833333
0.8631591796875
0.8631795247395833
0.8631998697916666
0.8632405598958333
0.86328125
0.8633626302083333
0.8634440104166666
0.8636067708333333
0.86376953125
0.8639322916666666
0.8645833333333333
0.865234375
0.8658854166666666
0.8671875
0.8684895833333333
0.8697916666666666
0.875
0.8802083333333333
0.8854166666666666
0.8958333333333333
0.9166666666666666
0.9375
0.9583333333333333
0.96875
0.9791666666666666
0.984375
0.9895833333333333
0.9921875
0.9947916666666666
0.9973958333333333
0.998046875
0.9986979166666666
0.9993489583333333
0.99951171875
0.9996744791666666
0.9998372395833333
0.9999186197916666
0.9999593098958333
1.
0.
0.009539743624204278
0.013501932916218642
0.0191250049690805
0.027133508028795182
0.03862190105008623
0.04761438491413288
0.055349569323789975
0.08049471243222002
0.10159204436848418
0.1211789208122732
0.15979850543682683
0.20189333029921291
0.25285936273747694
0.32135951459890094
0.423239499616735
0.4953803915473535
0.591007536862699
0.6525535576439224
0.7290994544620569
0.8320630633665637
0.9027076802376061
1.000182916821849
1.065898412636932
1.1436130619124205
1.2222159970867847
1.2903126439567838
1.395508256136367
1.4769813871567956
1.6119308608383152
1.741649004739302
1.8158498156296998
1.8595274915991704
1.9124649222980674
1.9455881143841758
1.988120004577346
2.016665203737888
2.0346928408721325
2.0575615658198876
2.0723247199307933
2.091592187293565
2.1045308031413725
2.122484397370156
2.135820594075428
2.1451277736979066
2.158601379543604
2.1834611094959997
2.199336708659584
2.21076516874934
2.2251934134915654
2.234793954245274
2.2482315960631287
2.2580417259674395
2.2726588024423653
2.283801672769906
2.2929916743896084
2.3200121926596218
2.339434748656564
2.3550757634370565
2.380096237640246
2.4002369512193193
2.4174105022821157
2.4703102971100335
2.510333621866882
2.5437952782181403
2.599923606125531
2.691564820557619
2.772590481480633
2.8532884451037948
2.8966857541476654
2.945170506276064
2.972921940173038
3.0049980815592723
3.0237704228119324
3.0457693881556285
3.074097598997607
3.0831963972157834
3.0939578127091423
3.1079418487880157
3.112457065737289
3.1178092985807755
3.124779237976757
3.1297052592550267
3.133187731985482
3.141592653589793
5.543182020717557
12.783210334904393
92
0.
0.0013020833333333333
0.0026041666666666665
0.005208333333333333
0.010416666666666666
0.020833333333333332
0.03125
0.041666666666666664
0.08333333333333333
0.125
0.16666666666666666
0.25
0.3333333333333333
0.41666666666666663
0.5
0.5833333333333333
0.625
0.6666666666666666
0.7083333333333333
0.7291666666666666
0.75
0.7604166666666666
0.7708333333333333
0.78125
0.7916666666666666
0.8125
0.8333333333333333
0.84375
0.8489583333333333
0.8541666666666666
0.8567708333333333
0.859375
0.8606770833333333
0.8619791666666666
0.8623046875
0.8626302083333333
0.8629557291666666
0.86328125
0.8636067708333333
0.8636881510416666
0.86376953125
0.8638509114583333
0.8638916015625
0.8639119466145833
0.8639322916666666
0.8639424641927083
0.8639475504557291
0.86395263671875
0.8639577229817708
0.8639602661132812
0.8639628092447916
0.8639678955078125
0.8639729817708333
0.863983154296875
0.8639933268229166
0.864013671875
0.8640543619791666
0.8640950520833333
0.8641764322916666
0.8642578125
0.8644205729166666
0.8645833333333333
0.8649088541666666
0.865234375
0.8658854166666666
0.8665364583333333
0.8671875
0.8697916666666666
0.8723958333333333
0.875
0.8802083333333333
0.8854166666666666
0.8958333333333333
0.9166666666666666
0.9375
0.9583333333333333
0.96875
0.9791666666666666
0.984375
0.9895833333333333
0.9921875
0.9947916666666666
0.9973958333333333
0.998046875
0.9986979166666666
0.9993489583333333
0.99951171875
0.9996744791666666
0.9998372395833333
0.9999186197916666
0.9999593098958333
1.
0.
0.00902006827207671
0.012766410189909271
0.018083140959200873
0.025655298590808957
0.0365175592905102
0.045019686297574475
0.05233278424931514
0.07610229449097686
0.09603724712987997
0.11453223037931275
0.15093101810867912
0.19041746626209183
0.23778534453957334
0.30045941034487744
0.3920480017753468
0.4566042072853451
0.5426741637777238
0.6676587371481223
0.7583948254002937
0.8892479774990039
0.9829498875395545
1.102742385680229
1.2289673277873445
1.3361770837428457
1.5045626494736841
1.6543831568880365
1.7362398822387761
1.7832238478307363
1.838771495724589
1.872504172736168
1.9140777258838404
1.940308261584036
1.973972582814686
1.9844611378196375
1.9963391511645332
2.01024216445246
2.0274421474908926
2.051325396164728
2.059490434700316
2.069475476150862
2.0828964192111403
2.0923905049402562
2.0986736101500725
2.1071468217042586
2.1131266947320353
2.1170574564276934
2.1222840704756587
2.130946994697738
2.140568069061779
2.1546549753461797
2.1655132699065076
2.1712644001697727
2.1787427492152585
2.184023355719876
2.1917716064174453
2.202443893016524
2.21023508492359
2.221900566228067
2.230845458032517
2.2446471930896283
2.2554415329727875
2.2723289874950705
2.285675307000441
2.306714560195663
2.323453258458477
2.3376054465071654
2.3806140455445317
2.4125600177217024
2.4388355392592334
2.481884118562042
2.51751731655229
2.576845500357348
2.6730303674430242
2.7576913527561318
2.8418060340362614
2.886985562300989
2.9374287759624944
2.9662890551638146
2.9996380835513
3.019151748962652
3.0420174577155374
3.0714576408849164
3.080913564636458
3.0920955971478383
3.106626502048093
3.1113183722956865
3.1168794847239556
3.1241220964748337
3.129241223726743
3.1328599327725093
3.141592653589793
5.679111938658341
11.969017335065043
73
0.
0.0013020833333333333
0.0026041666666666665
0.005208333333333333
0.010416666666666666
0.015625
0.020833333333333332
0.041666666666666664
0.0625
0.08333333333333333
0.16666666666666666
0.25
0.3333333333333333
0.41666666666666663
0.5
0.5833333333333333
0.625
0.6666666666666666
0.7083333333333333
0.7291666666666666
0.75
0.7604166666666666
0.7708333333333333
0.7916666666666666
0.8020833333333333
0.8125
0.8333333333333333
0.84375
0.8489583333333333
0.8541666666666666
0.859375
0.8619791666666666
0.8645833333333333
0.865234375
0.8658854166666666
0.8665364583333333
0.8671875
0.8675130208333333
0.8678385416666666
0.8680013020833333
0.8681640625
0.8683268229166666
0.8684895833333333
0.8688151041666666
0.869140625
0.8694661458333333
0.8697916666666666
0.87109375
0.8723958333333333
0.875
0.8802083333333333
0.8854166666666666
0.8958333333333333
0.90625
0.9166666666666666
0.9375
0.9583333333333333
0.96875
0.9791666666666666
0.984375
0.9895833333333333
0.9921875
0.9947916666666666
0.99609375
0.9973958333333333
0.9986979166666666
0.9990234375
0.9993489583333333
0.9996744791666666
0.9998372395833333
0.9999186197916666
0.9999593098958333
1.
0.
0.00852759745185983
0.012069415834989597
0.017095916156731592
0.024254807532570942
0.029801953257917693
0.03452442172062127
0.04947716860820611
0.061433499784080074
0.07195045155479557
0.1082745182373425
0.1426355111228104
0.1797961693375737
0.22409100582457925
0.2820455543052641
0.36552307641034826
0.4238845004001216
0.5015024391848255
0.6138697076753138
0.694197027761615
0.8042395359491553
0.8766245002130767
0.9648396401363436
1.1780693148815253
1.2809154690810989
1.3738715986902479
1.543982689209535
1.6315035670828355
1.6793835523468885
1.7329039629232519
1.7972330116033521
1.8374117162744275
1.88933370058687
1.9057998047078613
1.9247797228838337
1.9476821052765552
1.9777850744130434
1.9982858469186369
2.027426195584678
2.049717587899687
2.086518836334989
2.135137862602317
2.1643767737050132
2.1972521214058625
2.2184413742863867
2.23462971261206
2.2479713093339253
2.287122266770252
2.3152167329689677
2.3571215811077306
2.416407748613827
2.461157834781956
2.5313519081949725
2.588735978064687
2.639540360841185
2.73202546250117
2.8226410124103922
2.870992503616419
2.9247995069921826
2.955521655938671
2.9909758572723786
3.0117057664320357
3.035978181466761
3.0503179061052825
3.067220432655556
3.089106513358023
3.0961615810811223
3.104517360499391
3.1153895337680977
3.123070031933656
3.1284980693920064
3.132334826539424
3.141592653589793
5.815041856599126
11.177236370778434
64
0.
0.0013020833333333333
0.0026041666666666665
0.005208333333333333
0.010416666666666666
0.020833333333333332
0.03125
0.041666666666666664
0.08333333333333333
0.125
0.16666666666666666
0.3333333333333333
0.41666666666666663
0.5
0.5833333333333333
0.625
0.6666666666666666
0.7083333333333333
0.75
0.7708333333333333
0.7916666666666666
0.8125
0.8333333333333333
0.84375
0.8541666666666666
0.859375
0.8645833333333333
0.8671875
0.8697916666666666
0.87109375
0.8723958333333333
0.8736979166666666
0.8740234375
0.8743489583333333
0.875
0.8756510416666666
0.8763020833333333
0.8776041666666666
0.87890625
0.8802083333333333
0.8828125
0.8854166666666666
0.890625
0.8958333333333333
0.90625
0.9166666666666666
0.9375
0.9583333333333333
0.96875
0.9791666666666666
0.984375
0.9895833333333333
0.9921875
0.9947916666666666
0.99609375
0.9973958333333333
0.9986979166666666
0.9990234375
0.9993489583333333
0.9996744791666666
0.9998372395833333
0.9999186197916666
0.9999593098958333
1.
0.
0.008061994085843967
0.011410463458243123
0.016162624271134324
0.022930954767675427
0.032640763723111636
0.040241462618782545
0.046779652426311706
0.068032701989251
0.0858567496023264
0.10238717848052069
0.16992673169641673
0.21153204139968135
0.26551994212453117
0.3423735201505458
0.3956284559463149
0.4660130065049262
0.5669675283482092
0.7329016330937225
0.8635768236123845
1.0381781242365917
1.2325672934940972
1.4169125268240186
1.509053055693218
1.6091300283875274
1.6664055967409772
1.7340701424082616
1.7751783947825144
1.8258358046820033
1.8576788060075675
1.8979759764843749
1.9568308849901663
1.9778021359396865
2.003485849377198
2.071434870994466
2.1319632656834284
2.17124505906041
2.2217051206799043
2.256379292158562
2.283570633068108
2.326145205553313
2.3599017477430113
2.4136378847122946
2.4571593288834133
2.5285082849223715
2.5886875378374583
2.694286364785908
2.795000298101905
2.848091970045556
2.906826156246617
2.9402367040704935
2.9787117926240168
3.0011722037066413
3.0274493333276027
3.042959588387025
3.061233975378103
3.0848934802510146
3.092515822518629
3.101543412654278
3.113288628291408
3.121584218034175
3.127447274548578
3.13159171974115
3.141592653589793
5.95097177453991
10.419021700798517
59
0.
0.0013020833333333333
0.0026041666666666665
0.005208333333333333
0.010416666666666666
0.020833333333333332
0.03125
0.041666666666666664
0.08333333333333333
0.125
0.16666666666666666
0.3333333333333333
0.41666666666666663
0.5
0.5833333333333333
0.625
0.6666666666666666
0.7083333333333333
0.75
0.7708333333333333
0.7916666666666666
0.8125
0.8333333333333333
0.84375
0.8541666666666666
0.8645833333333333
0.8697916666666666
0.875
0.8776041666666666
0.8802083333333333
0.8815104166666666
0.8828125
0.8841145833333333
0.8854166666666666
0.8880208333333333
0.890625
0.8958333333333333
0.9010416666666666
0.90625
0.9166666666666666
0.9375
0.9583333333333333
0.96875
0.9791666666666666
0.984375
0.9895833333333333
0.9921875
0.9947916666666666
0.99609375
0.9973958333333333
0.9986979166666666
0.9990234375
0.9993489583333333
0.9996744791666666
0.9998372395833333
0.9999186197916666
0.9999593098958333
0.9999796549479166
1.
0.
0.007622570038120832
0.01078857384965113
0.015281860019466359
0.02168171640651652
0.03086356615804387
0.03805166771364422
0.04423550164804304
0.06434075486941421
0.08120690782435086
0.0968516150642795
0.16073051083822365
0.19993746433721657
0.2504909606861902
0.3217442050054527
0.3706842889711841
0.4348599084917646
0.525759429530769
0.6712264187234566
0.7814610605821222
0.9259580117812579
1.0992462058670098
1.2833410800698881
1.377511069167849
1.4767469145853762
1.5892785685757105
1.6567407793065032
1.741250186318098
1.7968453205522616
1.8731736785144513
1.9275591300769337
1.9999811648414418
2.0768513102810546
2.135354028322115
2.2117851599503653
2.263541620871115
2.337404556248075
2.392895706482397
2.4390037976253423
2.5160301151589337
2.6424319163128898
2.7577718629390757
2.8174575456121134
2.882915758638267
2.9199537956849966
2.9624722832049097
2.9872406096187794
3.0161794639636224
3.033242741992003
3.0533365867704085
3.0793349318896475
3.08770623302717
3.0976205901390923
3.110523390615386
3.119635169251464
3.1260722551191575
3.130621013598312
3.1338360003870225
3.141592653589793
6.154866651451086
9.357007380865172
54
0.
0.0026041666666666665
0.005208333333333333
0.010416666666666666
0.020833333333333332
0.03125
0.041666666666666664
0.08333333333333333
0.125
0.16666666666666666
0.3333333333333333
0.5
0.5833333333333333
0.625
0.6666666666666666
0.7083333333333333
0.75
0.7916666666666666
0.8125
0.8333333333333333
0.8541666666666666
0.8645833333333333
0.875
0.8802083333333333
0.8854166666666666
0.890625
0.8932291666666666
0.8958333333333333
0.8984375
0.9010416666666666
0.90625
0.9114583333333333
0.9166666666666666
0.9270833333333333
0.9375
0.9583333333333333
0.96875
0.9791666666666666
0.984375
0.9895833333333333
0.9921875
0.9947916666666666
0.99609375
0.9973958333333333
0.998046875
0.9986979166666666
0.9993489583333333
0.99951171875
0.9996744791666666
0.9998372395833333
0.9999186197916666
0.9999593098958333
0.9999796549479166
1.
0.
0.009921717635107408
0.014054201202963192
0.019940582324197285
0.028386961853471084
0.03500057906418966
0.04069127117539021
0.05920136810581087
0.07473990235651637
0.08916119884622851
0.14805273797678908
0.23017504590202104
0.29431828093665335
0.3378064663554565
0.3941004674176474
0.47216657254306654
0.5924188768455558
0.7931656566136327
0.9322468446401463
1.094325016270024
1.2773365104318448
1.379984809690103
1.4977250402076403
1.5672253255690234
1.6502219503338176
1.759255462283199
1.831864535716065
1.9209197635320345
2.0149138681717913
2.0940755063531906
2.2060605054319797
2.284770455359279
2.347238822020887
2.447723785962899
2.5316600036961194
2.680911945314593
2.754869814331067
2.834457909242893
2.8789861114571353
2.929771778311586
2.9592257387546574
2.993545558701473
3.013741925514552
3.037496348366289
3.051566698944571
3.068188461742253
3.089759808342621
3.0967187555592433
3.1049660604101676
3.115705447733691
3.123293476778149
3.128656098595041
3.1324465849351584
3.141592653589793
6.358761528362263
8.389824624061921
49
0.
0.0026041666666666665
0.005208333333333333
0.010416666666666666
0.020833333333333332
0.03125
0.041666666666666664
0.08333333333333333
0.125
0.16666666666666666
0.3333333333333333
0.5
0.5833333333333333
0.6666666666666666
0.7083333333333333
0.75
0.7916666666666666
0.8333333333333333
0.8541666666666666
0.875
0.8854166666666666
0.8958333333333333
0.9010416666666666
0.90625
0.9114583333333333
0.9166666666666666
0.9270833333333333
0.9375
0.9479166666666666
0.9583333333333333
0.96875
0.9791666666666666
0.984375
0.9895833333333333
0.9921875
0.9947916666666666
0.99609375
0.9973958333333333
0.998046875
0.9986979166666666
0.9993489583333333
0.99951171875
0.9996744791666666
0.9998372395833333
0.9999186197916666
0.9999593098958333
0.9999796549479166
0.9999898274739583
1.
0.
0.009127691964602945
0.012929716854301257
0.018345864667497054
0.02611887531859049
0.03220670244836503
0.037446226067774036
0.05449845108708161
0.06882611481684679
0.08213441937222588
0.13653426581285621
0.21197110155734014
0.2700418362900775
0.3585597611263825
0.4259504483737785
0.5261282842013126
0.687566287347436
0.9346189960352103
1.0945739262232417
1.2886550532791996
1.4075694369313523
1.556764007216175
1.652780481356081
1.772876183379846
1.9150420785159663
2.0475222107675526
2.2355336837063464
2.367408422141258
2.475728870429201
2.5737435305984997
2.669063916255995
2.768844054045002
2.8237928308103126
2.8859108549607524
2.9217276525963256
2.9633069411796296
2.9877138172079336
3.0163699406707356
3.033325642607126
3.0533383167862267
3.0792894971909743
3.087658280408622
3.0975734158519352
3.1104790051980493
3.1195964080415033
3.1260410826686296
3.1305970934494076
3.1338181487911445
3.141592653589793
6.630621364243831
7.240248241303943
49
0.
0.0026041666666666665
0.005208333333333333
0.010416666666666666
0.020833333333333332
0.03125
0.041666666666666664
0.08333333333333333
0.125
0.16666666666666666
0.3333333333333333
0.5
0.5833333333333333
0.6666666666666666
0.7083333333333333
0.75
0.7916666666666666
0.8333333333333333
0.8541666666666666
0.875
0.8958333333333333
0.90625
0.9166666666666666
0.921875
0.9270833333333333
0.9322916666666666
0.9375
0.9479166666666666
0.9583333333333333
0.96875
0.9791666666666666
0.984375
0.9895833333333333
0.9921875
0.9947916666666666
0.99609375
0.9973958333333333
0.998046875
0.9986979166666666
0.9990234375
0.9993489583333333
0.9996744791666666
0.999755859375
0.9998372395833333
0.9999186197916666
0.9999593098958333
0.9999796549479166
0.9999898274739583
1.
0.
0.00816881509837103
0.011571783442623298
0.016420108278502935
0.023380066569369563
0.02883311843394413
0.033528028853017276
0.048821094360292465
0.06168883852224765
0.07365667931157921
0.12267183512279932
0.19021924576393803
0.2412668415240534
0.3170442316578505
0.372783030091544
0.4522364770703574
0.5750754610249931
0.7652076309362716
0.8923623789987166
1.0501187792440039
1.2569119164373261
1.3921256731889098
1.5654516247046888
1.6721066916160627
1.7908132652806845
1.9121236115010547
2.024944743412496
2.214257093401849
2.3699384382903994
2.5104701410376387
2.6500538602791543
2.7246963257957617
2.8077338731080626
2.855111632538277
2.909756150500952
2.9416875427987805
2.979070902723562
3.0011442963905193
3.0271551012860325
3.0425903927793305
3.060841775540246
3.0845520081769746
3.0922071336208123
3.1012800278018537
3.1130948692111766
3.121445300417371
3.127348133854009
3.131521161756678
3.141592653589793
6.9024812001254
6.23190264116555
47
0.
0.0026041666666666665
0.005208333333333333
0.010416666666666666
0.020833333333333332
0.041666666666666664
0.08333333333333333
0.125
0.16666666666666666
0.3333333333333333
0.5
0.5833333333333333
0.6666666666666666
0.7083333333333333
0.75
0.7916666666666666
0.8333333333333333
0.8541666666666666
0.875
0.8958333333333333
0.9166666666666666
0.9270833333333333
0.9375
0.9479166666666666
0.9583333333333333
0.96875
0.9791666666666666
0.984375
0.9895833333333333
0.9921875
0.9947916666666666
0.99609375
0.9973958333333333
0.998046875
0.9986979166666666
0.9990234375
0.9993489583333333
0.99951171875
0.9996744791666666
0.9998372395833333
0.9998779296875
0.9999186197916666
0.9999593098958333
0.9999796549479166
0.9999898274739583
0.9999949137369791
1.
0.
0.007308585799876963
0.010353535282522636
0.014692397540094585
0.02092278276813745
0.030012190703650753
0.0437256111432761
0.05528165391996852
0.06604451924627083
0.11021727174964986
0.1707268444048458
0.21565219681122338
0.280711499701244
0.3271292425654569
0.39102526510964053
0.48613281815219334
0.6334509137261759
0.7339496873147994
0.8594905321977515
1.0234587220362077
1.254620537806124
1.4132257498545369
1.6137241033643885
1.848064012589437
2.0787317118132767
2.2878320577772944
2.48688401666776
2.5899306350961813
2.702388043953098
2.7657283202851697
2.8381970149283027
2.8803048049975324
2.929417037434873
2.9583393128464124
2.992366936461183
3.0125318005416353
3.036354909719398
3.0505134541748515
3.0672761931328507
3.0890776235986106
3.0961204270016274
3.1044711482279164
3.115349682693715
3.1230390167212687
3.128474723051744
3.132317611552683
3.141592653589793
7.310270953947752
4.93984009099991
45
0.
0.005208333333333333
0.010416666666666666
0.020833333333333332
0.041666666666666664
0.08333333333333333
0.125
0.16666666666666666
0.3333333333333333
0.5
0.5833333333333333
0.6666666666666666
0.75
0.7916666666666666
0.8333333333333333
0.875
0.8958333333333333
0.9166666666666666
0.9375
0.9479166666666666
0.9583333333333333
0.96875
0.9791666666666666
0.984375
0.9895833333333333
0.9921875
0.9947916666666666
0.99609375
0.9973958333333333
0.998046875
0.9986979166666666
0.9990234375
0.9993489583333333
0.99951171875
0.9996744791666666
0.999755859375
0.9998372395833333
0.9999186197916666
0.99993896484375
0.9999593098958333
0.9999796549479166
0.9999898274739583
0.9999949137369791
0.9999974568684895
1.
0.
0.008748095037636084
0.012415395076426613
0.017683728795606254
0.025376282884191158
0.037002189387786925
0.046821318900134065
0.05598540897476103
0.09370707664731501
0.14491677365477837
0.18202094619643433
0.2340643260186644
0.31715918086423117
0.38426888730340797
0.48630401992758543
0.6469526588458082
0.7636065858358293
0.9251920284915448
1.1707622826221589
1.3470414161611342
1.5722831504688002
1.8434539395210816
2.1435097943921364
2.3036902208702332
2.4778457895462425
2.575128952210113
2.6856314898237326
2.749469125892657
2.8236281065891755
2.86716084226097
2.9182785009852577
2.948520423209332
2.9842154544926425
3.0054160053527057
3.030496952684442
3.0454197176914186
3.0631006942944636
3.0861129881776557
3.0935503924046737
3.102370458761782
3.1138621927956804
3.1219861651655165
3.1277297264977855
3.131790560614841
3.141592653589793
7.718060707770105
3.868556211909366
48
0.
0.005208333333333333
0.010416666666666666
0.020833333333333332
0.041666666666666664
0.08333333333333333
0.125
0.16666666666666666
0.3333333333333333
0.5
0.5833333333333333
0.6666666666666666
0.75
0.7916666666666666
0.8333333333333333
0.875
0.8958333333333333
0.9166666666666666
0.9375
0.9479166666666666
0.9583333333333333
0.96875
0.9791666666666666
0.984375
0.9895833333333333
0.9921875
0.9947916666666666
0.99609375
0.9973958333333333
0.998046875
0.9986979166666666
0.9990234375
0.9993489583333333
0.99951171875
0.9996744791666666
0.999755859375
0.9998372395833333
0.9998779296875
0.9999186197916666
0.9999593098958333
0.999969482421875
0.9999796549479166
0.9999898274739583
0.9999949137369791
0.9999974568684895
0.9999987284342448
0.9999993642171223
1.
0.
0.007371091550833304
0.010462154514355337
0.01490457873913604
0.021396668743064652
0.03122481370790299
0.039543815035079026
0.04732327441172471
0.07943176478779367
0.12266401373732456
0.15334799885694272
0.1953146675475112
0.2594500619768913
0.3087677626928658
0.38157477316405647
0.49697782979764626
0.5816083950741258
0.6978815385732363
0.8729055873301391
1.0003546539139492
1.1720954841607303
1.408138840912028
1.7309522731492275
1.9322535019695575
2.1688367580622834
2.3066142520903954
2.4663354061552933
2.559716303274842
2.668911267581638
2.7332959063967657
2.8090876837732432
2.854013662691892
2.907094012046589
2.938643875459096
2.975996508779148
2.99822958179151
3.0245741448175485
3.0402675843665974
3.0588761691172484
3.083117155895587
3.090955274590456
3.1002511702978164
3.1123632767568856
3.120926095317947
3.1269800559303915
3.131260419504053
3.134286877169387
3.141592653589793
8.261780379533242
2.730588992646061
51
0.
0.010416666666666666
0.020833333333333332
0.041666666666666664
0.08333333333333333
0.125
0.16666666666666666
0.3333333333333333
0.5
0.5833333333333333
0.6666666666666666
0.75
0.7916666666666666
0.8333333333333333
0.875
0.8958333333333333
0.9166666666666666
0.9375
0.9479166666666666
0.9583333333333333
0.96875
0.9739583333333333
0.9791666666666666
0.984375
0.9895833333333333
0.9921875
0.9947916666666666
0.99609375
0.9973958333333333
0.998046875
0.9986979166666666
0.9990234375
0.9993489583333333
0.99951171875
0.9996744791666666
0.999755859375
0.9998372395833333
0.9998779296875
0.9999186197916666
0.99993896484375
0.9999593098958333
0.9999796549479166
0.9999847412109375
0.9999898274739583
0.9999949137369791
0.9999961853027344
0.9999974568684895
0.9999987284342448
0.9999993642171223
0.9999996821085612
1.
0.
0.008285770449821223
0.011807036291193805
0.01695860469399221
0.024774223654771218
0.03140842386093166
0.03762814752758925
0.06338889791387776
0.09776836137754101
0.12164647122087272
0.15350138963271717
0.2002533884872136
0.23460625667279086
0.2834933430676402
0.35984029284283764
0.4163112318475681
0.494040375493258
0.6099429906000122
0.6941459185064333
0.8097344715317775
0.9780151097889077
1.093474685893423
1.2403332978482158
1.4322674413334402
1.6939239060871085
1.8658129902678315
2.0825910979321858
2.217287566475802
2.381254088745165
2.480756106251067
2.60013678250257
2.6718768716564134
2.757427964001706
2.8086184832730186
2.869496364835663
2.9058548911890365
2.9490339002578376
2.974797851342263
3.0053788774611077
3.023616752450796
3.0452550276263985
3.0734617928356482
3.082586830779682
3.093411920813111
3.1075212600754396
3.1120852690454197
3.1174993044857993
3.124555465069439
3.1295452330125975
3.1330736862651394
3.141592653589793
8.805500051296379
1.8750490325084248
51
0.
0.020833333333333332
0.041666666666666664
0.08333333333333333
0.16666666666666666
0.3333333333333333
0.5
0.6666666666666666
0.75
0.7916666666666666
0.8333333333333333
0.875
0.8958333333333333
0.9166666666666666
0.9375
0.9479166666666666
0.9583333333333333
0.96875
0.9739583333333333
0.9791666666666666
0.984375
0.9869791666666666
0.9895833333333333
0.9921875
0.9947916666666666
0.99609375
0.9973958333333333
0.998046875
0.9986979166666666
0.9990234375
0.9993489583333333
0.99951171875
0.9996744791666666
0.999755859375
0.9998372395833333
0.9998779296875
0.9999186197916666
0.99993896484375
0.9999593098958333
0.999969482421875
0.9999796549479166
0.9999847412109375
0.9999898274739583
0.9999949137369791
0.9999961853027344
0.9999974568684895
0.9999987284342448
0.9999993642171223
0.9999996821085612
0.9999998410542805
1.
0.
0.009291548826307384
0.013351856251782649
0.019524116694342
0.029712983418714797
0.05022298386322691
0.0774086412725737
0.1203323809553181
0.15511519210609756
0.17992528500207586
0.21429412187121674
0.2668154071421456
0.30556289284959576
0.35911965070307844
0.4389170803693509
0.4965658216274253
0.5756027516567686
0.6922460380387462
0.7746182748981316
0.8834055745647627
1.0342773331892605
1.1345924235339573
1.2606983882183815
1.4259452643845458
1.6568872499346066
1.8143067484607
2.0207637040969115
2.15374600336444
2.320370974160389
2.423850066338478
2.550107802103614
2.6269563228158
2.719420024777811
2.775121056613074
2.841662989849499
2.881539976737458
2.929004869667514
2.95737658223533
2.991095133854838
3.011220490747751
3.0351084196776394
3.0493560907235597
3.0662638673152145
3.088310595802667
3.095444393969304
3.10390825712674
3.114941611361105
3.122745444551821
3.128264625610966
3.13216779511755
3.141592653589793
9.621079558941084
1.01405690642356
55
0.
0.041666666666666664
0.08333333333333333
0.16666666666666666
0.3333333333333333
0.5
0.6666666666666666
0.75
0.8333333333333333
0.875
0.8958333333333333
0.9166666666666666
0.9375
0.9479166666666666
0.9583333333333333
0.96875
0.9739583333333333
0.9791666666666666
0.984375
0.9869791666666666
0.9895833333333333
0.9921875
0.9934895833333333
0.9947916666666666
0.99609375
0.9967447916666666
0.9973958333333333
0.998046875
0.9986979166666666
0.9990234375
0.9993489583333333
0.99951171875
0.9996744791666666
0.999755859375
0.9998372395833333
0.9998779296875
0.9999186197916666
0.99993896484375
0.9999593098958333
0.999969482421875
0.9999796549479166
0.9999847412109375
0.9999898274739583
0.9999923706054688
0.9999949137369791
0.9999974568684895
0.9999980926513672
0.9999987284342448
0.9999993642171223
0.9999995231628418
0.9999996821085612
0.9999998410542805
0.9999999205271403
0.9999999602635701
1.
0.
0.009185474190972565
0.013446898861030104
0.02051155365501526
0.03480081683534275
0.053593942045400224
0.08249000187876265
0.10517012253814988
0.14224349818019114
0.17401651354831413
0.19721955057376916
0.22932468774927295
0.277308916664686
0.31189493634979726
0.3590442175982175
0.4283704246984224
0.47764660543807885
0.5438511127754487
0.638958605531028
0.7049261273902895
0.7915852939943683
0.9126048847170158
0.9944040740131761
1.0993774378990226
1.2413472596951038
1.3342453936163043
1.4498310559361094
1.5997440289920581
1.8071606394820858
1.947691749040104
2.131659932128321
2.2502599502826697
2.3992278011690615
2.492023363371204
2.6055814921950824
2.6748817792858524
2.7584361846041006
2.8088503574249746
2.869153263552836
2.905321498443684
2.948409471656451
2.9741722493728275
3.004796402473617
3.0230824767101634
3.044796909171482
3.0731199903625845
3.082285808461759
3.093161277531605
3.107339544861611
3.1119266419997533
3.117368567972408
3.1244618972312783
3.129478508647272
3.133026223944614
3.141592653589793
10.43665906658579
0.5259717542002444
57
0.
0.08333333333333333
0.16666666666666666
0.3333333333333333
0.5
0.6666666666666666
0.75
0.8333333333333333
0.875
0.9166666666666666
0.9375
0.9583333333333333
0.96875
0.9739583333333333
0.9791666666666666
0.984375
0.9869791666666666
0.9895833333333333
0.9921875
0.9934895833333333
0.9947916666666666
0.99609375
0.9967447916666666
0.9973958333333333
0.998046875
0.9983723958333333
0.9986979166666666
0.9990234375
0.9991861979166666
0.9993489583333333
0.99951171875
0.9996744791666666
0.999755859375
0.9998372395833333
0.9998779296875
0.9999186197916666
0.99993896484375
0.9999593098958333
0.999969482421875
0.9999796549479166
0.9999847412109375
0.9999898274739583
0.9999923706054688
0.9999949137369791
0.9999961853027344
0.9999974568684895
0.9999980926513672
0.9999987284342448
0.9999993642171223
0.9999995231628418
0.9999996821085612
0.9999998410542805
0.9999999205271403
0.9999999602635701
0.999999980131785
0.9999999900658925
1.
0.
0.009069924306327814
0.013853910932353155
0.023554058521814292
0.036245181533715344
0.055469192258967376
0.07030872991585703
0.09409044603560163
0.11409731462533979
0.1486282816121465
0.17861758823109283
0.22964912475258237
0.2726500557699533
0.3031056507141632
0.3440660802450198
0.4034188627212967
0.4451889720039796
0.5010421524116284
0.5812292068692406
0.6370523323899157
0.7108200325904055
0.8148277730982432
0.8858427296253061
0.9778778253803282
1.1041150388942287
1.1879550427465748
1.2938287526858254
1.434091932486001
1.5241843561126334
1.6346001456227761
1.7753392899375346
1.9662296752857822
2.0935107100262953
2.2581534809475725
2.363343982577296
2.4946480892577783
2.5760697872590397
2.6753921800595197
2.735863851236302
2.8086676323352586
2.852540922130575
2.904985231717907
2.936425155519407
2.973855777927251
2.9962345198225533
3.0228348594333987
3.038713274209328
3.0575613203635186
3.0821452039778348
3.0901017056649085
3.099542767977425
3.111851788664453
3.1205591298678055
3.1267179268148753
3.1310737431946474
3.134154215436788
3.141592653589793
11.524098410112064
0.22470221924212902
60
0.
0.16666666666666666
0.3333333333333333
0.5
0.6666666666666666
0.75
0.8333333333333333
0.875
0.9166666666666666
0.9375
0.9583333333333333
0.96875
0.9791666666666666
0.984375
0.9895833333333333
0.9921875
0.9934895833333333
0.9947916666666666
0.99609375
0.9967447916666666
0.9973958333333333
0.998046875
0.9983723958333333
0.9986979166666666
0.9990234375
0.9991861979166666
0.9993489583333333
0.99951171875
0.9995930989583333
0.9996744791666666
0.999755859375
0.9997965494791666
0.9998372395833333
0.9998779296875
0.9999186197916666
0.99993896484375
0.9999593098958333
0.999969482421875
0.9999796549479166
0.9999847412109375
0.9999898274739583
0.9999923706054688
0.9999949137369791
0.9999961853027344
0.9999974568684895
0.9999980926513672
0.9999987284342448
0.9999990463256836
0.9999993642171223
0.9999995231628418
0.9999996821085612
0.9999998410542805
0.9999998807907104
0.9999999205271403
0.9999999602635701
0.999999980131785
0.9999999900658925
0.9999999950329462
0.9999999975164731
1.
0.
0.00791674535375132
0.01347498730457269
0.020720649268518902
0.031596113435133036
0.03990965128318918
0.05308356178359782
0.06404659702549574
0.08285360474095493
0.099184326681371
0.1269763775147794
0.15030436736591712
0.18887293995960888
0.22095288097582932
0.27425790609011264
0.3188404552239429
0.35038908114877804
0.39278114658666125
0.4540123110949335
0.4968757509748235
0.5538100267205142
0.6346935120075688
0.6903861418742856
0.763227152811168
0.8645861335448098
0.9329935970703667
1.020832476366261
1.1401153165839712
1.2187522441883656
1.3175997888824111
1.4481281585709724
1.5319322403577598
1.6348065683738808
1.7665551860665112
1.947147596455027
2.069249324167558
2.2296983928542153
2.3338467298208982
2.4657847092213085
2.548634221679695
2.650778880652058
2.7135117962740676
2.7894749724573065
2.8355178450204463
2.8907510029674013
2.923964734182749
2.963622814311358
2.9873752185579896
3.01561317410257
3.032460788304469
3.052457336290346
3.0785372088511282
3.086977390623816
3.096992067157148
3.1100484406349933
3.1192841056508493
3.125816416281471
3.13043631285432
3.1337035009865475
3.141592653589793
12.611537753638338
0.11562626657054532
65
0.
0.16666666666666666
0.3333333333333333
0.5
0.6666666666666666
0.75
0.8333333333333333
0.875
0.9166666666666666
0.9375
0.9583333333333333
0.96875
0.9791666666666666
0.984375
0.9895833333333333
0.9921875
0.9947916666666666
0.99609375
0.9973958333333333
0.998046875
0.9983723958333333
0.9986979166666666
0.9990234375
0.9991861979166666
0.9993489583333333
0.99951171875
0.9995930989583333
0.9996744791666666
0.999755859375
0.9997965494791666
0.9998372395833333
0.9998779296875
0.9998982747395833
0.9999186197916666
0.99993896484375
0.9999491373697916
0.9999593098958333
0.999969482421875
0.9999796549479166
0.9999847412109375
0.9999898274739583
0.9999923706054688
0.9999949137369791
0.9999961853027344
0.9999974568684895
0.9999980926513672
0.9999987284342448
0.9999990463256836
0.9999993642171223
0.9999995231628418
0.9999996821085612
0.9999997615814209
0.9999998410542805
0.9999998807907104
0.9999999205271403
0.9999999403953552
0.9999999602635701
0.999999980131785
0.9999999850988388
0.9999999900658925
0.9999999950329462
0.9999999975164731
0.9999999987582365
0.9999999993791182
1.
0.
0.0042574127573838496
0.007248729888863542
0.01114198919901824
0.01696519764233494
0.021400967184333913
0.02839945368859401
0.03419868978770864
0.044120032389088494
0.05273110316179811
0.0673881862515552
0.07967698476304107
0.09995868496041856
0.11682597768802064
0.14495110223655155
0.16864240294975075
0.20837995829171072
0.24176176456225154
0.2971893657651929
0.3431269986983
0.3753300493293807
0.41820047494058493
0.4793629163886461
0.5216937269741522
0.5773649731503941
0.6554621751377404
0.7086192900635472
0.7774518479316571
0.8720381644883383
0.9351612741130502
1.0154582711503244
1.1233310649085744
1.1938408016180893
1.2819568103111327
1.3977386778158578
1.4719380192659843
1.563122588101169
1.68050988200905
1.8437030547746596
1.9564732552975208
2.1090352488420887
2.211557659469272
2.3463153521858278
2.434238460434035
2.546489958378045
2.617612171929137
2.706102282935016
2.7608465043666577
2.8276258062117594
2.8683133521092534
2.917277452510462
2.946809171406028
2.982141547565564
3.0033295118454704
3.028538327536209
3.0436001302841023
3.0614997648767774
3.084882110948061
3.092458410354164
3.1014538652340518
3.113190976173851
3.1214999726612835
3.1273801418118676
3.131540465488707
3.141592653589793