30
33
3.912023005428146
8.311369349546906
69
0.
0.0003255208333333333
0.0006510416666666666
0.0013020833333333333
0.0026041666666666665
0.005208333333333333
0.010416666666666666
0.015625
0.020833333333333332
0.041666666666666664
0.0625
0.08333333333333333
0.125
0.16666666666666666
0.25
0.29166666666666663
0.3333333333333333
0.35416666666666663
0.375
0.38541666666666663
0.3958333333333333
0.40104166666666663
0.40625
0.4114583333333333
0.41666666666666663
0.4270833333333333
0.4375
0.4583333333333333
0.47916666666666663
0.5
0.5416666666666666
0.5833333333333333
0.6666666666666666
0.7083333333333333
0.7291666666666666
0.75
0.7708333333333333
0.78125
0.7916666666666666
0.8020833333333333
0.8125
0.8333333333333333
0.875
0.8958333333333333
0.90625
0.9166666666666666
0.921875
0.9270833333333333
0.9322916666666666
0.9375
0.9479166666666666
0.9583333333333333
0.96875
0.9791666666666666
0.984375
0.9895833333333333
0.9921875
0.9947916666666666
0.99609375
0.9973958333333333
0.9986979166666666
0.9990234375
0.9993489583333333
0.9996744791666666
0.9998372395833333
0.9999186197916666
0.9999593098958333
0.9999796549479166
1.
0.
0.007730615767283062
0.01093477444055658
0.015469864696804714
0.021894003931334838
0.031009196837812766
0.04398620008158703
0.05403643245817101
0.06258852221121225
0.08964233652729678
0.1112548030673704
0.13026650616847602
0.16442221790699063
0.19640175297403678
0.261838853051778
0.29934202468832194
0.3453177142232713
0.37494876601804
0.41477869907742226
0.44323413544099116
0.4875563451461475
0.526504057014635
0.5853127450970618
0.6320874848018253
0.6632204448232235
0.7062263502069736
0.7379631856798776
0.7870753574396357
0.8269155319120439
0.8620122613136115
0.9251286505236287
0.9846274921709963
1.1105587459913475
1.188837356077332
1.2379498181383788
1.3014296045650666
1.4005958810277537
1.4862574724097137
1.5981536828258536
1.6876292406868632
1.7547657914288965
1.8601714491109456
2.044697789434386
2.1526560567000264
2.2214114194902868
2.312344551603172
2.3712815194127432
2.438652807596854
2.506181344775026
2.566208147276795
2.663248056712273
2.742327760271752
2.8141136207658346
2.885935130095562
2.9245333686297137
2.967602242216761
2.9922270067182284
3.020666411905752
3.0372997716444674
3.056785535052765
3.0818653114920194
3.0899197360488495
3.099443521772482
3.1118177931332505
3.1205523404633313
3.1267217328231602
3.131080731654099
3.134161303441991
3.141592653589793
4.04795292336893
8.911712907769802
70
0.
0.0003255208333333333
0.0006510416666666666
0.0013020833333333333
0.0026041666666666665
0.005208333333333333
0.010416666666666666
0.015625
0.020833333333333332
0.041666666666666664
0.0625
0.08333333333333333
0.125
0.16666666666666666
0.25
0.29166666666666663
0.3125
0.3333333333333333
0.35416666666666663
0.3645833333333333
0.375
0.38541666666666663
0.3958333333333333
0.41666666666666663
0.4375
0.4583333333333333
0.5
0.5833333333333333
0.625
0.6666666666666666
0.7083333333333333
0.7291666666666666
0.7395833333333333
0.75
0.7604166666666666
0.765625
0.7708333333333333
0.7760416666666666
0.78125
0.7916666666666666
0.8125
0.8229166666666666
0.8333333333333333
0.875
0.8958333333333333
0.9166666666666666
0.9270833333333333
0.9375
0.9479166666666666
0.953125
0.9583333333333333
0.9635416666666666
0.96875
0.9791666666666666
0.984375
0.9895833333333333
0.9921875
0.9947916666666666
0.99609375
0.9973958333333333
0.9986979166666666
0.9990234375
0.9993489583333333
0.9996744791666666
0.999755859375
0.9998372395833333
0.9999186197916666
0.9999593098958333
0.9999796549479166
1.
0.
0.007723493476990539
0.010924874874809452
0.015456362307444838
0.02187633153839706
0.03098824006111382
0.04396820950080876
0.05402906887487327
0.06259743770492175
0.08976048926691788
0.11154450361888554
0.1307900564710488
0.16562917579398062
0.19867466998136726
0.2684947804994828
0.3109507775973854
0.33671995997964876
0.36839471273912605
0.41247231320991323
0.4455914597164389
0.4996861348030344
0.5830049339594747
0.6406893332339638
0.7088739498768047
0.7561478432732903
0.7949326395802718
0.8608070033383435
0.9773936417114243
1.0370880864732628
1.1035453090223193
1.1858282942025484
1.2402817111638036
1.2744505758331945
1.3171357177727114
1.3759192549250625
1.4164727177956205
1.467984488129834
1.5261754052371759
1.579154381039147
1.6588830111006219
1.7656684357138785
1.8079316274062087
1.8466769677208468
1.9891234462117533
2.0634403128189334
2.1500944576128167
2.2036631125976722
2.2722172104105676
2.3772946043861216
2.462737089859632
2.566114836533098
2.651528885027058
2.718516712940633
2.8286073612692464
2.8805315137108596
2.935283908608808
2.9655615860440636
2.9998699942772453
3.0196832976187444
3.0427067637685146
3.072117165930588
3.0815208722158243
3.0926206508236427
3.1070185995970303
3.11166231479071
3.117163763890745
3.1243260404336644
3.1293869040811924
3.132963677962918
3.141592653589793
4.183882841309714
9.535684877534615
73
0.
0.0003255208333333333
0.0006510416666666666
0.0013020833333333333
0.0026041666666666665
0.005208333333333333
0.010416666666666666
0.015625
0.020833333333333332
0.041666666666666664
0.0625
0.08333333333333333
0.125
0.16666666666666666
0.25
0.29166666666666663
0.3125
0.3333333333333333
0.35416666666666663
0.3645833333333333
0.375
0.38541666666666663
0.3958333333333333
0.41666666666666663
0.4375
0.4583333333333333
0.5
0.5833333333333333
0.625
0.6666666666666666
0.6875
0.7083333333333333
0.7291666666666666
0.7395833333333333
0.75
0.7552083333333333
0.7604166666666666
0.765625
0.7708333333333333
0.78125
0.7916666666666666
0.8125
0.8333333333333333
0.875
0.8958333333333333
0.9166666666666666
0.9375
0.9479166666666666
0.9583333333333333
0.9609375
0.9635416666666666
0.9661458333333333
0.96875
0.9713541666666666
0.9739583333333333
0.9765625
0.9791666666666666
0.984375
0.9895833333333333
0.9921875
0.9947916666666666
0.99609375
0.9973958333333333
0.998046875
0.9986979166666666
0.9993489583333333
0.99951171875
0.9996744791666666
0.9998372395833333
0.9999186197916666
0.9999593098958333
0.9999796549479166
1.
0.
0.007651176254615422
0.010822713370700399
0.015312195527886957
0.021673343828497477
0.030703725319818218
0.04357322426571341
0.05355461569267761
0.06206064048250737
0.08906873636711472
0.11079057259653077
0.13004207579982535
0.16508481398528266
0.19863572052451275
0.27117637817467
0.317221330099824
0.34644250702594864
0.3845190547490874
0.44420878542679615
0.4947510325226581
0.5588527489880973
0.6100308114724184
0.6475745805159465
0.7029340416850345
0.7458592363321993
0.7826261105451818
0.8469492849422883
0.9642183283482394
1.0257339287118854
1.095918875349195
1.1375355608248143
1.1875456758512863
1.2545033180286913
1.3020681680431394
1.3734901177974355
1.4273129870330887
1.4915228067253028
1.5481760355803451
1.592156622299516
1.6571570319171565
1.706537721319404
1.7845829440117806
1.8499277913391854
1.9688030837880077
2.0295074987914963
2.0961718932561824
2.1765235641650236
2.227755055040765
2.296387967389843
2.31899227689665
2.3457019842987035
2.3789934023572705
2.4244998834811846
2.497218508965195
2.600817120906994
2.6782851773423113
2.733831061431217
2.819891619398269
2.895536219806401
2.934145199497616
2.9762497720579657
2.999999024928801
3.027215972084937
3.043051787608698
3.0615441082085795
3.0852709333882338
3.092877793333817
3.1018655873613556
3.1135351662138717
3.121768912501042
3.127583073935373
3.131690336324446
3.141592653589793
4.319812759250499
10.12904847665184
80
0.
0.0003255208333333333
0.0006510416666666666
0.0013020833333333333
0.0026041666666666665
0.005208333333333333
0.010416666666666666
0.015625
0.020833333333333332
0.041666666666666664
0.0625
0.08333333333333333
0.125
0.16666666666666666
0.25
0.29166666666666663
0.3125
0.3333333333333333
0.35416666666666663
0.3645833333333333
0.375
0.38541666666666663
0.3958333333333333
0.41666666666666663
0.4583333333333333
0.5
0.5833333333333333
0.625
0.6666666666666666
0.6875
0.7083333333333333
0.71875
0.7291666666666666
0.734375
0.7395833333333333
0.7447916666666666
0.75
0.7604166666666666
0.7708333333333333
0.7916666666666666
0.8125
0.8333333333333333
0.875
0.9166666666666666
0.9375
0.9479166666666666
0.9583333333333333
0.9635416666666666
0.96875
0.9739583333333333
0.9765625
0.9778645833333333
0.9791666666666666
0.9798177083333333
0.98046875
0.9807942708333333
0.9811197916666666
0.9814453125
0.9817708333333333
0.982421875
0.9830729166666666
0.9837239583333333
0.984375
0.9869791666666666
0.9895833333333333
0.9921875
0.9947916666666666
0.99609375
0.9973958333333333
0.998046875
0.9986979166666666
0.9993489583333333
0.99951171875
0.9996744791666666
0.9998372395833333
0.9999186197916666
0.9999593098958333
0.9999796549479166
0.9999898274739583
1.
0.
0.007510654565329737
0.010624029823428943
0.01503131984614623
0.021276412924280688
0.030143226627999817
0.04278299542897441
0.05258984377519298
0.06095027108643683
0.08752076062637598
0.10892580337283943
0.1279299277175583
0.16262311808538868
0.19599061931512235
0.26880079917331595
0.31557575090645096
0.34544991936577685
0.38433700866257475
0.4429064866847198
0.4862719470788592
0.5365121637910486
0.5816167389329479
0.6181329558524649
0.6744060367080819
0.7567659388263381
0.8234528749723791
0.9457385274811195
1.0108738829253987
1.0871949100550564
1.1343912293609468
1.1949224332443078
1.235439880324766
1.2918116580955024
1.3329575334876622
1.39275747230184
1.4695422858324987
1.5309548904008345
1.608770196081407
1.661742890894222
1.740305466139045
1.803128093327238
1.8589889499394998
1.9639885622753634
2.0760537780567527
2.1434243336008034
2.1836080071710375
2.2320593921704797
2.2616372090985153
2.2976268671047393
2.3460463685113053
2.3805071834711997
2.403474087214335
2.4346471539230343
2.456615159294748
2.488932582107644
2.51419333849111
2.55299738883456
2.5980366660582255
2.6303929240886856
2.6720475701722264
2.700992631560539
2.724187416704025
2.744033323557339
2.807241321516447
2.8591507724333134
2.907693481364102
2.957574328668808
2.984836213372497
3.015557645023042
3.033241041410158
3.0537517336931455
3.079907927375887
3.0882622126715904
3.0981217768643936
3.1109058757400665
3.1199114217602646
3.1262698963712023
3.1307619131456246
3.133936202836665
3.141592653589793
4.455742677191283
10.648255758890805
103
0.
0.0003255208333333333
0.0006510416666666666
0.0013020833333333333
0.0026041666666666665
0.005208333333333333
0.010416666666666666
0.015625
0.020833333333333332
0.041666666666666664
0.0625
0.08333333333333333
0.125
0.16666666666666666
0.25
0.29166666666666663
0.3333333333333333
0.35416666666666663
0.375
0.3958333333333333
0.41666666666666663
0.4583333333333333
0.5
0.5833333333333333
0.625
0.6666666666666666
0.6875
0.6979166666666666
0.7083333333333333
0.7135416666666666
0.71875
0.7239583333333333
0.7265625
0.7291666666666666
0.7317708333333333
0.734375
0.7395833333333333
0.7447916666666666
0.75
0.7604166666666666
0.7708333333333333
0.7916666666666666
0.8333333333333333
0.875
0.9166666666666666
0.9375
0.9479166666666666
0.9583333333333333
0.96875
0.9739583333333333
0.9765625
0.9791666666666666
0.98046875
0.9811197916666666
0.9817708333333333
0.9820963541666666
0.982421875
0.9825846354166666
0.982666015625
0.9827473958333333
0.9827677408854166
0.9827880859375
0.9828084309895833
0.982818603515625
0.9828236897786458
0.9828287760416666
0.982831319173177
0.9828338623046875
0.9828364054361979
0.9828389485677083
0.9828440348307291
0.98284912109375
0.9828592936197916
0.9828694661458333
0.9828898111979166
0.98291015625
0.9829508463541666
0.9829915364583333
0.9830322265625
0.9830729166666666
0.9832356770833333
0.9833984375
0.9837239583333333
0.9840494791666666
0.984375
0.9856770833333333
0.9869791666666666
0.9895833333333333
0.9921875
0.9947916666666666
0.99609375
0.9973958333333333
0.998046875
0.9986979166666666
0.9993489583333333
0.99951171875
0.9996744791666666
0.9998372395833333
0.9999186197916666
0.9999593098958333
0.9999796549479166
0.9999898274739583
1.
0.
0.007311042294024934
0.010341696161311835
0.01463194860060963
0.020711382927587896
0.029343435583547364
0.041649858433000474
0.05119948985101597
0.05934179244737607
0.08522768596708176
0.10609215314266357
0.12462477314977088
0.1584733252732937
0.19103003590385115
0.2617967718420985
0.3065178934702003
0.3689663891259166
0.416062140958065
0.48481501913402614
0.5637924308017087
0.626869069552694
0.7183943874865525
0.7906701035347963
0.9215098243029382
0.9916606234826139
1.076155896410197
1.131320729956834
1.1660537290554658
1.2103942528605662
1.2393130930475316
1.2772978482069968
1.3353508672896712
1.3798739955080077
1.431772317822941
1.47506708897629
1.507591282863267
1.554510435062789
1.5891825061152274
1.6174381342475348
1.6633627976932668
1.7012416390696186
1.764567160183186
1.8696769003185374
1.9671809970878416
2.072846783866093
2.136245022137427
2.1737210684052513
2.218260047134257
2.276510141495947
2.3168319027609487
2.343178509359384
2.3783072607988482
2.402774936951631
2.4186568382010263
2.439411579593691
2.453300039392051
2.472361812465824
2.486229911404117
2.4956954066555053
2.509167604226028
2.513870507764744
2.5197015407699626
2.527707855258796
2.533533181502045
2.537503883987486
2.543099385578128
2.5473153985963792
2.554448982372013
2.569557590592054
2.577717967730693
2.585553833615365
2.5904471087732426
2.59727612615702
2.6023076343245757
2.6098920123904166
2.6157358789644936
2.624786443716062
2.6319189329926465
2.637935354064072
2.643202459238507
2.6598847244439874
2.6726622932445023
2.6926288518927843
2.7085845928892747
2.722200104977409
2.7648937351230507
2.7984142998743073
2.854408670472807
2.904932739470448
2.9559718783909794
2.983650805313093
3.0147295292068486
3.032573446790121
3.053252492489475
3.079578444932215
3.087979153346461
3.097902175540683
3.110776061484507
3.1198402425102
3.126230338724585
3.1307392880466267
3.1339228635023284
3.141592653589793
4.591672595132067
11.060043635103723
86
0.
0.0006510416666666666
0.0013020833333333333
0.0026041666666666665
0.005208333333333333
0.010416666666666666
0.015625
0.020833333333333332
0.041666666666666664
0.0625
0.08333333333333333
0.125
0.16666666666666666
0.25
0.29166666666666663
0.3333333333333333
0.375
0.41666666666666663
0.4583333333333333
0.5
0.5833333333333333
0.625
0.6458333333333333
0.6666666666666666
0.6875
0.6979166666666666
0.703125
0.7083333333333333
0.7109375
0.7135416666666666
0.71484375
0.7161458333333333
0.7174479166666666
0.71875
0.7213541666666666
0.7239583333333333
0.7265625
0.7291666666666666
0.7395833333333333
0.75
0.7708333333333333
0.7916666666666666
0.8333333333333333
0.875
0.9166666666666666
0.9375
0.9479166666666666
0.9583333333333333
0.9635416666666666
0.96875
0.9713541666666666
0.9739583333333333
0.9752604166666666
0.9765625
0.9772135416666666
0.9775390625
0.9778645833333333
0.97802734375
0.9781901041666666
0.978271484375
0.9783528645833333
0.9784342447916666
0.978515625
0.9788411458333333
0.97900390625
0.9791666666666666
0.9798177083333333
0.98046875
0.9817708333333333
0.984375
0.9869791666666666
0.9895833333333333
0.9921875
0.9947916666666666
0.99609375
0.9973958333333333
0.998046875
0.9986979166666666
0.9993489583333333
0.99951171875
0.9996744791666666
0.9998372395833333
0.9999186197916666
0.9999593098958333
0.9999796549479166
1.
0.
0.009996726084628422
0.014143867824228405
0.02002048230341851
0.02836452546784264
0.04026019601669818
0.04949084696609877
0.057360941206753766
0.08237854915436858
0.10253688689191108
0.12043325847936862
0.1530777940405966
0.18437882751362486
0.2515937075129314
0.2927743574986466
0.34667994097941074
0.43140330146472866
0.5606306078357128
0.6663423231021318
0.7476469795101135
0.8904903307763892
0.9667212657792308
1.0101448564015842
1.060791099832883
1.1262536723540193
1.1716210232839026
1.2015450827102259
1.2420527317849996
1.2706725245876658
1.3126477189020451
1.3437263591656516
1.3827174199199497
1.4195625502772697
1.447899154262964
1.4875973537141796
1.5158686946630882
1.5383219066430769
1.5572563075544603
1.6147535951792207
1.6578567242786342
1.725721654174261
1.7819110276312016
1.8803883180365653
1.9753002697838116
2.081191183876439
2.1466498772357334
2.186434585628065
2.2354656569987896
2.2662666510551612
2.305252767836294
2.3303884930319345
2.3631287975796575
2.385017538904538
2.415076724809602
2.43692870062222
2.451763237156079
2.4724169662083484
2.4875347363392275
2.5112306263110082
2.5310041660285694
2.557394694182933
2.579087582771866
2.5942072195947774
2.6299414725301857
2.6419051703878225
2.6520572093554358
2.6830598389536506
2.7063272382988153
2.742631690470277
2.797844203804432
2.8435677526315484
2.885732675645958
2.9274860769934175
2.971888760999226
2.9965967190478136
3.024705209345161
3.040983239218578
3.059935577718635
3.0841906220290243
3.0919494414589703
3.1011178065621245
3.11302581127405
3.121419233555745
3.127341012023129
3.1315217557546178
3.141592653589793
4.727602513072852
11.341125568035613
82
0.
0.0006510416666666666
0.0013020833333333333
0.0026041666666666665
0.005208333333333333
0.010416666666666666
0.015625
0.020833333333333332
0.041666666666666664
0.0625
0.08333333333333333
0.125
0.16666666666666666
0.25
0.29166666666666663
0.3333333333333333
0.375
0.3958333333333333
0.41666666666666663
0.4583333333333333
0.47916666666666663
0.5
0.5833333333333333
0.625
0.6458333333333333
0.6666666666666666
0.6770833333333333
0.6875
0.6927083333333333
0.6979166666666666
0.7005208333333333
0.703125
0.7044270833333333
0.7057291666666666
0.70703125
0.7083333333333333
0.7096354166666666
0.7109375
0.7135416666666666
0.7161458333333333
0.71875
0.7239583333333333
0.7291666666666666
0.7395833333333333
0.75
0.7708333333333333
0.7916666666666666
0.8333333333333333
0.875
0.8958333333333333
0.9166666666666666
0.9375
0.9479166666666666
0.953125
0.9583333333333333
0.9609375
0.9635416666666666
0.96484375
0.9661458333333333
0.9674479166666666
0.9680989583333333
0.96875
0.9700520833333333
0.9713541666666666
0.9739583333333333
0.9765625
0.9791666666666666
0.9895833333333333
0.9921875
0.9947916666666666
0.99609375
0.9973958333333333
0.998046875
0.9986979166666666
0.9993489583333333
0.99951171875
0.9996744791666666
0.9998372395833333
0.9999186197916666
0.9999593098958333
0.9999796549479166
1.
0.
0.009611250049931458
0.013598413708343908
0.019248229688639276
0.027269909071418186
0.0387050182669657
0.047577159715338276
0.05514053879594044
0.07917391260120171
0.09852355643077956
0.11568378672232507
0.1469149242950952
0.1767193539101008
0.23974426332327428
0.27708935616681224
0.32332307927174936
0.387698160600658
0.4321579755229582
0.4865021302783455
0.5996245719681457
0.6485574168216488
0.6928914831098633
0.8513778199012667
0.9344609764733146
0.9820095154055741
1.0383816653641131
1.07273920302913
1.1151555258403623
1.141846205889376
1.175693164253645
1.1975546532610903
1.2260376240579816
1.2449933085170064
1.270503958922423
1.3117520826463935
1.3808599570260696
1.426093521948273
1.453426181072319
1.489806550784732
1.515827675890667
1.5367567381123306
1.5703272613630428
1.5975531280774904
1.641867839075424
1.678559797258552
1.7401752600554112
1.7935440309152688
1.8904688438188992
1.9873068114113293
2.040330838370684
2.1006542943176543
2.1762114183173646
2.2265585722741026
2.2584788208163213
2.29935988455744
2.3261052915945757
2.3615599483849623
2.3857253320979313
2.41942153500348
2.478839613679886
2.5287257045943257
2.57403852991707
2.6303486824456326
2.667218049979704
2.720327535121187
2.7615868185999766
2.797291788827911
2.9234557859406576
2.9565414101578806
2.993337293682627
3.0143428026176573
3.0385842743456246
3.0527597133720787
3.069358674214742
3.0907238545320084
3.09758322646055
3.1056936485842206
3.1162355703595344
3.123676051492207
3.1289304625864043
3.1326425046953426
3.141592653589793
4.8635324310136365
11.478082795466015
86
0.
0.0006510416666666666
0.0013020833333333333
0.0026041666666666665
0.005208333333333333
0.010416666666666666
0.015625
0.020833333333333332
0.041666666666666664
0.0625
0.08333333333333333
0.125
0.16666666666666666
0.25
0.3333333333333333
0.375
0.41666666666666663
0.4583333333333333
0.5
0.5416666666666666
0.5833333333333333
0.625
0.6458333333333333
0.6666666666666666
0.6770833333333333
0.6875
0.6927083333333333
0.6953125
0.6979166666666666
0.7005208333333333
0.701171875
0.7018229166666666
0.7024739583333333
0.7027994791666666
0.703125
0.7034505208333333
0.70361328125
0.7037760416666666
0.7041015625
0.7044270833333333
0.705078125
0.7057291666666666
0.70703125
0.7083333333333333
0.7109375
0.7135416666666666
0.71875
0.7291666666666666
0.7395833333333333
0.75
0.7708333333333333
0.7916666666666666
0.8333333333333333
0.875
0.8958333333333333
0.9166666666666666
0.9270833333333333
0.9375
0.9427083333333333
0.9453125
0.9479166666666666
0.9505208333333333
0.9518229166666666
0.953125
0.9544270833333333
0.9557291666666666
0.9583333333333333
0.9609375
0.9635416666666666
0.96875
0.9791666666666666
0.984375
0.9895833333333333
0.9921875
0.9947916666666666
0.99609375
0.9973958333333333
0.9986979166666666
0.9990234375
0.9993489583333333
0.9996744791666666
0.9998372395833333
0.9999186197916666
0.9999593098958333
0.9999796549479166
1.
0.
0.009204246020249586
0.013022485847082947
0.01843278714877135
0.026113967228793507
0.03706236973346729
0.04555543933813203
0.052794340421378025
0.07578521185125305
0.09427696205777923
0.11065561792841896
0.14038769648135987
0.16861659219649333
0.227412672397361
0.3013568717556845
0.35291333265013963
0.4254836526950567
0.5243818895522983
0.6260887058235121
0.7169598077237658
0.802991079955877
0.8934853423900699
0.9449575731491439
1.0061858745807684
1.0439734866152002
1.0918636409424036
1.1234318909089955
1.142982062933759
1.167083825240575
1.2003001216894638
1.2115015189634206
1.224993549356952
1.2424650983186913
1.253950470280978
1.2691032121424501
1.2926695185638912
1.312257167686832
1.3378765357008657
1.3719839388495028
1.390785257798324
1.414642878447525
1.4312146527511973
1.455347560714534
1.4735731361642355
1.5015569709772545
1.5235059040223828
1.5582109913720488
1.6100954950981143
1.650869102678174
1.6858180504709552
1.7461735752508678
1.7997205005939643
1.8995654880481099
2.0034529179135263
2.063225426523479
2.135935675531124
2.1822784172487797
2.2437903066341307
2.287160706545618
2.315835872265597
2.3540699028200525
2.4141149710461915
2.4611936963239556
2.5149888086710788
2.559074800567494
2.5926580498212664
2.6424987873620864
2.6806091209026794
2.7126240555270495
2.7669893014645948
2.8600924270914967
2.90552567054075
2.9542152251593823
2.981410210840662
3.012401803211759
3.0303740533626837
3.051305009273702
3.078112671423426
3.0866940348023535
3.0968280450129524
3.1099871973426185
3.119267959802067
3.125818526834617
3.130444550549979
3.1337126921820424
3.141592653589793
4.99946234895442
11.467310136710656
98
0.
0.0006510416666666666
0.0013020833333333333
0.0026041666666666665
0.005208333333333333
0.0078125
0.010416666666666666
0.020833333333333332
0.03125
0.041666666666666664
0.08333333333333333
0.125
0.16666666666666666
0.3333333333333333
0.375
0.41666666666666663
0.4583333333333333
0.5
0.5416666666666666
0.5833333333333333
0.625
0.6458333333333333
0.6666666666666666
0.6770833333333333
0.6875
0.6927083333333333
0.6979166666666666
0.69921875
0.7005208333333333
0.7018229166666666
0.7021484375
0.7024739583333333
0.7027994791666666
0.703125
0.7032877604166666
0.7034505208333333
0.7035319010416666
0.70361328125
0.7036539713541666
0.7036946614583333
0.7037150065104166
0.7037353515625
0.7037455240885416
0.7037556966145833
0.703765869140625
0.7037760416666666
0.70379638671875
0.7038167317708333
0.703857421875
0.7038981119791666
0.7039388020833333
0.7041015625
0.7042643229166666
0.7044270833333333
0.705078125
0.7054036458333333
0.7057291666666666
0.70703125
0.7083333333333333
0.7109375
0.7135416666666666
0.71875
0.7291666666666666
0.7395833333333333
0.75
0.7708333333333333
0.7916666666666666
0.8333333333333333
0.8541666666666666
0.875
0.8958333333333333
0.90625
0.9166666666666666
0.921875
0.9270833333333333
0.9296875
0.9322916666666666
0.9348958333333333
0.9375
0.9427083333333333
0.9479166666666666
0.9583333333333333
0.96875
0.9791666666666666
0.984375
0.9895833333333333
0.9921875
0.9947916666666666
0.99609375
0.9973958333333333
0.9986979166666666
0.9990234375
0.9993489583333333
0.9996744791666666
0.9998372395833333
0.9999186197916666
0.9999593098958333
1.
0.
0.008789849463588965
0.012436105321422081
0.017602557268804695
0.024937120614241595
0.030595043122838863
0.03539022310684257
0.05040660543870174
0.06218487350507581
0.07233871863109692
0.10555140315544005
0.13378258338932264
0.16045979513889622
0.28149809132588616
0.32465648716706075
0.38095893350811305
0.45763100153555486
0.552744643660458
0.6503283522235463
0.7448992765072528
0.843089727052139
0.8981021581585324
0.9627465023844107
1.00219899735488
1.0516505776519829
1.083838033947061
1.127592169961921
1.142270072432951
1.159992172269444
1.1832731481892045
1.1906640490557527
1.1991288427090336
1.2091846096652088
1.2219080528331938
1.230038331945706
1.2404320738710024
1.2471678742211034
1.2559415556105877
1.2617812510545805
1.2697168451581675
1.2753682422592623
1.2840516671884177
1.2918695684805863
1.3073657371954615
1.3182958780328828
1.3242520480373616
1.3318099981912919
1.3370452165911553
1.3446248988076686
1.3503061834136352
1.3549553378939907
1.3685110393697777
1.378180816768212
1.38593424455194
1.4081693519032525
1.4165503487043392
1.4239034206536165
1.4472245996473967
1.4650919275017587
1.4928477484309715
1.514828301654609
1.5498625248371098
1.6027208739849619
1.6445870401112002
1.6806842507127535
1.7435121819632917
1.7998748901603083
1.907321160663596
1.9634479587814393
2.0254097051057824
2.0998794313799256
2.1468084375152676
2.2081726659612033
2.2503365748725437
2.3115276556434377
2.358992854452666
2.4292801170130605
2.503619943833463
2.5568571045542923
2.6282079154670654
2.679900571023478
2.761019696887978
2.8308280091188402
2.8994109057834048
2.936059948768268
2.9768803293019404
3.0002013505530147
3.0271271799429567
3.0428727886900053
3.0613181483874228
3.085056852765624
3.092680733368714
3.1016961268375245
3.113408483342266
3.1216754039921106
3.1275150001685654
3.1316412284140527
3.141592653589793
5.101409787410008
11.365533363425056
98
0.
0.0006510416666666666
0.0013020833333333333
0.0026041666666666665
0.005208333333333333
0.0078125
0.010416666666666666
0.020833333333333332
0.03125
0.041666666666666664
0.08333333333333333
0.125
0.16666666666666666
0.3333333333333333
0.41666666666666663
0.4583333333333333
0.5
0.5416666666666666
0.5833333333333333
0.625
0.6458333333333333
0.6666666666666666
0.6770833333333333
0.6875
0.6927083333333333
0.6979166666666666
0.7005208333333333
0.703125
0.7044270833333333
0.705078125
0.7054036458333333
0.7057291666666666
0.7058919270833333
0.7060546875
0.7061360677083333
0.7062174479166666
0.70623779296875
0.7062581380208333
0.7062784830729166
0.706298828125
0.7063039143880208
0.7063090006510416
0.7063191731770833
0.7063395182291666
0.70635986328125
0.7063802083333333
0.7064208984375
0.7064615885416666
0.70654296875
0.7067057291666666
0.7068684895833333
0.70703125
0.7076822916666666
0.7083333333333333
0.7096354166666666
0.7109375
0.7122395833333333
0.7135416666666666
0.71875
0.7239583333333333
0.7291666666666666
0.7395833333333333
0.75
0.7708333333333333
0.7916666666666666
0.8333333333333333
0.8541666666666666
0.875
0.8854166666666666
0.8958333333333333
0.9010416666666666
0.90625
0.9114583333333333
0.9140625
0.9166666666666666
0.9192708333333333
0.921875
0.9270833333333333
0.9322916666666666
0.9375
0.9479166666666666
0.9583333333333333
0.96875
0.9791666666666666
0.984375
0.9895833333333333
0.9921875
0.9947916666666666
0.99609375
0.9973958333333333
0.9986979166666666
0.9990234375
0.9993489583333333
0.9996744791666666
0.9998372395833333
0.9999186197916666
0.9999593098958333
1.
0.
0.008479938817176316
0.011997584455186748
0.01698171589779943
0.024057176322459028
0.02951493569632652
0.03414021829785163
0.04862256695407921
0.05997902689716555
0.0697664366037758
0.10175264541554484
0.1288864584711514
0.15444838969891636
0.26800107171149007
0.3550283782086405
0.4186589420538446
0.501409120481879
0.5969360766985222
0.6958012910561475
0.7993468904313286
0.8567339790219771
0.9231105363419696
0.9628034277819191
1.0111832715963591
1.0413988022353249
1.079735519164428
1.10479347981023
1.1386202214456147
1.163023397566606
1.179756057097377
1.190456607935721
1.204171429560118
1.2131096440328988
1.224892060075106
1.2329034840005793
1.2442721751959587
1.248232469552839
1.2531379887652532
1.2598505604938588
1.2721054574828317
1.2785963233693227
1.2889285123922083
1.3018484254770935
1.3125720755466377
1.3189145004591027
1.3236495579350183
1.3308128207084422
1.3363316899303257
1.3448678640790337
1.3571531395093241
1.3663559422568359
1.373897014860056
1.3959874397122156
1.411862710990771
1.4355782970731399
1.4538421584887191
1.4690664019436495
1.4823107607400023
1.5241060723068725
1.556312705369821
1.5834216200477413
1.6289721668846735
1.667777004937702
1.7349144108811096
1.7951957667116218
1.911910210685072
1.9749981738330888
2.0482140173797725
2.0924980264253645
2.147233435170387
2.181858229249201
2.225997742263311
2.29085416553043
2.341346411040846
2.41099415199968
2.4768446514894262
2.524506741357343
2.5902604969548175
2.638276866698583
2.677886923077898
2.7446171873681577
2.8035926964611835
2.8604572509698976
2.919810456713424
2.9524804966548763
2.9894194188931795
3.010723849768369
3.035461596986337
3.0499867853187825
3.067041406867734
3.089049394402726
3.096125187690757
3.104497222033273
3.115383423142399
3.1230671530715264
3.1284961117174377
3.132333480717987
3.141592653589793
5.203357225865597
11.189650080203664
83
0.
0.0006510416666666666
0.0013020833333333333
0.0026041666666666665
0.005208333333333333
0.0078125
0.010416666666666666
0.020833333333333332
0.03125
0.041666666666666664
0.08333333333333333
0.125
0.16666666666666666
0.3333333333333333
0.41666666666666663
0.5
0.5416666666666666
0.5833333333333333
0.625
0.6458333333333333
0.6666666666666666
0.6770833333333333
0.6875
0.6927083333333333
0.6979166666666666
0.703125
0.7057291666666666
0.70703125
0.7083333333333333
0.708984375
0.7096354166666666
0.7099609375
0.7102864583333333
0.7106119791666666
0.710693359375
0.7107747395833333
0.7109375
0.7112630208333333
0.7115885416666666
0.7119140625
0.7122395833333333
0.7135416666666666
0.71484375
0.7161458333333333
0.71875
0.7239583333333333
0.7291666666666666
0.7395833333333333
0.75
0.7708333333333333
0.7916666666666666
0.8333333333333333
0.8541666666666666
0.8645833333333333
0.875
0.8854166666666666
0.890625
0.8958333333333333
0.8984375
0.9010416666666666
0.9036458333333333
0.90625
0.9114583333333333
0.9166666666666666
0.9270833333333333
0.9375
0.9583333333333333
0.96875
0.9791666666666666
0.984375
0.9895833333333333
0.9921875
0.9947916666666666
0.9973958333333333
0.998046875
0.9986979166666666
0.9993489583333333
0.99951171875
0.9996744791666666
0.9998372395833333
0.9999186197916666
0.9999593098958333
1.
0.
0.008173600466600503
0.011564128899771105
0.0163680778690191
0.023187545677595924
0.028447612504481273
0.032905156902436526
0.046860710763347
0.057801779640358465
0.06722896197851023
0.09801561934485024
0.12408773961594656
0.14858663150419268
0.2555921415257096
0.33341653925643067
0.4580918209108159
0.5454709956010209
0.6441515988501916
0.7514269271292129
0.8107989685586339
0.8784175382848856
0.9179150896420899
0.9645064430687549
0.9923057860225043
1.0253607067429034
1.0682017243049353
1.0972136777795078
1.1156495320297246
1.1391671520485636
1.154422847616822
1.1743936842157823
1.187800257563303
1.2062265038066073
1.2396046663932236
1.255420609278219
1.2757139290085904
1.3057180817961773
1.3346830548949358
1.3519669237420748
1.3648554470382102
1.3753637025934915
1.4059053737345582
1.4277169265468739
1.4452748569165244
1.4734332731876738
1.5157694380233957
1.5488522379801193
1.6017443739602601
1.6453444063570613
1.7193322538179558
1.7852980598116812
1.914949679885879
1.9883975914655982
2.0310832293125025
2.0814935775167878
2.1474157572625985
2.1932065669684158
2.2615218962889156
2.316126456714963
2.389748556189245
2.4530709466326233
2.4976473074745176
2.5593861631010215
2.6045779039406636
2.674218179745084
2.7311430399361356
2.8315334282585014
2.881209538237359
2.934703806399922
2.9646568752005655
2.998840631781113
3.018676239495942
3.0417956482211066
3.0714132762327693
3.080898137364262
3.0921026993729708
3.1066449507041733
3.1113373052838136
3.116897504856217
3.1241364303714354
3.1292520404112407
3.1328679212857145
3.141592653589793
5.305304664321185
10.947863868670149
79
0.
0.0006510416666666666
0.0013020833333333333
0.0026041666666666665
0.005208333333333333
0.010416666666666666
0.020833333333333332
0.03125
0.041666666666666664
0.08333333333333333
0.125
0.16666666666666666
0.3333333333333333
0.41666666666666663
0.5
0.5416666666666666
0.5833333333333333
0.625
0.6458333333333333
0.6666666666666666
0.6875
0.6979166666666666
0.703125
0.7083333333333333
0.7109375
0.7135416666666666
0.7141927083333333
0.71484375
0.7161458333333333
0.7164713541666666
0.716796875
0.7171223958333333
0.7174479166666666
0.71875
0.7200520833333333
0.7213541666666666
0.7239583333333333
0.7291666666666666
0.734375
0.7395833333333333
0.75
0.7708333333333333
0.7916666666666666
0.8125
0.8333333333333333
0.8541666666666666
0.8645833333333333
0.8697916666666666
0.875
0.8776041666666666
0.8802083333333333
0.8828125
0.8841145833333333
0.8854166666666666
0.88671875
0.8880208333333333
0.890625
0.8958333333333333
0.9010416666666666
0.90625
0.9166666666666666
0.9375
0.9583333333333333
0.96875
0.9791666666666666
0.984375
0.9895833333333333
0.9921875
0.9947916666666666
0.9973958333333333
0.998046875
0.9986979166666666
0.9993489583333333
0.99951171875
0.9996744791666666
0.9998372395833333
0.9999186197916666
0.9999593098958333
1.
0.
0.00787234957809421
0.01113788738458761
0.01576469077759888
0.022332543254658534
0.031691162037260336
0.04512977443924846
0.05566389110765855
0.06473878250980417
0.09435817825164347
0.11940803573504383
0.14289787260517298
0.24413925272952797
0.31492355871698413
0.4229790601034869
0.49999767431389325
0.5933432557437696
0.7010499025581204
0.7615896733285288
0.8299476272377851
0.9139413422414516
0.9689282804626332
1.0035600051768996
1.0480553064138147
1.0776683493202488
1.1187176826470915
1.1326395622476546
1.1494418022065251
1.2027926896437606
1.2261591356534913
1.2556824681705143
1.2838648057945756
1.3054198502737193
1.3560387856847556
1.3860709939872082
1.4084506517426285
1.4424317842389902
1.4910713063560206
1.5279850452158945
1.5588679994742831
1.6106578631699664
1.694967809822041
1.7687154583104652
1.8401889456812022
1.915616274785616
2.004624283744148
2.0616160591736503
2.0969529459797167
2.141230466271059
2.1693975608657836
2.20510861232842
2.255472186386645
2.2906357109825985
2.333234744485213
2.3754105231336577
2.40998041446344
2.4599198674439484
2.5243172455406695
2.5696230175038246
2.6061848976919944
2.6660416166056096
2.762722249775237
2.850347472812088
2.8956304574403715
2.945285378659803
2.973383810563775
3.005643861959007
3.0244385635194684
3.0463997767522466
3.0746008900583046
3.083643897686533
3.0943335575544997
3.108214469177894
3.11269433882337
3.1180045427479026
3.124920017775969
3.1298066527100663
3.133260356909786
3.141592653589793
5.407252102776773
10.650173500720719
75
0.
0.0006510416666666666
0.0013020833333333333
0.0026041666666666665
0.005208333333333333
0.010416666666666666
0.020833333333333332
0.03125
0.041666666666666664
0.08333333333333333
0.125
0.16666666666666666
0.3333333333333333
0.41666666666666663
0.5
0.5833333333333333
0.625
0.6458333333333333
0.6666666666666666
0.6875
0.6979166666666666
0.7083333333333333
0.7135416666666666
0.7161458333333333
0.71875
0.7213541666666666
0.72265625
0.7239583333333333
0.7252604166666666
0.7265625
0.7291666666666666
0.7317708333333333
0.734375
0.7395833333333333
0.75
0.7604166666666666
0.7708333333333333
0.7916666666666666
0.8125
0.8333333333333333
0.84375
0.8541666666666666
0.859375
0.8645833333333333
0.8671875
0.8697916666666666
0.87109375
0.8723958333333333
0.8736979166666666
0.875
0.8776041666666666
0.8802083333333333
0.8854166666666666
0.890625
0.8958333333333333
0.90625
0.9166666666666666
0.9375
0.9583333333333333
0.96875
0.9791666666666666
0.984375
0.9895833333333333
0.9921875
0.9947916666666666
0.9973958333333333
0.998046875
0.9986979166666666
0.9993489583333333
0.99951171875
0.9996744791666666
0.9998372395833333
0.9999186197916666
0.9999593098958333
1.
0.
0.0075771036283968545
0.010720153688350375
0.015173376506294132
0.02149472667759221
0.030501846147309903
0.04343482120673172
0.05357147367651937
0.06230284919536157
0.09078931345720521
0.11485658023758644
0.13738902312061813
0.23350779977537975
0.2987406740182504
0.3943905125350124
0.5468401579577554
0.6507951228789675
0.7110561561697496
0.7792987298657229
0.8612877673129529
0.912168080497535
0.9773320504891707
1.0211868051350659
1.048988478435482
1.084292817361758
1.1355762232283388
1.1753420332671016
1.2334924060754204
1.2919478364428962
1.3320472699734165
1.3837654536329589
1.4194240303920664
1.4475741244813454
1.4921825298451536
1.5592245342411144
1.6126312002214596
1.6593416953050155
1.7434911660972645
1.824691677753494
1.9124511422270618
1.9635034359538257
2.0255059593041143
2.0646507926407613
2.1155549243172804
2.1500699034670534
2.1987674720371055
2.234639485445361
2.2848102711035083
2.3402245865542266
2.381848783735972
2.435576890759932
2.471985823062365
2.524210676397731
2.563649516939699
2.5965170437912883
2.6515135569012203
2.698596293715563
2.7821547633942756
2.8625527198326495
2.9051188175410885
2.9523157666374686
2.979203512398462
3.0101948866625303
3.028298106985857
3.0494869016286836
3.0767403668610966
3.085487941965816
3.095831189044711
3.109268471294677
3.113606093848056
3.118747655739422
3.1254441862314355
3.130176651764897
3.1335216643971617
3.141592653589793
5.543182020717557
10.185497027559805
72
0.
0.0006510416666666666
0.0013020833333333333
0.0026041666666666665
0.005208333333333333
0.010416666666666666
0.020833333333333332
0.03125
0.041666666666666664
0.08333333333333333
0.125
0.16666666666666666
0.3333333333333333
0.41666666666666663
0.5
0.5833333333333333
0.625
0.6666666666666666
0.6875
0.6979166666666666
0.7083333333333333
0.71875
0.7239583333333333
0.7291666666666666
0.7317708333333333
0.734375
0.7369791666666666
0.7395833333333333
0.7447916666666666
0.75
0.7604166666666666
0.7708333333333333
0.7916666666666666
0.8125
0.8229166666666666
0.8333333333333333
0.84375
0.8489583333333333
0.8515625
0.8541666666666666
0.8567708333333333
0.8580729166666666
0.859375
0.8600260416666666
0.8606770833333333
0.861328125
0.8619791666666666
0.86328125
0.8645833333333333
0.8671875
0.8697916666666666
0.875
0.8854166666666666
0.8958333333333333
0.9166666666666666
0.9375
0.9583333333333333
0.96875
0.9791666666666666
0.984375
0.9895833333333333
0.9921875
0.9947916666666666
0.9973958333333333
0.998046875
0.9986979166666666
0.9993489583333333
0.9996744791666666
0.9998372395833333
0.9999186197916666
0.9999593098958333
1.
0.
0.007193783103265535
0.010177821727729524
0.014405732547975674
0.020407200933225546
0.028958373996661922
0.041236143291480655
0.050858541748820124
0.059146172354801
0.08617582058654609
0.10899175677069739
0.13032071590411812
0.22039915044076505
0.27980835209824007
0.3634652413369459
0.4944559019419754
0.5887199154856186
0.7117735921394832
0.7905001055733625
0.8375084069288117
0.8932977308519007
0.9654321901569927
1.014008095535417
1.0818808858400637
1.130833234414444
1.1963149897925656
1.2667119801905795
1.3219983502795856
1.3968232873052744
1.4492210872188902
1.526947447424087
1.588368367940146
1.6921651313924484
1.7895988855884635
1.8409470419695038
1.8977634716966936
1.9663223933881828
2.0100076229230326
2.036592626340458
2.068918356252003
2.1125304990675007
2.1437534240065563
2.192373126932253
2.2333658921618618
2.284658243469334
2.3223665320517917
2.348049289258041
2.3833035129914193
2.4085867520315376
2.4459277393504664
2.474397061501956
2.518556466033557
2.583685133636471
2.6348586259890703
2.71962205743949
2.7951907549953603
2.8707461839768174
2.9114508975567626
2.956968117663609
2.9830354233769083
3.013175161913982
3.0308183415846233
3.0514974176519227
3.07812974897434
3.0866841234899014
3.0968021515044293
3.109951087100023
3.119228821898668
3.1257836450538696
3.1304162978539734
3.1336909263328265
3.141592653589793
5.679111938658341
9.667864968568338
76
0.
0.0013020833333333333
0.0026041666666666665
0.005208333333333333
0.010416666666666666
0.020833333333333332
0.03125
0.041666666666666664
0.08333333333333333
0.125
0.16666666666666666
0.25
0.3333333333333333
0.41666666666666663
0.5
0.5833333333333333
0.625
0.6666666666666666
0.6875
0.7083333333333333
0.71875
0.7291666666666666
0.7395833333333333
0.7447916666666666
0.75
0.7552083333333333
0.7604166666666666
0.7708333333333333
0.78125
0.7916666666666666
0.8125
0.8229166666666666
0.8333333333333333
0.8385416666666666
0.84375
0.8463541666666666
0.8489583333333333
0.8502604166666666
0.8515625
0.8522135416666666
0.8528645833333333
0.8531901041666666
0.8533528645833333
0.853515625
0.8536783854166666
0.8538411458333333
0.8541666666666666
0.8544921875
0.8548177083333333
0.85546875
0.8567708333333333
0.859375
0.8619791666666666
0.8645833333333333
0.8697916666666666
0.875
0.8854166666666666
0.8958333333333333
0.9166666666666666
0.9375
0.9583333333333333
0.96875
0.9791666666666666
0.984375
0.9895833333333333
0.9921875
0.9947916666666666
0.9973958333333333
0.998046875
0.9986979166666666
0.9993489583333333
0.9996744791666666
0.9998372395833333
0.9999186197916666
0.9999593098958333
1.
0.
0.009653608601659786
0.01366377014036188
0.01935616901868687
0.027466980865950955
0.03911250747418181
0.04823933003381244
0.05609995356735693
0.08173353412741054
0.10336083723444664
0.12356022281704954
0.16378589535667318
0.20829450247098835
0.26309474348638356
0.3381045573831243
0.4524563488878896
0.5357596929335727
0.6486919680356783
0.7224611841771871
0.8161413479712613
0.8760120648955012
0.9528761127162124
1.0670491785942708
1.1522992896162694
1.2485567092098708
1.327915346225673
1.3886202063293867
1.4798066590939796
1.5516119259561154
1.614569973613058
1.7321561805219454
1.7933788070772714
1.8623025893726854
1.9028031091951423
1.9515345118426708
1.9815958773416074
2.0192006717379716
2.043303678343748
2.0747892115763453
2.0961473455965485
2.126592155978206
2.150530570844166
2.168496610950607
2.19672026818843
2.2352813404361727
2.261172806999499
2.2902742235303686
2.3088119571352537
2.3228902889938583
2.3443809905240163
2.3749068499942765
2.4162247797749803
2.446381927854013
2.4709639519897797
2.510919000808967
2.5437597870623065
2.598052767837096
2.643912683903527
2.7235061018541398
2.796700461130255
2.8710658631843864
2.911440820816133
2.9567651996277933
2.982785889571833
3.0129159159949785
3.0305713369236176
3.0512775645634487
3.077961892990437
3.086536713026445
3.0966797870810994
3.10986303980224
3.119166211100717
3.1257385549115178
3.130383999702198
3.1336678811126895
3.141592653589793
5.815041856599126
9.121910778904459
93
0.
0.0013020833333333333
0.0026041666666666665
0.005208333333333333
0.010416666666666666
0.020833333333333332
0.03125
0.041666666666666664
0.08333333333333333
0.125
0.16666666666666666
0.25
0.3333333333333333
0.41666666666666663
0.5
0.5833333333333333
0.625
0.6666666666666666
0.6875
0.7083333333333333
0.7291666666666666
0.7395833333333333
0.75
0.7604166666666666
0.765625
0.7708333333333333
0.78125
0.7916666666666666
0.8125
0.8229166666666666
0.8333333333333333
0.8385416666666666
0.84375
0.8463541666666666
0.8489583333333333
0.849609375
0.8502604166666666
0.8509114583333333
0.8515625
0.8518880208333333
0.85205078125
0.8521321614583333
0.8522135416666666
0.85223388671875
0.8522542317708333
0.8522745768229166
0.8522796630859375
0.8522847493489583
0.852294921875
0.8523000081380208
0.8523050944010416
0.8523152669270833
0.852325439453125
0.8523356119791666
0.85235595703125
0.8523763020833333
0.8524169921875
0.8524576822916666
0.8524983723958333
0.8525390625
0.8527018229166666
0.8528645833333333
0.8531901041666666
0.853515625
0.8538411458333333
0.8541666666666666
0.85546875
0.8567708333333333
0.859375
0.8645833333333333
0.8697916666666666
0.875
0.8854166666666666
0.8958333333333333
0.9166666666666666
0.9375
0.9583333333333333
0.96875
0.9791666666666666
0.984375
0.9895833333333333
0.9921875
0.9947916666666666
0.9973958333333333
0.998046875
0.9986979166666666
0.9993489583333333
0.99951171875
0.9996744791666666
0.9998372395833333
0.9999186197916666
0.9999593098958333
1.
0.
0.009149005606018433
0.012949581403689327
0.0183445350525354
0.026031696977904095
0.037069362380990616
0.04572016839042047
0.053171065999946386
0.07746909419664288
0.09796667043357701
0.11710203332014386
0.1551441339876925
0.19702269890576368
0.24802224657829608
0.31646142679253675
0.4183025098375442
0.49199312148083973
0.5932538304027694
0.6604808369059502
0.7455387717425932
0.8608996848258026
0.939803318996308
1.0461033399591766
1.1869611440736016
1.2578161483834385
1.3202840800193871
1.4219138646283427
1.5044499273493765
1.6473577087828144
1.7182935387884213
1.7967068209403136
1.8425214727402848
1.897991522932589
1.9328678095689609
1.9783057678726697
1.99285992632368
2.0097830656468165
2.0305410310013965
2.058977914549946
2.0801099498447644
2.0952701671552894
2.1055521770770365
2.12014329073767
2.1252568358052675
2.131665763431478
2.1407239108840774
2.1438572539712295
2.1477095943314324
2.1617253862873413
2.1832173372977066
2.192836345169895
2.2020715919157445
2.2078674671383784
2.212281016683679
2.2190452360045
2.2243032133081373
2.2324769118687566
2.2388964799682056
2.244275392034782
2.248952975553823
2.2635756615551115
2.2745938197196307
2.291419058832569
2.3044995741098147
2.315414999124037
2.324892707273843
2.354534748290862
2.376961929524994
2.411502613373069
2.4616489359164744
2.5000227328998
2.532226346901801
2.5862925503104495
2.6324699906531603
2.713251603039843
2.787944850363901
2.8640486245024883
2.905422832497916
2.9518997451141566
2.9785928504010117
3.009508783262652
3.0276282691399876
3.0488802366471046
3.076270630440708
3.08507323098989
3.095486378978677
3.109018588751864
3.1133893889010666
3.1185712679000703
3.1253200406478405
3.130089156465291
3.133459940038981
3.141592653589793
5.95097177453991
8.568125716951364
82
0.
0.0013020833333333333
0.0026041666666666665
0.005208333333333333
0.010416666666666666
0.015625
0.020833333333333332
0.041666666666666664
0.0625
0.08333333333333333
0.16666666666666666
0.25
0.3333333333333333
0.41666666666666663
0.5
0.5833333333333333
0.625
0.6666666666666666
0.7083333333333333
0.7291666666666666
0.75
0.7604166666666666
0.7708333333333333
0.78125
0.7916666666666666
0.8125
0.8229166666666666
0.8333333333333333
0.8385416666666666
0.84375
0.8463541666666666
0.8489583333333333
0.8515625
0.8528645833333333
0.853515625
0.8541666666666666
0.8544921875
0.8548177083333333
0.85498046875
0.8551432291666666
0.8553059895833333
0.8553873697916666
0.85546875
0.8555094401041666
0.8555501302083333
0.8555908203125
0.8556315104166666
0.855712890625
0.8557942708333333
0.85595703125
0.8561197916666666
0.8564453125
0.8567708333333333
0.857421875
0.8580729166666666
0.8587239583333333
0.859375
0.8619791666666666
0.8645833333333333
0.8697916666666666
0.875
0.8854166666666666
0.8958333333333333
0.9166666666666666
0.9375
0.9583333333333333
0.96875
0.9791666666666666
0.984375
0.9895833333333333
0.9921875
0.9947916666666666
0.9973958333333333
0.998046875
0.9986979166666666
0.9993489583333333
0.99951171875
0.9996744791666666
0.9998372395833333
0.9999186197916666
0.9999593098958333
1.
0.
0.00866548451063667
0.01226525302098732
0.017375243042928576
0.024656618901695418
0.030302502277191844
0.0351123052104882
0.050366849657677924
0.06259933176639428
0.0733906895145276
0.11094697206823545
0.14695961111867495
0.18647221362027486
0.23422685845225813
0.29741942999379134
0.3896435734510185
0.45555470431157075
0.5459467428572512
0.6823938493897552
0.7831049941423218
0.9257636284504982
1.0228986551040287
1.1387006291358277
1.2566626025479606
1.3606929713273077
1.5340320084913108
1.6147899803015544
1.6998481948219377
1.7471576957909511
1.801223588299005
1.8326919511592377
1.869385841110329
1.915722079513849
1.9461868485263474
1.9650510887498518
1.9883717586906926
2.002892598809551
2.020888469261984
2.0320812439494667
2.0458742825245464
2.064657858411892
2.078086287829349
2.0987845789238935
2.116490140133139
2.142584728144886
2.1626755355011973
2.175408239595168
2.1920477725875513
2.2036136636599055
2.220295005664648
2.2327244913175703
2.251494743523432
2.2659478224560936
2.2882894679815076
2.3057887745605146
2.320457459481541
2.3332303719814353
2.3733651537221316
2.4039378561069014
2.451455887664357
2.4893247759330115
2.5506000822798334
2.6015736436217205
2.689063845609215
2.7688624102319923
2.849549968530072
2.8932465480319243
2.9422330780859722
2.9703308608332084
3.0028479990372787
3.0218948389124316
3.044227250105775
3.0730000684571555
3.08224430228194
3.0931794344061405
3.107390658644826
3.1119796024451243
3.1174190696620685
3.124503275483878
3.1295099734859995
3.1330493982132475
3.141592653589793
6.086901692480694
8.021933536866957
68
0.
0.0013020833333333333
0.0026041666666666665
0.005208333333333333
0.010416666666666666
0.020833333333333332
0.03125
0.041666666666666664
0.08333333333333333
0.125
0.16666666666666666
0.3333333333333333
0.41666666666666663
0.5
0.5833333333333333
0.625
0.6666666666666666
0.7083333333333333
0.75
0.7708333333333333
0.7916666666666666
0.8125
0.8229166666666666
0.8333333333333333
0.84375
0.8489583333333333
0.8541666666666666
0.85546875
0.8567708333333333
0.8580729166666666
0.859375
0.8600260416666666
0.8606770833333333
0.861328125
0.8616536458333333
0.8619791666666666
0.8623046875
0.8626302083333333
0.86328125
0.8639322916666666
0.8645833333333333
0.8658854166666666
0.8671875
0.8684895833333333
0.8697916666666666
0.875
0.8802083333333333
0.8854166666666666
0.8958333333333333
0.9166666666666666
0.9375
0.9583333333333333
0.96875
0.9791666666666666
0.984375
0.9895833333333333
0.9921875
0.9947916666666666
0.99609375
0.9973958333333333
0.9986979166666666
0.9990234375
0.9993489583333333
0.9996744791666666
0.9998372395833333
0.9999186197916666
0.9999593098958333
1.
0.
0.00820428270794446
0.011612518199014293
0.016450732109901868
0.023345154437014928
0.03324606347388316
0.04100749208965603
0.04769360975526642
0.0695058932781529
0.08791398796989282
0.10509853124086559
0.17657337041517107
0.22148142391587672
0.2803017265989623
0.3648367628767781
0.4244781126688718
0.5055519449657903
0.6269602223624825
0.8345171139315852
0.9987773721140722
1.2027629334054628
1.3973452948955005
1.4875184229944127
1.5784266953572121
1.6780234516982044
1.736277725454232
1.8078308404072818
1.8296507995271138
1.8542193587280633
1.8828880039380882
1.918442406469999
1.9407290102281824
1.9685343441262069
2.0071878629436863
2.0350022028763664
2.07349104796961
2.118462738533223
2.153574451355145
2.1976175130444817
2.2263226670990326
2.2481275926253907
2.281323973376349
2.3069871511601816
2.3283266557088957
2.3468259819065747
2.4047562399084974
2.4489958895874664
2.486052925060071
2.548186900941849
2.6493465992802103
2.7384432553534586
2.826900116943379
2.874376409812986
2.927356476661928
2.957657067259162
2.992660175612954
3.0131389239824484
3.0371315664975915
3.051306167662559
3.0680187483188925
3.0896708989634085
3.096648161900118
3.1049131194719726
3.115672028490766
3.1232718445968017
3.1286417985550568
3.132436970271914
3.141592653589793
6.222831610421478
7.4938055232051015
59
0.
0.0013020833333333333
0.0026041666666666665
0.005208333333333333
0.010416666666666666
0.020833333333333332
0.03125
0.041666666666666664
0.08333333333333333
0.125
0.16666666666666666
0.3333333333333333
0.41666666666666663
0.5
0.5833333333333333
0.625
0.6666666666666666
0.7083333333333333
0.75
0.7708333333333333
0.7916666666666666
0.8125
0.8333333333333333
0.84375
0.8541666666666666
0.859375
0.8619791666666666
0.8645833333333333
0.8671875
0.8684895833333333
0.8697916666666666
0.87109375
0.8723958333333333
0.875
0.8776041666666666
0.8802083333333333
0.8854166666666666
0.890625
0.8958333333333333
0.90625
0.9166666666666666
0.9375
0.9583333333333333
0.96875
0.9791666666666666
0.984375
0.9895833333333333
0.9921875
0.9947916666666666
0.99609375
0.9973958333333333
0.9986979166666666
0.9990234375
0.9993489583333333
0.9996744791666666
0.9998372395833333
0.9999186197916666
0.9999593098958333
1.
0.
0.007766089418384311
0.010992359322981043
0.01557238503815233
0.02209923081830425
0.03147328212912807
0.03882275466287503
0.04515486951864912
0.06581873556087471
0.08326550450527333
0.09955769844500313
0.16727833008473236
0.2096384701094583
0.2646879518073556
0.3428202655271253
0.3972813802924869
0.4704903183525732
0.5784943831357338
0.7579955535637178
0.8929653668768988
1.0632413018618458
1.252358040072478
1.4417968843681321
1.541110315131197
1.6542916876755838
1.7235306532624526
1.764812123799908
1.8142226185065853
1.8792395942080984
1.923685140786479
1.9845973403349755
2.066561370710531
2.1386741863884797
2.223922786541116
2.276769242752823
2.3164214431134966
2.376887600412249
2.4242556616876034
2.4643809109956396
2.5322629625600857
2.5907534992034624
2.6948393804549307
2.7949857862748684
2.8479553295412505
2.906637781302551
2.9400468639578228
2.9785377302139535
3.001012745329691
3.027315096435308
3.04283894873866
3.0611356290381035
3.084822580908374
3.09245329864808
3.1014930731374073
3.1132586520072976
3.121567798614613
3.127438086374377
3.1315864309073276
3.141592653589793
6.358761528362263
6.990026718999623
56
0.
0.0013020833333333333
0.0026041666666666665
0.005208333333333333
0.010416666666666666
0.020833333333333332
0.03125
0.041666666666666664
0.08333333333333333
0.125
0.16666666666666666
0.3333333333333333
0.41666666666666663
0.5
0.5833333333333333
0.625
0.6666666666666666
0.7083333333333333
0.75
0.7708333333333333
0.7916666666666666
0.8125
0.8333333333333333
0.84375
0.8541666666666666
0.8645833333333333
0.8697916666666666
0.875
0.8776041666666666
0.8802083333333333
0.8828125
0.8841145833333333
0.8854166666666666
0.890625
0.8958333333333333
0.90625
0.9166666666666666
0.9375
0.9583333333333333
0.96875
0.9791666666666666
0.984375
0.9895833333333333
0.9921875
0.9947916666666666
0.99609375
0.9973958333333333
0.9986979166666666
0.9990234375
0.9993489583333333
0.9996744791666666
0.9998372395833333
0.9999186197916666
0.9999593098958333
0.9999796549479166
1.
0.
0.007350949135801942
0.010404829044896736
0.014740263156320446
0.02091893823005698
0.029794025279789475
0.03675346016874338
0.042750512393605444
0.06232836308297093
0.07886772455477276
0.09431971006209298
0.1585463936624222
0.19859152238429034
0.2503018138092667
0.32291246001324747
0.37295830949839975
0.4394475578569835
0.5357991916057712
0.6917865258525102
0.8061271199962924
0.9492279100958568
1.1174519147166504
1.3015153151842733
1.3992577638120114
1.5051968767017072
1.6300634044731317
1.708622304129634
1.8134380407345594
1.887037898453092
1.9849983155423894
2.087738937577393
2.129281375265017
2.164143770796897
2.263477824408517
2.331447586016309
2.4305844014941425
2.5076505853958344
2.6353685079084324
2.7523272819931517
2.812880619658533
2.8792854311375162
2.916854174612942
2.9599763900792637
2.9850941738069783
3.014438253382769
3.031740244257447
3.052113374598255
3.078471845303777
3.086960186192099
3.0970121497641854
3.11008784822481
3.1193221882855897
3.125848407641907
3.1304614645385436
3.1337225508037534
3.141592653589793
6.494691446303047
6.513693765030962
54
0.
0.0026041666666666665
0.005208333333333333
0.010416666666666666
0.020833333333333332
0.03125
0.041666666666666664
0.08333333333333333
0.125
0.16666666666666666
0.3333333333333333
0.41666666666666663
0.5
0.5833333333333333
0.625
0.6666666666666666
0.7083333333333333
0.75
0.7916666666666666
0.8125
0.8333333333333333
0.8541666666666666
0.8645833333333333
0.875
0.8802083333333333
0.8854166666666666
0.8880208333333333
0.890625
0.8932291666666666
0.8958333333333333
0.9010416666666666
0.90625
0.9166666666666666
0.9270833333333333
0.9375
0.9583333333333333
0.96875
0.9791666666666666
0.984375
0.9895833333333333
0.9921875
0.9947916666666666
0.99609375
0.9973958333333333
0.9986979166666666
0.9990234375
0.9993489583333333
0.9996744791666666
0.999755859375
0.9998372395833333
0.9999186197916666
0.9999593098958333
0.9999796549479166
1.
0.
0.00984909004522665
0.013953180741870075
0.019802560639747106
0.028205809156532202
0.03479648737971429
0.04047682851669437
0.05902881782963306
0.07471219157506193
0.08937300243988022
0.15033574693186053
0.18825273258328162
0.23694571195495495
0.30466128741190057
0.3508384437691174
0.4114768310808905
0.49772997450554435
0.6337511897041511
0.8540910865255315
1.0003022941924062
1.1687509868755674
1.3609345506715034
1.472196144859391
1.6065354314814226
1.6915644275664556
1.801218702558508
1.8705531419144998
1.9492467277159577
2.0281013297746395
2.0968355550874236
2.201012691903661
2.2772785093646255
2.3906569434932936
2.479375693784416
2.556444173203192
2.6971684927345545
2.767896127764714
2.8444268194174285
2.8873753816050773
2.9364416198421655
2.964931103131202
2.998147163604519
3.0177043058558666
3.0407106518650515
3.0704506557987843
3.0800215686046486
3.0913532233859624
3.1060916108762218
3.1108526554502824
3.1164977172674146
3.1238516674761074
3.1290497870157292
3.1327244594704546
3.141592653589793
6.698586323214224
5.852192886461436
49
0.
0.0026041666666666665
0.005208333333333333
0.010416666666666666
0.020833333333333332
0.03125
0.041666666666666664
0.08333333333333333
0.125
0.16666666666666666
0.3333333333333333
0.5
0.5833333333333333
0.625
0.6666666666666666
0.7083333333333333
0.75
0.7916666666666666
0.8333333333333333
0.8541666666666666
0.875
0.8854166666666666
0.8958333333333333
0.9010416666666666
0.90625
0.9114583333333333
0.9166666666666666
0.9270833333333333
0.9375
0.9583333333333333
0.96875
0.9791666666666666
0.984375
0.9895833333333333
0.9921875
0.9947916666666666
0.99609375
0.9973958333333333
0.998046875
0.9986979166666666
0.9993489583333333
0.99951171875
0.9996744791666666
0.9998372395833333
0.9999186197916666
0.9999593098958333
0.9999796549479166
0.9999898274739583
1.
0.
0.00907171652652223
0.012852215972489315
0.01824101304254216
0.02598436757796647
0.032059399240414684
0.03729694670949334
0.054415333710800665
0.06890370953701225
0.08246144988563647
0.13890005980059514
0.2185166928416642
0.2797285290594296
0.32083715984288436
0.373913159247737
0.44739095157207187
0.5589121895303473
0.7358311207578507
0.9953316987693177
1.1625893595736938
1.3685266770281261
1.498025018109466
1.6648707957791582
1.7716016410901596
1.8935177603667548
2.013609826595606
2.115955845038549
2.271799051301057
2.3909927439549725
2.586670561964977
2.678951117655308
2.776170316441612
2.8298824725468807
2.890702284025376
2.925806064812893
2.9665825328295568
2.990528605595613
3.0186500227002497
3.0352935160341414
3.0549381549748116
3.080417544191836
3.088634130507277
3.0983685479263157
3.1110424695059216
3.1199973347777354
3.126325914235203
3.1307991655081624
3.1339613678065965
3.141592653589793
7.004428638580988
4.972864702626708
48
0.
0.0026041666666666665
0.005208333333333333
0.010416666666666666
0.020833333333333332
0.03125
0.041666666666666664
0.08333333333333333
0.125
0.16666666666666666
0.3333333333333333
0.5
0.5833333333333333
0.6666666666666666
0.7083333333333333
0.75
0.7916666666666666
0.8333333333333333
0.8541666666666666
0.875
0.8958333333333333
0.90625
0.9166666666666666
0.9270833333333333
0.9375
0.9479166666666666
0.9583333333333333
0.96875
0.9791666666666666
0.984375
0.9895833333333333
0.9921875
0.9947916666666666
0.99609375
0.9973958333333333
0.998046875
0.9986979166666666
0.9990234375
0.9993489583333333
0.9996744791666666
0.999755859375
0.9998372395833333
0.9999186197916666
0.9999593098958333
0.9999796549479166
0.9999898274739583
0.9999949137369791
1.
0.
0.008019393747202574
0.011361843158713069
0.016127141090026775
0.022977159860436268
0.02835412158016211
0.03299220530105009
0.048169808477615275
0.06104061925494943
0.07310573323486014
0.12343721516084867
0.19375066700547922
0.24653605010446075
0.3249721736173376
0.38337278947723297
0.46756911384639827
0.5968998249265253
0.7910547411552078
0.9196263948559109
1.0795662947296303
1.289283334310795
1.4247007838620311
1.5921546453693458
1.7950249621993806
2.004150579593659
2.1863831503020505
2.34342667042932
2.487786898109128
2.6321266553952243
2.709458791272685
2.79552901959895
2.8446439345951666
2.9012931757376252
2.9343921189715285
2.973142539765831
2.996022020884187
3.022981752851168
3.038980637707393
3.057899670182475
3.0824733331281067
3.0904076066495305
3.0998135513591207
3.1120626133358016
3.120717874174709
3.126835007842346
3.1311589470270644
3.134215670860966
3.141592653589793
7.310270953947752
4.211880971259544
45
0.
0.005208333333333333
0.010416666666666666
0.020833333333333332
0.041666666666666664
0.08333333333333333
0.125
0.16666666666666666
0.3333333333333333
0.5
0.5833333333333333
0.6666666666666666
0.7083333333333333
0.75
0.7916666666666666
0.8333333333333333
0.8541666666666666
0.875
0.8958333333333333
0.9166666666666666
0.9270833333333333
0.9375
0.9583333333333333
0.96875
0.9791666666666666
0.984375
0.9895833333333333
0.9921875
0.9947916666666666
0.99609375
0.9973958333333333
0.998046875
0.9986979166666666
0.9990234375
0.9993489583333333
0.99951171875
0.9996744791666666
0.9998372395833333
0.9998779296875
0.9999186197916666
0.9999593098958333
0.9999796549479166
0.9999898274739583
0.9999949137369791
1.
0.
0.010038240743202033
0.014249692808937356
0.020305967166963906
0.02916749974402653
0.04261781910812297
0.0540468223139601
0.06477946231209893
0.10964242656742917
0.17170215189124885
0.217250027679168
0.2828591280160469
0.3298338096341005
0.39476595603394743
0.49099622788465963
0.6370970418055122
0.7355738723626509
0.8582773170544057
1.017866832821738
1.2389611537288707
1.3857641713771405
1.5651861353259882
1.997159305588129
2.21394118437752
2.427922183433515
2.539906649497171
2.662466214553222
2.731561437179266
2.8106311357350995
2.856575024311577
2.9101564433105365
2.9417105375873165
2.9788296809915398
3.000824517205544
3.026812503229115
3.0422567001739713
3.060537277220725
3.0843187367814213
3.0920033578266386
3.101114162503923
3.112980158326953
3.1213656166705244
3.127292502182221
3.131482180388718
3.141592653589793
7.718060707770105
3.3489471298472693
45
0.
0.005208333333333333
0.010416666666666666
0.020833333333333332
0.041666666666666664
0.08333333333333333
0.125
0.16666666666666666
0.3333333333333333
0.5
0.5833333333333333
0.6666666666666666
0.75
0.7916666666666666
0.8333333333333333
0.875
0.8958333333333333
0.9166666666666666
0.9375
0.9583333333333333
0.96875
0.9791666666666666
0.984375
0.9895833333333333
0.9921875
0.9947916666666666
0.99609375
0.9973958333333333
0.998046875
0.9986979166666666
0.9990234375
0.9993489583333333
0.99951171875
0.9996744791666666
0.999755859375
0.9998372395833333
0.9999186197916666
0.99993896484375
0.9999593098958333
0.9999796549479166
0.9999898274739583
0.9999949137369791
0.9999974568684895
0.9999987284342448
1.
0.
0.008492728314280646
0.012057218340086528
0.017185811068633098
0.024697760700875822
0.03612281973389488
0.045856134885150536
0.05501689706310445
0.0933899359402861
0.1457755390865663
0.1831942322512544
0.23527045320724366
0.3185040202358145
0.38569518008377923
0.48675080779227065
0.6434951975468982
0.7563880638782075
0.9110601273778176
1.140660705529463
1.5062431951273283
1.7595490976668822
2.058472488930502
2.22595983797787
2.41247789914879
2.518060249082958
2.63881615257554
2.7088752345971514
2.7904560558936926
2.8384352922119365
2.8948199998778343
2.9282105615394163
2.967635961106407
2.991054614216595
3.018769802488675
3.035265877353618
3.0548102189546964
3.0802501604672052
3.0884738447529596
3.0982265050856097
3.1109329236075607
3.119915332878037
3.1262656636920805
3.1307554301923606
3.1339298769086708
3.141592653589793
8.261780379533242
2.41999612884698
48
0.
0.010416666666666666
0.020833333333333332
0.041666666666666664
0.08333333333333333
0.125
0.16666666666666666
0.3333333333333333
0.5
0.5833333333333333
0.6666666666666666
0.75
0.7916666666666666
0.8333333333333333
0.875
0.8958333333333333
0.9166666666666666
0.9375
0.9479166666666666
0.9583333333333333
0.96875
0.9791666666666666
0.984375
0.9895833333333333
0.9921875
0.9947916666666666
0.99609375
0.9973958333333333
0.998046875
0.9986979166666666
0.9990234375
0.9993489583333333
0.99951171875
0.9996744791666666
0.999755859375
0.9998372395833333
0.9998779296875
0.9999186197916666
0.99993896484375
0.9999593098958333
0.9999796549479166
0.9999847412109375
0.9999898274739583
0.9999949137369791
0.9999974568684895
0.9999987284342448
0.9999993642171223
1.
0.
0.009601748305984776
0.013690114173549615
0.019686339021815838
0.0288295296697688
0.03664401859902848
0.044018773494845696
0.07497447566301142
0.11656345954357675
0.14541138420101762
0.18421615779778278
0.24266860797339726
0.286972054648919
0.3513633005623447
0.4520596823193586
0.5254958632710564
0.6256001220200992
0.77379056081444
0.8802085804380133
1.023317161132322
1.2238227927832208
1.5164015613686437
1.715085259169869
1.9666417918653685
2.1215729168314654
2.307787152731825
2.419412299667216
2.55203858162362
2.6311228808440896
2.7249048153609707
2.780786360056639
2.847046292805821
2.8865314742935784
2.933356103519802
2.9612633955228653
2.9943618369400244
3.0140902144795247
3.037489808574398
3.0514379438492845
3.0679825308008235
3.089543255348965
3.096516781788946
3.1047885804839646
3.1155684485840474
3.123190864083376
3.128580674606792
3.132391820594342
3.141592653589793
8.805500051296379
1.7040297940049338
52
0.
0.010416666666666666
0.020833333333333332
0.041666666666666664
0.08333333333333333
0.16666666666666666
0.3333333333333333
0.5
0.5833333333333333
0.6666666666666666
0.75
0.7916666666666666
0.8333333333333333
0.875
0.8958333333333333
0.9166666666666666
0.9375
0.9479166666666666
0.9583333333333333
0.96875
0.9739583333333333
0.9791666666666666
0.984375
0.9869791666666666
0.9895833333333333
0.9921875
0.9947916666666666
0.99609375
0.9973958333333333
0.998046875
0.9986979166666666
0.9990234375
0.9993489583333333
0.99951171875
0.9996744791666666
0.999755859375
0.9998372395833333
0.9998779296875
0.9999186197916666
0.99993896484375
0.9999593098958333
0.999969482421875
0.9999796549479166
0.9999898274739583
0.9999923706054688
0.9999949137369791
0.9999974568684895
0.9999987284342448
0.9999993642171223
0.9999996821085612
0.9999998410542805
1.
0.
0.00759552352922535
0.010832746020242616
0.015586439395393158
0.022852080934340817
0.03497182905449362
0.059742976869283704
0.09258764066285448
0.11487191660933578
0.14414547357905239
0.18657388973104994
0.2174057988567955
0.26075714021876767
0.3275111439670926
0.37650991146996393
0.4436454639989158
0.5428414376741094
0.6141206603627866
0.7112452409589607
0.8526939756991276
0.9508581566515625
1.0780673434354275
1.2496681459108978
1.3605287794672694
1.496080282914425
1.667164606147636
1.8941464138969704
2.0414036689888375
2.2266064265326864
2.3418433238092207
2.4825487020476453
2.568210316470351
2.671272949448953
2.7333505059841356
2.8075003126172553
2.8519297470124783
2.9048124952306686
2.936419681571851
2.9739739270901877
2.9963880131110803
3.022999346672601
3.038873441976956
3.057710107789097
3.0822671129039043
3.090211970228125
3.09963734474755
3.1119228601163598
3.1206114857770224
3.1267559995154746
3.1311011907845074
3.1341738870167473
3.141592653589793
9.621079558941084
0.9566552858752474
53
0.
0.020833333333333332
0.041666666666666664
0.08333333333333333
0.16666666666666666
0.3333333333333333
0.5
0.6666666666666666
0.75
0.8333333333333333
0.875
0.8958333333333333
0.9166666666666666
0.9375
0.9479166666666666
0.9583333333333333
0.96875
0.9739583333333333
0.9791666666666666
0.984375
0.9869791666666666
0.9895833333333333
0.9921875
0.9934895833333333
0.9947916666666666
0.99609375
0.9973958333333333
0.998046875
0.9986979166666666
0.9990234375
0.9993489583333333
0.99951171875
0.9996744791666666
0.999755859375
0.9998372395833333
0.9998779296875
0.9999186197916666
0.99993896484375
0.9999593098958333
0.999969482421875
0.9999796549479166
0.9999847412109375
0.9999898274739583
0.9999923706054688
0.9999949137369791
0.9999974568684895
0.9999980926513672
0.9999987284342448
0.9999993642171223
0.9999996821085612
0.9999998410542805
0.9999999205271403
1.
0.
0.007507919816270026
0.01081024109605107
0.0158720306210013
0.024356734025736144
0.0417489303991304
0.064467042193963
0.09888507775030687
0.12598177823764206
0.17076534140734875
0.20939648359694069
0.23756423718562658
0.2763519801131918
0.3339503505162692
0.3753153660253347
0.43165601882204263
0.5144895029450767
0.573293369037168
0.6520185115541122
0.7641840830189154
0.8411593280940176
0.9411140525672275
1.0783231831767839
1.1694195253174555
1.284309301186558
1.4360078286071203
1.6510543298503189
1.8001073742994944
1.9990404387004304
2.1293615297166335
2.295071385644237
2.3992832469368657
2.527678807096573
2.606434341830863
2.701726346218414
2.759378210170174
2.8284572855538235
2.8699501771883575
2.9194167323357316
2.949018561433564
2.984224397253741
3.0052444651822454
3.0302033800225288
3.045094922460207
3.0627717409612463
3.085829363287942
3.0932922341810687
3.1021477775396766
3.1136937655431756
3.121861582401376
3.1276388888316795
3.131724956155851
3.141592653589793
10.164799230704222
0.6323146563323091
56
0.
0.041666666666666664
0.08333333333333333
0.16666666666666666
0.3333333333333333
0.5
0.6666666666666666
0.75
0.8333333333333333
0.875
0.9166666666666666
0.9375
0.9479166666666666
0.9583333333333333
0.96875
0.9739583333333333
0.9791666666666666
0.984375
0.9869791666666666
0.9895833333333333
0.9921875
0.9934895833333333
0.9947916666666666
0.99609375
0.9967447916666666
0.9973958333333333
0.998046875
0.9983723958333333
0.9986979166666666
0.9990234375
0.9993489583333333
0.99951171875
0.9996744791666666
0.999755859375
0.9998372395833333
0.9998779296875
0.9999186197916666
0.99993896484375
0.9999593098958333
0.999969482421875
0.9999796549479166
0.9999847412109375
0.9999898274739583
0.9999923706054688
0.9999949137369791
0.9999961853027344
0.9999974568684895
0.9999987284342448
0.9999990463256836
0.9999993642171223
0.9999996821085612
0.9999998410542805
0.9999999205271403
0.9999999602635701
0.999999980131785
1.
0.
0.008367699624637666
0.01229391017691989
0.01888940080956599
0.03242157985478889
0.04997286249646557
0.07617256577576888
0.09644890742860733
0.1292611593006667
0.1570434002634042
0.20487952488461522
0.2461371378290803
0.27580812415853867
0.31618735309170093
0.37546415804058597
0.41759267925272403
0.47429119808149317
0.5561298269710137
0.6132596302863855
0.6888460920532833
0.7955302048482207
0.8684480803808288
0.9630565937857215
1.0930282681051722
1.1794516175372916
1.2886346108396993
1.4332681021120992
1.5260398474468595
1.6395064686499194
1.7836321490993485
1.9779442487686318
2.1066304043010358
2.271981442828303
2.3769601584439872
2.5073083196296273
2.5877767724934557
2.6856069963326483
2.7450125538037686
2.81638612588599
2.8593407632757524
2.9106412688922436
2.9413645364607413
2.977921961313266
2.9997697677591026
3.025730942423426
3.041224248870358
3.059613978658756
3.0835989237800034
3.0913613017929196
3.1005718425452695
3.1125800253457023
3.1210743569814
3.1270823905904566
3.1313315296558257
3.134336533853753
3.141592653589793
10.980378738348927
0.33501857389210865
58
0.
0.08333333333333333
0.16666666666666666
0.3333333333333333
0.5
0.6666666666666666
0.75
0.8333333333333333
0.875
0.9166666666666666
0.9375
0.9583333333333333
0.96875
0.9739583333333333
0.9791666666666666
0.984375
0.9869791666666666
0.9895833333333333
0.9921875
0.9934895833333333
0.9947916666666666
0.99609375
0.9967447916666666
0.9973958333333333
0.998046875
0.9983723958333333
0.9986979166666666
0.9990234375
0.9991861979166666
0.9993489583333333
0.99951171875
0.9996744791666666
0.999755859375
0.9998372395833333
0.9998779296875
0.9999186197916666
0.99993896484375
0.9999593098958333
0.999969482421875
0.9999796549479166
0.9999847412109375
0.9999898274739583
0.9999923706054688
0.9999949137369791
0.9999961853027344
0.9999974568684895
0.9999980926513672
0.9999987284342448
0.9999990463256836
0.9999993642171223
0.9999996821085612
0.9999997615814209
0.9999998410542805
0.9999999205271403
0.9999999602635701
0.999999980131785
0.9999999900658925
1.
0.
0.008213369421442768
0.0126336578248563
0.021707098308146232
0.03339507230505973
0.0506151561843246
0.06374992371377552
0.08463792654488178
0.10203901469813316
0.13176373632007735
0.15742513847842218
0.20107339465724483
0.23792505887525606
0.2640689730332299
0.2992841157390553
0.35042666529797245
0.38651113907423695
0.43489911005647086
0.5046743294776256
0.5534779106371535
0.6182721300087498
0.7102439569991899
0.7734780570759091
0.8559963149250358
0.9703112684399038
1.0470266420189616
1.1449062492951105
1.2764934136050594
1.3622957991077485
1.4689701526022125
1.6076093876744244
1.8010055096160345
1.9337410205289376
2.1102784068207185
2.2260122155070774
2.3736885602346747
2.46698540296792
2.5824630057318263
2.653593296425518
2.7399422375753026
2.792325788582302
2.8552632997369036
2.8931142717765037
2.9382723015146373
2.9653197560018105
2.9975113590862126
3.0167442858962072
3.039586728318986
3.053217908760437
3.0694009835108047
3.090514023789692
3.0973484463145495
3.105458861624325
3.1160343163683235
3.1235162308797575
3.1288087161048135
3.1325520558292306
3.141592653589793
11.524098410112064
0.22370247586079198
59
0.
0.16666666666666666
0.3333333333333333
0.5
0.6666666666666666
0.75
0.8333333333333333
0.875
0.9166666666666666
0.9375
0.9583333333333333
0.96875
0.9791666666666666
0.984375
0.9869791666666666
0.9895833333333333
0.9921875
0.9934895833333333
0.9947916666666666
0.99609375
0.9967447916666666
0.9973958333333333
0.998046875
0.9983723958333333
0.9986979166666666
0.9990234375
0.9991861979166666
0.9993489583333333
0.99951171875
0.9995930989583333
0.9996744791666666
0.999755859375
0.9998372395833333
0.9998779296875
0.9999186197916666
0.99993896484375
0.9999593098958333
0.999969482421875
0.9999796549479166
0.9999847412109375
0.9999898274739583
0.9999923706054688
0.9999949137369791
0.9999961853027344
0.9999974568684895
0.9999980926513672
0.9999987284342448
0.9999990463256836
0.9999993642171223
0.9999995231628418
0.9999996821085612
0.9999998410542805
0.9999998807907104
0.9999999205271403
0.9999999602635701
0.999999980131785
0.9999999900658925
0.9999999950329462
1.
0.
0.009515122795159935
0.016353804922311845
0.02513960374506382
0.03802188368765416
0.04779698901779193
0.0632468167524765
0.076041748556841
0.09782392250885076
0.11662620189877235
0.14863445184542304
0.17563948980939914
0.2205467409044153
0.25801146700382077
0.2845212411110766
0.32022052362856396
0.3720777491495738
0.4086504928421495
0.457618954895652
0.5279783493438454
0.5769633473163552
0.6416725553512462
0.7328748198981062
0.7951595871055407
0.8759734052386186
0.9871799421044587
1.0614126056611275
1.1557648081005987
1.2821443313943173
1.3643795848555764
1.4665463691584086
1.59943867719344
1.7855371961639026
1.9141184929890085
2.0866960554692726
2.2010125789424113
2.3484602600991105
2.4425797254597112
2.5600983662819305
2.6330306111717707
2.7221170153462952
2.77640245319173
2.8418251022390777
2.8812889873628653
2.928462709507492
2.956759301786719
2.9904738088174665
3.010631144101257
3.034578383277763
3.0488717402884467
3.065843778630486
3.0879907576177317
3.095161000085253
3.103670651289906
3.114767857591021
3.122619705134447
3.1281742736072267
3.132103185314319
3.141592653589793
12.0678180818752
0.1560028467396505
62
0.
0.16666666666666666
0.3333333333333333
0.5
0.6666666666666666
0.75
0.8333333333333333
0.875
0.9166666666666666
0.9375
0.9583333333333333
0.96875
0.9791666666666666
0.984375
0.9895833333333333
0.9921875
0.9934895833333333
0.9947916666666666
0.99609375
0.9967447916666666
0.9973958333333333
0.998046875
0.9983723958333333
0.9986979166666666
0.9990234375
0.9991861979166666
0.9993489583333333
0.99951171875
0.9995930989583333
0.9996744791666666
0.999755859375
0.9997965494791666
0.9998372395833333
0.9998779296875
0.9999186197916666
0.99993896484375
0.9999593098958333
0.999969482421875
0.9999796549479166
0.9999847412109375
0.9999898274739583
0.9999923706054688
0.9999949137369791
0.9999961853027344
0.9999974568684895
0.9999980926513672
0.9999987284342448
0.9999990463256836
0.9999993642171223
0.9999995231628418
0.9999996821085612
0.9999997615814209
0.9999998410542805
0.9999999205271403
0.9999999403953552
0.9999999602635701
0.999999980131785
0.9999999900658925
0.9999999950329462
0.9999999975164731
0.9999999987582365
1.
0.
0.007056519246416243
0.012129671291961486
0.018636274425147332
0.028148673725569257
0.03534375721227113
0.046672991326608376
0.05602087842287616
0.07189813878385211
0.0855992464784303
0.10893569725699949
0.12861815471076218
0.1613215273255461
0.1886145270637697
0.23407404913290755
0.27218826972591087
0.29921517118331875
0.335609510330361
0.388343764882086
0.42537917409738746
0.47472596073011036
0.5451313122380346
0.5938135107936868
0.6577354169901838
0.7471552379551526
0.8078211069397606
0.8861025142162106
0.9931513103251799
1.064234163031649
1.154214143999876
1.2742566625361975
1.3521690374776445
1.4488680866135277
1.5746821269499125
1.7515432059522529
1.8746630764388377
2.041781006497481
2.1540454074206274
2.301139903423624
2.396562737173486
2.5175135960298625
2.593594884837416
2.6875814062642265
2.7453777873309497
2.8155358782179105
2.858070444213745
2.9091283019631384
2.939858225693674
2.9765462162681797
2.9985056499053315
3.024632982629345
3.0402461257362585
3.0587972108541055
3.0830077406286773
3.0908454890082466
3.10014696335659
3.11227615405992
3.1208577651745943
3.12692837441662
3.1312221920108763
3.134259004613062
3.141592653589793
12.611537753638338
0.11617973484657516
65
0.
0.16666666666666666
0.3333333333333333
0.5
0.6666666666666666
0.75
0.8333333333333333
0.875
0.9166666666666666
0.9375
0.9583333333333333
0.96875
0.9791666666666666
0.984375
0.9895833333333333
0.9921875
0.9947916666666666
0.99609375
0.9967447916666666
0.9973958333333333
0.998046875
0.9983723958333333
0.9986979166666666
0.9990234375
0.9991861979166666
0.9993489583333333
0.99951171875
0.9995930989583333
0.9996744791666666
0.999755859375
0.9997965494791666
0.9998372395833333
0.9998779296875
0.9998982747395833
0.9999186197916666
0.99993896484375
0.9999593098958333
0.999969482421875
0.9999796549479166
0.9999847412109375
0.9999898274739583
0.9999923706054688
0.9999949137369791
0.9999961853027344
0.9999974568684895
0.9999980926513672
0.9999987284342448
0.9999990463256836
0.9999993642171223
0.9999995231628418
0.9999996821085612
0.9999997615814209
0.9999998410542805
0.9999998807907104
0.9999999205271403
0.9999999602635701
0.9999999701976776
0.999999980131785
0.9999999900658925
0.9999999925494194
0.9999999950329462
0.9999999975164731
0.9999999987582365
0.9999999993791182
1.
0.
0.0051267534201094
0.008812557358379476
0.013534865123794064
0.020426460328349584
0.02562873949931341
0.033800559155120015
0.04052713940144875
0.05193344091495796
0.06177247277379962
0.07853506505148654
0.09267079647300866
0.11614665253379042
0.13574250291515652
0.16844546277283823
0.19597055266829344
0.2420561696354147
0.2806838774874818
0.3079932857616493
0.34462687539805054
0.3974061907383186
0.43427021757653345
0.4831512946865558
0.5524709488548661
0.6001384589602032
0.6624277861121279
0.7490297591645279
0.8074512175466032
0.8824723368851085
0.984429733405914
1.0517669374940428
1.13665717779545
1.2493921076569012
1.3223172293764707
1.4126470067143622
1.5300588192504478
1.6954212387970595
1.8111882627090004
1.969988104428669
2.078266051337298
2.2228950610709717
2.318771665906601
2.4431882539550287
2.5233294817104737
2.6243697141505886
2.6877490691331873
2.765787919562941
2.81375427526196
2.8718646507818755
2.9070648956513043
2.9493361838956726
2.9747688670468344
3.005093530341332
3.023231178188171
3.0448048563718233
3.0730175760557437
3.082166614099198
3.093034289707106
3.1072222676482166
3.111817347978781
3.1172718280228966
3.124386559904654
3.1294217627171688
3.13298435791761
3.141592653589793