48
36
3.912023005428146
28.842477900457155
89
0.
0.00016276041666666666
0.0003255208333333333
0.0006510416666666666
0.0013020833333333333
0.0026041666666666665
0.005208333333333333
0.0078125
0.010416666666666666
0.020833333333333332
0.03125
0.041666666666666664
0.0625
0.08333333333333333
0.125
0.16666666666666666
0.25
0.29166666666666663
0.3333333333333333
0.375
0.41666666666666663
0.4583333333333333
0.5
0.5416666666666666
0.5625
0.5833333333333333
0.59375
0.5989583333333333
0.6041666666666666
0.609375
0.6106770833333333
0.6119791666666666
0.61328125
0.6145833333333333
0.615234375
0.6158854166666666
0.6171875
0.6184895833333333
0.6197916666666666
0.6223958333333333
0.625
0.6302083333333333
0.6354166666666666
0.6458333333333333
0.6666666666666666
0.6875
0.7083333333333333
0.75
0.7916666666666666
0.8333333333333333
0.8541666666666666
0.875
0.8854166666666666
0.8958333333333333
0.90625
0.9114583333333333
0.9140625
0.9166666666666666
0.91796875
0.9192708333333333
0.9205729166666666
0.9212239583333333
0.921875
0.9225260416666666
0.9231770833333333
0.9244791666666666
0.92578125
0.9270833333333333
0.9296875
0.9322916666666666
0.9375
0.9479166666666666
0.9583333333333333
0.96875
0.9791666666666666
0.984375
0.9895833333333333
0.9921875
0.9947916666666666
0.9973958333333333
0.998046875
0.9986979166666666
0.9993489583333333
0.99951171875
0.9996744791666666
0.9998372395833333
0.9999186197916666
0.9999593098958333
1.
0.
0.007412440137520707
0.010484233807338466
0.014831078345236346
0.020986010255330468
0.029711917709189045
0.042113543487075515
0.05169513674372372
0.05982843733130164
0.08539691682770716
0.10558820362039013
0.12311938037287035
0.1538948706351629
0.1815879077504701
0.23325514975615932
0.2845547975215703
0.4013750112080766
0.4746361283354519
0.5604030698598874
0.6524323558286231
0.742299754791375
0.8283155002306979
0.9140913362098261
1.006965846869708
1.06074433016554
1.126045995013476
1.1676765385811054
1.1929605308062117
1.2236125272406573
1.2647618388812978
1.2782527772062786
1.2941252215044647
1.31380370748824
1.340647611772416
1.3594130903231652
1.3851739083682262
1.4506694951110681
1.4897547486811495
1.5142468856425328
1.5473961205166862
1.5712370288241762
1.606715090742017
1.6339822109805633
1.676604114743267
1.7400996075387678
1.7904591871158964
1.8343778034231886
1.9131087698880513
1.9883064900502536
2.0679629866889577
2.1129333842930187
2.1652080934164037
2.1961917642516067
2.2329784772778787
2.2807751806949925
2.3133414156876806
2.334149006051534
2.3608033534125394
2.378102467595677
2.400545544254749
2.4341555923809355
2.4608734606753226
2.4988915692073244
2.5349305385687013
2.5601929640870913
2.5938603759502943
2.61751704774396
2.6363317184392523
2.6662679726251954
2.690453099352354
2.7298911755778703
2.7921696559856843
2.8452612233839916
2.895668198792424
2.9478623173851175
2.9764864762089425
3.008794292111193
3.027408574818211
3.049008646148728
3.0765679033340683
3.085373885396141
3.0957674230480423
3.1092411157931177
3.1135873257010114
3.1187379176052077
3.1254424985489555
3.130178046546258
3.1335239408964854
3.141592653589793
4.183882841309714
30.46944552471642
85
0.
0.0003255208333333333
0.0006510416666666666
0.0013020833333333333
0.0026041666666666665
0.005208333333333333
0.0078125
0.010416666666666666
0.020833333333333332
0.03125
0.041666666666666664
0.0625
0.08333333333333333
0.125
0.16666666666666666
0.25
0.3333333333333333
0.41666666666666663
0.5
0.5416666666666666
0.5833333333333333
0.625
0.6458333333333333
0.6666666666666666
0.6875
0.7083333333333333
0.7291666666666666
0.75
0.7916666666666666
0.8333333333333333
0.8541666666666666
0.875
0.8958333333333333
0.90625
0.9166666666666666
0.921875
0.9244791666666666
0.92578125
0.9270833333333333
0.927734375
0.9283854166666666
0.9287109375
0.9290364583333333
0.92919921875
0.9292805989583333
0.9293619791666666
0.9294026692708333
0.9294230143229166
0.929443359375
0.9294535319010416
0.9294637044270833
0.929473876953125
0.9294840494791666
0.92950439453125
0.9295247395833333
0.9296061197916666
0.9296468098958333
0.9296875
0.9298502604166666
0.9300130208333333
0.9303385416666666
0.9309895833333333
0.931640625
0.9322916666666666
0.9348958333333333
0.9375
0.9427083333333333
0.9479166666666666
0.9583333333333333
0.96875
0.9791666666666666
0.984375
0.9895833333333333
0.9921875
0.9947916666666666
0.9973958333333333
0.998046875
0.9986979166666666
0.9993489583333333
0.99951171875
0.9996744791666666
0.9998372395833333
0.9999186197916666
0.9999593098958333
1.
0.
0.009780213433843154
0.013834508009029101
0.01957400766180852
0.0277075103648704
0.039257276604309624
0.04816998105782367
0.05572619689432333
0.0794069910551187
0.09800251338858977
0.1140483282583196
0.14192242995764642
0.1665885018742933
0.2111494736385811
0.2528507602906791
0.33526985612206855
0.4231735352528769
0.5236950613394405
0.6503917303421343
0.73514860449012
0.8531906878042055
1.0421316387098511
1.1744820957079036
1.3364588378900775
1.5058998765381324
1.6252557843729551
1.7087872174084733
1.7750926797228923
1.8849180407097994
1.9850951607468799
2.036847705822056
2.0932949124563254
2.1601249280989863
2.2017573513928044
2.2561185084404354
2.294321310542483
2.320101298704765
2.3364123389146148
2.35709320736228
2.37040176463133
2.38764822737667
2.3990894579355087
2.414638046241955
2.425798650707555
2.4333065636442854
2.443714096830034
2.4514179042996522
2.456783164672637
2.464628491866904
2.470922657058901
2.4823125496569607
2.4962262035889564
2.5037506232267934
2.5124739604095487
2.51822884471593
2.5323454885814556
2.5372219930980426
2.5413881868844728
2.5541344093846465
2.5635833463858426
2.5779209876912823
2.5983507386551317
2.6136796471505477
2.6263173235394923
2.6639699817172713
2.6918473229988327
2.7352625480777517
2.7706352899512994
2.830765275871987
2.885434629464895
2.9407440357445545
2.970732729417326
3.004384265062618
3.0237009288082235
3.0460675305010985
3.0745449248450694
3.0836331865404274
3.0943542976270133
3.1082498399982805
3.112730041559236
3.118037005609708
3.124943470592753
3.129823120063685
3.1332719430835754
3.141592653589793
4.3877777182208915
27.72170837859375
94
0.
0.0003255208333333333
0.0006510416666666666
0.0013020833333333333
0.0026041666666666665
0.005208333333333333
0.0078125
0.010416666666666666
0.020833333333333332
0.03125
0.041666666666666664
0.0625
0.08333333333333333
0.125
0.16666666666666666
0.25
0.3333333333333333
0.41666666666666663
0.5
0.5416666666666666
0.5833333333333333
0.6041666666666666
0.625
0.6354166666666666
0.6458333333333333
0.65625
0.6614583333333333
0.6666666666666666
0.671875
0.6770833333333333
0.6875
0.6979166666666666
0.7083333333333333
0.7291666666666666
0.75
0.7916666666666666
0.8333333333333333
0.8541666666666666
0.875
0.8958333333333333
0.90625
0.9114583333333333
0.9166666666666666
0.9192708333333333
0.921875
0.9231770833333333
0.923828125
0.9241536458333333
0.9244791666666666
0.9246419270833333
0.9248046875
0.9248860677083333
0.9249267578125
0.9249674479166666
0.92498779296875
0.9250081380208333
0.925018310546875
0.9250284830729166
0.9250386555989583
0.925048828125
0.9250691731770833
0.9250895182291666
0.9251302083333333
0.9252115885416666
0.92529296875
0.9254557291666666
0.9256184895833333
0.92578125
0.9264322916666666
0.9270833333333333
0.9283854166666666
0.9296875
0.9309895833333333
0.9322916666666666
0.9375
0.9427083333333333
0.9479166666666666
0.9583333333333333
0.96875
0.9791666666666666
0.984375
0.9895833333333333
0.9921875
0.9947916666666666
0.9973958333333333
0.998046875
0.9986979166666666
0.9993489583333333
0.99951171875
0.9996744791666666
0.9998372395833333
0.9999186197916666
0.9999593098958333
1.
0.
0.009373219851680556
0.013258792403770479
0.018759425891961317
0.026554369716496027
0.037623159247738826
0.046164391709743686
0.05340534163893612
0.07609422967138618
0.09390301571744487
0.10925982944410637
0.1358983721259153
0.15940366709802617
0.2015834421527528
0.24051167175339663
0.31488475790763665
0.3890906810848001
0.46681255640514197
0.5539186633314053
0.6051146906737908
0.6671681609913871
0.7058965715003347
0.7549417555000892
0.786628936692679
0.8277293501914864
0.8890493092063086
0.9361412104554099
0.998106000840386
1.0586987167454327
1.1066897828869122
1.1779270456402424
1.2331606507572161
1.2808937732329193
1.3666010659264387
1.4490072954358082
1.6260992421981901
1.8152204972902968
1.9047435708296143
1.99350429577376
2.090618275370044
2.149304401380587
2.184695884277219
2.2285197696670163
2.256640097274625
2.2941028530613043
2.3208866033855937
2.339208563729375
2.350943186770643
2.3660758229779506
2.376051459580822
2.389505682624176
2.3990445160934
2.4053734666352256
2.413963563595828
2.4200888500558726
2.429640568985719
2.439006070396459
2.4619925795703312
2.4722682342088578
2.4779722172587997
2.4854921646829813
2.4908449964850403
2.4987398932480374
2.509663754850131
2.51766369879697
2.529691293188036
2.538953780298072
2.546647674255559
2.5695453893976867
2.586228354158487
2.611418211203774
2.6310188786675464
2.647497117610929
2.6619432932425413
2.708345599507157
2.7451828442328168
2.777188055687605
2.8339589865166297
2.887035752358943
2.941487898425201
2.97120278281837
3.004651457364103
3.0238884258955885
3.0461876453351895
3.0746088741789848
3.0836845125687264
3.0943921286965193
3.108275046532793
3.112750895860128
3.118053131719651
3.1249560305523403
3.129832941981678
3.1332793573123263
3.141592653589793
4.591672595132067
24.216348610844253
85
0.
0.0003255208333333333
0.0006510416666666666
0.0013020833333333333
0.0026041666666666665
0.005208333333333333
0.0078125
0.010416666666666666
0.020833333333333332
0.03125
0.041666666666666664
0.0625
0.08333333333333333
0.125
0.16666666666666666
0.25
0.3333333333333333
0.41666666666666663
0.5
0.5416666666666666
0.5833333333333333
0.625
0.6458333333333333
0.65625
0.6666666666666666
0.6770833333333333
0.6796875
0.6822916666666666
0.6848958333333333
0.6875
0.6888020833333333
0.6901041666666666
0.69140625
0.6927083333333333
0.6953125
0.6979166666666666
0.703125
0.7083333333333333
0.71875
0.7291666666666666
0.75
0.7916666666666666
0.8333333333333333
0.8541666666666666
0.875
0.8854166666666666
0.8958333333333333
0.90625
0.9114583333333333
0.9166666666666666
0.921875
0.9244791666666666
0.92578125
0.9270833333333333
0.927734375
0.9283854166666666
0.9287109375
0.9290364583333333
0.9293619791666666
0.9296875
0.9303385416666666
0.9309895833333333
0.931640625
0.9322916666666666
0.9348958333333333
0.9375
0.9427083333333333
0.9479166666666666
0.9583333333333333
0.96875
0.9791666666666666
0.984375
0.9895833333333333
0.9921875
0.9947916666666666
0.9973958333333333
0.998046875
0.9986979166666666
0.9993489583333333
0.99951171875
0.9996744791666666
0.9998372395833333
0.9999186197916666
0.9999593098958333
1.
0.
0.008798559616941797
0.012446194354831266
0.01761050317531189
0.024930309032564952
0.03532854571523094
0.043356768072845664
0.05016653538226277
0.07153240126209841
0.0883399612656388
0.10286531260637514
0.1281425054154964
0.15054033400385
0.19095581931119088
0.22846027939700167
0.3001566698723852
0.3706505287895855
0.44221970942619326
0.5187250716808073
0.5613314277230469
0.6097712923916132
0.6696609285361312
0.7085059713823927
0.7323724773336305
0.7616054183148568
0.8014265170642525
0.8146508505722125
0.8303428206142998
0.8500554036965396
0.877682448308108
0.8979329794422426
0.9282701278848492
0.9727115256203586
1.0092185805713527
1.0516464881665777
1.0788642651647573
1.1172361411777605
1.146060602217944
1.1910989107312904
1.2277444703349685
1.2895623967466687
1.3976127529458522
1.5113132808938232
1.5814043805321845
1.6763879694401422
1.7453075272123095
1.8434328667068491
1.9691059763635517
2.0339586751584195
2.1005997296169827
2.175822766586811
2.222597629874286
2.251464070024446
2.2882010062875087
2.3125929454235497
2.346431582016873
2.3714232248521934
2.409071387082491
2.455001870003033
2.4861892842195488
2.5227223965350496
2.5463857548608555
2.5644833609838
2.579423597905081
2.623566624761395
2.6557267763286245
2.7049580813239
2.7444200488446477
2.810464289735104
2.8696549231210535
2.9289410066039165
2.960897184663616
2.9966356906327434
3.0171033656345423
3.0407682353223446
3.0708571779371905
3.080452413005737
3.0917666366800907
3.1064280383154323
3.111153410844089
3.1167503466056323
3.1240359661152297
3.1291829276660463
3.1328200118206344
3.141592653589793
4.727602513072852
22.259228729258403
85
0.
0.0003255208333333333
0.0006510416666666666
0.0013020833333333333
0.0026041666666666665
0.00390625
0.005208333333333333
0.010416666666666666
0.015625
0.020833333333333332
0.041666666666666664
0.0625
0.08333333333333333
0.125
0.16666666666666666
0.25
0.3333333333333333
0.41666666666666663
0.5
0.5833333333333333
0.625
0.6458333333333333
0.6666666666666666
0.6770833333333333
0.6822916666666666
0.6875
0.6901041666666666
0.69140625
0.6927083333333333
0.6940104166666666
0.6943359375
0.6946614583333333
0.6953125
0.6959635416666666
0.6966145833333333
0.6979166666666666
0.69921875
0.7005208333333333
0.703125
0.7057291666666666
0.7083333333333333
0.71875
0.7291666666666666
0.75
0.7916666666666666
0.8333333333333333
0.8541666666666666
0.875
0.8854166666666666
0.8958333333333333
0.9010416666666666
0.90625
0.9114583333333333
0.9140625
0.9166666666666666
0.9192708333333333
0.921875
0.9270833333333333
0.9322916666666666
0.9348958333333333
0.9375
0.9388020833333333
0.9401041666666666
0.94140625
0.9427083333333333
0.9453125
0.9479166666666666
0.953125
0.9583333333333333
0.96875
0.9791666666666666
0.984375
0.9895833333333333
0.9921875
0.9947916666666666
0.99609375
0.9973958333333333
0.9986979166666666
0.9990234375
0.9993489583333333
0.9996744791666666
0.9998372395833333
0.9999186197916666
0.9999593098958333
1.
0.
0.008246432072120778
0.011665312410899298
0.016506006205285206
0.023367854852169374
0.02865016262245589
0.03311767263334168
0.047036601365703604
0.057856889781755044
0.06709809656974335
0.09658038691548182
0.12044408177304372
0.14167111370290364
0.18023349301884778
0.2163963002336047
0.2866705998069104
0.3568509884553124
0.42828649759847665
0.5040330862969669
0.5926512870334637
0.6495361937809256
0.6854599198200028
0.7324875471340578
0.7651122758609086
0.7864970469020204
0.8151569301363313
0.8352625446590761
0.8483867653385837
0.8655911573235273
0.8924106552653998
0.9027972870449164
0.9165648718272472
0.9571812138823933
0.9871408906203571
1.0052873246813616
1.0291453442358902
1.04603882012656
1.059542131947257
1.0810574753313293
1.0983758610427061
1.1131802703526572
1.1592809684806387
1.1949093423191697
1.2527653946039723
1.3486127615076136
1.4411144276757346
1.4922471845613996
1.5521880307479294
1.588561716752971
1.633346583098435
1.6613758139500394
1.6964633927945518
1.7460814118481398
1.783675468282915
1.8452592426139496
1.9476280646602022
2.0279626910429958
2.135998471113176
2.233110983338791
2.2899988244105662
2.3668385350072363
2.421746230634954
2.4843929409075605
2.534745012270366
2.571158270274886
2.6223154012116936
2.6596134469808965
2.716119593438373
2.7610953396241142
2.836751607711953
2.9067359279870058
2.943129455141879
2.9831268189708875
3.0057858138818694
3.0318166033168947
3.0469871664571575
3.064717321890758
3.087490405213775
3.094793623114043
3.1034243269129784
3.114634603804866
3.122541102746921
3.128125217501683
3.1320717464138417
3.141592653589793
4.8635324310136365
20.69079379162709
103
0.
0.0003255208333333333
0.0006510416666666666
0.0013020833333333333
0.0026041666666666665
0.005208333333333333
0.010416666666666666
0.015625
0.020833333333333332
0.041666666666666664
0.0625
0.08333333333333333
0.125
0.16666666666666666
0.25
0.3333333333333333
0.41666666666666663
0.5
0.5416666666666666
0.5833333333333333
0.625
0.6458333333333333
0.6666666666666666
0.6770833333333333
0.6822916666666666
0.6848958333333333
0.6875
0.6901041666666666
0.6907552083333333
0.69140625
0.6920572916666666
0.6927083333333333
0.6930338541666666
0.693359375
0.6936848958333333
0.6940104166666666
0.6946614583333333
0.6953125
0.6966145833333333
0.6979166666666666
0.7005208333333333
0.703125
0.7083333333333333
0.71875
0.7291666666666666
0.75
0.7916666666666666
0.8333333333333333
0.8541666666666666
0.875
0.8854166666666666
0.8958333333333333
0.90625
0.9114583333333333
0.9140625
0.9166666666666666
0.91796875
0.9192708333333333
0.919921875
0.9205729166666666
0.9208984375
0.9212239583333333
0.92138671875
0.9215494791666666
0.921630859375
0.9217122395833333
0.9217936197916666
0.921875
0.9220377604166666
0.9222005208333333
0.9225260416666666
0.9228515625
0.9231770833333333
0.9244791666666666
0.92578125
0.9270833333333333
0.9296875
0.9322916666666666
0.9375
0.9427083333333333
0.9479166666666666
0.9505208333333333
0.953125
0.9557291666666666
0.9583333333333333
0.9635416666666666
0.96875
0.9791666666666666
0.984375
0.9895833333333333
0.9921875
0.9947916666666666
0.99609375
0.9973958333333333
0.9986979166666666
0.9990234375
0.9993489583333333
0.9996744791666666
0.9998372395833333
0.9999186197916666
0.9999593098958333
0.9999796549479166
1.
0.
0.007612856957118347
0.010769070053688542
0.015237880971912428
0.021572617996227405
0.030573662764492176
0.04342428026253086
0.05341501785022483
0.061948782671456766
0.08918640197960746
0.1112597509516014
0.13093142161128946
0.1668279109992417
0.2008024461900006
0.2682428845452199
0.337841261862642
0.41032087545541285
0.48775832060982655
0.5304025390393418
0.5782853266289492
0.6363652576782534
0.6731484760934523
0.7217143648802276
0.7560711857792559
0.7792384591012516
0.7938102140754146
0.8120467972285675
0.837817031318056
0.8467361081299383
0.8576948413770124
0.8723626894067467
0.8962929631292155
0.9184964023725403
0.9469787352686396
0.9659068638304471
0.9785333429231443
0.995960835533952
1.0085655516097947
1.0272956045176749
1.0416134038180493
1.0637734641876484
1.081263075647926
1.1090714282869643
1.1509602810566923
1.1841402290538006
1.2386399932740042
1.3291125597914992
1.4152761292962084
1.4618818521892962
1.5149942399150795
1.5460793754654
1.5826671172431035
1.629682446966739
1.6613079066197252
1.6812896618862987
1.7065681970208701
1.7227605221200666
1.743542991263337
1.7570855331618087
1.7748622756713328
1.7868147692141392
1.8032798565919457
1.8152399058725355
1.8343569468686147
1.853241046388837
1.8893384183544748
1.9100784470212577
1.9223373718134387
1.938759684908885
1.9505921805840727
1.9682899297756715
1.981963484580377
1.993415063273174
2.028266340179055
2.0546981775606703
2.0770436534980963
2.1152892702781063
2.149008598598592
2.2113911355240794
2.2749088719452195
2.349796309354002
2.3979862884272407
2.4614312099573907
2.5423773065897186
2.613794489206549
2.7055281490768546
2.7682252086974977
2.866766953089054
2.9126030218144203
2.9607614391912547
2.9873453253608804
3.0174401730583478
3.0348092674974927
3.054985951996605
3.080750659414583
3.0889869422237792
3.098709166555882
3.111317158266219
3.120201625227122
3.1264727754001966
3.1309040653352342
3.1340360688824673
3.141592653589793
4.99946234895442
19.42241591754178
105
0.
0.0006510416666666666
0.0013020833333333333
0.0026041666666666665
0.005208333333333333
0.010416666666666666
0.015625
0.020833333333333332
0.041666666666666664
0.0625
0.08333333333333333
0.125
0.16666666666666666
0.25
0.3333333333333333
0.41666666666666663
0.5
0.5416666666666666
0.5833333333333333
0.625
0.6458333333333333
0.65625
0.6666666666666666
0.6770833333333333
0.6822916666666666
0.68359375
0.6848958333333333
0.6861979166666666
0.6875
0.6881510416666666
0.6888020833333333
0.6891276041666666
0.689453125
0.6897786458333333
0.6901041666666666
0.6907552083333333
0.69140625
0.6920572916666666
0.6927083333333333
0.6953125
0.6979166666666666
0.703125
0.7083333333333333
0.71875
0.7291666666666666
0.75
0.7916666666666666
0.8333333333333333
0.8541666666666666
0.875
0.8854166666666666
0.8958333333333333
0.9010416666666666
0.90625
0.9088541666666666
0.91015625
0.9114583333333333
0.912109375
0.9124348958333333
0.9127604166666666
0.9129231770833333
0.9130859375
0.9131673177083333
0.9132486979166666
0.9132893880208333
0.913330078125
0.9134114583333333
0.9134928385416666
0.91357421875
0.9137369791666666
0.9138997395833333
0.9140625
0.9147135416666666
0.9153645833333333
0.9166666666666666
0.9192708333333333
0.921875
0.9270833333333333
0.9375
0.9479166666666666
0.953125
0.9583333333333333
0.9635416666666666
0.9661458333333333
0.96875
0.9713541666666666
0.97265625
0.9739583333333333
0.9765625
0.9791666666666666
0.9895833333333333
0.9921875
0.9947916666666666
0.99609375
0.9973958333333333
0.9986979166666666
0.9990234375
0.9993489583333333
0.9996744791666666
0.999755859375
0.9998372395833333
0.9999186197916666
0.9999593098958333
0.9999796549479166
1.
0.
0.009869487046481462
0.01396475788490047
0.019769550408126182
0.028016331469041405
0.03978660270519689
0.04893377286368748
0.05674401188914094
0.08165150102278367
0.10181336734098562
0.11976896680684253
0.1525403438627368
0.18365658600821172
0.24634837524663053
0.31347683905898466
0.3863336845528586
0.4662237808187207
0.5106343616797886
0.560721220357971
0.6219211665126178
0.6611858466184761
0.6851622340581855
0.7144193349813057
0.7542790130228475
0.783630067726575
0.7931750362489547
0.8043094588730424
0.8179158433654018
0.8360283943274232
0.848430141448254
0.8658522385706368
0.8785906907695898
0.8972793347935707
0.9228316943084829
0.9435833439132244
0.9681658941332795
0.9838035706448764
0.9956488016981987
1.0053756269044882
1.0338807690400076
1.0544233794651654
1.0853626891463817
1.1095248181168171
1.1480517768955893
1.1796473628838573
1.232711364132236
1.322658859854712
1.4100797021011404
1.4583934836290173
1.5150772882347654
1.5496640202647955
1.592897154589395
1.6207926220114879
1.6578500417692288
1.6838373630482826
1.7009716671185535
1.7240599362304916
1.7403844211079122
1.7511509274981365
1.7655498044250733
1.7755212867826913
1.7900090259476378
1.8016458318707629
1.8253193825253122
1.846546728336989
1.8600985961290692
1.875276207581182
1.8850539580042593
1.8925538485851812
1.9041057236098728
1.9131422947784307
1.920721310353787
1.9435355287747795
1.96039088464294
1.9862057157271644
2.024057440940207
2.0536716581207695
2.102094598980378
2.18257374593485
2.25986320049873
2.302109638175227
2.3507582656191564
2.4134614633545586
2.4567378425294923
2.519413177670187
2.6137313052939533
2.6585025442087487
2.6946260896176577
2.7497626843846033
2.792816249961536
2.928084501729557
2.961348312993385
2.9977879020529175
3.018393279108754
3.0420384513172136
3.0718952554887613
3.081380354859141
3.0925462938784904
3.106995035037402
3.111647772310696
3.1171564817331636
3.1243249619263165
3.129388178086136
3.132965593855654
3.141592653589793
5.135392266895204
18.344022774255457
103
0.
0.0006510416666666666
0.0013020833333333333
0.0026041666666666665
0.005208333333333333
0.010416666666666666
0.015625
0.020833333333333332
0.041666666666666664
0.0625
0.08333333333333333
0.125
0.16666666666666666
0.25
0.3333333333333333
0.41666666666666663
0.5
0.5416666666666666
0.5833333333333333
0.625
0.6458333333333333
0.65625
0.6666666666666666
0.671875
0.6770833333333333
0.6796875
0.6822916666666666
0.6848958333333333
0.6861979166666666
0.6868489583333333
0.6875
0.6881510416666666
0.6888020833333333
0.6901041666666666
0.69140625
0.6927083333333333
0.6953125
0.6979166666666666
0.703125
0.7083333333333333
0.71875
0.7291666666666666
0.75
0.7916666666666666
0.8333333333333333
0.8541666666666666
0.8645833333333333
0.875
0.8802083333333333
0.8854166666666666
0.8880208333333333
0.890625
0.8919270833333333
0.8932291666666666
0.8938802083333333
0.89453125
0.8951822916666666
0.8955078125
0.8958333333333333
0.8961588541666666
0.896484375
0.8971354166666666
0.8977864583333333
0.8984375
0.8997395833333333
0.9010416666666666
0.9036458333333333
0.90625
0.9114583333333333
0.9166666666666666
0.9270833333333333
0.9375
0.9479166666666666
0.9583333333333333
0.9635416666666666
0.96875
0.9739583333333333
0.9752604166666666
0.9765625
0.9778645833333333
0.9791666666666666
0.9798177083333333
0.98046875
0.9811197916666666
0.9817708333333333
0.9830729166666666
0.984375
0.9869791666666666
0.9895833333333333
0.9921875
0.9947916666666666
0.99609375
0.9973958333333333
0.998046875
0.9986979166666666
0.9993489583333333
0.99951171875
0.9996744791666666
0.9998372395833333
0.9999186197916666
0.9999593098958333
0.9999796549479166
1.
0.
0.00904347840750451
0.012795675824342904
0.01811358068525398
0.02566694381100075
0.036442663884944625
0.0448117291583045
0.05195319499711965
0.07469445566691815
0.09305842468929303
0.10937580957832013
0.13907164260736912
0.16720083430892305
0.2240741699584951
0.28646688396379477
0.35735473577407295
0.4385829070426052
0.48470574232400204
0.5371982832505919
0.6019110526578104
0.6438922271077093
0.6698305872320426
0.7020044124068626
0.7222128874005
0.7476003727736752
0.7637125680899403
0.7841066531337063
0.8135645168270716
0.836948981385604
0.8543842392562447
0.8804311171036886
0.9140637573418984
0.9394314443326934
0.9700017980677463
0.9899358345251635
1.005237178220975
1.0288721375834067
1.0474523869864907
1.0768649647777444
1.100568473348441
1.1391441646200404
1.1712491402262355
1.225849383170691
1.3203376194800747
1.4160666577460923
1.4724981980962373
1.50602718058581
1.5465824157099353
1.5715862443465425
1.6025834688279157
1.6220576109716833
1.6465474584840676
1.6621176797331805
1.6818873863307022
1.694555949557981
1.7107191102516914
1.7342246302901902
1.7526639095674814
1.783038576221429
1.820349872414625
1.8440349652710493
1.8723001678120792
1.8911566126766857
1.9058590057337643
1.928880049465982
1.947206231610448
1.9765694214846534
2.000525022458253
2.0400668927039343
2.0735532546402884
2.132003632653625
2.185997580148816
2.2404598099967568
2.3003977409457863
2.3350647038705157
2.3760117492757824
2.4299711071871286
2.4475763356713327
2.4683412890206875
2.4942909793769243
2.530549287343148
2.5570526575063317
2.596028431021379
2.6493207008385666
2.693549436070994
2.748924809996704
2.786545765449839
2.8430893415013925
2.889719112510411
2.9332434509723195
2.9778434527084716
3.0021683565359805
3.0295426272245316
3.0452864976435143
3.0635322666892963
3.0867897231227848
3.094215202502346
3.1029740639646652
3.1143359732293034
3.122344341335905
3.1279945076528533
3.1319835211497313
3.141592653589793
5.271322184835989
17.366234049128302
110
0.
0.0006510416666666666
0.0013020833333333333
0.0026041666666666665
0.005208333333333333
0.0078125
0.010416666666666666
0.020833333333333332
0.03125
0.041666666666666664
0.08333333333333333
0.125
0.16666666666666666
0.25
0.3333333333333333
0.41666666666666663
0.5
0.5416666666666666
0.5833333333333333
0.625
0.6458333333333333
0.65625
0.6666666666666666
0.671875
0.6770833333333333
0.6822916666666666
0.6848958333333333
0.6875
0.6901041666666666
0.6927083333333333
0.6953125
0.6979166666666666
0.703125
0.7083333333333333
0.71875
0.7291666666666666
0.75
0.7916666666666666
0.8125
0.8333333333333333
0.84375
0.8541666666666666
0.859375
0.8645833333333333
0.8671875
0.8697916666666666
0.87109375
0.8723958333333333
0.873046875
0.8736979166666666
0.8740234375
0.8743489583333333
0.8746744791666666
0.875
0.8763020833333333
0.876953125
0.8776041666666666
0.8802083333333333
0.8828125
0.8854166666666666
0.890625
0.8958333333333333
0.90625
0.9166666666666666
0.9375
0.9479166666666666
0.9583333333333333
0.96875
0.9739583333333333
0.9765625
0.9791666666666666
0.98046875
0.9817708333333333
0.982421875
0.9830729166666666
0.9833984375
0.9837239583333333
0.98388671875
0.9840494791666666
0.984130859375
0.9842122395833333
0.9842529296875
0.9842936197916666
0.9843343098958333
0.984375
0.9844563802083333
0.9845377604166666
0.9847005208333333
0.98486328125
0.9850260416666666
0.9853515625
0.9856770833333333
0.986328125
0.9869791666666666
0.98828125
0.9895833333333333
0.9921875
0.9947916666666666
0.99609375
0.9973958333333333
0.998046875
0.9986979166666666
0.9993489583333333
0.99951171875
0.9996744791666666
0.9998372395833333
0.9999186197916666
0.9999593098958333
0.9999796549479166
1.
0.
0.00832015824536644
0.011771948763198158
0.016663551600074388
0.02360987332727627
0.02897034698682472
0.03351513611426169
0.04775981983846446
0.05894845675406256
0.06860646742962943
0.10027680098204125
0.12725166015312778
0.1526792159535893
0.2038696594198953
0.260422612230181
0.3267708299090111
0.40665646803966293
0.45352837065032137
0.5076992513947015
0.5751550866397958
0.619099060849514
0.6462603392221763
0.679887861812681
0.7009126028600151
0.7270907774404777
0.7636751130354622
0.791046306506014
0.8362341936465393
0.9133765836633105
0.9620512173836869
0.9918791066243092
1.0141796142697155
1.048191186581943
1.0748784702162357
1.1175385486121683
1.1526620872470716
1.2122099255420105
1.316748143126854
1.3700821585627656
1.4300512049234495
1.465380651145052
1.508016232632814
1.5343602880735838
1.5672561091982569
1.5881923683061285
1.6150819364490474
1.6327234702332218
1.656209731589163
1.6723225285051186
1.694994403731565
1.7114646342089455
1.7346773842636585
1.7634657370403157
1.7870859540874195
1.8366641868463247
1.851689203521221
1.8640923568502568
1.9007524510019906
1.9274808568552564
1.9493822220851207
1.985395025164142
2.01553866982197
2.066881474925075
2.1122572894514184
2.1979764791655287
2.242650276483625
2.2921218482519206
2.3522769295240282
2.3911480847601543
2.41516453475135
2.444982244670592
2.4637410658942196
2.4873774272023566
2.5024466084182433
2.521682740228398
2.534122184913591
2.5502711987664815
2.5609379854046503
2.5751773090328016
2.584945143699079
2.5986943026090334
2.6087801589176647
2.6237843797107656
2.6453745617698954
2.6630504526236454
2.6835808454479264
2.696576543120624
2.714568558753308
2.727754223088213
2.7385080479621915
2.7559207262007854
2.770140479053637
2.793403112512439
2.8126958473136776
2.845043959166469
2.872897206930769
2.922756658185928
2.9712117723838194
2.997024875635741
3.0257482145971615
3.042155333229138
3.061088668367879
3.085140181751356
3.09280042365252
3.1018305134337307
3.1135411964796145
3.1217892726557395
3.127605436108734
3.131710102599412
3.141592653589793
5.373269623291577
16.66308420252316
119
0.
0.0006510416666666666
0.0013020833333333333
0.0026041666666666665
0.005208333333333333
0.010416666666666666
0.020833333333333332
0.03125
0.041666666666666664
0.08333333333333333
0.125
0.16666666666666666
0.25
0.3333333333333333
0.41666666666666663
0.5
0.5416666666666666
0.5833333333333333
0.625
0.6458333333333333
0.65625
0.6666666666666666
0.6770833333333333
0.6822916666666666
0.6875
0.6901041666666666
0.6927083333333333
0.6953125
0.6979166666666666
0.703125
0.7083333333333333
0.71875
0.7291666666666666
0.75
0.7916666666666666
0.8125
0.8229166666666666
0.8333333333333333
0.84375
0.8489583333333333
0.8515625
0.8541666666666666
0.85546875
0.8567708333333333
0.857421875
0.8580729166666666
0.8583984375
0.8587239583333333
0.8590494791666666
0.859375
0.8600260416666666
0.8606770833333333
0.861328125
0.8619791666666666
0.8645833333333333
0.8671875
0.8697916666666666
0.875
0.8854166666666666
0.8958333333333333
0.9166666666666666
0.9375
0.9479166666666666
0.9583333333333333
0.96875
0.9739583333333333
0.9765625
0.9791666666666666
0.98046875
0.9811197916666666
0.9817708333333333
0.98193359375
0.9820963541666666
0.9822591145833333
0.982421875
0.9825032552083333
0.9825846354166666
0.9826253255208333
0.982666015625
0.9826863606770833
0.9827067057291666
0.9827168782552083
0.98272705078125
0.9827321370442708
0.9827372233072916
0.982739766438802
0.9827410380045573
0.9827423095703125
0.9827448527018229
0.9827473958333333
0.9827524820963541
0.982757568359375
0.9827677408854166
0.9827880859375
0.9828084309895833
0.9828287760416666
0.98291015625
0.9829915364583333
0.9830729166666666
0.9833984375
0.9837239583333333
0.984375
0.9856770833333333
0.9869791666666666
0.9895833333333333
0.9921875
0.9947916666666666
0.99609375
0.9973958333333333
0.998046875
0.9986979166666666
0.9993489583333333
0.99951171875
0.9996744791666666
0.9998372395833333
0.9999186197916666
0.9999593098958333
0.9999796549479166
1.
0.
0.007844533769319753
0.011098824057735057
0.01571022262687029
0.022257712975042854
0.03159160039020248
0.04500682906023695
0.05553540195037428
0.06461613444213767
0.09433120703349857
0.11954759081814248
0.14322751803057177
0.19065658151792175
0.24294112539823692
0.3049946770760472
0.3819933212016637
0.42842057158844116
0.48292340090481056
0.5514638710848364
0.5961244379300774
0.6235582080626281
0.6571087459373801
0.7025858754721587
0.7351661770597712
0.7855842486240062
0.8280928018967674
0.8860462621372317
0.9323784263807116
0.9642178543798657
1.0083125023602237
1.0405654020949089
1.0898133132942187
1.1291919232830319
1.1949339583539695
1.310857115298505
1.3723263159042172
1.4069883114761188
1.446910021837437
1.4972747938426163
1.530886804977329
1.5521772554924624
1.5794130319641235
1.5972287933417457
1.6209130836057482
1.6371905965022744
1.660337082163475
1.677638326028972
1.7034704859569094
1.7359119649687444
1.759856873243609
1.7887847689701661
1.807688256011948
1.8221916348213596
1.8341941102905972
1.869746758231068
1.8956856245312865
1.9169143466760221
1.951713503077666
2.0062642719471118
2.051454276324844
2.1311057508239157
2.209031760164134
2.2513013676567004
2.299192225822536
2.359134247736172
2.399368786908304
2.4252607961571973
2.4594614862154556
2.4831937237084367
2.4986410491602444
2.519029960323165
2.5255212340185147
2.5329636486925526
2.5418064131518947
2.552979812412951
2.5600953854087134
2.569123934434299
2.5749051738423225
2.5822979086849243
2.587082029643898
2.593288138650848
2.5973909499950376
2.60291306125155
2.606795888655209
2.6126873750175976
2.6181127222180116
2.624142062166573
2.636627499592007
2.6445699542716095
2.6486290172209825
2.6539118661316845
2.65765406261466
2.663162071796399
2.6707897233023195
2.6764180456753186
2.681012248412816
2.694447079013972
2.7040968592669326
2.711886694054275
2.7346211881939637
2.751083684529979
2.776174922085377
2.8130633575981916
2.8422477771732564
2.891137843319443
2.9352692912409966
2.979822624048069
3.0039685033065964
3.03106635551602
3.0466219360724125
3.06463832725119
3.087576244303829
3.0948988951134133
3.103534688745711
3.1147295467145195
3.1226205103138347
3.1281887342921246
3.1321203366073327
3.141592653589793
5.4752170617471645
15.970670151813646
104
0.
0.0006510416666666666
0.0013020833333333333
0.0026041666666666665
0.005208333333333333
0.010416666666666666
0.020833333333333332
0.03125
0.041666666666666664
0.08333333333333333
0.125
0.16666666666666666
0.25
0.3333333333333333
0.41666666666666663
0.5
0.5416666666666666
0.5833333333333333
0.625
0.6458333333333333
0.6666666666666666
0.671875
0.6770833333333333
0.6875
0.6927083333333333
0.6979166666666666
0.703125
0.7083333333333333
0.71875
0.7291666666666666
0.75
0.7916666666666666
0.8125
0.8229166666666666
0.828125
0.8333333333333333
0.8385416666666666
0.83984375
0.8411458333333333
0.8424479166666666
0.84375
0.8440755208333333
0.8444010416666666
0.8447265625
0.8450520833333333
0.84521484375
0.8453776041666666
0.8455403645833333
0.845703125
0.8460286458333333
0.8463541666666666
0.8470052083333333
0.84765625
0.8489583333333333
0.8515625
0.8541666666666666
0.859375
0.8645833333333333
0.875
0.8958333333333333
0.9166666666666666
0.9375
0.9479166666666666
0.9583333333333333
0.9635416666666666
0.96875
0.9713541666666666
0.9739583333333333
0.974609375
0.9752604166666666
0.9759114583333333
0.9765625
0.9768880208333333
0.9772135416666666
0.9775390625
0.9777018229166666
0.977783203125
0.9778645833333333
0.9779459635416666
0.97802734375
0.9781087239583333
0.9781901041666666
0.978515625
0.9788411458333333
0.9791666666666666
0.98046875
0.9817708333333333
0.9830729166666666
0.984375
0.9895833333333333
0.9921875
0.9947916666666666
0.99609375
0.9973958333333333
0.9986979166666666
0.9990234375
0.9993489583333333
0.9996744791666666
0.999755859375
0.9998372395833333
0.9999186197916666
0.9999593098958333
0.9999796549479166
1.
0.
0.0074196136770585085
0.010497494114715226
0.014858668921696589
0.02105018086536805
0.029874574038374995
0.042551606630438846
0.05249430051697371
0.06106395217602627
0.08905847535929927
0.11274141905085762
0.13490749130565563
0.1790793938132912
0.22754017272074914
0.2852642224690244
0.3583440994238266
0.40348129795373394
0.45738032830581815
0.525994105284704
0.5707187387185579
0.6307643732046941
0.6504108626407
0.6734577005141323
0.7397525411042546
0.7980388970788821
0.8824943341877486
0.9463924386434575
0.9893051404979377
1.049777690869136
1.0956370728959943
1.1699658227734515
1.30054046486881
1.373222191953012
1.4173347631707751
1.4435173404812167
1.474746209612107
1.5159177675340696
1.5292619142204844
1.5449050709788477
1.5643005283831912
1.5913052002823993
1.6005032047904526
1.6116500174516268
1.6261762260429
1.6481907699146259
1.6659866655440978
1.6907213515414174
1.7122665444809761
1.7269721699254919
1.7464606460798964
1.7600594071400775
1.7797169929132017
1.7944384265618474
1.8168642104768116
1.8489656356732846
1.8732159060914242
1.9109523443203544
1.9412522676909274
1.9910150494140026
2.0720086561338746
2.145329291592217
2.2217811066220206
2.265181963702427
2.3166406950328042
2.348161984101997
2.387509691906154
2.4127379218541436
2.4457581692435437
2.4562407417520298
2.468253724837954
2.4825464851732018
2.50067716045835
2.5122796491136077
2.527092246621177
2.5488419199070322
2.5666990375592427
2.5807842781687818
2.604215534978426
2.6326922153924532
2.6507010490796685
2.6628150236985593
2.6721465342458504
2.6976598591823646
2.715102220967129
2.728966433741727
2.76898543026739
2.798289207490606
2.822783966811226
2.844537792272419
2.919866255764682
2.9559391875025667
2.9943879921382153
3.0158016952096705
3.040177476383095
3.070738221147289
3.08040545479599
3.0917790988483294
3.1064686668731674
3.111195220645074
3.116792741276343
3.1240743447266572
3.1292142384183554
3.1328442285653506
3.141592653589793
5.543182020717557
15.512398229391849
101
0.
0.0006510416666666666
0.0013020833333333333
0.0026041666666666665
0.005208333333333333
0.010416666666666666
0.020833333333333332
0.03125
0.041666666666666664
0.08333333333333333
0.125
0.16666666666666666
0.25
0.3333333333333333
0.41666666666666663
0.5
0.5416666666666666
0.5833333333333333
0.625
0.6458333333333333
0.6666666666666666
0.6770833333333333
0.6875
0.6927083333333333
0.6979166666666666
0.703125
0.7083333333333333
0.71875
0.7291666666666666
0.7395833333333333
0.75
0.7916666666666666
0.8020833333333333
0.8125
0.8229166666666666
0.828125
0.8307291666666666
0.8333333333333333
0.8346354166666666
0.8359375
0.8365885416666666
0.8372395833333333
0.83740234375
0.8375651041666666
0.837890625
0.8379720052083333
0.8380533854166666
0.838134765625
0.8382161458333333
0.83837890625
0.8385416666666666
0.8388671875
0.8391927083333333
0.83984375
0.8411458333333333
0.84375
0.8463541666666666
0.8489583333333333
0.8541666666666666
0.8645833333333333
0.875
0.8958333333333333
0.9166666666666666
0.9375
0.9479166666666666
0.9583333333333333
0.9635416666666666
0.9661458333333333
0.96875
0.9700520833333333
0.9713541666666666
0.9716796875
0.9720052083333333
0.97265625
0.9728190104166666
0.9729817708333333
0.97314453125
0.9733072916666666
0.9739583333333333
0.974609375
0.9752604166666666
0.9759114583333333
0.9765625
0.9791666666666666
0.9817708333333333
0.984375
0.9895833333333333
0.9921875
0.9947916666666666
0.99609375
0.9973958333333333
0.9986979166666666
0.9990234375
0.9993489583333333
0.9996744791666666
0.999755859375
0.9998372395833333
0.9999186197916666
0.9999593098958333
0.9999796549479166
1.
0.
0.007160808400887877
0.0101312601407178
0.014340087543368551
0.020314951347411812
0.02882953298682238
0.04105845085231398
0.05064631115247171
0.05890714952604975
0.08586784287366918
0.10863763151560397
0.12990941996385363
0.17217157501882352
0.2183724465858618
0.27339294938603603
0.34362675262323544
0.3875595445918819
0.4405859491851577
0.5086876803138836
0.5531230609122658
0.6121312537428183
0.652873835353485
0.7116005617143043
0.7561686327381375
0.8204051987850024
0.8909179961779444
0.943805381414925
1.0152171944833341
1.066947980124381
1.1099821629150513
1.1484612915033252
1.2904205273650453
1.3289856287845359
1.372427437255265
1.425965741913438
1.4609472903839278
1.4827767153733484
1.510281543962435
1.52798195691866
1.5511049360536555
1.5667208529962002
1.5887111637444187
1.5962970253722286
1.6055894315090282
1.6376126247351646
1.6544333112990244
1.6752344241337729
1.6904511859599487
1.7008773932084695
1.7152168497740095
1.7254826876565472
1.7405512257915996
1.751923390423202
1.7692859852146543
1.7940767350885451
1.827983100670496
1.8530207491514563
1.8736218201278656
1.9075007301895461
1.9606296813663635
2.004452435473252
2.080721734645933
2.153166307853076
2.231762820268008
2.2782794897020393
2.336656337172055
2.375704972310288
2.4006191939009547
2.432929233412301
2.454554728322426
2.4845248219243463
2.494632792874308
2.506750993405231
2.5443442321298306
2.5608199851857503
2.584377149563256
2.6123089104984545
2.6341761171868274
2.681168061856886
2.70806129592672
2.728199590409729
2.7448310682430335
2.759289469567561
2.8055388982463088
2.8426716516337547
2.875703515753019
2.937667969061851
2.9694713547486176
3.004269016075939
3.023939721484825
3.04651310853863
3.0750216316575174
3.0840802287391105
3.094746010660267
3.108544671406975
3.112989320604404
3.1182515540246394
3.125097596253162
3.1299335040938363
3.1333506947218455
3.141592653589793
5.611146979687949
15.05676071183472
97
0.
0.0013020833333333333
0.0026041666666666665
0.005208333333333333
0.010416666666666666
0.020833333333333332
0.03125
0.041666666666666664
0.08333333333333333
0.125
0.16666666666666666
0.25
0.3333333333333333
0.41666666666666663
0.5
0.5416666666666666
0.5833333333333333
0.625
0.6458333333333333
0.6666666666666666
0.6770833333333333
0.6875
0.6927083333333333
0.6979166666666666
0.7083333333333333
0.71875
0.7291666666666666
0.75
0.7708333333333333
0.7916666666666666
0.8020833333333333
0.8125
0.8177083333333333
0.8229166666666666
0.8255208333333333
0.828125
0.8294270833333333
0.8307291666666666
0.8310546875
0.8313802083333333
0.8317057291666666
0.8318684895833333
0.8319498697916666
0.83203125
0.8321126302083333
0.8321533203125
0.8321940104166666
0.832275390625
0.8323567708333333
0.83251953125
0.8326822916666666
0.8330078125
0.8333333333333333
0.833984375
0.8346354166666666
0.8359375
0.8372395833333333
0.8385416666666666
0.84375
0.8489583333333333
0.8541666666666666
0.8645833333333333
0.875
0.8958333333333333
0.9166666666666666
0.9375
0.9479166666666666
0.953125
0.9583333333333333
0.9609375
0.9635416666666666
0.96484375
0.9661458333333333
0.966796875
0.9674479166666666
0.9680989583333333
0.96875
0.9700520833333333
0.9713541666666666
0.97265625
0.9739583333333333
0.9791666666666666
0.984375
0.9895833333333333
0.9921875
0.9947916666666666
0.99609375
0.9973958333333333
0.9986979166666666
0.9990234375
0.9993489583333333
0.9996744791666666
0.9998372395833333
0.9999186197916666
0.9999593098958333
0.9999796549479166
1.
0.
0.009789124266574873
0.013855665574448032
0.019628255491996604
0.02785376313841437
0.03966510619031081
0.04892291496812623
0.05689702543039705
0.08290205799794587
0.10483392188737163
0.12529082738099503
0.16582771751884345
0.2099918016120474
0.262517600100395
0.32990857706580995
0.37247609556572814
0.42434088531930647
0.491529766162463
0.5354391678376997
0.5931835565122047
0.632045378096372
0.6850269379812864
0.7216378508258322
0.7701808061785212
0.8898518024368804
0.9739410291567476
1.032880615061874
1.1227940743302918
1.1998059627861377
1.2771411713771488
1.3199648884493806
1.369804376361435
1.39982494895172
1.4366972914396894
1.459931855554455
1.4897508293491348
1.509561640447378
1.5370492511065408
1.546445781359955
1.5579475653562969
1.573421524805841
1.5843069558537706
1.5914383965717849
1.6008489481916377
1.615810267536704
1.6299690643625253
1.6522286383989786
1.674776867549575
1.6861527878576394
1.7006168595941773
1.7107164444303626
1.7254802343567963
1.7366382947506853
1.753742089324956
1.7670974114986102
1.788056014574746
1.8047344866870199
1.8188892809995614
1.8624278173834787
1.8955181511606027
1.9233820546653517
1.9706727004734867
2.0118443984211494
2.0864891395420755
2.1601556105527426
2.2437300304032926
2.296317437877099
2.3288766693000853
2.370117298469678
2.397110164343553
2.4335798064757235
2.4596714584354396
2.5007056325272323
2.5393379587591105
2.6054606007099506
2.649162132410794
2.676086946365552
2.7127771061403796
2.7397587177718568
2.762014795391211
2.7814493806195135
2.8451124500421607
2.899461956848975
2.9528211953815133
2.9813518620410737
3.013148170437631
3.0313216892763015
3.0523108250820945
3.0789738959527875
3.0874697328119556
3.0974885620373698
3.1104679329747897
3.119605313162826
3.126055193367198
3.1306109652355483
3.133829900056744
3.141592653589793
5.679111938658341
14.604705158540034
104
0.
0.0013020833333333333
0.0026041666666666665
0.005208333333333333
0.010416666666666666
0.020833333333333332
0.03125
0.041666666666666664
0.08333333333333333
0.125
0.16666666666666666
0.25
0.3333333333333333
0.41666666666666663
0.5
0.5416666666666666
0.5833333333333333
0.625
0.6458333333333333
0.6666666666666666
0.6875
0.6979166666666666
0.7083333333333333
0.71875
0.7291666666666666
0.75
0.7708333333333333
0.7916666666666666
0.8020833333333333
0.8125
0.8177083333333333
0.8203125
0.8229166666666666
0.82421875
0.8255208333333333
0.826171875
0.8268229166666666
0.8271484375
0.8274739583333333
0.8275553385416666
0.82763671875
0.8277180989583333
0.8277587890625
0.8277994791666666
0.82781982421875
0.8278401692708333
0.827850341796875
0.8278605143229166
0.8278706868489583
0.827880859375
0.8279012044270833
0.8279215494791666
0.82794189453125
0.8279622395833333
0.8280436197916666
0.828125
0.8284505208333333
0.8287760416666666
0.8294270833333333
0.830078125
0.8307291666666666
0.8333333333333333
0.8359375
0.8385416666666666
0.84375
0.8541666666666666
0.8645833333333333
0.875
0.8958333333333333
0.9166666666666666
0.9270833333333333
0.9375
0.9427083333333333
0.9479166666666666
0.953125
0.9557291666666666
0.95703125
0.9583333333333333
0.9596354166666666
0.9602864583333333
0.9609375
0.9615885416666666
0.9622395833333333
0.9635416666666666
0.96484375
0.9661458333333333
0.96875
0.9739583333333333
0.9791666666666666
0.984375
0.9895833333333333
0.9921875
0.9947916666666666
0.99609375
0.9973958333333333
0.9986979166666666
0.9990234375
0.9993489583333333
0.9996744791666666
0.9998372395833333
0.9999186197916666
0.9999593098958333
0.9999796549479166
1.
0.
0.009468249565164117
0.01340137649377995
0.018984360399696577
0.026939065939517823
0.03835970126135546
0.04730921685157605
0.05501595574077613
0.08013359546710276
0.1012929300301124
0.12100387180816537
0.15997648965695394
0.20230604660681495
0.25255771841865166
0.3172117398924247
0.35834123968441517
0.4088448248435098
0.4747870558176652
0.5179623598486552
0.5742674125935106
0.6598164078289956
0.7303689364911763
0.8332961996298877
0.9264722509333051
0.9934630208415313
1.092873615639233
1.1763631945404267
1.2602463825019399
1.3074793974055443
1.3643746409896333
1.400741912812107
1.4230435498657583
1.4505718466095252
1.467824968487162
1.4895575091580113
1.5034828339583215
1.521507057169248
1.5334958663976617
1.5499562046369362
1.5554696874015097
1.562073191758998
1.5705501332847824
1.5760795008557882
1.5833567053843336
1.5882769578148466
1.595140667365625
1.600247936479651
1.6088368642672952
1.6276798386575029
1.6374862548288989
1.6468628955721516
1.6527020662371712
1.6571344183244263
1.660781159550757
1.6714647401547864
1.679106296157791
1.6990825359725463
1.7124041454206504
1.731585208323509
1.746018438616276
1.7579071505181285
1.793138088317206
1.8189339898956052
1.84009781629561
1.8748467295478186
1.9292967328839132
1.974224911860811
2.014543376313905
2.0897674217494884
2.166648869204888
2.2094419802296748
2.258977182573178
2.288348406454184
2.3233593127440484
2.3693749378417537
2.401402216085004
2.422366821274713
2.4501387339552503
2.4946793490813852
2.5347911042868643
2.5869566454427875
2.6237483332184732
2.6488389519669417
2.684118363297927
2.7102409261987925
2.731728561483421
2.7671592082803946
2.8235662300803503
2.8718231933375553
2.9176917834883356
2.965206508684761
2.991267642983189
3.020683377148369
3.0376302515219233
3.057298423311504
3.0823912955896975
3.0904083423180575
3.099868602209212
3.112138354346646
3.1207818858441922
3.126884048961336
3.1311955073893554
3.1342424625615792
3.141592653589793
5.747076897628734
14.157680486014428
104
0.
0.0013020833333333333
0.0026041666666666665
0.005208333333333333
0.010416666666666666
0.020833333333333332
0.03125
0.041666666666666664
0.08333333333333333
0.125
0.16666666666666666
0.25
0.3333333333333333
0.41666666666666663
0.5
0.5416666666666666
0.5833333333333333
0.625
0.6458333333333333
0.6666666666666666
0.6875
0.6979166666666666
0.7083333333333333
0.71875
0.7291666666666666
0.75
0.7708333333333333
0.7916666666666666
0.8020833333333333
0.8072916666666666
0.8125
0.8177083333333333
0.8203125
0.8216145833333333
0.8229166666666666
0.8235677083333333
0.82421875
0.8243815104166666
0.8245442708333333
0.82470703125
0.8248697916666666
0.8249104817708333
0.824951171875
0.8249715169270833
0.8249918619791666
0.8250020345052083
0.82501220703125
0.8250223795572916
0.8250274658203125
0.8250325520833333
0.825042724609375
0.8250528971354166
0.8250732421875
0.8250935872395833
0.8251139322916666
0.8251953125
0.8253580729166666
0.8255208333333333
0.8258463541666666
0.826171875
0.8268229166666666
0.8274739583333333
0.828125
0.8307291666666666
0.8333333333333333
0.8385416666666666
0.84375
0.8541666666666666
0.875
0.8958333333333333
0.9166666666666666
0.9270833333333333
0.9375
0.9427083333333333
0.9453125
0.9479166666666666
0.94921875
0.9505208333333333
0.9518229166666666
0.9524739583333333
0.953125
0.9537760416666666
0.9544270833333333
0.9557291666666666
0.95703125
0.9583333333333333
0.9609375
0.9635416666666666
0.96875
0.9791666666666666
0.984375
0.9895833333333333
0.9921875
0.9947916666666666
0.99609375
0.9973958333333333
0.9986979166666666
0.9990234375
0.9993489583333333
0.9996744791666666
0.9998372395833333
0.9999186197916666
0.9999593098958333
1.
0.
0.009166116019846451
0.012973648203111128
0.018378187196838848
0.02607817268248903
0.037131711238276195
0.045792010031120725
0.05324831549884067
0.07753801477887505
0.09798140233082946
0.11700571409429124
0.15455252353571478
0.19522517719437288
0.24341376896169212
0.30549102955068136
0.3451753292920452
0.3942003019297556
0.45863858918915734
0.5009030130313257
0.5556253209700371
0.6358062088433496
0.6967274384706112
0.7822003759429363
0.8751399739294798
0.9492764365807389
1.0587869398877958
1.149040639133718
1.239380462368988
1.2908503133072937
1.3204293407834569
1.3547782624096785
1.3983059981410657
1.4273634126970143
1.4457566578978858
1.469307491856706
1.484806001960022
1.5058038477990723
1.5127463774077363
1.5209764196855065
1.5313520604960231
1.5463639732216508
1.5517786930393775
1.5587682906614793
1.5633597907658883
1.5694710970246406
1.5736831566227318
1.5797714202955875
1.5940883478639403
1.6079072300303305
1.6140594184486041
1.6209182113524483
1.625420051346683
1.6317802161216206
1.6364776741853064
1.6402951156664698
1.65135176907545
1.6654825073055592
1.6754616230940431
1.690193024515622
1.7014171456127924
1.7187341876021023
1.7323262687661336
1.7437573484793758
1.7783763857188075
1.8041366903917355
1.8439376739365267
1.8757856829578883
1.9280326639821432
2.013192331205417
2.090797665802595
2.173011519402084
2.2209082396300373
2.2801010132232045
2.318834187736913
2.3429395412461713
2.3730193860394357
2.391971325010201
2.415716727298124
2.448923427813308
2.473106403585369
2.508006658957435
2.553345440051938
2.59026014860788
2.636199924732509
2.6665427303168645
2.690118000639659
2.7272520726543124
2.757301993151938
2.8071599492732373
2.891032539432006
2.9316477205433036
2.97505572300843
2.999263024090621
3.026829598519056
3.0428031751959304
3.0614052733953394
3.085217010222155
3.092839580974313
3.101841816573573
3.1135242354004093
3.1217588844997413
3.127573302395064
3.13168208061341
3.141592653589793
5.849024336084321
13.500290871775965
94
0.
0.0013020833333333333
0.0026041666666666665
0.005208333333333333
0.010416666666666666
0.015625
0.020833333333333332
0.041666666666666664
0.0625
0.08333333333333333
0.16666666666666666
0.25
0.3333333333333333
0.41666666666666663
0.5
0.5833333333333333
0.625
0.6458333333333333
0.6666666666666666
0.6875
0.6979166666666666
0.7083333333333333
0.71875
0.7291666666666666
0.75
0.7708333333333333
0.7916666666666666
0.8020833333333333
0.8072916666666666
0.8125
0.8151041666666666
0.8177083333333333
0.8203125
0.8209635416666666
0.8216145833333333
0.822265625
0.8225911458333333
0.8229166666666666
0.822998046875
0.8230794270833333
0.8231608072916666
0.8232421875
0.8233235677083333
0.8234049479166666
0.8235677083333333
0.8238932291666666
0.8240559895833333
0.82421875
0.8248697916666666
0.8255208333333333
0.8268229166666666
0.828125
0.8307291666666666
0.8333333333333333
0.8385416666666666
0.84375
0.8541666666666666
0.875
0.8958333333333333
0.90625
0.9166666666666666
0.9270833333333333
0.9322916666666666
0.9348958333333333
0.9375
0.9388020833333333
0.9401041666666666
0.94140625
0.9420572916666666
0.9427083333333333
0.943359375
0.9440104166666666
0.9453125
0.9466145833333333
0.9479166666666666
0.9505208333333333
0.953125
0.9583333333333333
0.96875
0.9791666666666666
0.984375
0.9895833333333333
0.9921875
0.9947916666666666
0.99609375
0.9973958333333333
0.9986979166666666
0.9990234375
0.9993489583333333
0.9996744791666666
0.9998372395833333
0.9999186197916666
0.9999593098958333
1.
0.
0.008743387963518845
0.012375233258801998
0.017530235087343287
0.024874227602725146
0.030567016589917458
0.035415340889315194
0.05078053003406557
0.06308494322716814
0.07392338447419712
0.11147004712170974
0.14709426517137894
0.18556064335095696
0.23100489092199153
0.28955335993812015
0.3738636859403387
0.43571852455497684
0.476354579931123
0.5284821438247439
0.6017455575649763
0.6530017379143145
0.7198188549876466
0.7999993178952469
0.877522400059964
1.000587635490696
1.1010019568757057
1.2002951131689448
1.2570710173838202
1.2901081111795054
1.3292775682807374
1.3529238520036473
1.3815734749260071
1.4204593859753443
1.4335240671914125
1.4493443300385505
1.4702440060091058
1.4846003852817506
1.5054467955778696
1.5129439273740888
1.522494324184602
1.5362200451104397
1.5612408471548576
1.5902139113316573
1.6056955239327662
1.62378583811136
1.6450853305827964
1.6528139461782227
1.6594995671705695
1.680269331037483
1.6958749051721005
1.719760096713735
1.7384539591184986
1.7679597015086095
1.7916589209243865
1.8300258633451811
1.8617109655479882
1.9149133289423093
2.0040654210956763
2.0882592477724216
2.133095056807224
2.183254022003132
2.2448980910153424
2.2851750362511782
2.3102802368480773
2.3417369058772337
2.3616846742840725
2.3869073577885214
2.4228000960139333
2.449371038413575
2.486719885501516
2.528838443447951
2.56116656613259
2.603286308688048
2.6319834684406884
2.654478990751885
2.689961737199884
2.7185499796680803
2.7654233173216825
2.8414236810656432
2.9105953652553995
2.946425819244681
2.9857661392475645
3.0080470829494144
3.0336423912211385
3.0485586129878492
3.065991830290344
3.0883873847824046
3.0955669106466224
3.104055859520099
3.1150889231804406
3.122870961012046
3.1283640130415478
3.1322433749467327
3.141592653589793
5.95097177453991
12.863554872150802
82
0.
0.0013020833333333333
0.0026041666666666665
0.005208333333333333
0.010416666666666666
0.015625
0.020833333333333332
0.041666666666666664
0.0625
0.08333333333333333
0.16666666666666666
0.25
0.3333333333333333
0.41666666666666663
0.5
0.5833333333333333
0.625
0.6666666666666666
0.6875
0.7083333333333333
0.7291666666666666
0.75
0.7708333333333333
0.7916666666666666
0.8020833333333333
0.8072916666666666
0.8125
0.8151041666666666
0.8177083333333333
0.8203125
0.8216145833333333
0.822265625
0.8229166666666666
0.8235677083333333
0.8238932291666666
0.82421875
0.8245442708333333
0.8248697916666666
0.8255208333333333
0.8268229166666666
0.828125
0.8307291666666666
0.8333333333333333
0.8385416666666666
0.84375
0.8541666666666666
0.875
0.8958333333333333
0.90625
0.9166666666666666
0.921875
0.9244791666666666
0.9270833333333333
0.9296875
0.9309895833333333
0.9322916666666666
0.9329427083333333
0.93359375
0.9342447916666666
0.9348958333333333
0.9361979166666666
0.9375
0.9401041666666666
0.9427083333333333
0.9479166666666666
0.9583333333333333
0.96875
0.9791666666666666
0.984375
0.9895833333333333
0.9921875
0.9947916666666666
0.99609375
0.9973958333333333
0.9986979166666666
0.9990234375
0.9993489583333333
0.9996744791666666
0.9998372395833333
0.9999186197916666
0.9999593098958333
1.
0.
0.008351974888244679
0.011821185890780999
0.016745258748308248
0.023760006128985333
0.02919729516359297
0.03382777389937244
0.04850059946083841
0.060247667297363056
0.0705923235185699
0.10639862735491026
0.140309962186629
0.17683975180430866
0.21988817780801778
0.2752907095375719
0.3553469843559312
0.4143899134936266
0.5024971511432974
0.569699897065943
0.669331247966304
0.8066256506313371
0.9360125492163841
1.0453966056514574
1.1522324046683747
1.2125221098481587
1.2473094597118484
1.2881916888047067
1.3126026797027954
1.3417539417345568
1.379982759200542
1.4064121326095196
1.4235811177427813
1.4461105336287698
1.4816695419306394
1.5137833222218002
1.5579796274737718
1.5878655700420465
1.607197614808966
1.63336012348218
1.6670398819705134
1.690830371143144
1.7261159478311803
1.753323095420639
1.7962226560094405
1.831055280265722
1.8890171219209262
1.9862568102555564
2.0804682341684337
2.133029349423489
2.196199206277502
2.236469983759954
2.261031760731988
2.2909923190356856
2.3316576922073806
2.361009774926411
2.4071274512374017
2.4457235941296394
2.4923400308762016
2.5271534395690054
2.551570474367303
2.585838012551014
2.6108658396354167
2.6485124969114877
2.6778259417011925
2.7245776580474366
2.79757980115437
2.860488488263532
2.922415566465884
2.9555465798903913
2.992471877933948
3.0135745680070074
3.037947250942089
3.0522005501814338
3.0689031484604703
3.0903958345567055
3.09729824413349
3.1054627095869565
3.116069646284073
3.123554886960803
3.1288428649170976
3.1325796068604674
3.141592653589793
6.086901692480694
12.054153983900678
78
0.
0.0013020833333333333
0.0026041666666666665
0.005208333333333333
0.010416666666666666
0.020833333333333332
0.03125
0.041666666666666664
0.08333333333333333
0.125
0.16666666666666666
0.3333333333333333
0.41666666666666663
0.5
0.5833333333333333
0.625
0.6666666666666666
0.6875
0.7083333333333333
0.75
0.7708333333333333
0.7916666666666666
0.8020833333333333
0.8125
0.8177083333333333
0.8203125
0.8229166666666666
0.8255208333333333
0.826171875
0.8268229166666666
0.8274739583333333
0.828125
0.8287760416666666
0.8294270833333333
0.8307291666666666
0.83203125
0.8333333333333333
0.8359375
0.8385416666666666
0.84375
0.8541666666666666
0.8645833333333333
0.875
0.8958333333333333
0.90625
0.9114583333333333
0.9140625
0.9166666666666666
0.9192708333333333
0.9205729166666666
0.921875
0.9225260416666666
0.9231770833333333
0.923828125
0.9244791666666666
0.92578125
0.9270833333333333
0.9296875
0.9322916666666666
0.9375
0.9479166666666666
0.9583333333333333
0.96875
0.9791666666666666
0.984375
0.9895833333333333
0.9921875
0.9947916666666666
0.9973958333333333
0.998046875
0.9986979166666666
0.9993489583333333
0.99951171875
0.9996744791666666
0.9998372395833333
0.9999186197916666
0.9999593098958333
1.
0.
0.007870848368494965
0.011140192213751862
0.01578054171722193
0.02239098630726601
0.03187815210203227
0.03930859535334209
0.045703647823601694
0.06651512988297961
0.08399615945567307
0.10022409889288988
0.1663681793624181
0.20663556942518965
0.25833447608953003
0.33304070026185395
0.3881788003404949
0.46965402069082895
0.5295933680662717
0.6124302705703001
0.8466217226086955
0.9625851886603246
1.076533823918462
1.1390232131046605
1.2134633117535898
1.2610682306767664
1.2904593512406697
1.327085292766483
1.3794807425417568
1.3979530480466718
1.420749656790067
1.4502506035827338
1.4878629116663091
1.5261894386119124
1.5566079255164402
1.5986080581552913
1.6278892015039717
1.6508682881440953
1.686884088059227
1.7155517240892506
1.7616199017587193
1.8329319592846691
1.8923750942620017
1.9473479483023037
2.059841860615883
2.127515834826967
2.169657253177781
2.194962361122206
2.2253692080774994
2.265667759522814
2.293917252955326
2.3370932000843982
2.3756315756875757
2.440285699159483
2.48565444223188
2.512758844113791
2.5483871266208182
2.5736902743934094
2.61127636233486
2.6403120060865835
2.6862828509346888
2.7570120106030243
2.8163362694555913
2.8721749592859895
2.9296615784775066
2.961085167095992
2.9964871311035934
3.0168582588156294
3.040479798627659
3.0705947556322735
3.0802126391575158
3.091561674189128
3.106275456746444
3.111020079050515
3.1166410096079558
3.1239564590686815
3.129124631796168
3.1327773177795764
3.141592653589793
6.222831610421478
11.295213521551172
79
0.
0.0013020833333333333
0.0026041666666666665
0.005208333333333333
0.010416666666666666
0.020833333333333332
0.03125
0.041666666666666664
0.08333333333333333
0.125
0.16666666666666666
0.3333333333333333
0.41666666666666663
0.5
0.5833333333333333
0.625
0.6666666666666666
0.7083333333333333
0.75
0.7708333333333333
0.7916666666666666
0.8020833333333333
0.8125
0.8177083333333333
0.8229166666666666
0.828125
0.8307291666666666
0.8333333333333333
0.8359375
0.8385416666666666
0.84375
0.8489583333333333
0.8541666666666666
0.8645833333333333
0.875
0.8854166666666666
0.8958333333333333
0.9010416666666666
0.90625
0.9088541666666666
0.9114583333333333
0.9127604166666666
0.9140625
0.9147135416666666
0.9153645833333333
0.9156901041666666
0.916015625
0.9163411458333333
0.91650390625
0.9166666666666666
0.9169921875
0.9173177083333333
0.91796875
0.9186197916666666
0.9192708333333333
0.9205729166666666
0.921875
0.9244791666666666
0.9270833333333333
0.9322916666666666
0.9375
0.9479166666666666
0.9583333333333333
0.96875
0.9791666666666666
0.984375
0.9895833333333333
0.9921875
0.9947916666666666
0.9973958333333333
0.998046875
0.9986979166666666
0.9993489583333333
0.99951171875
0.9996744791666666
0.9998372395833333
0.9999186197916666
0.9999593098958333
1.
0.
0.007428693412777044
0.010514389417157386
0.01489409965725681
0.02113331047135448
0.030087836688999028
0.03710124921186609
0.043137464776429185
0.06278134857304658
0.07928059681983513
0.09459430864769083
0.1569283059713523
0.19475913864363012
0.2431753836957963
0.3128757160652022
0.3640645636217965
0.438697078650139
0.5626604145748999
0.7622537868156526
0.8755696027147182
0.9918960183909695
1.0546519777862637
1.125727017784976
1.167406992114262
1.2170436179677258
1.2828926821024593
1.3292270901830798
1.3962503068446155
1.4873058271493003
1.5586677043244828
1.6438292418653386
1.7006183798720667
1.7459658834734741
1.8211779850748524
1.8876569452747698
1.9527274982570115
2.022759225843075
2.0628190240035944
2.110130725800315
2.138814317162163
2.1739976948848385
2.1959771367742325
2.2236282698764813
2.241324512359829
2.2641467792014116
2.2791684640813505
2.299168465475593
2.331533038457212
2.360355269139863
2.394308114987777
2.432767362916774
2.4543924122617344
2.482549514428704
2.502441884841343
2.5183255980076003
2.5435689978806613
2.5638362434209485
2.5963626989001103
2.6228211327616955
2.6661302880955664
2.702318021584118
2.764137720410748
2.819454707795576
2.8732073090707964
2.929607791315127
2.960742910429621
2.9960024601036612
3.016359972787661
3.0400120548176734
3.070225045502204
3.0798836482653797
3.091288010347895
3.1060766251515335
3.1108466654452793
3.116499920975188
3.1238597631891487
3.1290587691591556
3.1327324356921347
3.141592653589793
6.358761528362263
10.58786720547101
85
0.
0.0026041666666666665
0.005208333333333333
0.010416666666666666
0.020833333333333332
0.03125
0.041666666666666664
0.08333333333333333
0.125
0.16666666666666666
0.3333333333333333
0.41666666666666663
0.5
0.5833333333333333
0.625
0.6666666666666666
0.7083333333333333
0.75
0.7708333333333333
0.7916666666666666
0.8020833333333333
0.8125
0.8229166666666666
0.828125
0.8333333333333333
0.8385416666666666
0.8411458333333333
0.84375
0.8463541666666666
0.8489583333333333
0.8541666666666666
0.859375
0.8645833333333333
0.875
0.8854166666666666
0.8958333333333333
0.9010416666666666
0.90625
0.9088541666666666
0.91015625
0.9114583333333333
0.912109375
0.9127604166666666
0.9130859375
0.9134114583333333
0.91357421875
0.9137369791666666
0.913818359375
0.9138997395833333
0.9139404296875
0.9139811197916666
0.9140218098958333
0.9140625
0.9141438802083333
0.9142252604166666
0.9143880208333333
0.91455078125
0.9147135416666666
0.9153645833333333
0.916015625
0.9166666666666666
0.91796875
0.9192708333333333
0.921875
0.9270833333333333
0.9322916666666666
0.9375
0.9479166666666666
0.9583333333333333
0.96875
0.9791666666666666
0.984375
0.9895833333333333
0.9921875
0.9947916666666666
0.99609375
0.9973958333333333
0.9986979166666666
0.9990234375
0.9993489583333333
0.9996744791666666
0.9998372395833333
0.9999186197916666
0.9999593098958333
1.
0.
0.00993468737085401
0.014073015127644242
0.019968517025684005
0.028430201198125796
0.035058066819809976
0.040762824057335965
0.059330508543500735
0.07492825503646405
0.08940583480508686
0.1482895440431153
0.1839272745985341
0.22935944454138327
0.29433540589212015
0.341618089060341
0.40945772764345917
0.5177342171252188
0.6876441792744636
0.791273184101285
0.9039069789298738
0.9651433119422966
1.0325924243540874
1.1119691005976355
1.1602510625042677
1.2197542042051872
1.3015362383250908
1.3572691562215913
1.4223182378717283
1.4844060713186946
1.5354083942204184
1.6117923618254615
1.6696779531941959
1.7182742759851788
1.8022926752686357
1.8804292812504515
1.9628696540115531
2.010318626239599
2.068077219965578
2.1052352197452042
2.1280911583755984
2.1563608357585924
2.174109904107792
2.1964881016614615
2.210832935694362
2.229373087766812
2.241658361270946
2.2582975941693317
2.2701531188188087
2.2885305414659975
2.305309665716103
2.335945532568733
2.3562022240795324
2.367758505387385
2.382669392940646
2.3930765377646397
2.4082145111401725
2.419587160986372
2.428905238865062
2.456157051560175
2.475705676057278
2.491460960758709
2.516732238947218
2.537161309480055
2.5701519210654524
2.6204448596441288
2.660525568544021
2.6952354005111587
2.7561181873559266
2.811636883217873
2.8661479152870952
2.923717131707624
2.9556081401852823
2.991790497880893
3.0127058468999257
3.0370250584960305
3.0513173556779654
3.068110035689749
3.0897911799045006
3.096764664378762
3.1050187884780294
3.11575027527579
3.1233264524003856
3.1286800088867466
3.132463787934398
3.141592653589793
6.494691446303047
9.929646866400008
93
0.
0.0026041666666666665
0.005208333333333333
0.010416666666666666
0.020833333333333332
0.03125
0.041666666666666664
0.08333333333333333
0.125
0.16666666666666666
0.3333333333333333
0.41666666666666663
0.5
0.5833333333333333
0.625
0.6666666666666666
0.7083333333333333
0.75
0.7708333333333333
0.7916666666666666
0.8125
0.8229166666666666
0.8333333333333333
0.84375
0.8489583333333333
0.8541666666666666
0.859375
0.8645833333333333
0.875
0.8854166666666666
0.8958333333333333
0.9010416666666666
0.90625
0.9088541666666666
0.9114583333333333
0.912109375
0.9127604166666666
0.9134114583333333
0.9137369791666666
0.9140625
0.9142252604166666
0.9143880208333333
0.9144694010416666
0.91455078125
0.9145711263020833
0.9145914713541666
0.91461181640625
0.9146219889322916
0.9146270751953125
0.9146321614583333
0.9146347045898438
0.9146372477213541
0.9146385192871094
0.9146397908528645
0.9146410624186198
0.914642333984375
0.9146474202473958
0.9146525065104166
0.9146626790364583
0.9146728515625
0.9146931966145833
0.9147135416666666
0.9147542317708333
0.914794921875
0.9148763020833333
0.9150390625
0.9153645833333333
0.916015625
0.9166666666666666
0.91796875
0.9192708333333333
0.921875
0.9270833333333333
0.9322916666666666
0.9375
0.9479166666666666
0.9583333333333333
0.96875
0.9791666666666666
0.984375
0.9895833333333333
0.9921875
0.9947916666666666
0.99609375
0.9973958333333333
0.9986979166666666
0.9990234375
0.9993489583333333
0.9996744791666666
0.9998372395833333
0.9999186197916666
0.9999593098958333
1.
0.
0.00939398548771155
0.013307197968757652
0.01888221523528027
0.026884520691942693
0.033153193469076324
0.03854930250698174
0.0561161068954385
0.07087725904551641
0.08458062816043817
0.14028518793997896
0.17390478500849316
0.2165685855903991
0.27705925600052794
0.3205503267961349
0.38186656817827436
0.4766800627937098
0.6225779715531394
0.7143634174193678
0.8183212075138208
0.9391150679377381
1.0106579212215507
1.0971276410713726
1.2159087044601602
1.3000909754591559
1.4016077301814664
1.4953094846476607
1.5698549599656888
1.6846940376240407
1.7809725097023432
1.8761492582398391
1.9287505702284438
1.9907019870804308
2.0290649354032326
2.0788305163753193
2.094830709473629
2.1135616195329745
2.136892306916489
2.151621326212799
2.1702870005191577
2.1823254882234937
2.1980268067613453
2.208588797216583
2.223387258961701
2.228478214418983
2.234738056713998
2.243234403799718
2.249304693586167
2.2533580069692047
2.258894345910167
2.262874345745117
2.2691450578218775
2.2750773294074063
2.285386029405444
2.291780332270238
2.295544807889638
2.303948894178021
2.3090070648197485
2.3159095795317435
2.3209150945145223
2.328375000813511
2.334073716348385
2.3428401430501404
2.3496790643120775
2.360350130221746
2.3758370320087763
2.397084563904867
2.425248358576927
2.4455494000978915
2.47597716586681
2.4995008313703817
2.536383143928534
2.5912155884921297
2.634282993575272
2.671321957235158
2.735936994723519
2.7946165324413683
2.8520898190344726
2.912688506184836
2.94622701418327
2.9842581296149824
3.0062342261937265
3.031782780716003
3.0467937031677783
3.0644314163971083
3.0871990928741657
3.0945219704242075
3.103189331713679
3.11445752147045
3.1224127921862523
3.1280341990340266
3.132007253964944
3.141592653589793
6.630621364243831
9.316052242065691
79
0.
0.0026041666666666665
0.005208333333333333
0.010416666666666666
0.020833333333333332
0.03125
0.041666666666666664
0.08333333333333333
0.125
0.16666666666666666
0.3333333333333333
0.41666666666666663
0.5
0.5833333333333333
0.625
0.6666666666666666
0.7083333333333333
0.75
0.7708333333333333
0.7916666666666666
0.8125
0.8333333333333333
0.84375
0.8541666666666666
0.859375
0.8645833333333333
0.8697916666666666
0.875
0.8854166666666666
0.8958333333333333
0.9010416666666666
0.90625
0.9088541666666666
0.9114583333333333
0.9140625
0.9153645833333333
0.916015625
0.9166666666666666
0.9169921875
0.9173177083333333
0.91748046875
0.9175618489583333
0.9176432291666666
0.917724609375
0.9177652994791666
0.9178059895833333
0.9178873697916666
0.91796875
0.9181315104166666
0.9182942708333333
0.9186197916666666
0.9189453125
0.9192708333333333
0.9205729166666666
0.9212239583333333
0.921875
0.9244791666666666
0.9270833333333333
0.9322916666666666
0.9375
0.9479166666666666
0.9583333333333333
0.96875
0.9791666666666666
0.984375
0.9895833333333333
0.9921875
0.9947916666666666
0.99609375
0.9973958333333333
0.9986979166666666
0.9990234375
0.9993489583333333
0.9996744791666666
0.9998372395833333
0.9999186197916666
0.9999593098958333
0.9999796549479166
1.
0.
0.008886693872114656
0.012588717366509138
0.017863097900013395
0.02543454250893922
0.031366400703458044
0.036473156397821754
0.05310216403973985
0.06708019710755321
0.08005948943213458
0.1327949983130482
0.16452765215690413
0.20458931206264394
0.2608220041767799
0.30070159684232206
0.3559298359131612
0.4390834134801845
0.5654057226193479
0.6460676983091941
0.7393468322468414
0.8496237292863908
0.989254288750736
1.080983766573453
1.2037103404275311
1.2825925603614825
1.3694743889006329
1.452896713735194
1.5265102880972148
1.6505762030843347
1.7621087271263183
1.8194450528607906
1.8825197395816666
1.9184302759358431
1.9598537748991256
2.011957563172001
2.046514174577532
2.0682912481127924
2.09603704412379
2.1141618536744677
2.1384051547656147
2.1554274182324877
2.166586575431716
2.1813485317997885
2.205012584616968
2.2269785128330137
2.2565589278718203
2.287761976679282
2.3042784033147488
2.3253878016164906
2.3401233584647176
2.3616055915740755
2.3778034341832224
2.3911070649320334
2.4302141739200915
2.4452152101679685
2.458471106085091
2.501053426479912
2.534285640312968
2.58721427999299
2.630607806495286
2.7037508036619813
2.768562893277876
2.8311879256595227
2.896649029279878
2.932708394392106
2.973495298703937
2.9970222160289652
3.02434871258137
3.0403904581191052
3.0592326293219387
3.0835439252757544
3.091359495751788
3.100611591062676
3.112645905789991
3.1211397598956405
3.1271380225770957
3.1313755515360344
3.134370001103247
3.141592653589793
6.766551282184616
8.741838287805514
67
0.
0.0026041666666666665
0.005208333333333333
0.010416666666666666
0.020833333333333332
0.03125
0.041666666666666664
0.08333333333333333
0.125
0.16666666666666666
0.3333333333333333
0.5
0.5833333333333333
0.6666666666666666
0.7083333333333333
0.75
0.7916666666666666
0.8125
0.8333333333333333
0.8541666666666666
0.8645833333333333
0.875
0.8854166666666666
0.8958333333333333
0.90625
0.9114583333333333
0.9140625
0.9166666666666666
0.9192708333333333
0.919921875
0.9205729166666666
0.9212239583333333
0.921875
0.9222005208333333
0.92236328125
0.9225260416666666
0.9226888020833333
0.9228515625
0.9231770833333333
0.9235026041666666
0.923828125
0.9241536458333333
0.9244791666666666
0.92578125
0.9270833333333333
0.9296875
0.9322916666666666
0.9375
0.9479166666666666
0.9583333333333333
0.96875
0.9791666666666666
0.984375
0.9895833333333333
0.9921875
0.9947916666666666
0.99609375
0.9973958333333333
0.9986979166666666
0.9990234375
0.9993489583333333
0.9996744791666666
0.9998372395833333
0.9999186197916666
0.9999593098958333
0.9999796549479166
1.
0.
0.0084085064969056
0.011911453736243005
0.01690245124616501
0.024067779671657408
0.029682168259348926
0.03451620151489025
0.05026137538116786
0.06350141515129815
0.07579837282632512
0.12573458816109523
0.1932866124055221
0.24549742744513076
0.33167691577141717
0.4047443990564544
0.5147382915792836
0.668600444926502
0.7673571044321882
0.8913186331196702
1.0641171045277733
1.1864936203649845
1.3377501931604385
1.4879929911494318
1.6213515407310468
1.7517623893816805
1.8246015460307192
1.8662925932753802
1.91490847116976
1.9777710039257441
1.997996585122358
2.021705438581986
2.0512494659565994
2.093069055992577
2.125406580002473
2.148635077399638
2.1806979688820527
2.218549876096481
2.2486379097273645
2.286580795296198
2.311301532754614
2.330066354925362
2.3454449530790047
2.3586151053394753
2.399012532294911
2.4290402493459973
2.4748689117422717
2.5108686986962243
2.568419171145884
2.657520498903802
2.7323752368875027
2.802791932835228
2.8752084994213005
2.9147570706997086
2.959284963076322
2.984895118924211
3.0145847595167323
3.0319926228160154
3.052422208249272
3.078758479790389
3.0872226478346327
3.097238611131546
3.110256322706877
3.119444526419307
3.125936505295216
3.1305245529456394
3.1337675573869404
3.141592653589793
6.9024812001254
8.201907322880611
60
0.
0.0026041666666666665
0.005208333333333333
0.010416666666666666
0.020833333333333332
0.03125
0.041666666666666664
0.08333333333333333
0.125
0.16666666666666666
0.3333333333333333
0.5
0.5833333333333333
0.6666666666666666
0.75
0.7916666666666666
0.8125
0.8333333333333333
0.8541666666666666
0.8645833333333333
0.875
0.8854166666666666
0.8958333333333333
0.90625
0.9114583333333333
0.9166666666666666
0.9192708333333333
0.921875
0.9244791666666666
0.92578125
0.9270833333333333
0.927734375
0.9283854166666666
0.9290364583333333
0.9296875
0.9309895833333333
0.9322916666666666
0.9348958333333333
0.9375
0.9427083333333333
0.9479166666666666
0.9583333333333333
0.96875
0.9791666666666666
0.984375
0.9895833333333333
0.9921875
0.9947916666666666
0.99609375
0.9973958333333333
0.9986979166666666
0.9990234375
0.9993489583333333
0.9996744791666666
0.999755859375
0.9998372395833333
0.9999186197916666
0.9999593098958333
0.9999796549479166
1.
0.
0.007956162623359872
0.011270790373437258
0.015993701959782076
0.022774806991165
0.02808882618004405
0.03266480702235061
0.04757351669023289
0.06011482353927305
0.07176546188789208
0.1190470431512885
0.18258050216638697
0.23102152579136614
0.3091195795477352
0.46964858143694554
0.6058816259232941
0.693677345111276
0.8032280055256714
0.9503796287519365
1.0477665398922857
1.168602027502162
1.3111624084471147
1.4586000919694064
1.6024834037186755
1.6768339037458406
1.7583344563681602
1.8046755732843938
1.858227019653882
1.9259815670361304
1.9712048312846835
2.0352856828810233
2.084261349085542
2.1560989079519217
2.2265609987964456
2.2728562297575037
2.3312042078405124
2.3708750585174894
2.4279662507035304
2.4710557453676865
2.5381442654762045
2.5923977284367625
2.683580338334485
2.765448883164455
2.8474776346132846
2.8916893642949826
2.941128193278358
2.9694384104560734
3.0021685609223394
3.0213271078309307
3.043779556573012
3.072694406615208
3.0819826671069674
3.092968170757302
3.1072418281204093
3.111851116866029
3.1173145472189967
3.12442931589669
3.129458070240485
3.1330130714268227
3.141592653589793
7.038411118066184
7.691852949466812
54
0.
0.0026041666666666665
0.005208333333333333
0.010416666666666666
0.020833333333333332
0.041666666666666664
0.08333333333333333
0.125
0.16666666666666666
0.3333333333333333
0.5
0.5833333333333333
0.6666666666666666
0.75
0.7916666666666666
0.8125
0.8333333333333333
0.8541666666666666
0.875
0.8958333333333333
0.90625
0.9166666666666666
0.921875
0.9270833333333333
0.9296875
0.9322916666666666
0.93359375
0.9348958333333333
0.9361979166666666
0.9368489583333333
0.9375
0.9401041666666666
0.9427083333333333
0.9479166666666666
0.953125
0.9583333333333333
0.96875
0.9791666666666666
0.984375
0.9895833333333333
0.9921875
0.9947916666666666
0.99609375
0.9973958333333333
0.998046875
0.9986979166666666
0.9993489583333333
0.99951171875
0.9996744791666666
0.9998372395833333
0.9999186197916666
0.9999593098958333
0.9999796549479166
1.
0.
0.007527297698936541
0.010663380560184553
0.015132103461276346
0.02154886614359794
0.030909210476640653
0.04502418735639481
0.05690207488552251
0.06793869574591217
0.11269601535083959
0.17242758964821925
0.21736380843782677
0.28823557342097883
0.42949763386246226
0.5503533671366262
0.6284171977723375
0.7250894748787521
0.8525047401859833
1.033458467018436
1.2923539226742908
1.4414891962499121
1.5997827570161516
1.6887329300743539
1.7960584357344873
1.8657376472852838
1.9636864463393555
2.0383183050371145
2.139183887179044
2.225917969035532
2.2577413475648482
2.284347034585369
2.3618795791211715
2.416667599480798
2.4982756429344124
2.5624046148614887
2.6178927460789208
2.716833073225108
2.8120858621224496
2.862462012869775
2.918262000918267
2.950025748207565
2.986616261984617
3.007980579207333
3.0329809721965937
3.0477370987861074
3.0651247520286757
3.087639122747815
3.0948916365331804
3.103481331313925
3.114661691287285
3.1225584684855807
3.1281378838869984
3.132080907401023
3.141592653589793
7.174341036006968
7.2081891509319105
53
0.
0.0026041666666666665
0.005208333333333333
0.010416666666666666
0.020833333333333332
0.041666666666666664
0.08333333333333333
0.125
0.16666666666666666
0.3333333333333333
0.5
0.5833333333333333
0.6666666666666666
0.75
0.7916666666666666
0.8125
0.8333333333333333
0.875
0.8958333333333333
0.90625
0.9166666666666666
0.921875
0.9270833333333333
0.9322916666666666
0.9348958333333333
0.9375
0.9388020833333333
0.9401041666666666
0.94140625
0.9427083333333333
0.9453125
0.9479166666666666
0.953125
0.9583333333333333
0.96875
0.9791666666666666
0.984375
0.9895833333333333
0.9921875
0.9947916666666666
0.99609375
0.9973958333333333
0.998046875
0.9986979166666666
0.9993489583333333
0.99951171875
0.9996744791666666
0.9998372395833333
0.9999186197916666
0.9999593098958333
0.9999796549479166
0.9999898274739583
1.
0.
0.007120189532803864
0.01008678007215746
0.014314189041363464
0.020385030300090597
0.02924236464928323
0.042603221777842225
0.05385039632573399
0.06430297461458899
0.10665891101614834
0.16280425440357268
0.20450530537875808
0.2689648164076644
0.39376562397751036
0.5011368082675512
0.5707366929260955
0.6562718709125065
0.9215748696612298
1.143679481053562
1.283565494889186
1.4398890041856889
1.5257167913772394
1.6208519538030997
1.7346175778205541
1.805870007212598
1.897565948613381
1.9570657536381948
2.029357970697372
2.108679657752566
2.1793509459017697
2.2807942086717876
2.3508686578727622
2.4513727813366986
2.5281518539389127
2.653587919756412
2.7671907711506005
2.8257019317121226
2.8897009706185663
2.925848675520602
2.9672985356694643
2.991425747527453
3.0196003110799015
3.0362082882736816
3.0557570916425276
3.0810478364813787
3.0891907178157205
3.098831467692041
3.1113768731839846
3.1202373107786054
3.1264973552169004
3.1309212665671513
3.1340481425254545
3.141592653589793
7.378235912918145
6.526846791460008
50
0.
0.005208333333333333
0.010416666666666666
0.020833333333333332
0.041666666666666664
0.08333333333333333
0.125
0.16666666666666666
0.3333333333333333
0.5
0.5833333333333333
0.6666666666666666
0.75
0.7916666666666666
0.8333333333333333
0.8541666666666666
0.875
0.8958333333333333
0.90625
0.9166666666666666
0.9270833333333333
0.9322916666666666
0.9375
0.9427083333333333
0.9453125
0.9479166666666666
0.9505208333333333
0.953125
0.9583333333333333
0.9635416666666666
0.96875
0.9791666666666666
0.984375
0.9895833333333333
0.9921875
0.9947916666666666
0.99609375
0.9973958333333333
0.998046875
0.9986979166666666
0.9990234375
0.9993489583333333
0.9996744791666666
0.999755859375
0.9998372395833333
0.9999186197916666
0.9999593098958333
0.9999796549479166
0.9999898274739583
1.
0.
0.00927584000502369
0.01316381794414214
0.018748007200608863
0.02689757391562085
0.03919677034170041
0.04955556571391946
0.05918518701431414
0.09816103312202822
0.14932949451324748
0.186670523361007
0.24288070870884598
0.34740118398702596
0.4374959974128023
0.5681541972308115
0.6596462733700007
0.7837883507722161
0.9613497262111357
1.0779141320886563
1.2166672976145259
1.3815182062044915
1.4775295656140248
1.5887336276709074
1.727957562301581
1.8169829747426467
1.9261302033239687
2.049500462056565
2.160691558102032
2.3190663572000787
2.4303337112383154
2.5207246825702296
2.6769043520418934
2.7527550364692805
2.83360107614874
2.878563648200811
2.9296627207006156
2.9592262614818643
2.9936203435031454
3.013836890125173
3.037599386128318
3.0516671264680078
3.0682774428296336
3.089829176756435
3.0967802793606456
3.105016572814781
3.1157410158772505
3.1233185527628002
3.128673792846018
3.1324590781191795
3.141592653589793
7.58213078982932
5.89401120960487
48
0.
0.005208333333333333
0.010416666666666666
0.020833333333333332
0.041666666666666664
0.08333333333333333
0.125
0.16666666666666666
0.3333333333333333
0.5
0.5833333333333333
0.6666666666666666
0.75
0.7916666666666666
0.8333333333333333
0.8541666666666666
0.875
0.8958333333333333
0.9166666666666666
0.9270833333333333
0.9375
0.9479166666666666
0.9505208333333333
0.953125
0.9583333333333333
0.9609375
0.9635416666666666
0.96875
0.9791666666666666
0.984375
0.9895833333333333
0.9921875
0.9947916666666666
0.99609375
0.9973958333333333
0.998046875
0.9986979166666666
0.9990234375
0.9993489583333333
0.9996744791666666
0.999755859375
0.9998372395833333
0.9999186197916666
0.9999593098958333
0.9999796549479166
0.9999898274739583
0.9999949137369791
1.
0.
0.00852569613556854
0.012099663285705692
0.017233597966108207
0.024728177466583876
0.03604450059109589
0.045580558871985394
0.05444799178164993
0.09030187888892623
0.1369619893231759
0.17048931390431682
0.21984012098678063
0.30833481676679186
0.3841553787559543
0.4949063472457262
0.5713010269160138
0.6729829125002026
0.8171272006711626
1.02945899307717
1.1724324523817649
1.3513081641264408
1.5933984381104156
1.6722984016240972
1.7627596422979996
1.9750966969691497
2.0799806145942914
2.1724824610448197
2.322664652487229
2.5508374585473166
2.65276153384754
2.757729011678819
2.8149570932758086
2.879273986299912
2.9162117627312405
2.958982373625903
2.9840440905676635
3.0134317999426736
3.0308097330346024
3.0513050458728483
3.0778635565050756
3.0864270783899346
3.0965703465769705
3.109770968371321
3.1190978018907107
3.1256896262880045
3.1303491311785563
3.1336430901699948
3.141592653589793
7.853990625710889
5.121090097647465
48
0.
0.005208333333333333
0.010416666666666666
0.020833333333333332
0.041666666666666664
0.08333333333333333
0.125
0.16666666666666666
0.3333333333333333
0.5
0.5833333333333333
0.6666666666666666
0.75
0.7916666666666666
0.8333333333333333
0.8541666666666666
0.875
0.8958333333333333
0.9166666666666666
0.9270833333333333
0.9375
0.9479166666666666
0.9583333333333333
0.9635416666666666
0.96875
0.9739583333333333
0.9791666666666666
0.984375
0.9895833333333333
0.9921875
0.9947916666666666
0.99609375
0.9973958333333333
0.998046875
0.9986979166666666
0.9990234375
0.9993489583333333
0.99951171875
0.9996744791666666
0.9998372395833333
0.9998779296875
0.9999186197916666
0.9999593098958333
0.9999796549479166
0.9999898274739583
0.9999949137369791
0.9999974568684895
1.
0.
0.007613483584270193
0.010805569353202484
0.015391886353140777
0.022089675823792367
0.03221010975522576
0.04074500992027458
0.04868527774713901
0.0807572445434306
0.12207789891898349
0.15125152494042238
0.19314888390585833
0.26518689955241603
0.3258558278962399
0.4152485623928081
0.4763529722715916
0.5560510606479535
0.6672499153099748
0.8327650165960562
0.947014559434916
1.0922912198242807
1.2835117930226776
1.5539189330460843
1.7368113809449877
1.9444131897229013
2.141333070267476
2.3126021850857246
2.467241802353225
2.618960470142356
2.6992886851005573
2.7880949332336837
2.838544535142227
2.8965694664254125
2.930410694204498
2.9699727236982243
2.9933134341054783
3.020800857819873
3.0371034882649157
3.0563767069713337
3.0814026854413568
3.0894811311514294
3.099057709628112
3.111528724312664
3.120340642697775
3.126568407154629
3.1309705028923136
3.1340824562096365
3.141592653589793
8.261780379533242
4.105989948900646
47
0.
0.010416666666666666
0.020833333333333332
0.041666666666666664
0.08333333333333333
0.125
0.16666666666666666
0.3333333333333333
0.5
0.5833333333333333
0.6666666666666666
0.75
0.7916666666666666
0.8333333333333333
0.875
0.8958333333333333
0.9166666666666666
0.9375
0.9479166666666666
0.9583333333333333
0.96875
0.9739583333333333
0.9791666666666666
0.984375
0.9895833333333333
0.9921875
0.9947916666666666
0.99609375
0.9973958333333333
0.998046875
0.9986979166666666
0.9990234375
0.9993489583333333
0.99951171875
0.9996744791666666
0.999755859375
0.9998372395833333
0.9999186197916666
0.99993896484375
0.9999593098958333
0.9999796549479166
0.9999847412109375
0.9999898274739583
0.9999949137369791
0.9999974568684895
0.9999987284342448
1.
0.
0.009105991910658024
0.012972957881727837
0.018623892909752967
0.027172641231543466
0.034391763494642597
0.04111403453930764
0.06824548110555627
0.10278143377698383
0.12665584683039433
0.15997234107423403
0.21441352222159188
0.2587225881930829
0.32420528732226794
0.4263327317244717
0.5045053623030528
0.6201353597591286
0.8056981561929192
0.9439709793275444
1.1349103142775485
1.4153722325852798
1.6058134541855196
1.8300189402521243
2.071714499475297
2.3198491042187794
2.4500902573002747
2.592067986295073
2.6717959683534667
2.7627716402095883
2.8155187272862476
2.8769485874070093
2.9130825262102222
2.955564855843742
2.9807213060243263
3.0104346226206506
3.0280903776535766
3.048984633117708
3.076156722588618
3.084936426904621
3.0953455666374277
3.108902551994761
3.1132854202759797
3.118483016012094
3.1252545465558894
3.1300413034411196
3.1334253332500666
3.141592653589793
8.805500051296379
3.0000227832521023
48
0.
0.010416666666666666
0.020833333333333332
0.041666666666666664
0.08333333333333333
0.16666666666666666
0.3333333333333333
0.5
0.5833333333333333
0.6666666666666666
0.75
0.7916666666666666
0.8333333333333333
0.875
0.8958333333333333
0.9166666666666666
0.9375
0.9479166666666666
0.9583333333333333
0.96875
0.9739583333333333
0.9791666666666666
0.984375
0.9895833333333333
0.9921875
0.9947916666666666
0.99609375
0.9973958333333333
0.998046875
0.9986979166666666
0.9990234375
0.9993489583333333
0.99951171875
0.9996744791666666
0.999755859375
0.9998372395833333
0.9998779296875
0.9999186197916666
0.99993896484375
0.9999593098958333
0.9999796549479166
0.9999847412109375
0.9999898274739583
0.9999949137369791
0.9999974568684895
0.9999987284342448
0.9999993642171223
1.
0.
0.007224327187017569
0.010294526563497304
0.014785332614680775
0.021590849709324924
0.03271972637693039
0.05439383226548891
0.08165235914072311
0.1001008240206496
0.12514064934355618
0.16408420960461045
0.19443989219483965
0.23879093472943205
0.30791117013299335
0.35969618177413054
0.4345085200412884
0.554572866205354
0.6451898884547141
0.7705071677097152
0.9548844619315754
1.084633305157527
1.2547316277455456
1.4835530461824469
1.7934972106358502
1.98643229101206
2.212979860355009
2.3447754334970408
2.4974214841937106
2.586601025195111
2.6908294274972375
2.7522626855695447
2.8245617208853044
2.8674074789782624
2.9180241658353583
2.948110567324704
2.9837236768627866
3.00491931616943
3.030036543390515
3.045000826707691
3.0627437511862508
3.085854620048556
3.0933267346624955
3.1021881816314982
3.113733615322227
3.1218954029380965
3.1276656257341813
3.1317452734127422
3.141592653589793
9.349219723059516
2.1419175214700052
50
0.
0.020833333333333332
0.041666666666666664
0.08333333333333333
0.16666666666666666
0.3333333333333333
0.5
0.6666666666666666
0.75
0.7916666666666666
0.8333333333333333
0.875
0.8958333333333333
0.9166666666666666
0.9375
0.9479166666666666
0.9583333333333333
0.96875
0.9739583333333333
0.9791666666666666
0.984375
0.9869791666666666
0.9895833333333333
0.9921875
0.9947916666666666
0.99609375
0.9973958333333333
0.998046875
0.9986979166666666
0.9990234375
0.9993489583333333
0.99951171875
0.9996744791666666
0.999755859375
0.9998372395833333
0.9998779296875
0.9999186197916666
0.99993896484375
0.9999593098958333
0.999969482421875
0.9999796549479166
0.9999898274739583
0.9999923706054688
0.9999949137369791
0.9999974568684895
0.9999987284342448
0.9999993642171223
0.9999996821085612
0.9999998410542805
1.
0.
0.008126182488972889
0.011676394528868164
0.017066128308458384
0.025905048043417384
0.04314500482683884
0.06464115598993236
0.09805927214143167
0.1267912015073095
0.14848674342384235
0.17967481281372216
0.22811543014482386
0.2641027387164387
0.3150692329557851
0.39512595198927136
0.45542415481381454
0.5392501624369823
0.6629923634046496
0.7507859971877459
0.868569660901767
1.036578004758134
1.1509764724667502
1.2965798786942104
1.4875634830562188
1.7482683391951792
1.9186890746680425
2.1316987395661755
2.2627808992161036
2.4210255023586997
2.516397670884727
2.6302494967330787
2.698404137409345
2.7794557799332713
2.8278589250806427
2.8853389563784355
2.9196324574021495
2.9603316793968757
2.9846024094582724
3.013399928626413
3.030570048370412
3.0509390987428633
3.077487249283026
3.0860747192825277
3.096261456581102
3.1095377411712355
3.1189259497853037
3.12556464467044
3.1302590253115623
3.1335785109334595
3.141592653589793
9.892939394822653
1.4958176063512238
52
0.
0.041666666666666664
0.08333333333333333
0.16666666666666666
0.3333333333333333
0.5
0.6666666666666666
0.75
0.8333333333333333
0.875
0.8958333333333333
0.9166666666666666
0.9375
0.9479166666666666
0.9583333333333333
0.96875
0.9739583333333333
0.9791666666666666
0.984375
0.9869791666666666
0.9895833333333333
0.9921875
0.9934895833333333
0.9947916666666666
0.99609375
0.9973958333333333
0.998046875
0.9986979166666666
0.9990234375
0.9993489583333333
0.99951171875
0.9996744791666666
0.999755859375
0.9998372395833333
0.9998779296875
0.9999186197916666
0.99993896484375
0.9999593098958333
0.999969482421875
0.9999796549479166
0.9999847412109375
0.9999898274739583
0.9999949137369791
0.9999961853027344
0.9999974568684895
0.9999987284342448
0.9999990463256836
0.9999993642171223
0.9999996821085612
0.9999998410542805
0.9999999205271403
1.
0.
0.009157420570767846
0.013395904061339139
0.0203662791217537
0.03398778681959893
0.05087499388457234
0.07668416913284369
0.09831241164969123
0.1369953492947974
0.17199226066435394
0.197839703419067
0.2339413903724092
0.2892922802159519
0.3303672359903076
0.387402002144123
0.47199524015867006
0.5322770347932015
0.6137198134916639
0.7322658713758451
0.8155481897229306
0.9256491988674066
1.0789703676945257
1.181230969350846
1.3098612855705474
1.4780481685776412
1.7114267386711581
1.8689080671587044
2.073115285618431
2.203180709833568
2.3645633829864736
2.463955260621583
2.584456060878588
2.6574335754573926
2.744922316504013
2.797477201622577
2.860146725328405
2.897644696163418
2.9422395918069886
2.968876156425204
3.000511003762428
3.0193860776705983
3.0417905125199445
3.0710075640605896
3.080460435262462
3.091674785142436
3.106292051908728
3.1110205003546034
3.116629688886364
3.123940336794433
3.1291101630036406
3.132765990985653
3.141592653589793
10.708518902467357
0.8481637682402607
56
0.
0.08333333333333333
0.16666666666666666
0.3333333333333333
0.5
0.6666666666666666
0.75
0.8333333333333333
0.875
0.9166666666666666
0.9375
0.9479166666666666
0.9583333333333333
0.96875
0.9739583333333333
0.9791666666666666
0.984375
0.9869791666666666
0.9895833333333333
0.9921875
0.9934895833333333
0.9947916666666666
0.99609375
0.9967447916666666
0.9973958333333333
0.998046875
0.9983723958333333
0.9986979166666666
0.9990234375
0.9993489583333333
0.99951171875
0.9996744791666666
0.999755859375
0.9998372395833333
0.9998779296875
0.9999186197916666
0.99993896484375
0.9999593098958333
0.999969482421875
0.9999796549479166
0.9999847412109375
0.9999898274739583
0.9999923706054688
0.9999949137369791
0.9999961853027344
0.9999974568684895
0.9999987284342448
0.9999990463256836
0.9999993642171223
0.9999996821085612
0.9999997615814209
0.9999998410542805
0.9999999205271403
0.9999999602635701
0.999999980131785
1.
0.
0.00915441489159423
0.01394604203564881
0.02333616314912406
0.03491948535454779
0.05236470099780352
0.0666789202922865
0.0916490773301804
0.1138880075156939
0.15258806563783728
0.18601561069434167
0.21023095178823828
0.24349670437864848
0.2928686856371571
0.32826833507954284
0.3763666693919565
0.4470437429867372
0.4974448196945963
0.5655074463273497
0.6639131785016479
0.7324245303887356
0.8224756417710286
0.9479041804311734
1.0322825882632942
1.1399774282910815
1.284518339447527
1.378427093831824
1.4945876499059279
1.644224194417563
1.8496129768543126
1.9878436765613263
2.1677924721601065
2.2832503663679726
2.427731515078729
2.517455768232524
2.6269936933239983
2.6937168108247707
2.77403866020199
2.8224564995079766
2.8803635509486023
2.9150844426075215
2.9563921309453103
2.9810703675760784
3.010396451597569
3.0279058728163033
3.0487021625770003
3.075848437849045
3.0846394323823425
3.0950739930367233
3.1086837106842395
3.113088385639036
3.1183148604473803
3.125128934600638
3.129949127537496
3.13335847733603
3.141592653589793
11.524098410112064
0.4830915738149547
58
0.
0.16666666666666666
0.3333333333333333
0.5
0.6666666666666666
0.75
0.8333333333333333
0.875
0.9166666666666666
0.9375
0.9583333333333333
0.96875
0.9791666666666666
0.984375
0.9869791666666666
0.9895833333333333
0.9921875
0.9934895833333333
0.9947916666666666
0.99609375
0.9967447916666666
0.9973958333333333
0.998046875
0.9983723958333333
0.9986979166666666
0.9990234375
0.9991861979166666
0.9993489583333333
0.99951171875
0.9995930989583333
0.9996744791666666
0.999755859375
0.9998372395833333
0.9998779296875
0.9999186197916666
0.99993896484375
0.9999593098958333
0.999969482421875
0.9999796549479166
0.9999847412109375
0.9999898274739583
0.9999923706054688
0.9999949137369791
0.9999961853027344
0.9999974568684895
0.9999980926513672
0.9999987284342448
0.9999990463256836
0.9999993642171223
0.9999996821085612
0.9999997615814209
0.9999998410542805
0.9999999205271403
0.9999999602635701
0.999999980131785
0.9999999900658925
0.9999999950329462
1.
0.
0.00927512998078581
0.015547542516848159
0.02326372292214012
0.03479758738779764
0.04416479389088095
0.06030207483000752
0.0745312561227098
0.09899847626958275
0.11970657003594437
0.1545601118524236
0.1842522527873951
0.23470167989597573
0.2776622301200029
0.30841830800031195
0.3501786412696043
0.41129520376372153
0.4545679472813403
0.5125735431087467
0.5958377314904116
0.6536495158782789
0.7297268955609612
0.8362231045593514
0.9083580588767312
1.0011154117989647
1.127031586175357
1.209872154988523
1.3136943427552517
1.4501239176081302
1.5372517317315002
1.6436844529171923
1.779127713714978
1.9631614163671602
2.0865397299670154
2.247422768414421
2.351146955406866
2.481780388851538
2.5634476395013888
2.6637336099595945
2.7251260411386387
2.7993461193360702
2.8442206627343696
2.8979711377851642
2.930260922553963
2.9687561882503632
2.9917816716390577
3.0191645795643542
3.035520894147413
3.0549475521590335
3.0802917488821575
3.0884950936381657
3.098229545931974
3.1109218810577093
3.1199009248666894
3.1262521746009053
3.130744241017407
3.133921139362246
3.141592653589793
12.611537753638338
0.26038381005366723
62
0.
0.16666666666666666
0.3333333333333333
0.5
0.6666666666666666
0.75
0.8333333333333333
0.875
0.9166666666666666
0.9375
0.9583333333333333
0.96875
0.9791666666666666
0.984375
0.9895833333333333
0.9921875
0.9947916666666666
0.99609375
0.9967447916666666
0.9973958333333333
0.998046875
0.9983723958333333
0.9986979166666666
0.9990234375
0.9991861979166666
0.9993489583333333
0.99951171875
0.9995930989583333
0.9996744791666666
0.999755859375
0.9997965494791666
0.9998372395833333
0.9998779296875
0.9999186197916666
0.99993896484375
0.9999593098958333
0.999969482421875
0.9999796549479166
0.9999847412109375
0.9999898274739583
0.9999923706054688
0.9999949137369791
0.9999961853027344
0.9999974568684895
0.9999980926513672
0.9999987284342448
0.9999990463256836
0.9999993642171223
0.9999995231628418
0.9999996821085612
0.9999997615814209
0.9999998410542805
0.9999998807907104
0.9999999205271403
0.9999999602635701
0.9999999701976776
0.999999980131785
0.9999999900658925
0.9999999950329462
0.9999999975164731
0.9999999987582365
1.
0.
0.005042743043182914
0.00846090458636316
0.012657142437131012
0.0188982184738388
0.023933312861308308
0.032537652166024195
0.04007071973348299
0.05291353214307727
0.06364057509148721
0.08142888455743376
0.09645555726590538
0.12200093911976514
0.1438275623322081
0.18077012506918289
0.21206662880129484
0.2646645361538641
0.30895675879242246
0.34040314206553496
0.38275663907075186
0.44406686919174293
0.4870266493745963
0.544064825604723
0.6248734264734584
0.6802524823418978
0.7522454383877194
0.8514231526709274
0.9176194474937114
1.0017140348416822
1.114298356016167
1.1875708920394934
1.2787248164210063
1.3977513948118592
1.5662560864199881
1.6848250281077692
1.8484119423733565
1.9607130874457641
2.1119325401824653
2.2132604030433396
2.3463524870437205
2.4332764073674245
2.5445048579288025
2.615205428357224
2.7033794161699176
2.758119273116949
2.825062218811239
2.865880737464109
2.915145821730184
2.9449147742880566
2.9805261305678252
3.0018885841229026
3.0273521406923787
3.042587096059652
3.0606965156137433
3.0843373351900416
3.091993170839892
3.1010803689904916
3.1129327746373137
3.1213203614230456
3.127254625093673
3.1314524573894102
3.141592653589793