  0.27032E+00  0.27028E+00  0.27016E+00  0.26996E+00  0.26967E+00  0.26931E+00
  0.26886E+00  0.26834E+00  0.26774E+00  0.26707E+00  0.26632E+00  0.26462E+00
  0.26266E+00  0.26046E+00  0.25803E+00  0.25542E+00  0.25263E+00  0.24971E+00
  0.24667E+00  0.24354E+00  0.24035E+00  0.23712E+00  0.23387E+00  0.23062E+00
  0.22740E+00  0.22423E+00  0.22111E+00  0.21805E+00  0.21509E+00  0.21221E+00
  0.20942E+00  0.20675E+00  0.20417E+00  0.20171E+00  0.19936E+00  0.19711E+00
  0.19498E+00  0.19294E+00  0.19102E+00  0.18919E+00  0.18746E+00  0.18582E+00
  0.18427E+00  0.18280E+00  0.18140E+00  0.18009E+00  0.17884E+00  0.17766E+00
  0.17654E+00  0.17548E+00  0.17448E+00  0.17352E+00  0.17262E+00  0.17176E+00
  0.17094E+00  0.17016E+00  0.16942E+00  0.16872E+00  0.16805E+00  0.16741E+00
  0.16681E+00  0.16623E+00  0.16568E+00  0.16516E+00  0.16466E+00  0.16419E+00
  0.16374E+00  0.16332E+00  0.16291E+00  0.16253E+00  0.16217E+00  0.16182E+00
  0.16150E+00  0.16119E+00  0.16091E+00  0.16063E+00  0.16038E+00  0.16014E+00
  0.15992E+00  0.15971E+00  0.15952E+00  0.15934E+00  0.15917E+00  0.15902E+00
  0.15889E+00  0.15876E+00  0.15865E+00  0.15855E+00  0.15846E+00  0.15839E+00
  0.15832E+00  0.15827E+00  0.15823E+00  0.15820E+00  0.15819E+00  0.15818E+00
  0.23233E+01  0.28618E+01
  0.22053E+00  0.22040E+00  0.22002E+00  0.21938E+00  0.21849E+00  0.21736E+00
  0.21599E+00  0.21439E+00  0.21257E+00  0.21054E+00  0.20832E+00  0.20333E+00
  0.19772E+00  0.19161E+00  0.18511E+00  0.17835E+00  0.17145E+00  0.16450E+00
  0.15760E+00  0.15084E+00  0.14427E+00  0.13796E+00  0.13195E+00  0.12625E+00
  0.12088E+00  0.11585E+00  0.11116E+00  0.10679E+00  0.10273E+00  0.98953E-01
  0.95447E-01  0.92185E-01  0.89147E-01  0.86308E-01  0.83650E-01  0.81152E-01
  0.78796E-01  0.76568E-01  0.74454E-01  0.72441E-01  0.70521E-01  0.68685E-01
  0.66926E-01  0.65241E-01  0.63624E-01  0.62073E-01  0.60586E-01  0.59161E-01
  0.57796E-01  0.56492E-01  0.55247E-01  0.54059E-01  0.52930E-01  0.51856E-01
  0.50837E-01  0.49872E-01  0.48960E-01  0.48098E-01  0.47284E-01  0.46517E-01
  0.45795E-01  0.45116E-01  0.44478E-01  0.43878E-01  0.43314E-01  0.42786E-01
  0.42290E-01  0.41824E-01  0.41388E-01  0.40979E-01  0.40596E-01  0.40237E-01
  0.39901E-01  0.39587E-01  0.39293E-01  0.39019E-01  0.38764E-01  0.38525E-01
  0.38304E-01  0.38099E-01  0.37909E-01  0.37734E-01  0.37573E-01  0.37426E-01
  0.37292E-01  0.37171E-01  0.37063E-01  0.36966E-01  0.36882E-01  0.36809E-01
  0.36748E-01  0.36698E-01  0.36660E-01  0.36632E-01  0.36616E-01  0.36610E-01
  0.87397E+00  0.76076E+01
  0.21852E+00  0.21832E+00  0.21772E+00  0.21672E+00  0.21533E+00  0.21357E+00
  0.21146E+00  0.20900E+00  0.20622E+00  0.20315E+00  0.19981E+00  0.19243E+00
  0.18430E+00  0.17566E+00  0.16672E+00  0.15771E+00  0.14878E+00  0.14010E+00
  0.13178E+00  0.12392E+00  0.11655E+00  0.10971E+00  0.10341E+00  0.97631E-01
  0.92342E-01  0.87509E-01  0.83089E-01  0.79036E-01  0.75306E-01  0.71855E-01
  0.68646E-01  0.65642E-01  0.62814E-01  0.60138E-01  0.57595E-01  0.55169E-01
  0.52850E-01  0.50631E-01  0.48508E-01  0.46480E-01  0.44544E-01  0.42702E-01
  0.40954E-01  0.39300E-01  0.37739E-01  0.36272E-01  0.34896E-01  0.33609E-01
  0.32408E-01  0.31289E-01  0.30248E-01  0.29280E-01  0.28382E-01  0.27547E-01
  0.26772E-01  0.26051E-01  0.25381E-01  0.24757E-01  0.24176E-01  0.23634E-01
  0.23127E-01  0.22653E-01  0.22209E-01  0.21793E-01  0.21403E-01  0.21037E-01
  0.20693E-01  0.20369E-01  0.20065E-01  0.19780E-01  0.19511E-01  0.19259E-01
  0.19022E-01  0.18800E-01  0.18591E-01  0.18396E-01  0.18213E-01  0.18043E-01
  0.17884E-01  0.17737E-01  0.17600E-01  0.17474E-01  0.17358E-01  0.17252E-01
  0.17155E-01  0.17068E-01  0.16989E-01  0.16919E-01  0.16858E-01  0.16806E-01
  0.16761E-01  0.16725E-01  0.16697E-01  0.16677E-01  0.16665E-01  0.16661E-01
  0.57541E+00  0.11555E+02
  0.21871E+00  0.21844E+00  0.21762E+00  0.21627E+00  0.21439E+00  0.21202E+00
  0.20918E+00  0.20591E+00  0.20223E+00  0.19819E+00  0.19384E+00  0.18435E+00
  0.17412E+00  0.16351E+00  0.15283E+00  0.14235E+00  0.13228E+00  0.12280E+00
  0.11399E+00  0.10591E+00  0.98555E-01  0.91912E-01  0.85927E-01  0.80534E-01
  0.75663E-01  0.71240E-01  0.67195E-01  0.63465E-01  0.59995E-01  0.56740E-01
  0.53666E-01  0.50747E-01  0.47967E-01  0.45316E-01  0.42790E-01  0.40389E-01
  0.38114E-01  0.35968E-01  0.33953E-01  0.32071E-01  0.30321E-01  0.28701E-01
  0.27206E-01  0.25831E-01  0.24570E-01  0.23414E-01  0.22356E-01  0.21386E-01
  0.20497E-01  0.19680E-01  0.18929E-01  0.18235E-01  0.17595E-01  0.17000E-01
  0.16448E-01  0.15934E-01  0.15454E-01  0.15005E-01  0.14585E-01  0.14191E-01
  0.13821E-01  0.13473E-01  0.13146E-01  0.12839E-01  0.12551E-01  0.12279E-01
  0.12024E-01  0.11784E-01  0.11559E-01  0.11348E-01  0.11150E-01  0.10964E-01
  0.10790E-01  0.10628E-01  0.10475E-01  0.10333E-01  0.10201E-01  0.10078E-01
  0.99631E-02  0.98570E-02  0.97589E-02  0.96684E-02  0.95854E-02  0.95096E-02
  0.94406E-02  0.93783E-02  0.93225E-02  0.92730E-02  0.92297E-02  0.91924E-02
  0.91611E-02  0.91355E-02  0.91157E-02  0.91017E-02  0.90932E-02  0.90904E-02
  0.42933E+00  0.15487E+02
  0.21998E+00  0.21942E+00  0.21775E+00  0.21500E+00  0.21124E+00  0.20656E+00
  0.20105E+00  0.19484E+00  0.18805E+00  0.18081E+00  0.17324E+00  0.15765E+00
  0.14215E+00  0.12746E+00  0.11402E+00  0.10206E+00  0.91634E-01  0.82643E-01
  0.74907E-01  0.68209E-01  0.62328E-01  0.57066E-01  0.52265E-01  0.47810E-01
  0.43632E-01  0.39702E-01  0.36015E-01  0.32585E-01  0.29430E-01  0.26565E-01
  0.23997E-01  0.21718E-01  0.19715E-01  0.17962E-01  0.16433E-01  0.15096E-01
  0.13922E-01  0.12885E-01  0.11961E-01  0.11131E-01  0.10379E-01  0.96944E-02
  0.90676E-02  0.84925E-02  0.79645E-02  0.74798E-02  0.70352E-02  0.66281E-02
  0.62556E-02  0.59150E-02  0.56036E-02  0.53187E-02  0.50576E-02  0.48180E-02
  0.45976E-02  0.43944E-02  0.42067E-02  0.40329E-02  0.38717E-02  0.37219E-02
  0.35825E-02  0.34527E-02  0.33317E-02  0.32189E-02  0.31137E-02  0.30155E-02
  0.29240E-02  0.28386E-02  0.27591E-02  0.26849E-02  0.26158E-02  0.25514E-02
  0.24914E-02  0.24356E-02  0.23837E-02  0.23355E-02  0.22907E-02  0.22492E-02
  0.22107E-02  0.21752E-02  0.21425E-02  0.21124E-02  0.20849E-02  0.20597E-02
  0.20369E-02  0.20164E-02  0.19980E-02  0.19817E-02  0.19674E-02  0.19552E-02
  0.19449E-02  0.19366E-02  0.19301E-02  0.19255E-02  0.19227E-02  0.19218E-02
  0.21393E+00  0.31080E+02
  0.22052E+00  0.21968E+00  0.21716E+00  0.21305E+00  0.20750E+00  0.20069E+00
  0.19283E+00  0.18416E+00  0.17492E+00  0.16533E+00  0.15563E+00  0.13663E+00
  0.11909E+00  0.10369E+00  0.90617E-01  0.79723E-01  0.70666E-01  0.63028E-01
  0.56414E-01  0.50507E-01  0.45093E-01  0.40065E-01  0.35396E-01  0.31111E-01
  0.27250E-01  0.23845E-01  0.20900E-01  0.18392E-01  0.16278E-01  0.14500E-01
  0.12997E-01  0.11714E-01  0.10602E-01  0.96253E-02  0.87567E-02  0.79783E-02
  0.72789E-02  0.66508E-02  0.60885E-02  0.55869E-02  0.51407E-02  0.47443E-02
  0.43917E-02  0.40771E-02  0.37950E-02  0.35408E-02  0.33104E-02  0.31007E-02
  0.29092E-02  0.27340E-02  0.25736E-02  0.24267E-02  0.22922E-02  0.21691E-02
  0.20564E-02  0.19532E-02  0.18585E-02  0.17716E-02  0.16917E-02  0.16181E-02
  0.15502E-02  0.14873E-02  0.14291E-02  0.13750E-02  0.13248E-02  0.12781E-02
  0.12346E-02  0.11942E-02  0.11566E-02  0.11217E-02  0.10892E-02  0.10590E-02
  0.10309E-02  0.10048E-02  0.98060E-03  0.95816E-03  0.93738E-03  0.91816E-03
  0.90042E-03  0.88407E-03  0.86903E-03  0.85522E-03  0.84259E-03  0.83108E-03
  0.82066E-03  0.81128E-03  0.80291E-03  0.79551E-03  0.78905E-03  0.78350E-03
  0.77883E-03  0.77502E-03  0.77206E-03  0.76994E-03  0.76867E-03  0.76825E-03
  0.14264E+00  0.46612E+02
  0.22082E+00  0.21969E+00  0.21633E+00  0.21091E+00  0.20365E+00  0.19488E+00
  0.18495E+00  0.17422E+00  0.16306E+00  0.15181E+00  0.14075E+00  0.12008E+00
  0.10222E+00  0.87468E-01  0.75553E-01  0.65890E-01  0.57832E-01  0.50833E-01
  0.44522E-01  0.38719E-01  0.33396E-01  0.28607E-01  0.24416E-01  0.20852E-01
  0.17893E-01  0.15473E-01  0.13498E-01  0.11872E-01  0.10509E-01  0.93428E-02
  0.83268E-02  0.74324E-02  0.66430E-02  0.59488E-02  0.53419E-02  0.48143E-02
  0.43567E-02  0.39589E-02  0.36111E-02  0.33045E-02  0.30318E-02  0.27877E-02
  0.25682E-02  0.23706E-02  0.21928E-02  0.20331E-02  0.18897E-02  0.17611E-02
  0.16455E-02  0.15413E-02  0.14469E-02  0.13612E-02  0.12831E-02  0.12115E-02
  0.11458E-02  0.10854E-02  0.10299E-02  0.97885E-03  0.93189E-03  0.88870E-03
  0.84897E-03  0.81240E-03  0.77870E-03  0.74760E-03  0.71884E-03  0.69222E-03
  0.66754E-03  0.64465E-03  0.62341E-03  0.60367E-03  0.58533E-03  0.56829E-03
  0.55245E-03  0.53774E-03  0.52409E-03  0.51145E-03  0.49974E-03  0.48893E-03
  0.47894E-03  0.46973E-03  0.46126E-03  0.45350E-03  0.44641E-03  0.43997E-03
  0.43415E-03  0.42892E-03  0.42424E-03  0.42011E-03  0.41649E-03  0.41338E-03
  0.41077E-03  0.40866E-03  0.40704E-03  0.40589E-03  0.40520E-03  0.40498E-03
  0.10702E+00  0.62125E+02
  0.22101E+00  0.21960E+00  0.21542E+00  0.20870E+00  0.19982E+00  0.18925E+00
  0.17749E+00  0.16506E+00  0.15243E+00  0.14003E+00  0.12818E+00  0.10696E+00
  0.89612E-01  0.75917E-01  0.65094E-01  0.56240E-01  0.48611E-01  0.41750E-01
  0.35491E-01  0.29863E-01  0.24962E-01  0.20853E-01  0.17514E-01  0.14854E-01
  0.12739E-01  0.11032E-01  0.96195E-02  0.84194E-02  0.73822E-02  0.64812E-02
  0.57022E-02  0.50344E-02  0.44661E-02  0.39830E-02  0.35702E-02  0.32139E-02
  0.29026E-02  0.26279E-02  0.23844E-02  0.21684E-02  0.19774E-02  0.18088E-02
  0.16603E-02  0.15292E-02  0.14128E-02  0.13089E-02  0.12154E-02  0.11310E-02
  0.10544E-02  0.98494E-03  0.92191E-03  0.86472E-03  0.81284E-03  0.76574E-03
  0.72292E-03  0.68391E-03  0.64827E-03  0.61559E-03  0.58552E-03  0.55780E-03
  0.53221E-03  0.50856E-03  0.48672E-03  0.46655E-03  0.44793E-03  0.43073E-03
  0.41482E-03  0.40011E-03  0.38651E-03  0.37392E-03  0.36227E-03  0.35149E-03
  0.34150E-03  0.33223E-03  0.32362E-03  0.31565E-03  0.30826E-03  0.30145E-03
  0.29516E-03  0.28937E-03  0.28404E-03  0.27915E-03  0.27467E-03  0.27060E-03
  0.26692E-03  0.26361E-03  0.26067E-03  0.25806E-03  0.25577E-03  0.25380E-03
  0.25215E-03  0.25082E-03  0.24981E-03  0.24910E-03  0.24869E-03  0.24856E-03
  0.85654E-01  0.77624E+02
  0.22116E+00  0.21947E+00  0.21446E+00  0.20649E+00  0.19607E+00  0.18384E+00
  0.17048E+00  0.15664E+00  0.14292E+00  0.12977E+00  0.11753E+00  0.96436E-01
  0.79959E-01  0.67286E-01  0.57234E-01  0.48764E-01  0.41234E-01  0.34424E-01
  0.28389E-01  0.23258E-01  0.19086E-01  0.15807E-01  0.13264E-01  0.11272E-01
  0.96670E-02  0.83300E-02  0.71918E-02  0.62173E-02  0.53892E-02  0.46932E-02
  0.41124E-02  0.36267E-02  0.32161E-02  0.28637E-02  0.25574E-02  0.22893E-02
  0.20548E-02  0.18506E-02  0.16733E-02  0.15195E-02  0.13854E-02  0.12674E-02
  0.11626E-02  0.10690E-02  0.98500E-03  0.90968E-03  0.84223E-03  0.78188E-03
  0.72783E-03  0.67928E-03  0.63551E-03  0.59586E-03  0.55979E-03  0.52688E-03
  0.49677E-03  0.46920E-03  0.44396E-03  0.42086E-03  0.39974E-03  0.38042E-03
  0.36272E-03  0.34645E-03  0.33145E-03  0.31761E-03  0.30482E-03  0.29299E-03
  0.28204E-03  0.27189E-03  0.26248E-03  0.25375E-03  0.24566E-03  0.23817E-03
  0.23126E-03  0.22487E-03  0.21896E-03  0.21350E-03  0.20843E-03  0.20376E-03
  0.19946E-03  0.19552E-03  0.19190E-03  0.18858E-03  0.18554E-03  0.18276E-03
  0.18025E-03  0.17800E-03  0.17600E-03  0.17424E-03  0.17268E-03  0.17134E-03
  0.17021E-03  0.16930E-03  0.16861E-03  0.16815E-03  0.16788E-03  0.16780E-03
  0.71405E-01  0.93114E+02
  0.22129E+00  0.21932E+00  0.21349E+00  0.20429E+00  0.19240E+00  0.17865E+00
  0.16389E+00  0.14892E+00  0.13439E+00  0.12081E+00  0.10846E+00  0.87891E-01
  0.72358E-01  0.60505E-01  0.50896E-01  0.42544E-01  0.35052E-01  0.28451E-01
  0.22903E-01  0.18479E-01  0.15084E-01  0.12506E-01  0.10513E-01  0.89135E-02
  0.75835E-02  0.64604E-02  0.55157E-02  0.47320E-02  0.40883E-02  0.35591E-02
  0.31183E-02  0.27444E-02  0.24227E-02  0.21445E-02  0.19046E-02  0.16990E-02
  0.15233E-02  0.13724E-02  0.12416E-02  0.11268E-02  0.10252E-02  0.93504E-03
  0.85506E-03  0.78434E-03  0.72183E-03  0.66643E-03  0.61705E-03  0.57275E-03
  0.53279E-03  0.49663E-03  0.46384E-03  0.43412E-03  0.40718E-03  0.38278E-03
  0.36067E-03  0.34058E-03  0.32228E-03  0.30553E-03  0.29013E-03  0.27595E-03
  0.26289E-03  0.25087E-03  0.23982E-03  0.22963E-03  0.22025E-03  0.21160E-03
  0.20362E-03  0.19626E-03  0.18946E-03  0.18317E-03  0.17733E-03  0.17191E-03
  0.16687E-03  0.16221E-03  0.15790E-03  0.15392E-03  0.15023E-03  0.14681E-03
  0.14366E-03  0.14077E-03  0.13812E-03  0.13570E-03  0.13349E-03  0.13147E-03
  0.12964E-03  0.12800E-03  0.12655E-03  0.12527E-03  0.12415E-03  0.12317E-03
  0.12235E-03  0.12168E-03  0.12118E-03  0.12085E-03  0.12066E-03  0.12060E-03
  0.61226E-01  0.10859E+03
  0.22140E+00  0.21914E+00  0.21251E+00  0.20211E+00  0.18882E+00  0.17368E+00
  0.15770E+00  0.14182E+00  0.12674E+00  0.11295E+00  0.10069E+00  0.80850E-01
  0.66193E-01  0.54918E-01  0.45508E-01  0.37184E-01  0.29837E-01  0.23656E-01
  0.18763E-01  0.15067E-01  0.12318E-01  0.10228E-01  0.85682E-02  0.71993E-02
  0.60567E-02  0.51126E-02  0.43451E-02  0.37251E-02  0.32195E-02  0.27987E-02
  0.24418E-02  0.21367E-02  0.18766E-02  0.16566E-02  0.14710E-02  0.13134E-02
  0.11779E-02  0.10598E-02  0.95610E-03  0.86493E-03  0.78509E-03  0.71533E-03
  0.65425E-03  0.60039E-03  0.55248E-03  0.50956E-03  0.47100E-03  0.43635E-03
  0.40525E-03  0.37736E-03  0.35232E-03  0.32977E-03  0.30939E-03  0.29085E-03
  0.27393E-03  0.25845E-03  0.24428E-03  0.23135E-03  0.21954E-03  0.20875E-03
  0.19887E-03  0.18978E-03  0.18142E-03  0.17372E-03  0.16662E-03  0.16004E-03
  0.15395E-03  0.14831E-03  0.14309E-03  0.13826E-03  0.13381E-03  0.12969E-03
  0.12587E-03  0.12234E-03  0.11907E-03  0.11606E-03  0.11328E-03  0.11071E-03
  0.10834E-03  0.10615E-03  0.10414E-03  0.10231E-03  0.10064E-03  0.99114E-04
  0.97722E-04  0.96467E-04  0.95356E-04  0.94386E-04  0.93545E-04  0.92817E-04
  0.92195E-04  0.91682E-04  0.91290E-04  0.91022E-04  0.90870E-04  0.90822E-04
  0.53591E-01  0.12407E+03
  0.22149E+00  0.21895E+00  0.21152E+00  0.19996E+00  0.18535E+00  0.16893E+00
  0.15190E+00  0.13530E+00  0.11987E+00  0.10604E+00  0.94006E-01  0.74960E-01
  0.61039E-01  0.50124E-01  0.40778E-01  0.32520E-01  0.25483E-01  0.19876E-01
  0.15671E-01  0.12601E-01  0.10319E-01  0.85383E-02  0.70885E-02  0.58929E-02
  0.49196E-02  0.41410E-02  0.35203E-02  0.30177E-02  0.26008E-02  0.22492E-02
  0.19521E-02  0.17028E-02  0.14950E-02  0.13211E-02  0.11736E-02  0.10465E-02
  0.93581E-03  0.83940E-03  0.75582E-03  0.68358E-03  0.62090E-03  0.56596E-03
  0.51727E-03  0.47384E-03  0.43512E-03  0.40070E-03  0.37015E-03  0.34296E-03
  0.31863E-03  0.29673E-03  0.27695E-03  0.25904E-03  0.24278E-03  0.22800E-03
  0.21458E-03  0.20241E-03  0.19136E-03  0.18130E-03  0.17207E-03  0.16358E-03
  0.15575E-03  0.14854E-03  0.14193E-03  0.13585E-03  0.13023E-03  0.12505E-03
  0.12027E-03  0.11587E-03  0.11183E-03  0.10808E-03  0.10458E-03  0.10133E-03
  0.98323E-04  0.95554E-04  0.92999E-04  0.90628E-04  0.88423E-04  0.86385E-04
  0.84521E-04  0.82823E-04  0.81267E-04  0.79829E-04  0.78503E-04  0.77299E-04
  0.76224E-04  0.75269E-04  0.74412E-04  0.73639E-04  0.72958E-04  0.72386E-04
  0.71925E-04  0.71554E-04  0.71243E-04  0.70984E-04  0.70802E-04  0.70735E-04
  0.47652E-01  0.13953E+03
  0.22158E+00  0.21876E+00  0.21053E+00  0.19783E+00  0.18196E+00  0.16437E+00
  0.14645E+00  0.12930E+00  0.11367E+00  0.99945E-01  0.88206E-01  0.69955E-01
  0.56611E-01  0.45888E-01  0.36565E-01  0.28479E-01  0.21899E-01  0.16930E-01
  0.13348E-01  0.10755E-01  0.87865E-02  0.72116E-02  0.59265E-02  0.48915E-02
  0.40743E-02  0.34313E-02  0.29156E-02  0.24908E-02  0.21353E-02  0.18385E-02
  0.15931E-02  0.13908E-02  0.12223E-02  0.10794E-02  0.95639E-03  0.85012E-03
  0.75877E-03  0.68056E-03  0.61335E-03  0.55495E-03  0.50355E-03  0.45805E-03
  0.41781E-03  0.38235E-03  0.35113E-03  0.32351E-03  0.29891E-03  0.27685E-03
  0.25699E-03  0.23909E-03  0.22296E-03  0.20842E-03  0.19532E-03  0.18350E-03
  0.17278E-03  0.16300E-03  0.15403E-03  0.14580E-03  0.13828E-03  0.13141E-03
  0.12511E-03  0.11933E-03  0.11401E-03  0.10912E-03  0.10463E-03  0.10047E-03
  0.96615E-04  0.93043E-04  0.89744E-04  0.86706E-04  0.83900E-04  0.81297E-04
  0.78876E-04  0.76637E-04  0.74579E-04  0.72690E-04  0.70944E-04  0.69323E-04
  0.67823E-04  0.66445E-04  0.65186E-04  0.64032E-04  0.62971E-04  0.62001E-04
  0.61129E-04  0.60355E-04  0.59667E-04  0.59048E-04  0.58497E-04  0.58027E-04
  0.57648E-04  0.57351E-04  0.57114E-04  0.56924E-04  0.56792E-04  0.56744E-04
  0.42901E-01  0.15498E+03
  0.22224E+00  0.21662E+00  0.20086E+00  0.17828E+00  0.15292E+00  0.12837E+00
  0.10689E+00  0.89342E-01  0.75516E-01  0.64612E-01  0.55696E-01  0.41054E-01
  0.28981E-01  0.19882E-01  0.13927E-01  0.10190E-01  0.76305E-02  0.57310E-02
  0.43434E-02  0.33621E-02  0.26486E-02  0.21031E-02  0.16838E-02  0.13675E-02
  0.11260E-02  0.93453E-03  0.78056E-03  0.65785E-03  0.55984E-03  0.47973E-03
  0.41304E-03  0.35764E-03  0.31191E-03  0.27377E-03  0.24133E-03  0.21353E-03
  0.18992E-03  0.16989E-03  0.15258E-03  0.13739E-03  0.12415E-03  0.11273E-03
  0.10274E-03  0.93847E-04  0.85950E-04  0.79015E-04  0.72880E-04  0.67377E-04
  0.62447E-04  0.58048E-04  0.54086E-04  0.50498E-04  0.47276E-04  0.44383E-04
  0.41736E-04  0.39303E-04  0.37102E-04  0.35118E-04  0.33291E-04  0.31600E-04
  0.30064E-04  0.28671E-04  0.27381E-04  0.26186E-04  0.25099E-04  0.24099E-04
  0.23153E-04  0.22275E-04  0.21487E-04  0.20769E-04  0.20085E-04  0.19447E-04
  0.18874E-04  0.18347E-04  0.17838E-04  0.17364E-04  0.16947E-04  0.16568E-04
  0.16200E-04  0.15855E-04  0.15554E-04  0.15281E-04  0.15021E-04  0.14789E-04
  0.14592E-04  0.14406E-04  0.14225E-04  0.14079E-04  0.13973E-04  0.13869E-04
  0.13753E-04  0.13671E-04  0.13639E-04  0.13608E-04  0.13548E-04  0.13513E-04
  0.21513E-01  0.30906E+03
  0.22273E+00  0.21437E+00  0.19176E+00  0.16162E+00  0.13103E+00  0.10472E+00
  0.84308E-01  0.69100E-01  0.57472E-01  0.47891E-01  0.39445E-01  0.25391E-01
  0.16062E-01  0.10757E-01  0.75149E-02  0.52782E-02  0.37799E-02  0.27929E-02
  0.20941E-02  0.15899E-02  0.12343E-02  0.97410E-03  0.77587E-03  0.62645E-03
  0.51276E-03  0.42309E-03  0.35202E-03  0.29604E-03  0.25102E-03  0.21413E-03
  0.18400E-03  0.15936E-03  0.13877E-03  0.12140E-03  0.10688E-03  0.94638E-04
  0.84073E-04  0.75013E-04  0.67317E-04  0.60618E-04  0.54735E-04  0.49656E-04
  0.45218E-04  0.41276E-04  0.37824E-04  0.34779E-04  0.32030E-04  0.29591E-04
  0.27444E-04  0.25498E-04  0.23736E-04  0.22168E-04  0.20746E-04  0.19458E-04
  0.18304E-04  0.17240E-04  0.16255E-04  0.15380E-04  0.14587E-04  0.13850E-04
  0.13180E-04  0.12567E-04  0.11989E-04  0.11465E-04  0.10993E-04  0.10547E-04
  0.10138E-04  0.97672E-05  0.94077E-05  0.90744E-05  0.87872E-05  0.85175E-05
  0.82571E-05  0.80286E-05  0.78142E-05  0.75970E-05  0.74051E-05  0.72419E-05
  0.70834E-05  0.69388E-05  0.68153E-05  0.66950E-05  0.65831E-05  0.64880E-05
  0.63937E-05  0.63060E-05  0.62359E-05  0.61633E-05  0.60967E-05  0.60647E-05
  0.60335E-05  0.59766E-05  0.59458E-05  0.59516E-05  0.59392E-05  0.59222E-05
  0.14379E-01  0.46241E+03
  0.22313E+00  0.21207E+00  0.18326E+00  0.14743E+00  0.11434E+00  0.88642E-01
  0.70227E-01  0.56754E-01  0.45896E-01  0.36426E-01  0.28213E-01  0.16560E-01
  0.10413E-01  0.68831E-02  0.45864E-02  0.31707E-02  0.22586E-02  0.16327E-02
  0.12146E-02  0.92241E-03  0.70989E-03  0.55731E-03  0.44341E-03  0.35651E-03
  0.29069E-03  0.23945E-03  0.19902E-03  0.16714E-03  0.14152E-03  0.12063E-03
  0.10358E-03  0.89595E-04  0.77913E-04  0.68143E-04  0.59991E-04  0.53025E-04
  0.47105E-04  0.42083E-04  0.37695E-04  0.33922E-04  0.30669E-04  0.27786E-04
  0.25299E-04  0.23114E-04  0.21143E-04  0.19439E-04  0.17921E-04  0.16540E-04
  0.15338E-04  0.14248E-04  0.13255E-04  0.12380E-04  0.11582E-04  0.10873E-04
  0.10236E-04  0.96232E-05  0.90806E-05  0.86004E-05  0.81436E-05  0.77337E-05
  0.73563E-05  0.70057E-05  0.67022E-05  0.64118E-05  0.61326E-05  0.58858E-05
  0.56554E-05  0.54504E-05  0.52634E-05  0.50746E-05  0.49088E-05  0.47547E-05
  0.46008E-05  0.44766E-05  0.43600E-05  0.42420E-05  0.41493E-05  0.40536E-05
  0.39523E-05  0.38720E-05  0.37967E-05  0.37308E-05  0.36742E-05  0.36090E-05
  0.35623E-05  0.35272E-05  0.34827E-05  0.34561E-05  0.34260E-05  0.33839E-05
  0.33711E-05  0.33533E-05  0.33230E-05  0.33240E-05  0.33138E-05  0.32941E-05
  0.10811E-01  0.61503E+03
  0.22345E+00  0.20975E+00  0.17532E+00  0.13531E+00  0.10144E+00  0.77226E-01
  0.60491E-01  0.47785E-01  0.36999E-01  0.27789E-01  0.20550E-01  0.11819E-01
  0.73857E-02  0.46763E-02  0.30917E-02  0.21162E-02  0.14801E-02  0.10731E-02
  0.79253E-03  0.59842E-03  0.46094E-03  0.35962E-03  0.28563E-03  0.22957E-03
  0.18677E-03  0.15373E-03  0.12773E-03  0.10714E-03  0.90566E-04  0.77209E-04
  0.66268E-04  0.57294E-04  0.49808E-04  0.43545E-04  0.38338E-04  0.33864E-04
  0.30091E-04  0.26862E-04  0.24068E-04  0.21670E-04  0.19546E-04  0.17738E-04
  0.16136E-04  0.14717E-04  0.13506E-04  0.12386E-04  0.11417E-04  0.10560E-04
  0.97645E-05  0.90801E-05  0.84544E-05  0.78994E-05  0.73883E-05  0.69173E-05
  0.65235E-05  0.61355E-05  0.57866E-05  0.54873E-05  0.51947E-05  0.49347E-05
  0.46804E-05  0.44577E-05  0.42742E-05  0.40820E-05  0.39047E-05  0.37444E-05
  0.36056E-05  0.34806E-05  0.33523E-05  0.32385E-05  0.31225E-05  0.30252E-05
  0.29466E-05  0.28575E-05  0.27823E-05  0.27020E-05  0.26305E-05  0.25779E-05
  0.25114E-05  0.24672E-05  0.24306E-05  0.23863E-05  0.23489E-05  0.23026E-05
  0.22762E-05  0.22444E-05  0.22061E-05  0.21980E-05  0.21726E-05  0.21546E-05
  0.21456E-05  0.21215E-05  0.21255E-05  0.21163E-05  0.21064E-05  0.21177E-05
  0.86709E-02  0.76679E+03
  0.22372E+00  0.20743E+00  0.16793E+00  0.12494E+00  0.91336E-01  0.68727E-01
  0.53051E-01  0.40512E-01  0.29859E-01  0.21471E-01  0.15581E-01  0.89989E-02
  0.54260E-02  0.33884E-02  0.22250E-02  0.14977E-02  0.10518E-02  0.75511E-03
  0.55731E-03  0.41975E-03  0.32185E-03  0.25143E-03  0.19902E-03  0.16002E-03
  0.13006E-03  0.10692E-03  0.88789E-04  0.74437E-04  0.62921E-04  0.53649E-04
  0.46015E-04  0.39778E-04  0.34574E-04  0.30211E-04  0.26588E-04  0.23485E-04
  0.20871E-04  0.18616E-04  0.16688E-04  0.15003E-04  0.13556E-04  0.12283E-04
  0.11179E-04  0.10216E-04  0.93310E-05  0.85943E-05  0.79061E-05  0.72943E-05
  0.67689E-05  0.62917E-05  0.58578E-05  0.54681E-05  0.51325E-05  0.47906E-05
  0.45030E-05  0.42473E-05  0.40042E-05  0.37915E-05  0.35956E-05  0.34250E-05
  0.32447E-05  0.30925E-05  0.29598E-05  0.28315E-05  0.27078E-05  0.25871E-05
  0.24939E-05  0.24108E-05  0.23248E-05  0.22335E-05  0.21637E-05  0.20983E-05
  0.20403E-05  0.19862E-05  0.19247E-05  0.18808E-05  0.18251E-05  0.17821E-05
  0.17476E-05  0.17132E-05  0.16831E-05  0.16494E-05  0.16250E-05  0.15919E-05
  0.15715E-05  0.15453E-05  0.15314E-05  0.15222E-05  0.14960E-05  0.14978E-05
  0.14852E-05  0.14723E-05  0.14725E-05  0.14804E-05  0.14677E-05  0.14405E-05
  0.72452E-02  0.91769E+03
  0.22394E+00  0.20512E+00  0.16105E+00  0.11602E+00  0.83260E-01  0.62056E-01
  0.46898E-01  0.34374E-01  0.24235E-01  0.17017E-01  0.12354E-01  0.70584E-02
  0.41308E-02  0.25787E-02  0.16625E-02  0.11229E-02  0.78166E-03  0.56123E-03
  0.41265E-03  0.31010E-03  0.23780E-03  0.18532E-03  0.14680E-03  0.11780E-03
  0.95729E-04  0.78643E-04  0.65299E-04  0.54729E-04  0.46248E-04  0.39394E-04
  0.33814E-04  0.29189E-04  0.25387E-04  0.22172E-04  0.19518E-04  0.17223E-04
  0.15311E-04  0.13666E-04  0.12243E-04  0.11012E-04  0.99571E-05  0.90021E-05
  0.82070E-05  0.74768E-05  0.68577E-05  0.63009E-05  0.57938E-05  0.53642E-05
  0.49624E-05  0.46061E-05  0.42939E-05  0.40136E-05  0.37392E-05  0.35245E-05
  0.33080E-05  0.31175E-05  0.29402E-05  0.27870E-05  0.26297E-05  0.24977E-05
  0.23885E-05  0.22717E-05  0.21634E-05  0.20694E-05  0.19943E-05  0.19080E-05
  0.18282E-05  0.17603E-05  0.17056E-05  0.16470E-05  0.15871E-05  0.15293E-05
  0.14964E-05  0.14528E-05  0.14189E-05  0.13787E-05  0.13419E-05  0.13115E-05
  0.12794E-05  0.12624E-05  0.12401E-05  0.12147E-05  0.11896E-05  0.11743E-05
  0.11447E-05  0.11384E-05  0.11218E-05  0.11146E-05  0.11013E-05  0.10947E-05
  0.10911E-05  0.10794E-05  0.10824E-05  0.10841E-05  0.10823E-05  0.10650E-05
  0.62255E-02  0.10680E+04
  0.22410E+00  0.20281E+00  0.15465E+00  0.10833E+00  0.76688E-01  0.56559E-01
  0.41569E-01  0.29194E-01  0.19921E-01  0.13900E-01  0.10135E-01  0.56292E-02
  0.32671E-02  0.20145E-02  0.12939E-02  0.87061E-03  0.60421E-03  0.43291E-03
  0.31757E-03  0.23854E-03  0.18264E-03  0.14230E-03  0.11262E-03  0.90323E-04
  0.73406E-04  0.60270E-04  0.50081E-04  0.41899E-04  0.35454E-04  0.30147E-04
  0.25900E-04  0.22324E-04  0.19436E-04  0.16970E-04  0.14934E-04  0.13196E-04
  0.11722E-04  0.10448E-04  0.93608E-05  0.84109E-05  0.76018E-05  0.68844E-05
  0.62805E-05  0.57162E-05  0.52494E-05  0.48059E-05  0.44325E-05  0.41008E-05
  0.37930E-05  0.35282E-05  0.32901E-05  0.30544E-05  0.28775E-05  0.26865E-05
  0.25241E-05  0.23821E-05  0.22488E-05  0.21223E-05  0.20250E-05  0.19141E-05
  0.18170E-05  0.17361E-05  0.16632E-05  0.15832E-05  0.15124E-05  0.14630E-05
  0.14067E-05  0.13480E-05  0.12976E-05  0.12611E-05  0.12221E-05  0.11763E-05
  0.11363E-05  0.11076E-05  0.10802E-05  0.10560E-05  0.10285E-05  0.10052E-05
  0.97761E-06  0.96324E-06  0.94978E-06  0.93378E-06  0.91905E-06  0.90300E-06
  0.88695E-06  0.87184E-06  0.86270E-06  0.85457E-06  0.83974E-06  0.84430E-06
  0.82911E-06  0.82840E-06  0.83022E-06  0.82618E-06  0.82375E-06  0.87688E-06
  0.54587E-02  0.12180E+04
  0.22421E+00  0.20051E+00  0.14868E+00  0.10167E+00  0.71226E-01  0.51832E-01
  0.36858E-01  0.24889E-01  0.16669E-01  0.11664E-01  0.84827E-02  0.45748E-02
  0.26534E-02  0.16115E-02  0.10385E-02  0.69282E-03  0.48190E-03  0.34347E-03
  0.25227E-03  0.18904E-03  0.14482E-03  0.11273E-03  0.89100E-04  0.71547E-04
  0.58030E-04  0.47731E-04  0.39511E-04  0.33158E-04  0.27949E-04  0.23864E-04
  0.20428E-04  0.17674E-04  0.15327E-04  0.13427E-04  0.11779E-04  0.10429E-04
  0.92353E-05  0.82538E-05  0.73854E-05  0.66549E-05  0.60086E-05  0.54413E-05
  0.49514E-05  0.45045E-05  0.41469E-05  0.37844E-05  0.35131E-05  0.32268E-05
  0.29957E-05  0.27833E-05  0.25889E-05  0.24169E-05  0.22663E-05  0.21200E-05
  0.20075E-05  0.18812E-05  0.17682E-05  0.16809E-05  0.15848E-05  0.15100E-05
  0.14405E-05  0.13740E-05  0.13054E-05  0.12608E-05  0.11995E-05  0.11476E-05
  0.11010E-05  0.10732E-05  0.10236E-05  0.99268E-06  0.96014E-06  0.93774E-06
  0.90776E-06  0.87989E-06  0.85125E-06  0.83089E-06  0.81802E-06  0.79593E-06
  0.77449E-06  0.75830E-06  0.74216E-06  0.73048E-06  0.72271E-06  0.71446E-06
  0.70424E-06  0.69446E-06  0.69114E-06  0.67553E-06  0.67839E-06  0.65705E-06
  0.66211E-06  0.65293E-06  0.65388E-06  0.65045E-06  0.65801E-06  0.59917E-06
  0.48627E-02  0.13673E+04
  0.22429E+00  0.19824E+00  0.14314E+00  0.95862E-01  0.66587E-01  0.47634E-01
  0.32681E-01  0.21371E-01  0.14218E-01  0.99814E-02  0.71780E-02  0.37997E-02
  0.21884E-02  0.13236E-02  0.84853E-03  0.56676E-03  0.39164E-03  0.28000E-03
  0.20470E-03  0.15377E-03  0.11742E-03  0.91472E-04  0.72339E-04  0.57943E-04
  0.47142E-04  0.38613E-04  0.32109E-04  0.26840E-04  0.22691E-04  0.19304E-04
  0.16553E-04  0.14305E-04  0.12406E-04  0.10882E-04  0.95236E-05  0.84526E-05
  0.74708E-05  0.66815E-05  0.59749E-05  0.53875E-05  0.48634E-05  0.44057E-05
  0.40080E-05  0.36462E-05  0.33576E-05  0.30694E-05  0.28432E-05  0.26053E-05
  0.24246E-05  0.22494E-05  0.20946E-05  0.19677E-05  0.18199E-05  0.17239E-05
  0.16125E-05  0.15212E-05  0.14422E-05  0.13575E-05  0.12901E-05  0.12264E-05
  0.11620E-05  0.11019E-05  0.10685E-05  0.10106E-05  0.97160E-06  0.93540E-06
  0.90482E-06  0.85819E-06  0.83113E-06  0.80678E-06  0.77881E-06  0.74919E-06
  0.73116E-06  0.71778E-06  0.69642E-06  0.67676E-06  0.65732E-06  0.64133E-06
  0.63518E-06  0.62285E-06  0.60800E-06  0.59327E-06  0.58375E-06  0.57067E-06
  0.56799E-06  0.56005E-06  0.55368E-06  0.55652E-06  0.54637E-06  0.54482E-06
  0.53772E-06  0.53342E-06  0.52957E-06  0.53682E-06  0.51900E-06  0.57756E-06
  0.43873E-02  0.15155E+04
  0.22408E+00  0.18719E+00  0.12060E+00  0.75584E-01  0.50062E-01  0.31442E-01
  0.18639E-01  0.11665E-01  0.77402E-02  0.51736E-02  0.35608E-02  0.18300E-02
  0.10254E-02  0.61283E-03  0.38799E-03  0.25770E-03  0.17742E-03  0.12599E-03
  0.92188E-04  0.69023E-04  0.52609E-04  0.40938E-04  0.32374E-04  0.25879E-04
  0.21007E-04  0.17252E-04  0.14274E-04  0.11940E-04  0.10114E-04  0.85823E-05
  0.73435E-05  0.63772E-05  0.55153E-05  0.48069E-05  0.42484E-05  0.37374E-05
  0.33250E-05  0.29730E-05  0.26422E-05  0.23825E-05  0.21545E-05  0.19565E-05
  0.17660E-05  0.16146E-05  0.14868E-05  0.13574E-05  0.12668E-05  0.11516E-05
  0.10742E-05  0.99746E-06  0.93848E-06  0.86125E-06  0.81502E-06  0.75797E-06
  0.71967E-06  0.67262E-06  0.64398E-06  0.60539E-06  0.56700E-06  0.54903E-06
  0.51383E-06  0.49492E-06  0.47829E-06  0.44942E-06  0.43635E-06  0.41655E-06
  0.39800E-06  0.38839E-06  0.37406E-06  0.35854E-06  0.35495E-06  0.34357E-06
  0.32318E-06  0.31965E-06  0.31518E-06  0.30071E-06  0.29261E-06  0.29243E-06
  0.28724E-06  0.28203E-06  0.27561E-06  0.26574E-06  0.26288E-06  0.26694E-06
  0.26147E-06  0.25511E-06  0.25235E-06  0.24409E-06  0.24446E-06  0.24228E-06
  0.24264E-06  0.23380E-06  0.24235E-06  0.23739E-06  0.24080E-06  0.23153E-06
  0.29584E-02  0.22474E+04
  0.22298E+00  0.17685E+00  0.10468E+00  0.63320E-01  0.38479E-01  0.21193E-01
  0.12165E-01  0.75569E-02  0.47561E-02  0.31354E-02  0.21328E-02  0.10732E-02
  0.59222E-03  0.35167E-03  0.22178E-03  0.14679E-03  0.10096E-03  0.71635E-04
  0.52228E-04  0.39017E-04  0.29820E-04  0.23172E-04  0.18264E-04  0.14598E-04
  0.11834E-04  0.97190E-05  0.80689E-05  0.67382E-05  0.56743E-05  0.48284E-05
  0.41468E-05  0.35781E-05  0.30964E-05  0.27019E-05  0.23866E-05  0.21027E-05
  0.18568E-05  0.16601E-05  0.14905E-05  0.13354E-05  0.12111E-05  0.10903E-05
  0.99000E-06  0.91325E-06  0.83666E-06  0.75735E-06  0.70651E-06  0.64848E-06
  0.60540E-06  0.56274E-06  0.51314E-06  0.49537E-06  0.45649E-06  0.43202E-06
  0.39877E-06  0.38232E-06  0.35948E-06  0.34313E-06  0.32368E-06  0.30739E-06
  0.29098E-06  0.28509E-06  0.26581E-06  0.26181E-06  0.24053E-06  0.23902E-06
  0.23027E-06  0.21883E-06  0.21750E-06  0.20377E-06  0.19923E-06  0.19582E-06
  0.18848E-06  0.18140E-06  0.18066E-06  0.17773E-06  0.16968E-06  0.16847E-06
  0.16705E-06  0.16119E-06  0.15517E-06  0.15498E-06  0.15240E-06  0.15546E-06
  0.15237E-06  0.14445E-06  0.14189E-06  0.14548E-06  0.14425E-06  0.14745E-06
  0.14590E-06  0.14233E-06  0.14907E-06  0.14183E-06  0.15397E-06  0.10661E-06
  0.22439E-02  0.29631E+04
  0.22105E+00  0.16733E+00  0.93226E-01  0.54431E-01  0.29596E-01  0.15238E-01
  0.87557E-02  0.51898E-02  0.32336E-02  0.21002E-02  0.14096E-02  0.70139E-03
  0.38526E-03  0.22822E-03  0.14381E-03  0.94887E-04  0.65193E-04  0.46201E-04
  0.33675E-04  0.25124E-04  0.19138E-04  0.14858E-04  0.11745E-04  0.93732E-05
  0.76132E-05  0.62318E-05  0.51607E-05  0.43176E-05  0.36322E-05  0.30801E-05
  0.26345E-05  0.22869E-05  0.19908E-05  0.17393E-05  0.15173E-05  0.13313E-05
  0.11837E-05  0.10588E-05  0.95585E-06  0.85041E-06  0.76663E-06  0.70168E-06
  0.63738E-06  0.57413E-06  0.52501E-06  0.49082E-06  0.45220E-06  0.41328E-06
  0.38857E-06  0.35978E-06  0.32947E-06  0.31335E-06  0.28994E-06  0.27638E-06
  0.26381E-06  0.24257E-06  0.23329E-06  0.21732E-06  0.21151E-06  0.19568E-06
  0.19035E-06  0.18179E-06  0.17448E-06  0.16862E-06  0.16083E-06  0.15270E-06
  0.14795E-06  0.14200E-06  0.14284E-06  0.13554E-06  0.13334E-06  0.12833E-06
  0.11689E-06  0.12432E-06  0.11918E-06  0.11540E-06  0.11423E-06  0.11654E-06
  0.10614E-06  0.10385E-06  0.10559E-06  0.10509E-06  0.99721E-07  0.96388E-07
  0.10250E-06  0.10278E-06  0.10126E-06  0.97792E-07  0.95400E-07  0.94305E-07
  0.92010E-07  0.97580E-07  0.91802E-07  0.93018E-07  0.97031E-07  0.72336E-07
  0.18146E-02  0.36641E+04
  0.21837E+00  0.15867E+00  0.84747E-01  0.47121E-01  0.23056E-01  0.11702E-01
  0.65410E-02  0.37892E-02  0.23420E-02  0.14987E-02  0.10080E-02  0.49779E-03
  0.27235E-03  0.16086E-03  0.10098E-03  0.66529E-04  0.45585E-04  0.32300E-04
  0.23518E-04  0.17543E-04  0.13352E-04  0.10351E-04  0.81397E-05  0.65143E-05
  0.52681E-05  0.43071E-05  0.35867E-05  0.29944E-05  0.25218E-05  0.21462E-05
  0.18272E-05  0.15828E-05  0.13770E-05  0.11945E-05  0.10515E-05  0.93305E-06
  0.82962E-06  0.73605E-06  0.65358E-06  0.58370E-06  0.52654E-06  0.48305E-06
  0.44187E-06  0.39965E-06  0.36108E-06  0.33339E-06  0.31345E-06  0.28967E-06
  0.26743E-06  0.24790E-06  0.23403E-06  0.21925E-06  0.20139E-06  0.19406E-06
  0.18030E-06  0.17041E-06  0.16822E-06  0.15040E-06  0.14584E-06  0.14142E-06
  0.13119E-06  0.13030E-06  0.11775E-06  0.11864E-06  0.11233E-06  0.11289E-06
  0.10366E-06  0.10515E-06  0.97191E-07  0.99457E-07  0.92586E-07  0.93781E-07
  0.90776E-07  0.85004E-07  0.87619E-07  0.80512E-07  0.82053E-07  0.84598E-07
  0.78066E-07  0.76112E-07  0.74496E-07  0.75415E-07  0.72834E-07  0.69823E-07
  0.74624E-07  0.74600E-07  0.74483E-07  0.74927E-07  0.69231E-07  0.68293E-07
  0.71653E-07  0.68695E-07  0.66191E-07  0.72691E-07  0.71374E-07  0.52067E-07
  0.15284E-02  0.43502E+04