  0.29661E+01  0.29651E+01  0.29622E+01  0.29572E+01  0.29504E+01  0.29415E+01
  0.29308E+01  0.29182E+01  0.29037E+01  0.28873E+01  0.28692E+01  0.28277E+01
  0.27795E+01  0.27251E+01  0.26648E+01  0.25991E+01  0.25286E+01  0.24537E+01
  0.23750E+01  0.22930E+01  0.22081E+01  0.21209E+01  0.20319E+01  0.19414E+01
  0.18500E+01  0.17581E+01  0.16661E+01  0.15742E+01  0.14829E+01  0.13924E+01
  0.13030E+01  0.12151E+01  0.11288E+01  0.10444E+01  0.96206E+00  0.88208E+00
  0.80462E+00  0.72987E+00  0.65800E+00  0.58921E+00  0.52364E+00  0.46147E+00
  0.40285E+00  0.34791E+00  0.29681E+00  0.24966E+00  0.20657E+00  0.16766E+00
  0.13300E+00  0.10268E+00  0.76738E-01  0.55229E-01  0.38172E-01  0.25568E-01
  0.17401E-01  0.13636E-01  0.14216E-01  0.19064E-01  0.28084E-01  0.41157E-01
  0.58147E-01  0.78898E-01  0.10324E+00  0.13097E+00  0.16189E+00  0.19578E+00
  0.23239E+00  0.27148E+00  0.31278E+00  0.35603E+00  0.40093E+00  0.44722E+00
  0.49458E+00  0.54273E+00  0.59137E+00  0.64019E+00  0.68890E+00  0.73721E+00
  0.78481E+00  0.83144E+00  0.87680E+00  0.92062E+00  0.96266E+00  0.10026E+01
  0.10404E+01  0.10756E+01  0.11081E+01  0.11377E+01  0.11643E+01  0.11876E+01
  0.12076E+01  0.12241E+01  0.12370E+01  0.12463E+01  0.12519E+01  0.12538E+01
  0.90257E+01  0.25779E+01
  0.20743E+01  0.20723E+01  0.20662E+01  0.20560E+01  0.20419E+01  0.20240E+01
  0.20024E+01  0.19772E+01  0.19486E+01  0.19169E+01  0.18822E+01  0.18048E+01
  0.17186E+01  0.16257E+01  0.15282E+01  0.14281E+01  0.13274E+01  0.12279E+01
  0.11309E+01  0.10376E+01  0.94896E+00  0.86555E+00  0.78772E+00  0.71560E+00
  0.64913E+00  0.58810E+00  0.53219E+00  0.48103E+00  0.43419E+00  0.39126E+00
  0.35182E+00  0.31552E+00  0.28203E+00  0.25106E+00  0.22239E+00  0.19584E+00
  0.17127E+00  0.14858E+00  0.12769E+00  0.10857E+00  0.91166E-01  0.75477E-01
  0.61485E-01  0.49184E-01  0.38566E-01  0.29622E-01  0.22341E-01  0.16710E-01
  0.12709E-01  0.10316E-01  0.95075E-02  0.10253E-01  0.12522E-01  0.16280E-01
  0.21490E-01  0.28112E-01  0.36106E-01  0.45426E-01  0.56026E-01  0.67856E-01
  0.80863E-01  0.94990E-01  0.11018E+00  0.12636E+00  0.14347E+00  0.16144E+00
  0.18018E+00  0.19962E+00  0.21966E+00  0.24023E+00  0.26122E+00  0.28254E+00
  0.30409E+00  0.32576E+00  0.34745E+00  0.36905E+00  0.39045E+00  0.41156E+00
  0.43225E+00  0.45242E+00  0.47198E+00  0.49081E+00  0.50882E+00  0.52591E+00
  0.54199E+00  0.55699E+00  0.57081E+00  0.58338E+00  0.59464E+00  0.60452E+00
  0.61298E+00  0.61996E+00  0.62543E+00  0.62936E+00  0.63172E+00  0.63251E+00
  0.38206E+01  0.60899E+01
  0.23140E+01  0.23106E+01  0.23004E+01  0.22834E+01  0.22600E+01  0.22302E+01
  0.21946E+01  0.21533E+01  0.21068E+01  0.20556E+01  0.20002E+01  0.18788E+01
  0.17469E+01  0.16090E+01  0.14689E+01  0.13305E+01  0.11969E+01  0.10703E+01
  0.95254E+00  0.84463E+00  0.74702E+00  0.65965E+00  0.58207E+00  0.51358E+00
  0.45332E+00  0.40035E+00  0.35374E+00  0.31265E+00  0.27629E+00  0.24400E+00
  0.21525E+00  0.18957E+00  0.16663E+00  0.14614E+00  0.12788E+00  0.11168E+00
  0.97393E-01  0.84887E-01  0.74047E-01  0.64765E-01  0.56933E-01  0.50447E-01
  0.45204E-01  0.41104E-01  0.38052E-01  0.35959E-01  0.34743E-01  0.34333E-01
  0.34664E-01  0.35684E-01  0.37347E-01  0.39618E-01  0.42468E-01  0.45876E-01
  0.49822E-01  0.54293E-01  0.59275E-01  0.64756E-01  0.70722E-01  0.77158E-01
  0.84047E-01  0.91368E-01  0.99098E-01  0.10721E+00  0.11567E+00  0.12445E+00
  0.13352E+00  0.14283E+00  0.15234E+00  0.16201E+00  0.17181E+00  0.18168E+00
  0.19157E+00  0.20146E+00  0.21128E+00  0.22100E+00  0.23056E+00  0.23994E+00
  0.24907E+00  0.25793E+00  0.26648E+00  0.27466E+00  0.28246E+00  0.28983E+00
  0.29673E+00  0.30315E+00  0.30904E+00  0.31439E+00  0.31916E+00  0.32335E+00
  0.32692E+00  0.32986E+00  0.33217E+00  0.33382E+00  0.33481E+00  0.33515E+00
  0.29251E+01  0.79542E+01
  0.25357E+01  0.25309E+01  0.25163E+01  0.24923E+01  0.24592E+01  0.24173E+01
  0.23673E+01  0.23098E+01  0.22456E+01  0.21754E+01  0.21001E+01  0.19379E+01
  0.17658E+01  0.15906E+01  0.14183E+01  0.12536E+01  0.11001E+01  0.96004E+00
  0.83467E+00  0.72408E+00  0.62767E+00  0.54431E+00  0.47259E+00  0.41099E+00
  0.35805E+00  0.31240E+00  0.27291E+00  0.23860E+00  0.20871E+00  0.18264E+00
  0.15991E+00  0.14016E+00  0.12308E+00  0.10843E+00  0.95982E-01  0.85518E-01
  0.76837E-01  0.69736E-01  0.64018E-01  0.59494E-01  0.55987E-01  0.53332E-01
  0.51388E-01  0.50030E-01  0.49158E-01  0.48695E-01  0.48581E-01  0.48777E-01
  0.49257E-01  0.50007E-01  0.51020E-01  0.52295E-01  0.53830E-01  0.55628E-01
  0.57686E-01  0.59999E-01  0.62562E-01  0.65365E-01  0.68394E-01  0.71634E-01
  0.75069E-01  0.78681E-01  0.82450E-01  0.86357E-01  0.90381E-01  0.94504E-01
  0.98706E-01  0.10297E+00  0.10727E+00  0.11160E+00  0.11594E+00  0.12026E+00
  0.12456E+00  0.12882E+00  0.13302E+00  0.13714E+00  0.14118E+00  0.14511E+00
  0.14892E+00  0.15260E+00  0.15614E+00  0.15951E+00  0.16271E+00  0.16573E+00
  0.16856E+00  0.17117E+00  0.17357E+00  0.17574E+00  0.17768E+00  0.17937E+00
  0.18082E+00  0.18201E+00  0.18294E+00  0.18361E+00  0.18401E+00  0.18414E+00
  0.24705E+01  0.94180E+01
  0.31556E+01  0.31445E+01  0.31114E+01  0.30570E+01  0.29829E+01  0.28908E+01
  0.27830E+01  0.26620E+01  0.25304E+01  0.23911E+01  0.22468E+01  0.19535E+01
  0.16687E+01  0.14060E+01  0.11736E+01  0.97462E+00  0.80845E+00  0.67195E+00
  0.56073E+00  0.47017E+00  0.39610E+00  0.33506E+00  0.28440E+00  0.24215E+00
  0.20691E+00  0.17765E+00  0.15355E+00  0.13390E+00  0.11805E+00  0.10536E+00
  0.95194E-01  0.86990E-01  0.80247E-01  0.74561E-01  0.69631E-01  0.65257E-01
  0.61321E-01  0.57766E-01  0.54570E-01  0.51730E-01  0.49241E-01  0.47095E-01
  0.45268E-01  0.43729E-01  0.42438E-01  0.41353E-01  0.40433E-01  0.39641E-01
  0.38948E-01  0.38328E-01  0.37767E-01  0.37254E-01  0.36782E-01  0.36350E-01
  0.35956E-01  0.35601E-01  0.35283E-01  0.35003E-01  0.34758E-01  0.34546E-01
  0.34365E-01  0.34210E-01  0.34079E-01  0.33968E-01  0.33874E-01  0.33794E-01
  0.33726E-01  0.33669E-01  0.33620E-01  0.33578E-01  0.33542E-01  0.33512E-01
  0.33487E-01  0.33466E-01  0.33449E-01  0.33435E-01  0.33424E-01  0.33416E-01
  0.33410E-01  0.33406E-01  0.33404E-01  0.33403E-01  0.33403E-01  0.33404E-01
  0.33406E-01  0.33408E-01  0.33411E-01  0.33414E-01  0.33417E-01  0.33419E-01
  0.33422E-01  0.33424E-01  0.33425E-01  0.33426E-01  0.33427E-01  0.33427E-01
  0.16623E+01  0.13996E+02
  0.35534E+01  0.35356E+01  0.34823E+01  0.33956E+01  0.32788E+01  0.31359E+01
  0.29717E+01  0.27916E+01  0.26008E+01  0.24046E+01  0.22078E+01  0.18286E+01
  0.14880E+01  0.11987E+01  0.96268E+00  0.77529E+00  0.62829E+00  0.51293E+00
  0.42158E+00  0.34832E+00  0.28899E+00  0.24074E+00  0.20165E+00  0.17025E+00
  0.14530E+00  0.12560E+00  0.11001E+00  0.97497E-01  0.87216E-01  0.78528E-01
  0.71020E-01  0.64453E-01  0.58705E-01  0.53710E-01  0.49415E-01  0.45756E-01
  0.42649E-01  0.39997E-01  0.37704E-01  0.35682E-01  0.33860E-01  0.32190E-01
  0.30643E-01  0.29209E-01  0.27882E-01  0.26664E-01  0.25556E-01  0.24553E-01
  0.23649E-01  0.22834E-01  0.22097E-01  0.21425E-01  0.20808E-01  0.20236E-01
  0.19701E-01  0.19200E-01  0.18727E-01  0.18282E-01  0.17863E-01  0.17470E-01
  0.17102E-01  0.16758E-01  0.16437E-01  0.16139E-01  0.15861E-01  0.15603E-01
  0.15362E-01  0.15137E-01  0.14927E-01  0.14730E-01  0.14546E-01  0.14374E-01
  0.14213E-01  0.14061E-01  0.13919E-01  0.13787E-01  0.13662E-01  0.13546E-01
  0.13438E-01  0.13338E-01  0.13245E-01  0.13159E-01  0.13080E-01  0.13007E-01
  0.12941E-01  0.12882E-01  0.12828E-01  0.12780E-01  0.12739E-01  0.12703E-01
  0.12673E-01  0.12648E-01  0.12629E-01  0.12615E-01  0.12607E-01  0.12604E-01
  0.12992E+01  0.17908E+02
  0.38372E+01  0.38123E+01  0.37380E+01  0.36182E+01  0.34585E+01  0.32660E+01
  0.30490E+01  0.28160E+01  0.25754E+01  0.23347E+01  0.21004E+01  0.16705E+01
  0.13100E+01  0.10237E+01  0.80361E+00  0.63654E+00  0.50902E+00  0.41012E+00
  0.33214E+00  0.27008E+00  0.22075E+00  0.18191E+00  0.15167E+00  0.12826E+00
  0.11000E+00  0.95455E-01  0.83550E-01  0.73576E-01  0.65117E-01  0.57942E-01
  0.51894E-01  0.46830E-01  0.42594E-01  0.39018E-01  0.35943E-01  0.33238E-01
  0.30812E-01  0.28611E-01  0.26614E-01  0.24813E-01  0.23203E-01  0.21776E-01
  0.20514E-01  0.19396E-01  0.18396E-01  0.17489E-01  0.16658E-01  0.15888E-01
  0.15172E-01  0.14506E-01  0.13889E-01  0.13320E-01  0.12797E-01  0.12319E-01
  0.11883E-01  0.11483E-01  0.11117E-01  0.10778E-01  0.10464E-01  0.10172E-01
  0.98978E-02  0.96415E-02  0.94013E-02  0.91764E-02  0.89661E-02  0.87696E-02
  0.85865E-02  0.84160E-02  0.82574E-02  0.81100E-02  0.79730E-02  0.78456E-02
  0.77272E-02  0.76170E-02  0.75145E-02  0.74193E-02  0.73309E-02  0.72489E-02
  0.71728E-02  0.71025E-02  0.70375E-02  0.69775E-02  0.69225E-02  0.68722E-02
  0.68265E-02  0.67852E-02  0.67482E-02  0.67153E-02  0.66865E-02  0.66617E-02
  0.66409E-02  0.66240E-02  0.66109E-02  0.66017E-02  0.65962E-02  0.65943E-02
  0.10774E+01  0.21595E+02
  0.40507E+01  0.40185E+01  0.39228E+01  0.37696E+01  0.35676E+01  0.33279E+01
  0.30624E+01  0.27833E+01  0.25019E+01  0.22279E+01  0.19687E+01  0.15137E+01
  0.11542E+01  0.88351E+00  0.68356E+00  0.53504E+00  0.42244E+00  0.33525E+00
  0.26707E+00  0.21398E+00  0.17319E+00  0.14220E+00  0.11862E+00  0.10037E+00
  0.85854E-01  0.74016E-01  0.64238E-01  0.56151E-01  0.49490E-01  0.44010E-01
  0.39463E-01  0.35619E-01  0.32294E-01  0.29364E-01  0.26761E-01  0.24455E-01
  0.22431E-01  0.20669E-01  0.19138E-01  0.17800E-01  0.16614E-01  0.15546E-01
  0.14573E-01  0.13680E-01  0.12862E-01  0.12117E-01  0.11444E-01  0.10837E-01
  0.10292E-01  0.98005E-02  0.93540E-02  0.89452E-02  0.85679E-02  0.82179E-02
  0.78925E-02  0.75904E-02  0.73106E-02  0.70525E-02  0.68148E-02  0.65961E-02
  0.63949E-02  0.62091E-02  0.60373E-02  0.58779E-02  0.57296E-02  0.55912E-02
  0.54618E-02  0.53407E-02  0.52272E-02  0.51210E-02  0.50217E-02  0.49291E-02
  0.48429E-02  0.47628E-02  0.46883E-02  0.46192E-02  0.45552E-02  0.44960E-02
  0.44413E-02  0.43909E-02  0.43444E-02  0.43017E-02  0.42626E-02  0.42270E-02
  0.41948E-02  0.41660E-02  0.41403E-02  0.41175E-02  0.40975E-02  0.40802E-02
  0.40655E-02  0.40534E-02  0.40441E-02  0.40374E-02  0.40335E-02  0.40322E-02
  0.92415E+00  0.25177E+02
  0.42176E+01  0.41779E+01  0.40605E+01  0.38741E+01  0.36309E+01  0.33465E+01
  0.30370E+01  0.27185E+01  0.24047E+01  0.21068E+01  0.18325E+01  0.13699E+01
  0.10228E+01  0.77163E+00  0.59035E+00  0.45660E+00  0.35520E+00  0.27724E+00
  0.21758E+00  0.17264E+00  0.13921E+00  0.11424E+00  0.95195E-01  0.80228E-01
  0.68208E-01  0.58472E-01  0.50587E-01  0.44195E-01  0.38964E-01  0.34598E-01
  0.30870E-01  0.27637E-01  0.24824E-01  0.22392E-01  0.20306E-01  0.18522E-01
  0.16982E-01  0.15633E-01  0.14430E-01  0.13344E-01  0.12363E-01  0.11480E-01
  0.10693E-01  0.99946E-02  0.93753E-02  0.88224E-02  0.83236E-02  0.78688E-02
  0.74512E-02  0.70667E-02  0.67135E-02  0.63904E-02  0.60961E-02  0.58288E-02
  0.55856E-02  0.53634E-02  0.51591E-02  0.49701E-02  0.47946E-02  0.46311E-02
  0.44789E-02  0.43372E-02  0.42055E-02  0.40831E-02  0.39695E-02  0.38643E-02
  0.37670E-02  0.36768E-02  0.35930E-02  0.35151E-02  0.34425E-02  0.33746E-02
  0.33113E-02  0.32522E-02  0.31971E-02  0.31458E-02  0.30979E-02  0.30535E-02
  0.30123E-02  0.29743E-02  0.29393E-02  0.29070E-02  0.28774E-02  0.28503E-02
  0.28258E-02  0.28040E-02  0.27846E-02  0.27677E-02  0.27529E-02  0.27400E-02
  0.27290E-02  0.27199E-02  0.27128E-02  0.27078E-02  0.27048E-02  0.27039E-02
  0.81068E+00  0.28701E+02
  0.43515E+01  0.43043E+01  0.41652E+01  0.39458E+01  0.36628E+01  0.33365E+01
  0.29876E+01  0.26358E+01  0.22969E+01  0.19829E+01  0.17010E+01  0.12425E+01
  0.91287E+00  0.68106E+00  0.51547E+00  0.39326E+00  0.30097E+00  0.23130E+00
  0.17961E+00  0.14189E+00  0.11433E+00  0.93719E-01  0.77821E-01  0.65275E-01
  0.55284E-01  0.47311E-01  0.40912E-01  0.35693E-01  0.31339E-01  0.27642E-01
  0.24485E-01  0.21801E-01  0.19534E-01  0.17617E-01  0.15976E-01  0.14544E-01
  0.13275E-01  0.12143E-01  0.11137E-01  0.10251E-01  0.94753E-02  0.87949E-02
  0.81923E-02  0.76516E-02  0.71612E-02  0.67143E-02  0.63077E-02  0.59398E-02
  0.56084E-02  0.53104E-02  0.50416E-02  0.47973E-02  0.45734E-02  0.43667E-02
  0.41752E-02  0.39979E-02  0.38342E-02  0.36836E-02  0.35453E-02  0.34181E-02
  0.33010E-02  0.31930E-02  0.30930E-02  0.30001E-02  0.29133E-02  0.28321E-02
  0.27560E-02  0.26849E-02  0.26188E-02  0.25574E-02  0.25005E-02  0.24477E-02
  0.23987E-02  0.23533E-02  0.23111E-02  0.22720E-02  0.22356E-02  0.22017E-02
  0.21703E-02  0.21413E-02  0.21146E-02  0.20901E-02  0.20676E-02  0.20468E-02
  0.20278E-02  0.20107E-02  0.19955E-02  0.19823E-02  0.19708E-02  0.19608E-02
  0.19522E-02  0.19450E-02  0.19394E-02  0.19354E-02  0.19330E-02  0.19323E-02
  0.72282E+00  0.32189E+02
  0.44616E+01  0.44068E+01  0.42459E+01  0.39939E+01  0.36726E+01  0.33072E+01
  0.29233E+01  0.25437E+01  0.21861E+01  0.18622E+01  0.15782E+01  0.11311E+01
  0.82069E+00  0.60628E+00  0.45347E+00  0.34070E+00  0.25657E+00  0.19479E+00
  0.15041E+00  0.11871E+00  0.95591E-01  0.78159E-01  0.64650E-01  0.54052E-01
  0.45703E-01  0.39070E-01  0.33703E-01  0.29265E-01  0.25546E-01  0.22427E-01
  0.19824E-01  0.17651E-01  0.15816E-01  0.14237E-01  0.12854E-01  0.11637E-01
  0.10571E-01  0.96455E-02  0.88441E-02  0.81454E-02  0.75273E-02  0.69731E-02
  0.64727E-02  0.60219E-02  0.56182E-02  0.52588E-02  0.49388E-02  0.46519E-02
  0.43919E-02  0.41540E-02  0.39351E-02  0.37338E-02  0.35495E-02  0.33815E-02
  0.32286E-02  0.30891E-02  0.29611E-02  0.28430E-02  0.27334E-02  0.26317E-02
  0.25372E-02  0.24495E-02  0.23681E-02  0.22926E-02  0.22228E-02  0.21582E-02
  0.20984E-02  0.20427E-02  0.19909E-02  0.19427E-02  0.18977E-02  0.18558E-02
  0.18167E-02  0.17801E-02  0.17461E-02  0.17146E-02  0.16854E-02  0.16584E-02
  0.16332E-02  0.16099E-02  0.15883E-02  0.15687E-02  0.15508E-02  0.15347E-02
  0.15200E-02  0.15068E-02  0.14949E-02  0.14843E-02  0.14749E-02  0.14668E-02
  0.14599E-02  0.14544E-02  0.14505E-02  0.14480E-02  0.14467E-02  0.14463E-02
  0.65257E+00  0.35654E+02
  0.45539E+01  0.44914E+01  0.43087E+01  0.40248E+01  0.36665E+01  0.32648E+01
  0.28500E+01  0.24477E+01  0.20766E+01  0.17478E+01  0.14658E+01  0.10342E+01
  0.74265E+00  0.54321E+00  0.40092E+00  0.29644E+00  0.22013E+00  0.16582E+00
  0.12781E+00  0.10087E+00  0.81099E-01  0.66094E-01  0.54496E-01  0.45474E-01
  0.38394E-01  0.32737E-01  0.28121E-01  0.24309E-01  0.21161E-01  0.18566E-01
  0.16414E-01  0.14599E-01  0.13038E-01  0.11681E-01  0.10505E-01  0.94932E-02
  0.86258E-02  0.78762E-02  0.72179E-02  0.66316E-02  0.61072E-02  0.56403E-02
  0.52275E-02  0.48631E-02  0.45395E-02  0.42490E-02  0.39856E-02  0.37454E-02
  0.35265E-02  0.33276E-02  0.31477E-02  0.29849E-02  0.28371E-02  0.27020E-02
  0.25773E-02  0.24620E-02  0.23553E-02  0.22570E-02  0.21667E-02  0.20835E-02
  0.20068E-02  0.19360E-02  0.18706E-02  0.18100E-02  0.17537E-02  0.17010E-02
  0.16515E-02  0.16054E-02  0.15625E-02  0.15228E-02  0.14860E-02  0.14517E-02
  0.14199E-02  0.13904E-02  0.13630E-02  0.13374E-02  0.13136E-02  0.12914E-02
  0.12708E-02  0.12518E-02  0.12344E-02  0.12183E-02  0.12035E-02  0.11900E-02
  0.11781E-02  0.11674E-02  0.11579E-02  0.11491E-02  0.11411E-02  0.11342E-02
  0.11287E-02  0.11247E-02  0.11218E-02  0.11198E-02  0.11185E-02  0.11181E-02
  0.59503E+00  0.39102E+02
  0.46320E+01  0.45619E+01  0.43575E+01  0.40421E+01  0.36485E+01  0.32133E+01
  0.27714E+01  0.23508E+01  0.19707E+01  0.16410E+01  0.13637E+01  0.94972E+00
  0.67580E+00  0.48906E+00  0.35574E+00  0.25900E+00  0.19027E+00  0.14278E+00
  0.11006E+00  0.86823E-01  0.69631E-01  0.56562E-01  0.46525E-01  0.38759E-01
  0.32650E-01  0.27744E-01  0.23751E-01  0.20494E-01  0.17837E-01  0.15647E-01
  0.13808E-01  0.12237E-01  0.10887E-01  0.97345E-02  0.87546E-02  0.79178E-02
  0.71921E-02  0.65530E-02  0.59865E-02  0.54865E-02  0.50483E-02  0.46643E-02
  0.43253E-02  0.40219E-02  0.37479E-02  0.34996E-02  0.32754E-02  0.30738E-02
  0.28929E-02  0.27299E-02  0.25818E-02  0.24461E-02  0.23212E-02  0.22062E-02
  0.21007E-02  0.20043E-02  0.19162E-02  0.18353E-02  0.17608E-02  0.16921E-02
  0.16284E-02  0.15691E-02  0.15140E-02  0.14628E-02  0.14155E-02  0.13718E-02
  0.13312E-02  0.12933E-02  0.12578E-02  0.12247E-02  0.11941E-02  0.11657E-02
  0.11393E-02  0.11148E-02  0.10918E-02  0.10704E-02  0.10504E-02  0.10317E-02
  0.10145E-02  0.99883E-03  0.98458E-03  0.97152E-03  0.95942E-03  0.94820E-03
  0.93799E-03  0.92893E-03  0.92098E-03  0.91395E-03  0.90766E-03  0.90214E-03
  0.89753E-03  0.89387E-03  0.89105E-03  0.88897E-03  0.88764E-03  0.88717E-03
  0.54696E+00  0.42538E+02
  0.50472E+01  0.48998E+01  0.44855E+01  0.38908E+01  0.32224E+01  0.25755E+01
  0.20124E+01  0.15580E+01  0.12091E+01  0.94717E+00  0.75008E+00  0.47905E+00
  0.30534E+00  0.19542E+00  0.13016E+00  0.91351E-01  0.66331E-01  0.49106E-01
  0.37144E-01  0.28784E-01  0.22744E-01  0.18239E-01  0.14833E-01  0.12224E-01
  0.10187E-01  0.85761E-02  0.72894E-02  0.62478E-02  0.53929E-02  0.46874E-02
  0.41035E-02  0.36145E-02  0.31990E-02  0.28450E-02  0.25437E-02  0.22854E-02
  0.20610E-02  0.18651E-02  0.16946E-02  0.15459E-02  0.14148E-02  0.12984E-02
  0.11950E-02  0.11035E-02  0.10220E-02  0.94881E-03  0.88273E-03  0.82321E-03
  0.76979E-03  0.72162E-03  0.67775E-03  0.63766E-03  0.60124E-03  0.56821E-03
  0.53804E-03  0.51034E-03  0.48495E-03  0.46166E-03  0.44022E-03  0.42052E-03
  0.40242E-03  0.38558E-03  0.36973E-03  0.35494E-03  0.34145E-03  0.32927E-03
  0.31811E-03  0.30769E-03  0.29784E-03  0.28856E-03  0.27996E-03  0.27206E-03
  0.26474E-03  0.25795E-03  0.25176E-03  0.24614E-03  0.24080E-03  0.23563E-03
  0.23089E-03  0.22678E-03  0.22307E-03  0.21944E-03  0.21591E-03  0.21272E-03
  0.21001E-03  0.20769E-03  0.20556E-03  0.20349E-03  0.20159E-03  0.20017E-03
  0.19923E-03  0.19843E-03  0.19758E-03  0.19689E-03  0.19660E-03  0.19656E-03
  0.30391E+00  0.76560E+02
  0.52160E+01  0.49918E+01  0.43841E+01  0.35709E+01  0.27436E+01  0.20337E+01
  0.14898E+01  0.10996E+01  0.82434E+00  0.62579E+00  0.47670E+00  0.27375E+00
  0.16024E+00  0.10113E+00  0.67708E-01  0.46575E-01  0.33130E-01  0.24444E-01
  0.18461E-01  0.14222E-01  0.11195E-01  0.89621E-02  0.72703E-02  0.59758E-02
  0.49695E-02  0.41735E-02  0.35372E-02  0.30228E-02  0.26025E-02  0.22565E-02
  0.19688E-02  0.17274E-02  0.15242E-02  0.13518E-02  0.12042E-02  0.10775E-02
  0.96844E-03  0.87366E-03  0.79094E-03  0.71874E-03  0.65534E-03  0.59938E-03
  0.54996E-03  0.50603E-03  0.46673E-03  0.43169E-03  0.40054E-03  0.37257E-03
  0.34712E-03  0.32407E-03  0.30351E-03  0.28501E-03  0.26794E-03  0.25223E-03
  0.23808E-03  0.22533E-03  0.21370E-03  0.20296E-03  0.19290E-03  0.18358E-03
  0.17518E-03  0.16754E-03  0.16043E-03  0.15385E-03  0.14777E-03  0.14206E-03
  0.13677E-03  0.13201E-03  0.12773E-03  0.12370E-03  0.11976E-03  0.11606E-03
  0.11271E-03  0.10962E-03  0.10679E-03  0.10438E-03  0.10217E-03  0.99876E-04
  0.97653E-04  0.95732E-04  0.93938E-04  0.92179E-04  0.90656E-04  0.89391E-04
  0.88203E-04  0.87090E-04  0.86235E-04  0.85621E-04  0.84904E-04  0.83984E-04
  0.83342E-04  0.83224E-04  0.83090E-04  0.82552E-04  0.81973E-04  0.81755E-04
  0.21094E+00  0.11030E+03
  0.53082E+01  0.50085E+01  0.42244E+01  0.32445E+01  0.23370E+01  0.16371E+01
  0.11520E+01  0.82698E+00  0.60278E+00  0.43997E+00  0.31906E+00  0.16996E+00
  0.99484E-01  0.62729E-01  0.40916E-01  0.28068E-01  0.20043E-01  0.14680E-01
  0.11079E-01  0.85538E-02  0.67161E-02  0.53690E-02  0.43529E-02  0.35707E-02
  0.29638E-02  0.24844E-02  0.21008E-02  0.17914E-02  0.15387E-02  0.13305E-02
  0.11577E-02  0.10133E-02  0.89165E-03  0.78855E-03  0.70072E-03  0.62545E-03
  0.56051E-03  0.50441E-03  0.45563E-03  0.41296E-03  0.37569E-03  0.34284E-03
  0.31370E-03  0.28802E-03  0.26526E-03  0.24484E-03  0.22658E-03  0.21033E-03
  0.19568E-03  0.18240E-03  0.17052E-03  0.15986E-03  0.15001E-03  0.14093E-03
  0.13281E-03  0.12556E-03  0.11891E-03  0.11266E-03  0.10695E-03  0.10186E-03
  0.97134E-04  0.92680E-04  0.88548E-04  0.84749E-04  0.81408E-04  0.78373E-04
  0.75366E-04  0.72523E-04  0.69996E-04  0.67697E-04  0.65581E-04  0.63666E-04
  0.61886E-04  0.60124E-04  0.58461E-04  0.56983E-04  0.55546E-04  0.54241E-04
  0.53253E-04  0.52311E-04  0.51259E-04  0.50306E-04  0.49527E-04  0.48842E-04
  0.48147E-04  0.47453E-04  0.46851E-04  0.46313E-04  0.45931E-04  0.45711E-04
  0.45384E-04  0.45084E-04  0.45044E-04  0.44977E-04  0.44766E-04  0.44658E-04
  0.16172E+00  0.14387E+03
  0.53646E+01  0.49910E+01  0.40473E+01  0.29436E+01  0.20074E+01  0.13494E+01
  0.92466E+00  0.64779E+00  0.45582E+00  0.31812E+00  0.22192E+00  0.11654E+00
  0.68507E-01  0.42126E-01  0.27555E-01  0.18925E-01  0.13423E-01  0.98843E-02
  0.74496E-02  0.57404E-02  0.45119E-02  0.35976E-02  0.29128E-02  0.23871E-02
  0.19769E-02  0.16540E-02  0.13958E-02  0.11875E-02  0.10177E-02  0.87809E-03
  0.76249E-03  0.66591E-03  0.58472E-03  0.51606E-03  0.45766E-03  0.40769E-03
  0.36475E-03  0.32763E-03  0.29534E-03  0.26733E-03  0.24276E-03  0.22112E-03
  0.20216E-03  0.18529E-03  0.17031E-03  0.15707E-03  0.14519E-03  0.13453E-03
  0.12505E-03  0.11653E-03  0.10872E-03  0.10169E-03  0.95465E-04  0.89720E-04
  0.84401E-04  0.79669E-04  0.75396E-04  0.71337E-04  0.67647E-04  0.64396E-04
  0.61424E-04  0.58631E-04  0.55879E-04  0.53460E-04  0.51447E-04  0.49403E-04
  0.47433E-04  0.45659E-04  0.44008E-04  0.42604E-04  0.41328E-04  0.40017E-04
  0.38751E-04  0.37628E-04  0.36658E-04  0.35815E-04  0.34980E-04  0.34144E-04
  0.33464E-04  0.32763E-04  0.31983E-04  0.31386E-04  0.30944E-04  0.30526E-04
  0.30059E-04  0.29715E-04  0.29480E-04  0.29065E-04  0.28769E-04  0.28618E-04
  0.28380E-04  0.28286E-04  0.28144E-04  0.27919E-04  0.28021E-04  0.28183E-04
  0.13124E+00  0.17728E+03
  0.54035E+01  0.49575E+01  0.38691E+01  0.26754E+01  0.17429E+01  0.11366E+01
  0.76244E+00  0.51912E+00  0.35091E+00  0.23601E+00  0.16207E+00  0.86013E-01
  0.49542E-01  0.30392E-01  0.19951E-01  0.13612E-01  0.97210E-02  0.71335E-02
  0.53788E-02  0.41441E-02  0.32491E-02  0.25912E-02  0.20928E-02  0.17124E-02
  0.14157E-02  0.11817E-02  0.99552E-03  0.84533E-03  0.72328E-03  0.62302E-03
  0.53999E-03  0.47079E-03  0.41270E-03  0.36363E-03  0.32200E-03  0.28643E-03
  0.25589E-03  0.22953E-03  0.20669E-03  0.18681E-03  0.16942E-03  0.15421E-03
  0.14075E-03  0.12890E-03  0.11843E-03  0.10904E-03  0.10072E-03  0.93342E-04
  0.86620E-04  0.80584E-04  0.75244E-04  0.70312E-04  0.65842E-04  0.61933E-04
  0.58315E-04  0.54940E-04  0.51953E-04  0.49198E-04  0.46614E-04  0.44267E-04
  0.42212E-04  0.40306E-04  0.38412E-04  0.36756E-04  0.35285E-04  0.33953E-04
  0.32627E-04  0.31278E-04  0.30222E-04  0.29283E-04  0.28322E-04  0.27420E-04
  0.26544E-04  0.25790E-04  0.25136E-04  0.24472E-04  0.23936E-04  0.23422E-04
  0.22845E-04  0.22357E-04  0.21924E-04  0.21529E-04  0.21182E-04  0.20890E-04
  0.20601E-04  0.20374E-04  0.20093E-04  0.19829E-04  0.19768E-04  0.19516E-04
  0.19354E-04  0.19401E-04  0.19196E-04  0.19037E-04  0.19165E-04  0.19278E-04
  0.11051E+00  0.21055E+03
  0.54315E+01  0.49145E+01  0.36951E+01  0.24388E+01  0.15294E+01  0.97465E+00
  0.64000E+00  0.42149E+00  0.27444E+00  0.18083E+00  0.12446E+00  0.66040E-01
  0.37403E-01  0.23150E-01  0.15080E-01  0.10358E-01  0.73751E-02  0.54179E-02
  0.40816E-02  0.31396E-02  0.24619E-02  0.19583E-02  0.15805E-02  0.12902E-02
  0.10650E-02  0.88753E-03  0.74648E-03  0.63294E-03  0.54055E-03  0.46490E-03
  0.40239E-03  0.35029E-03  0.30665E-03  0.26983E-03  0.23862E-03  0.21200E-03
  0.18918E-03  0.16957E-03  0.15253E-03  0.13774E-03  0.12482E-03  0.11349E-03
  0.10352E-03  0.94749E-04  0.86958E-04  0.80043E-04  0.73902E-04  0.68378E-04
  0.63450E-04  0.59052E-04  0.55023E-04  0.51435E-04  0.48221E-04  0.45232E-04
  0.42549E-04  0.40139E-04  0.37899E-04  0.35859E-04  0.34047E-04  0.32359E-04
  0.30717E-04  0.29319E-04  0.28046E-04  0.26822E-04  0.25646E-04  0.24635E-04
  0.23751E-04  0.22837E-04  0.21995E-04  0.21210E-04  0.20595E-04  0.19988E-04
  0.19322E-04  0.18766E-04  0.18240E-04  0.17792E-04  0.17392E-04  0.16983E-04
  0.16641E-04  0.16237E-04  0.15889E-04  0.15655E-04  0.15395E-04  0.15148E-04
  0.15006E-04  0.14762E-04  0.14581E-04  0.14424E-04  0.14291E-04  0.14193E-04
  0.14055E-04  0.14064E-04  0.13951E-04  0.13860E-04  0.13886E-04  0.13882E-04
  0.95469E-01  0.24371E+03
  0.54498E+01  0.48640E+01  0.35277E+01  0.22313E+01  0.13561E+01  0.84781E+00
  0.54345E+00  0.34549E+00  0.21867E+00  0.14343E+00  0.99444E-01  0.51951E-01
  0.29465E-01  0.18201E-01  0.11874E-01  0.81658E-02  0.58073E-02  0.42676E-02
  0.32095E-02  0.24687E-02  0.19309E-02  0.15347E-02  0.12358E-02  0.10077E-02
  0.83055E-03  0.69135E-03  0.58072E-03  0.49146E-03  0.41934E-03  0.36006E-03
  0.31131E-03  0.27062E-03  0.23671E-03  0.20812E-03  0.18387E-03  0.16331E-03
  0.14556E-03  0.13034E-03  0.11710E-03  0.10566E-03  0.95667E-04  0.86946E-04
  0.79285E-04  0.72513E-04  0.66525E-04  0.61205E-04  0.56475E-04  0.52242E-04
  0.48473E-04  0.45061E-04  0.42001E-04  0.39262E-04  0.36732E-04  0.34486E-04
  0.32445E-04  0.30556E-04  0.28869E-04  0.27328E-04  0.25873E-04  0.24597E-04
  0.23430E-04  0.22308E-04  0.21287E-04  0.20387E-04  0.19566E-04  0.18718E-04
  0.18001E-04  0.17359E-04  0.16758E-04  0.16137E-04  0.15596E-04  0.15140E-04
  0.14712E-04  0.14268E-04  0.13873E-04  0.13500E-04  0.13186E-04  0.12883E-04
  0.12642E-04  0.12357E-04  0.12092E-04  0.11883E-04  0.11671E-04  0.11505E-04
  0.11339E-04  0.11216E-04  0.11050E-04  0.10934E-04  0.10859E-04  0.10705E-04
  0.10679E-04  0.10626E-04  0.10517E-04  0.10551E-04  0.10489E-04  0.10273E-04
  0.84057E-01  0.27680E+03
  0.54636E+01  0.48104E+01  0.33687E+01  0.20493E+01  0.12135E+01  0.74532E+00
  0.46492E+00  0.28589E+00  0.17802E+00  0.11732E+00  0.81511E-01  0.41840E-01
  0.23921E-01  0.14684E-01  0.96442E-02  0.66040E-02  0.47108E-02  0.34514E-02
  0.25976E-02  0.19932E-02  0.15589E-02  0.12362E-02  0.99443E-03  0.80995E-03
  0.66670E-03  0.55402E-03  0.46439E-03  0.39262E-03  0.33448E-03  0.28708E-03
  0.24791E-03  0.21538E-03  0.18815E-03  0.16535E-03  0.14592E-03  0.12951E-03
  0.11528E-03  0.10323E-03  0.92687E-04  0.83666E-04  0.75687E-04  0.68753E-04
  0.62616E-04  0.57238E-04  0.52506E-04  0.48279E-04  0.44549E-04  0.41192E-04
  0.38191E-04  0.35504E-04  0.33086E-04  0.30906E-04  0.28940E-04  0.27161E-04
  0.25530E-04  0.24058E-04  0.22719E-04  0.21474E-04  0.20370E-04  0.19343E-04
  0.18396E-04  0.17543E-04  0.16760E-04  0.16004E-04  0.15338E-04  0.14738E-04
  0.14157E-04  0.13602E-04  0.13143E-04  0.12700E-04  0.12273E-04  0.11883E-04
  0.11519E-04  0.11210E-04  0.10905E-04  0.10627E-04  0.10321E-04  0.10101E-04
  0.98866E-05  0.96821E-05  0.95043E-05  0.93274E-05  0.91707E-05  0.90156E-05
  0.89163E-05  0.87882E-05  0.86863E-05  0.86023E-05  0.85007E-05  0.84666E-05
  0.83928E-05  0.83200E-05  0.83179E-05  0.82364E-05  0.82458E-05  0.84244E-05
  0.75110E-01  0.30977E+03
  0.54733E+01  0.47545E+01  0.32184E+01  0.18897E+01  0.10948E+01  0.66033E+00
  0.39994E+00  0.23918E+00  0.14817E+00  0.98264E-01  0.67888E-01  0.34542E-01
  0.19796E-01  0.12163E-01  0.79877E-02  0.54778E-02  0.38968E-02  0.28582E-02
  0.21458E-02  0.16459E-02  0.12835E-02  0.10176E-02  0.81752E-03  0.66488E-03
  0.54678E-03  0.45379E-03  0.38021E-03  0.32123E-03  0.27326E-03  0.23424E-03
  0.20205E-03  0.17537E-03  0.15311E-03  0.13448E-03  0.11855E-03  0.10517E-03
  0.93561E-04  0.83694E-04  0.75141E-04  0.67800E-04  0.61314E-04  0.55696E-04
  0.50694E-04  0.46335E-04  0.42501E-04  0.39067E-04  0.36036E-04  0.33275E-04
  0.30862E-04  0.28679E-04  0.26729E-04  0.24969E-04  0.23358E-04  0.21918E-04
  0.20607E-04  0.19416E-04  0.18330E-04  0.17339E-04  0.16428E-04  0.15593E-04
  0.14834E-04  0.14140E-04  0.13489E-04  0.12913E-04  0.12375E-04  0.11868E-04
  0.11401E-04  0.10990E-04  0.10586E-04  0.10214E-04  0.98759E-05  0.95874E-05
  0.92853E-05  0.90188E-05  0.87703E-05  0.85556E-05  0.83420E-05  0.81583E-05
  0.79572E-05  0.77900E-05  0.76484E-05  0.75022E-05  0.73816E-05  0.72614E-05
  0.71606E-05  0.70615E-05  0.70044E-05  0.69040E-05  0.68663E-05  0.68073E-05
  0.67552E-05  0.67425E-05  0.66834E-05  0.66700E-05  0.66697E-05  0.65690E-05
  0.67917E-01  0.34258E+03
  0.54722E+01  0.44553E+01  0.25902E+01  0.13308E+01  0.71113E+00  0.38369E+00
  0.20507E+00  0.11839E+00  0.74237E-01  0.47995E-01  0.32457E-01  0.16697E-01
  0.95701E-02  0.59064E-02  0.38718E-02  0.26520E-02  0.18799E-02  0.13709E-02
  0.10236E-02  0.78073E-03  0.60607E-03  0.47743E-03  0.38162E-03  0.30905E-03
  0.25282E-03  0.20875E-03  0.17432E-03  0.14656E-03  0.12443E-03  0.10632E-03
  0.91354E-04  0.79317E-04  0.68985E-04  0.60344E-04  0.53230E-04  0.47058E-04
  0.41974E-04  0.37441E-04  0.33431E-04  0.30195E-04  0.27238E-04  0.24747E-04
  0.22454E-04  0.20470E-04  0.18818E-04  0.17273E-04  0.15988E-04  0.14646E-04
  0.13640E-04  0.12646E-04  0.11825E-04  0.10966E-04  0.10287E-04  0.96059E-05
  0.90826E-05  0.85173E-05  0.80734E-05  0.76241E-05  0.71802E-05  0.68536E-05
  0.64934E-05  0.62049E-05  0.59394E-05  0.56531E-05  0.54283E-05  0.51910E-05
  0.49869E-05  0.48162E-05  0.46364E-05  0.44761E-05  0.43530E-05  0.42030E-05
  0.40448E-05  0.39386E-05  0.38355E-05  0.37211E-05  0.36293E-05  0.35630E-05
  0.35006E-05  0.34309E-05  0.33509E-05  0.32797E-05  0.32297E-05  0.31969E-05
  0.31507E-05  0.30949E-05  0.30388E-05  0.29883E-05  0.29600E-05  0.29266E-05
  0.29113E-05  0.28867E-05  0.28844E-05  0.28761E-05  0.28943E-05  0.28637E-05
  0.46057E-01  0.50517E+03
  0.54278E+01  0.41596E+01  0.21339E+01  0.10075E+01  0.49579E+00  0.23912E+00
  0.12455E+00  0.72445E-01  0.44000E-01  0.28551E-01  0.19433E-01  0.10016E-01
  0.57312E-02  0.35410E-02  0.23159E-02  0.15789E-02  0.11140E-02  0.80914E-03
  0.60202E-03  0.45647E-03  0.35280E-03  0.27694E-03  0.22065E-03  0.17793E-03
  0.14495E-03  0.11944E-03  0.99734E-04  0.83879E-04  0.70932E-04  0.60370E-04
  0.51891E-04  0.44976E-04  0.39117E-04  0.34169E-04  0.30122E-04  0.26560E-04
  0.23555E-04  0.21103E-04  0.18911E-04  0.16915E-04  0.15344E-04  0.13872E-04
  0.12603E-04  0.11566E-04  0.10581E-04  0.96374E-05  0.89737E-05  0.82297E-05
  0.76350E-05  0.70904E-05  0.65224E-05  0.62253E-05  0.57455E-05  0.54041E-05
  0.50228E-05  0.47868E-05  0.44973E-05  0.42630E-05  0.40245E-05  0.38248E-05
  0.36259E-05  0.35003E-05  0.32887E-05  0.31969E-05  0.29902E-05  0.29138E-05
  0.27952E-05  0.26732E-05  0.26228E-05  0.24852E-05  0.24072E-05  0.23457E-05
  0.22691E-05  0.21969E-05  0.21580E-05  0.21042E-05  0.20311E-05  0.20048E-05
  0.19701E-05  0.19007E-05  0.18420E-05  0.18294E-05  0.18086E-05  0.18076E-05
  0.17646E-05  0.17076E-05  0.16906E-05  0.17066E-05  0.16929E-05  0.17065E-05
  0.17061E-05  0.16943E-05  0.17249E-05  0.16653E-05  0.17307E-05  0.15920E-05
  0.34975E-01  0.66525E+03
  0.53427E+01  0.38774E+01  0.18012E+01  0.79685E+00  0.35648E+00  0.16220E+00
  0.85378E-01  0.48305E-01  0.29491E-01  0.19176E-01  0.13019E-01  0.67290E-02
  0.38608E-02  0.23811E-02  0.15524E-02  0.10522E-02  0.73998E-03  0.53449E-03
  0.39638E-03  0.30021E-03  0.23136E-03  0.18113E-03  0.14405E-03  0.11530E-03
  0.94095E-04  0.77416E-04  0.64515E-04  0.54302E-04  0.45851E-04  0.38916E-04
  0.33260E-04  0.28876E-04  0.25174E-04  0.22061E-04  0.19317E-04  0.17005E-04
  0.15141E-04  0.13527E-04  0.12177E-04  0.10810E-04  0.97415E-05  0.89256E-05
  0.81259E-05  0.73363E-05  0.67045E-05  0.62350E-05  0.57211E-05  0.52215E-05
  0.48917E-05  0.45334E-05  0.41674E-05  0.39446E-05  0.36488E-05  0.34524E-05
  0.32691E-05  0.30124E-05  0.28832E-05  0.26974E-05  0.26063E-05  0.24156E-05
  0.23222E-05  0.22050E-05  0.21067E-05  0.20267E-05  0.19351E-05  0.18429E-05
  0.17795E-05  0.17028E-05  0.16818E-05  0.15929E-05  0.15541E-05  0.14968E-05
  0.13958E-05  0.14444E-05  0.13880E-05  0.13393E-05  0.13113E-05  0.13096E-05
  0.12120E-05  0.11882E-05  0.11999E-05  0.11897E-05  0.11361E-05  0.11038E-05
  0.11447E-05  0.11455E-05  0.11298E-05  0.10989E-05  0.10745E-05  0.10571E-05
  0.10301E-05  0.10589E-05  0.10136E-05  0.10245E-05  0.10623E-05  0.95392E-06
  0.28250E-01  0.82361E+03
  0.52387E+01  0.36198E+01  0.15533E+01  0.64557E+00  0.26396E+00  0.11893E+00
  0.61891E-01  0.34737E-01  0.21358E-01  0.13837E-01  0.94701E-02  0.48902E-02
  0.28032E-02  0.17213E-02  0.11156E-02  0.75456E-03  0.52789E-03  0.38065E-03
  0.28113E-03  0.21225E-03  0.16323E-03  0.12767E-03  0.10109E-03  0.81476E-04
  0.66202E-04  0.54302E-04  0.45429E-04  0.37994E-04  0.32034E-04  0.27288E-04
  0.23207E-04  0.20132E-04  0.17537E-04  0.15206E-04  0.13402E-04  0.11914E-04
  0.10610E-04  0.94227E-05  0.83722E-05  0.74849E-05  0.67641E-05  0.62097E-05
  0.56755E-05  0.51306E-05  0.46292E-05  0.42591E-05  0.39877E-05  0.36717E-05
  0.33760E-05  0.31141E-05  0.29244E-05  0.27295E-05  0.24997E-05  0.23919E-05
  0.22212E-05  0.20980E-05  0.20586E-05  0.18462E-05  0.17820E-05  0.17201E-05
  0.15955E-05  0.15693E-05  0.14219E-05  0.14134E-05  0.13329E-05  0.13220E-05
  0.12113E-05  0.12103E-05  0.11203E-05  0.11320E-05  0.10555E-05  0.10560E-05
  0.10163E-05  0.95500E-06  0.97387E-06  0.90358E-06  0.91434E-06  0.93595E-06
  0.86422E-06  0.83983E-06  0.82178E-06  0.82288E-06  0.79026E-06  0.75813E-06
  0.79877E-06  0.79857E-06  0.78968E-06  0.78220E-06  0.72548E-06  0.71515E-06
  0.74300E-06  0.72128E-06  0.70960E-06  0.77810E-06  0.77570E-06  0.67389E-06
  0.23726E-01  0.98065E+03