  0.28107E+01  0.28100E+01  0.28079E+01  0.28043E+01  0.27993E+01  0.27930E+01
  0.27852E+01  0.27760E+01  0.27655E+01  0.27537E+01  0.27405E+01  0.27102E+01
  0.26750E+01  0.26349E+01  0.25903E+01  0.25414E+01  0.24886E+01  0.24319E+01
  0.23719E+01  0.23087E+01  0.22426E+01  0.21739E+01  0.21029E+01  0.20298E+01
  0.19550E+01  0.18786E+01  0.18009E+01  0.17221E+01  0.16425E+01  0.15624E+01
  0.14819E+01  0.14013E+01  0.13208E+01  0.12407E+01  0.11612E+01  0.10825E+01
  0.10049E+01  0.92871E+00  0.85409E+00  0.78132E+00  0.71063E+00  0.64229E+00
  0.57652E+00  0.51356E+00  0.45363E+00  0.39693E+00  0.34366E+00  0.29400E+00
  0.24811E+00  0.20613E+00  0.16818E+00  0.13437E+00  0.10476E+00  0.79416E-01
  0.58361E-01  0.41603E-01  0.29123E-01  0.20879E-01  0.16806E-01  0.16814E-01
  0.20795E-01  0.28616E-01  0.40128E-01  0.55159E-01  0.73522E-01  0.95013E-01
  0.11941E+00  0.14649E+00  0.17600E+00  0.20769E+00  0.24130E+00  0.27655E+00
  0.31317E+00  0.35088E+00  0.38939E+00  0.42844E+00  0.46772E+00  0.50697E+00
  0.54591E+00  0.58426E+00  0.62177E+00  0.65818E+00  0.69324E+00  0.72671E+00
  0.75838E+00  0.78804E+00  0.81549E+00  0.84055E+00  0.86306E+00  0.88287E+00
  0.89985E+00  0.91390E+00  0.92492E+00  0.93284E+00  0.93761E+00  0.93920E+00
  0.91752E+01  0.34396E+01
  0.13865E+01  0.13854E+01  0.13820E+01  0.13763E+01  0.13685E+01  0.13585E+01
  0.13464E+01  0.13325E+01  0.13166E+01  0.12991E+01  0.12800E+01  0.12376E+01
  0.11907E+01  0.11405E+01  0.10883E+01  0.10351E+01  0.98193E+00  0.92968E+00
  0.87896E+00  0.83023E+00  0.78375E+00  0.73965E+00  0.69788E+00  0.65831E+00
  0.62075E+00  0.58494E+00  0.55061E+00  0.51752E+00  0.48544E+00  0.45419E+00
  0.42364E+00  0.39370E+00  0.36433E+00  0.33555E+00  0.30738E+00  0.27990E+00
  0.25321E+00  0.22739E+00  0.20257E+00  0.17884E+00  0.15631E+00  0.13508E+00
  0.11524E+00  0.96866E-01  0.80019E-01  0.64760E-01  0.51136E-01  0.39184E-01
  0.28935E-01  0.20410E-01  0.13626E-01  0.85933E-02  0.53160E-02  0.37941E-02
  0.40223E-02  0.59906E-02  0.96834E-02  0.15080E-01  0.22153E-01  0.30870E-01
  0.41192E-01  0.53070E-01  0.66451E-01  0.81272E-01  0.97463E-01  0.11494E+00
  0.13363E+00  0.15343E+00  0.17423E+00  0.19593E+00  0.21841E+00  0.24154E+00
  0.26520E+00  0.28926E+00  0.31357E+00  0.33800E+00  0.36240E+00  0.38663E+00
  0.41054E+00  0.43400E+00  0.45686E+00  0.47897E+00  0.50022E+00  0.52047E+00
  0.53959E+00  0.55746E+00  0.57399E+00  0.58906E+00  0.60259E+00  0.61448E+00
  0.62468E+00  0.63310E+00  0.63971E+00  0.64446E+00  0.64733E+00  0.64828E+00
  0.35319E+01  0.89353E+01
  0.14773E+01  0.14752E+01  0.14689E+01  0.14586E+01  0.14443E+01  0.14262E+01
  0.14045E+01  0.13795E+01  0.13515E+01  0.13207E+01  0.12876E+01  0.12154E+01
  0.11380E+01  0.10579E+01  0.97767E+00  0.89947E+00  0.82494E+00  0.75522E+00
  0.69100E+00  0.63251E+00  0.57964E+00  0.53202E+00  0.48910E+00  0.45025E+00
  0.41485E+00  0.38228E+00  0.35205E+00  0.32373E+00  0.29701E+00  0.27165E+00
  0.24752E+00  0.22453E+00  0.20265E+00  0.18188E+00  0.16223E+00  0.14373E+00
  0.12641E+00  0.11028E+00  0.95339E-01  0.81598E-01  0.69044E-01  0.57658E-01
  0.47416E-01  0.38291E-01  0.30255E-01  0.23282E-01  0.17348E-01  0.12436E-01
  0.85354E-02  0.56393E-02  0.37489E-02  0.28701E-02  0.30128E-02  0.41891E-02
  0.64117E-02  0.96921E-02  0.14039E-01  0.19455E-01  0.25940E-01  0.33483E-01
  0.42069E-01  0.51671E-01  0.62258E-01  0.73786E-01  0.86207E-01  0.99464E-01
  0.11349E+00  0.12822E+00  0.14357E+00  0.15947E+00  0.17582E+00  0.19254E+00
  0.20955E+00  0.22673E+00  0.24401E+00  0.26128E+00  0.27846E+00  0.29544E+00
  0.31212E+00  0.32843E+00  0.34426E+00  0.35954E+00  0.37417E+00  0.38807E+00
  0.40116E+00  0.41338E+00  0.42465E+00  0.43492E+00  0.44411E+00  0.45219E+00
  0.45911E+00  0.46482E+00  0.46929E+00  0.47251E+00  0.47444E+00  0.47509E+00
  0.25570E+01  0.12342E+02
  0.16417E+01  0.16386E+01  0.16292E+01  0.16137E+01  0.15923E+01  0.15654E+01
  0.15334E+01  0.14967E+01  0.14559E+01  0.14114E+01  0.13640E+01  0.12627E+01
  0.11565E+01  0.10500E+01  0.94667E+00  0.84938E+00  0.75995E+00  0.67933E+00
  0.60768E+00  0.54461E+00  0.48930E+00  0.44076E+00  0.39791E+00  0.35977E+00
  0.32545E+00  0.29425E+00  0.26565E+00  0.23926E+00  0.21483E+00  0.19220E+00
  0.17128E+00  0.15202E+00  0.13438E+00  0.11832E+00  0.10381E+00  0.90799E-01
  0.79199E-01  0.68922E-01  0.59864E-01  0.51911E-01  0.44951E-01  0.38874E-01
  0.33585E-01  0.29002E-01  0.25064E-01  0.21730E-01  0.18976E-01  0.16797E-01
  0.15200E-01  0.14204E-01  0.13829E-01  0.14101E-01  0.15043E-01  0.16673E-01
  0.19005E-01  0.22046E-01  0.25795E-01  0.30243E-01  0.35377E-01  0.41175E-01
  0.47612E-01  0.54656E-01  0.62274E-01  0.70428E-01  0.79078E-01  0.88181E-01
  0.97694E-01  0.10757E+00  0.11776E+00  0.12822E+00  0.13890E+00  0.14975E+00
  0.16071E+00  0.17173E+00  0.18277E+00  0.19375E+00  0.20464E+00  0.21537E+00
  0.22589E+00  0.23615E+00  0.24609E+00  0.25567E+00  0.26483E+00  0.27352E+00
  0.28170E+00  0.28933E+00  0.29636E+00  0.30275E+00  0.30848E+00  0.31351E+00
  0.31781E+00  0.32137E+00  0.32415E+00  0.32615E+00  0.32735E+00  0.32775E+00
  0.21145E+01  0.14925E+02
  0.21245E+01  0.21169E+01  0.20942E+01  0.20571E+01  0.20066E+01  0.19441E+01
  0.18712E+01  0.17899E+01  0.17020E+01  0.16096E+01  0.15145E+01  0.13237E+01
  0.11416E+01  0.97652E+00  0.83258E+00  0.71058E+00  0.60888E+00  0.52454E+00
  0.45421E+00  0.39479E+00  0.34375E+00  0.29922E+00  0.25996E+00  0.22520E+00
  0.19456E+00  0.16781E+00  0.14482E+00  0.12542E+00  0.10935E+00  0.96242E-01
  0.85628E-01  0.77019E-01  0.69936E-01  0.63970E-01  0.58805E-01  0.54230E-01
  0.50125E-01  0.46439E-01  0.43167E-01  0.40316E-01  0.37897E-01  0.35906E-01
  0.34326E-01  0.33122E-01  0.32253E-01  0.31670E-01  0.31326E-01  0.31181E-01
  0.31200E-01  0.31358E-01  0.31638E-01  0.32031E-01  0.32532E-01  0.33139E-01
  0.33851E-01  0.34669E-01  0.35589E-01  0.36608E-01  0.37720E-01  0.38919E-01
  0.40197E-01  0.41546E-01  0.42957E-01  0.44422E-01  0.45933E-01  0.47483E-01
  0.49064E-01  0.50671E-01  0.52296E-01  0.53934E-01  0.55579E-01  0.57224E-01
  0.58865E-01  0.60494E-01  0.62107E-01  0.63696E-01  0.65256E-01  0.66780E-01
  0.68262E-01  0.69697E-01  0.71077E-01  0.72398E-01  0.73653E-01  0.74838E-01
  0.75948E-01  0.76978E-01  0.77924E-01  0.78781E-01  0.79546E-01  0.80216E-01
  0.80788E-01  0.81258E-01  0.81626E-01  0.81890E-01  0.82049E-01  0.82102E-01
  0.14284E+01  0.22094E+02
  0.24231E+01  0.24108E+01  0.23739E+01  0.23141E+01  0.22338E+01  0.21360E+01
  0.20244E+01  0.19029E+01  0.17752E+01  0.16451E+01  0.15159E+01  0.12708E+01
  0.10550E+01  0.87462E+00  0.72871E+00  0.61219E+00  0.51861E+00  0.44196E+00
  0.37751E+00  0.32211E+00  0.27390E+00  0.23202E+00  0.19615E+00  0.16611E+00
  0.14155E+00  0.12189E+00  0.10628E+00  0.93810E-01  0.83615E-01  0.75032E-01
  0.67625E-01  0.61156E-01  0.55523E-01  0.50686E-01  0.46614E-01  0.43252E-01
  0.40511E-01  0.38283E-01  0.36448E-01  0.34901E-01  0.33554E-01  0.32350E-01
  0.31259E-01  0.30270E-01  0.29384E-01  0.28607E-01  0.27942E-01  0.27386E-01
  0.26933E-01  0.26570E-01  0.26283E-01  0.26058E-01  0.25881E-01  0.25743E-01
  0.25636E-01  0.25556E-01  0.25500E-01  0.25467E-01  0.25457E-01  0.25469E-01
  0.25501E-01  0.25554E-01  0.25623E-01  0.25709E-01  0.25807E-01  0.25917E-01
  0.26035E-01  0.26161E-01  0.26291E-01  0.26426E-01  0.26563E-01  0.26702E-01
  0.26842E-01  0.26982E-01  0.27121E-01  0.27259E-01  0.27395E-01  0.27529E-01
  0.27659E-01  0.27786E-01  0.27908E-01  0.28025E-01  0.28137E-01  0.28242E-01
  0.28341E-01  0.28433E-01  0.28517E-01  0.28592E-01  0.28660E-01  0.28718E-01
  0.28768E-01  0.28810E-01  0.28842E-01  0.28865E-01  0.28879E-01  0.28884E-01
  0.11396E+01  0.27693E+02
  0.26448E+01  0.26274E+01  0.25756E+01  0.24924E+01  0.23820E+01  0.22499E+01
  0.21020E+01  0.19448E+01  0.17840E+01  0.16250E+01  0.14721E+01  0.11961E+01
  0.96927E+00  0.79091E+00  0.65292E+00  0.54492E+00  0.45776E+00  0.38487E+00
  0.32240E+00  0.26860E+00  0.22297E+00  0.18533E+00  0.15520E+00  0.13157E+00
  0.11310E+00  0.98384E-01  0.86325E-01  0.76181E-01  0.67552E-01  0.60245E-01
  0.54144E-01  0.49127E-01  0.45033E-01  0.41667E-01  0.38834E-01  0.36372E-01
  0.34168E-01  0.32165E-01  0.30345E-01  0.28713E-01  0.27271E-01  0.26018E-01
  0.24934E-01  0.23994E-01  0.23166E-01  0.22420E-01  0.21736E-01  0.21099E-01
  0.20502E-01  0.19945E-01  0.19429E-01  0.18956E-01  0.18525E-01  0.18135E-01
  0.17783E-01  0.17464E-01  0.17173E-01  0.16905E-01  0.16658E-01  0.16427E-01
  0.16212E-01  0.16012E-01  0.15824E-01  0.15650E-01  0.15488E-01  0.15337E-01
  0.15198E-01  0.15068E-01  0.14948E-01  0.14837E-01  0.14733E-01  0.14637E-01
  0.14547E-01  0.14463E-01  0.14385E-01  0.14313E-01  0.14245E-01  0.14182E-01
  0.14124E-01  0.14070E-01  0.14020E-01  0.13974E-01  0.13933E-01  0.13895E-01
  0.13860E-01  0.13829E-01  0.13801E-01  0.13777E-01  0.13756E-01  0.13737E-01
  0.13722E-01  0.13709E-01  0.13699E-01  0.13692E-01  0.13688E-01  0.13687E-01
  0.96436E+00  0.32725E+02
  0.28203E+01  0.27977E+01  0.27306E+01  0.26236E+01  0.24834E+01  0.23182E+01
  0.21371E+01  0.19487E+01  0.17611E+01  0.15806E+01  0.14121E+01  0.11214E+01
  0.89543E+00  0.72503E+00  0.59551E+00  0.49330E+00  0.40886E+00  0.33699E+00
  0.27576E+00  0.22486E+00  0.18405E+00  0.15234E+00  0.12799E+00  0.10905E+00
  0.93880E-01  0.81409E-01  0.71035E-01  0.62448E-01  0.55424E-01  0.49722E-01
  0.45065E-01  0.41172E-01  0.37809E-01  0.34829E-01  0.32162E-01  0.29790E-01
  0.27712E-01  0.25918E-01  0.24375E-01  0.23035E-01  0.21847E-01  0.20766E-01
  0.19767E-01  0.18835E-01  0.17970E-01  0.17175E-01  0.16453E-01  0.15801E-01
  0.15213E-01  0.14681E-01  0.14194E-01  0.13744E-01  0.13325E-01  0.12933E-01
  0.12565E-01  0.12220E-01  0.11900E-01  0.11602E-01  0.11326E-01  0.11071E-01
  0.10834E-01  0.10613E-01  0.10408E-01  0.10215E-01  0.10034E-01  0.98647E-02
  0.97052E-02  0.95550E-02  0.94138E-02  0.92811E-02  0.91566E-02  0.90399E-02
  0.89306E-02  0.88284E-02  0.87327E-02  0.86434E-02  0.85600E-02  0.84823E-02
  0.84101E-02  0.83429E-02  0.82808E-02  0.82235E-02  0.81708E-02  0.81225E-02
  0.80786E-02  0.80388E-02  0.80031E-02  0.79714E-02  0.79437E-02  0.79199E-02
  0.78999E-02  0.78836E-02  0.78710E-02  0.78620E-02  0.78566E-02  0.78548E-02
  0.84235E+00  0.37465E+02
  0.29640E+01  0.29360E+01  0.28532E+01  0.27224E+01  0.25530E+01  0.23565E+01
  0.21451E+01  0.19301E+01  0.17211E+01  0.15255E+01  0.13477E+01  0.10527E+01
  0.83332E+00  0.67173E+00  0.54844E+00  0.44889E+00  0.36508E+00  0.29416E+00
  0.23586E+00  0.18993E+00  0.15497E+00  0.12856E+00  0.10822E+00  0.92042E-01
  0.78894E-01  0.68165E-01  0.59477E-01  0.52482E-01  0.46806E-01  0.42082E-01
  0.38029E-01  0.34480E-01  0.31366E-01  0.28666E-01  0.26357E-01  0.24393E-01
  0.22700E-01  0.21207E-01  0.19856E-01  0.18613E-01  0.17470E-01  0.16430E-01
  0.15494E-01  0.14660E-01  0.13916E-01  0.13247E-01  0.12637E-01  0.12074E-01
  0.11551E-01  0.11064E-01  0.10612E-01  0.10195E-01  0.98136E-02  0.94642E-02
  0.91441E-02  0.88492E-02  0.85758E-02  0.83209E-02  0.80823E-02  0.78587E-02
  0.76493E-02  0.74533E-02  0.72701E-02  0.70990E-02  0.69394E-02  0.67906E-02
  0.66519E-02  0.65225E-02  0.64015E-02  0.62883E-02  0.61822E-02  0.60829E-02
  0.59898E-02  0.59027E-02  0.58212E-02  0.57452E-02  0.56742E-02  0.56081E-02
  0.55467E-02  0.54898E-02  0.54372E-02  0.53887E-02  0.53442E-02  0.53035E-02
  0.52665E-02  0.52331E-02  0.52033E-02  0.51768E-02  0.51536E-02  0.51336E-02
  0.51168E-02  0.51031E-02  0.50925E-02  0.50849E-02  0.50804E-02  0.50789E-02
  0.75078E+00  0.42035E+02
  0.30842E+01  0.30506E+01  0.29521E+01  0.27974E+01  0.25996E+01  0.23736E+01
  0.21351E+01  0.18976E+01  0.16723E+01  0.14664E+01  0.12840E+01  0.99137E+00
  0.78071E+00  0.62661E+00  0.50688E+00  0.40802E+00  0.32473E+00  0.25635E+00
  0.20287E+00  0.16274E+00  0.13296E+00  0.11040E+00  0.92715E-01  0.78552E-01
  0.67172E-01  0.58080E-01  0.50806E-01  0.44878E-01  0.39904E-01  0.35634E-01
  0.31950E-01  0.28806E-01  0.26154E-01  0.23916E-01  0.21994E-01  0.20296E-01
  0.18762E-01  0.17369E-01  0.16113E-01  0.14996E-01  0.14013E-01  0.13146E-01
  0.12371E-01  0.11667E-01  0.11019E-01  0.10422E-01  0.98731E-02  0.93722E-02
  0.89182E-02  0.85075E-02  0.81345E-02  0.77930E-02  0.74775E-02  0.71841E-02
  0.69104E-02  0.66555E-02  0.64189E-02  0.62001E-02  0.59980E-02  0.58113E-02
  0.56384E-02  0.54780E-02  0.53287E-02  0.51893E-02  0.50588E-02  0.49365E-02
  0.48218E-02  0.47145E-02  0.46144E-02  0.45211E-02  0.44343E-02  0.43534E-02
  0.42781E-02  0.42080E-02  0.41428E-02  0.40822E-02  0.40257E-02  0.39733E-02
  0.39247E-02  0.38797E-02  0.38382E-02  0.38000E-02  0.37649E-02  0.37328E-02
  0.37036E-02  0.36773E-02  0.36537E-02  0.36330E-02  0.36148E-02  0.35992E-02
  0.35859E-02  0.35751E-02  0.35667E-02  0.35607E-02  0.35572E-02  0.35560E-02
  0.67874E+00  0.46496E+02
  0.31864E+01  0.31473E+01  0.30327E+01  0.28545E+01  0.26291E+01  0.23756E+01
  0.21128E+01  0.18568E+01  0.16192E+01  0.14072E+01  0.12235E+01  0.93714E+00
  0.73529E+00  0.58664E+00  0.46839E+00  0.36966E+00  0.28809E+00  0.22403E+00
  0.17629E+00  0.14149E+00  0.11570E+00  0.95875E-01  0.80236E-01  0.67821E-01
  0.58000E-01  0.50192E-01  0.43845E-01  0.38542E-01  0.34044E-01  0.30243E-01
  0.27065E-01  0.24415E-01  0.22169E-01  0.20211E-01  0.18464E-01  0.16898E-01
  0.15508E-01  0.14292E-01  0.13234E-01  0.12304E-01  0.11473E-01  0.10717E-01
  0.10026E-01  0.93958E-02  0.88278E-02  0.83192E-02  0.78640E-02  0.74534E-02
  0.70787E-02  0.67330E-02  0.64127E-02  0.61163E-02  0.58434E-02  0.55935E-02
  0.53652E-02  0.51559E-02  0.49630E-02  0.47843E-02  0.46181E-02  0.44632E-02
  0.43189E-02  0.41846E-02  0.40596E-02  0.39436E-02  0.38360E-02  0.37363E-02
  0.36436E-02  0.35573E-02  0.34769E-02  0.34019E-02  0.33319E-02  0.32667E-02
  0.32057E-02  0.31489E-02  0.30959E-02  0.30467E-02  0.30011E-02  0.29588E-02
  0.29196E-02  0.28833E-02  0.28498E-02  0.28191E-02  0.27911E-02  0.27657E-02
  0.27426E-02  0.27218E-02  0.27032E-02  0.26866E-02  0.26721E-02  0.26596E-02
  0.26490E-02  0.26405E-02  0.26341E-02  0.26297E-02  0.26272E-02  0.26263E-02
  0.62020E+00  0.50885E+02
  0.32746E+01  0.32298E+01  0.30993E+01  0.28977E+01  0.26457E+01  0.23666E+01
  0.20825E+01  0.18112E+01  0.15649E+01  0.13498E+01  0.11674E+01  0.88916E+00
  0.69513E+00  0.54987E+00  0.43192E+00  0.33389E+00  0.25567E+00  0.19710E+00
  0.15496E+00  0.12451E+00  0.10169E+00  0.83990E-01  0.70091E-01  0.59195E-01
  0.50608E-01  0.43695E-01  0.37984E-01  0.33210E-01  0.29243E-01  0.25970E-01
  0.23251E-01  0.20936E-01  0.18909E-01  0.17115E-01  0.15538E-01  0.14170E-01
  0.12992E-01  0.11966E-01  0.11055E-01  0.10232E-01  0.94872E-02  0.88174E-02
  0.82216E-02  0.76937E-02  0.72230E-02  0.67979E-02  0.64092E-02  0.60516E-02
  0.57235E-02  0.54242E-02  0.51527E-02  0.49065E-02  0.46819E-02  0.44755E-02
  0.42846E-02  0.41076E-02  0.39436E-02  0.37919E-02  0.36518E-02  0.35227E-02
  0.34037E-02  0.32939E-02  0.31922E-02  0.30976E-02  0.30094E-02  0.29270E-02
  0.28500E-02  0.27782E-02  0.27113E-02  0.26491E-02  0.25913E-02  0.25377E-02
  0.24880E-02  0.24417E-02  0.23987E-02  0.23585E-02  0.23212E-02  0.22867E-02
  0.22546E-02  0.22250E-02  0.21975E-02  0.21723E-02  0.21492E-02  0.21283E-02
  0.21093E-02  0.20922E-02  0.20769E-02  0.20632E-02  0.20512E-02  0.20409E-02
  0.20322E-02  0.20253E-02  0.20202E-02  0.20169E-02  0.20151E-02  0.20145E-02
  0.57150E+00  0.55221E+02
  0.33512E+01  0.33007E+01  0.31541E+01  0.29296E+01  0.26522E+01  0.23494E+01
  0.20466E+01  0.17631E+01  0.15110E+01  0.12954E+01  0.11157E+01  0.84642E+00
  0.65874E+00  0.51522E+00  0.39727E+00  0.30115E+00  0.22767E+00  0.17489E+00
  0.13765E+00  0.11059E+00  0.90058E-01  0.74130E-01  0.61749E-01  0.52100E-01
  0.44440E-01  0.38205E-01  0.33068E-01  0.28852E-01  0.25406E-01  0.22555E-01
  0.20130E-01  0.18020E-01  0.16178E-01  0.14587E-01  0.13229E-01  0.12062E-01
  0.11041E-01  0.10128E-01  0.93084E-02  0.85787E-02  0.79362E-02  0.73717E-02
  0.68710E-02  0.64200E-02  0.60092E-02  0.56342E-02  0.52939E-02  0.49870E-02
  0.47109E-02  0.44615E-02  0.42342E-02  0.40251E-02  0.38317E-02  0.36533E-02
  0.34894E-02  0.33395E-02  0.32022E-02  0.30762E-02  0.29600E-02  0.28526E-02
  0.27530E-02  0.26603E-02  0.25739E-02  0.24937E-02  0.24195E-02  0.23509E-02
  0.22871E-02  0.22278E-02  0.21723E-02  0.21206E-02  0.20726E-02  0.20281E-02
  0.19866E-02  0.19479E-02  0.19118E-02  0.18782E-02  0.18469E-02  0.18177E-02
  0.17908E-02  0.17661E-02  0.17436E-02  0.17229E-02  0.17039E-02  0.16864E-02
  0.16704E-02  0.16562E-02  0.16437E-02  0.16325E-02  0.16226E-02  0.16141E-02
  0.16069E-02  0.16012E-02  0.15968E-02  0.15935E-02  0.15915E-02  0.15908E-02
  0.53024E+00  0.59518E+02
  0.37902E+01  0.36816E+01  0.33781E+01  0.29478E+01  0.24723E+01  0.20214E+01
  0.16369E+01  0.13315E+01  0.10980E+01  0.91939E+00  0.77781E+00  0.55526E+00
  0.38141E+00  0.25664E+00  0.17784E+00  0.12896E+00  0.95954E-01  0.72324E-01
  0.55492E-01  0.43486E-01  0.34654E-01  0.28001E-01  0.22938E-01  0.19014E-01
  0.15910E-01  0.13442E-01  0.11469E-01  0.98592E-02  0.85246E-02  0.74205E-02
  0.65093E-02  0.57448E-02  0.50906E-02  0.45313E-02  0.40568E-02  0.36508E-02
  0.32966E-02  0.29860E-02  0.27163E-02  0.24820E-02  0.22754E-02  0.20914E-02
  0.19279E-02  0.17834E-02  0.16552E-02  0.15399E-02  0.14356E-02  0.13415E-02
  0.12571E-02  0.11811E-02  0.11119E-02  0.10486E-02  0.99089E-03  0.93857E-03
  0.89081E-03  0.84699E-03  0.80685E-03  0.76997E-03  0.73591E-03  0.70456E-03
  0.67577E-03  0.64901E-03  0.62382E-03  0.60031E-03  0.57883E-03  0.55934E-03
  0.54142E-03  0.52469E-03  0.50892E-03  0.49406E-03  0.48028E-03  0.46762E-03
  0.45588E-03  0.44494E-03  0.43495E-03  0.42584E-03  0.41723E-03  0.40893E-03
  0.40132E-03  0.39466E-03  0.38863E-03  0.38276E-03  0.37712E-03  0.37203E-03
  0.36762E-03  0.36379E-03  0.36031E-03  0.35697E-03  0.35391E-03  0.35154E-03
  0.34992E-03  0.34856E-03  0.34714E-03  0.34604E-03  0.34559E-03  0.34553E-03
  0.31089E+00  0.10151E+03
  0.39845E+01  0.38175E+01  0.33687E+01  0.27781E+01  0.21907E+01  0.16984E+01
  0.13280E+01  0.10613E+01  0.86480E+00  0.70851E+00  0.57484E+00  0.36021E+00
  0.22347E+00  0.14764E+00  0.10211E+00  0.71724E-01  0.51737E-01  0.38498E-01
  0.29231E-01  0.22612E-01  0.17835E-01  0.14287E-01  0.11601E-01  0.95385E-02
  0.79262E-02  0.66552E-02  0.56418E-02  0.48191E-02  0.41475E-02  0.35978E-02
  0.31401E-02  0.27552E-02  0.24328E-02  0.21601E-02  0.19259E-02  0.17251E-02
  0.15530E-02  0.14033E-02  0.12724E-02  0.11583E-02  0.10582E-02  0.96980E-03
  0.89159E-03  0.82202E-03  0.75977E-03  0.70426E-03  0.65489E-03  0.61053E-03
  0.57008E-03  0.53337E-03  0.50063E-03  0.47118E-03  0.44390E-03  0.41875E-03
  0.39611E-03  0.37569E-03  0.35704E-03  0.33981E-03  0.32359E-03  0.30853E-03
  0.29496E-03  0.28261E-03  0.27109E-03  0.26044E-03  0.25058E-03  0.24128E-03
  0.23265E-03  0.22491E-03  0.21794E-03  0.21137E-03  0.20495E-03  0.19888E-03
  0.19340E-03  0.18833E-03  0.18368E-03  0.17973E-03  0.17612E-03  0.17233E-03
  0.16867E-03  0.16550E-03  0.16252E-03  0.15960E-03  0.15708E-03  0.15497E-03
  0.15300E-03  0.15119E-03  0.14978E-03  0.14875E-03  0.14759E-03  0.14608E-03
  0.14502E-03  0.14483E-03  0.14461E-03  0.14373E-03  0.14282E-03  0.14250E-03
  0.22096E+00  0.14282E+03
  0.40941E+01  0.38695E+01  0.32886E+01  0.25777E+01  0.19364E+01  0.14535E+01
  0.11200E+01  0.88575E+00  0.70421E+00  0.55060E+00  0.42040E+00  0.24087E+00
  0.14887E+00  0.97288E-01  0.64780E-01  0.44948E-01  0.32255E-01  0.23677E-01
  0.17865E-01  0.13772E-01  0.10801E-01  0.86157E-02  0.69703E-02  0.57110E-02
  0.47331E-02  0.39630E-02  0.33502E-02  0.28551E-02  0.24521E-02  0.21221E-02
  0.18478E-02  0.16188E-02  0.14266E-02  0.12633E-02  0.11244E-02  0.10055E-02
  0.90256E-03  0.81381E-03  0.73668E-03  0.66899E-03  0.60999E-03  0.55785E-03
  0.51140E-03  0.47057E-03  0.43434E-03  0.40171E-03  0.37252E-03  0.34651E-03
  0.32308E-03  0.30173E-03  0.28266E-03  0.26558E-03  0.24962E-03  0.23485E-03
  0.22169E-03  0.20999E-03  0.19926E-03  0.18908E-03  0.17975E-03  0.17151E-03
  0.16379E-03  0.15648E-03  0.14969E-03  0.14343E-03  0.13797E-03  0.13303E-03
  0.12805E-03  0.12334E-03  0.11917E-03  0.11538E-03  0.11191E-03  0.10877E-03
  0.10584E-03  0.10293E-03  0.10013E-03  0.97672E-04  0.95261E-04  0.93075E-04
  0.91485E-04  0.89947E-04  0.88177E-04  0.86582E-04  0.85270E-04  0.84127E-04
  0.82952E-04  0.81741E-04  0.80705E-04  0.79771E-04  0.79112E-04  0.78777E-04
  0.78218E-04  0.77709E-04  0.77688E-04  0.77568E-04  0.77208E-04  0.77048E-04
  0.17168E+00  0.18382E+03
  0.41626E+01  0.38818E+01  0.31822E+01  0.23838E+01  0.17261E+01  0.12722E+01
  0.97180E+00  0.75357E+00  0.57447E+00  0.42503E+00  0.30986E+00  0.17425E+00
  0.10721E+00  0.67545E-01  0.44699E-01  0.30801E-01  0.21844E-01  0.16040E-01
  0.12051E-01  0.92558E-02  0.72493E-02  0.57665E-02  0.46573E-02  0.38099E-02
  0.31525E-02  0.26358E-02  0.22244E-02  0.18933E-02  0.16239E-02  0.14029E-02
  0.12196E-02  0.10668E-02  0.93860E-03  0.82990E-03  0.73748E-03  0.65820E-03
  0.59014E-03  0.53117E-03  0.47961E-03  0.43524E-03  0.39613E-03  0.36149E-03
  0.33130E-03  0.30420E-03  0.28011E-03  0.25887E-03  0.23974E-03  0.22253E-03
  0.20724E-03  0.19353E-03  0.18077E-03  0.16933E-03  0.15930E-03  0.14993E-03
  0.14118E-03  0.13345E-03  0.12651E-03  0.11979E-03  0.11370E-03  0.10845E-03
  0.10362E-03  0.99048E-04  0.94404E-04  0.90382E-04  0.87171E-04  0.83760E-04
  0.80435E-04  0.77457E-04  0.74685E-04  0.72409E-04  0.70336E-04  0.68148E-04
  0.65994E-04  0.64111E-04  0.62532E-04  0.61172E-04  0.59812E-04  0.58394E-04
  0.57272E-04  0.56070E-04  0.54661E-04  0.53638E-04  0.52915E-04  0.52243E-04
  0.51461E-04  0.50905E-04  0.50577E-04  0.49834E-04  0.49331E-04  0.49108E-04
  0.48683E-04  0.48568E-04  0.48307E-04  0.47896E-04  0.48126E-04  0.48425E-04
  0.14054E+00  0.22456E+03
  0.42099E+01  0.38741E+01  0.30677E+01  0.22077E+01  0.15558E+01  0.11348E+01
  0.85669E+00  0.64331E+00  0.46672E+00  0.33039E+00  0.23643E+00  0.13368E+00
  0.79680E-01  0.49640E-01  0.32711E-01  0.22287E-01  0.15847E-01  0.11575E-01
  0.86874E-02  0.66646E-02  0.52081E-02  0.41415E-02  0.33397E-02  0.27294E-02
  0.22559E-02  0.18839E-02  0.15880E-02  0.13500E-02  0.11564E-02  0.99765E-03
  0.86630E-03  0.75674E-03  0.66479E-03  0.58713E-03  0.52096E-03  0.46430E-03
  0.41580E-03  0.37358E-03  0.33720E-03  0.30544E-03  0.27749E-03  0.25323E-03
  0.23138E-03  0.21233E-03  0.19555E-03  0.18025E-03  0.16683E-03  0.15499E-03
  0.14394E-03  0.13400E-03  0.12538E-03  0.11723E-03  0.10986E-03  0.10362E-03
  0.97747E-04  0.92128E-04  0.87250E-04  0.82703E-04  0.78354E-04  0.74442E-04
  0.71115E-04  0.68014E-04  0.64775E-04  0.62042E-04  0.59661E-04  0.57524E-04
  0.55287E-04  0.52897E-04  0.51181E-04  0.49683E-04  0.48074E-04  0.46538E-04
  0.45023E-04  0.43760E-04  0.42706E-04  0.41600E-04  0.40761E-04  0.39944E-04
  0.38925E-04  0.38091E-04  0.37349E-04  0.36688E-04  0.36111E-04  0.35655E-04
  0.35183E-04  0.34823E-04  0.34315E-04  0.33811E-04  0.33770E-04  0.33260E-04
  0.32955E-04  0.33103E-04  0.32660E-04  0.32301E-04  0.32598E-04  0.32887E-04
  0.11906E+00  0.26507E+03
  0.42439E+01  0.38544E+01  0.29521E+01  0.20510E+01  0.14175E+01  0.10262E+01
  0.76023E+00  0.54811E+00  0.38001E+00  0.26261E+00  0.18810E+00  0.10541E+00
  0.61189E-01  0.38162E-01  0.24823E-01  0.16963E-01  0.12005E-01  0.87683E-02
  0.65720E-02  0.50348E-02  0.39348E-02  0.31244E-02  0.25187E-02  0.20559E-02
  0.16977E-02  0.14163E-02  0.11926E-02  0.10127E-02  0.86650E-03  0.74665E-03
  0.64754E-03  0.56498E-03  0.49571E-03  0.43722E-03  0.38750E-03  0.34505E-03
  0.30863E-03  0.27692E-03  0.24980E-03  0.22587E-03  0.20507E-03  0.18696E-03
  0.17072E-03  0.15662E-03  0.14387E-03  0.13261E-03  0.12270E-03  0.11361E-03
  0.10557E-03  0.98492E-04  0.91754E-04  0.85905E-04  0.80713E-04  0.75691E-04
  0.71243E-04  0.67328E-04  0.63592E-04  0.60211E-04  0.57292E-04  0.54512E-04
  0.51640E-04  0.49376E-04  0.47327E-04  0.45274E-04  0.43224E-04  0.41575E-04
  0.40202E-04  0.38631E-04  0.37187E-04  0.35834E-04  0.34912E-04  0.33936E-04
  0.32729E-04  0.31772E-04  0.30864E-04  0.30134E-04  0.29513E-04  0.28823E-04
  0.28279E-04  0.27519E-04  0.26899E-04  0.26564E-04  0.26152E-04  0.25751E-04
  0.25601E-04  0.25143E-04  0.24822E-04  0.24539E-04  0.24300E-04  0.24131E-04
  0.23834E-04  0.23906E-04  0.23637E-04  0.23421E-04  0.23492E-04  0.23511E-04
  0.10332E+00  0.30545E+03
  0.42670E+01  0.38255E+01  0.28387E+01  0.19131E+01  0.13044E+01  0.93647E+00
  0.67562E+00  0.46642E+00  0.31271E+00  0.21477E+00  0.15460E+00  0.84439E-01
  0.48694E-01  0.30117E-01  0.19548E-01  0.13345E-01  0.94267E-02  0.68843E-02
  0.51522E-02  0.39482E-02  0.30812E-02  0.24462E-02  0.19695E-02  0.16067E-02
  0.13254E-02  0.11048E-02  0.92938E-03  0.78831E-03  0.67382E-03  0.58000E-03
  0.50248E-03  0.43798E-03  0.38389E-03  0.33824E-03  0.29954E-03  0.26635E-03
  0.23804E-03  0.21346E-03  0.19234E-03  0.17381E-03  0.15774E-03  0.14353E-03
  0.13101E-03  0.12006E-03  0.11024E-03  0.10164E-03  0.93936E-04  0.86851E-04
  0.80816E-04  0.75084E-04  0.70074E-04  0.65699E-04  0.61364E-04  0.57751E-04
  0.54433E-04  0.51221E-04  0.48461E-04  0.45931E-04  0.43394E-04  0.41356E-04
  0.39478E-04  0.37549E-04  0.35798E-04  0.34377E-04  0.33059E-04  0.31518E-04
  0.30317E-04  0.29322E-04  0.28334E-04  0.27220E-04  0.26279E-04  0.25616E-04
  0.24934E-04  0.24172E-04  0.23454E-04  0.22814E-04  0.22280E-04  0.21802E-04
  0.21424E-04  0.20920E-04  0.20383E-04  0.20064E-04  0.19667E-04  0.19469E-04
  0.19192E-04  0.19087E-04  0.18750E-04  0.18608E-04  0.18484E-04  0.18175E-04
  0.18143E-04  0.18090E-04  0.17749E-04  0.17931E-04  0.17679E-04  0.17144E-04
  0.91278E-01  0.34574E+03
  0.42842E+01  0.37921E+01  0.27300E+01  0.17922E+01  0.12101E+01  0.85905E+00
  0.59993E+00  0.39778E+00  0.26160E+00  0.18027E+00  0.12953E+00  0.68855E-01
  0.39747E-01  0.24315E-01  0.15846E-01  0.10764E-01  0.76208E-02  0.55508E-02
  0.41588E-02  0.31822E-02  0.24846E-02  0.19699E-02  0.15853E-02  0.12922E-02
  0.10652E-02  0.88686E-03  0.74516E-03  0.63141E-03  0.53917E-03  0.46369E-03
  0.40135E-03  0.34950E-03  0.30606E-03  0.26943E-03  0.23838E-03  0.21183E-03
  0.18918E-03  0.16951E-03  0.15263E-03  0.13777E-03  0.12496E-03  0.11361E-03
  0.10375E-03  0.94978E-04  0.87131E-04  0.80327E-04  0.74037E-04  0.68612E-04
  0.63728E-04  0.59192E-04  0.55333E-04  0.51653E-04  0.48411E-04  0.45483E-04
  0.42646E-04  0.40308E-04  0.38184E-04  0.36026E-04  0.34269E-04  0.32520E-04
  0.30871E-04  0.29474E-04  0.28207E-04  0.26856E-04  0.25806E-04  0.24899E-04
  0.23903E-04  0.22876E-04  0.22183E-04  0.21442E-04  0.20677E-04  0.19983E-04
  0.19358E-04  0.18913E-04  0.18424E-04  0.17977E-04  0.17356E-04  0.17050E-04
  0.16725E-04  0.16399E-04  0.16115E-04  0.15788E-04  0.15486E-04  0.15166E-04
  0.15035E-04  0.14786E-04  0.14624E-04  0.14516E-04  0.14332E-04  0.14367E-04
  0.14238E-04  0.14071E-04  0.14135E-04  0.13880E-04  0.13955E-04  0.14541E-04
  0.81785E-01  0.38588E+03
  0.42966E+01  0.37554E+01  0.26267E+01  0.16863E+01  0.11301E+01  0.79003E+00
  0.53218E+00  0.34129E+00  0.22295E+00  0.15423E+00  0.10968E+00  0.57326E-01
  0.32964E-01  0.20117E-01  0.13088E-01  0.88988E-02  0.62847E-02  0.45839E-02
  0.34289E-02  0.26249E-02  0.20458E-02  0.16222E-02  0.13044E-02  0.10624E-02
  0.87509E-03  0.72796E-03  0.61124E-03  0.51755E-03  0.44147E-03  0.37931E-03
  0.32801E-03  0.28537E-03  0.24970E-03  0.21965E-03  0.19417E-03  0.17244E-03
  0.15385E-03  0.13782E-03  0.12397E-03  0.11188E-03  0.10141E-03  0.92153E-04
  0.84115E-04  0.76954E-04  0.70584E-04  0.64989E-04  0.59917E-04  0.55573E-04
  0.51478E-04  0.47922E-04  0.44646E-04  0.41661E-04  0.39167E-04  0.36664E-04
  0.34512E-04  0.32570E-04  0.30655E-04  0.29114E-04  0.27557E-04  0.26143E-04
  0.24969E-04  0.23836E-04  0.22608E-04  0.21730E-04  0.20838E-04  0.19914E-04
  0.19102E-04  0.18550E-04  0.17842E-04  0.17181E-04  0.16619E-04  0.16227E-04
  0.15633E-04  0.15144E-04  0.14711E-04  0.14421E-04  0.14068E-04  0.13794E-04
  0.13358E-04  0.13067E-04  0.12889E-04  0.12660E-04  0.12504E-04  0.12293E-04
  0.12116E-04  0.11897E-04  0.11839E-04  0.11543E-04  0.11546E-04  0.11439E-04
  0.11353E-04  0.11426E-04  0.11249E-04  0.11258E-04  0.11284E-04  0.10791E-04
  0.74126E-01  0.42575E+03
  0.43040E+01  0.35433E+01  0.21939E+01  0.13156E+01  0.84678E+00  0.52054E+00
  0.30140E+00  0.18470E+00  0.12065E+00  0.79739E-01  0.54459E-01  0.27952E-01
  0.15820E-01  0.96403E-02  0.62538E-02  0.42530E-02  0.30016E-02  0.21853E-02
  0.16319E-02  0.12456E-02  0.96857E-03  0.76503E-03  0.61294E-03  0.49751E-03
  0.40820E-03  0.33811E-03  0.28296E-03  0.23865E-03  0.20298E-03  0.17382E-03
  0.14979E-03  0.13008E-03  0.11343E-03  0.99486E-04  0.87786E-04  0.77767E-04
  0.69287E-04  0.61920E-04  0.55522E-04  0.50055E-04  0.45258E-04  0.41080E-04
  0.37393E-04  0.34161E-04  0.31316E-04  0.28793E-04  0.26535E-04  0.24540E-04
  0.22729E-04  0.21126E-04  0.19659E-04  0.18374E-04  0.17173E-04  0.16127E-04
  0.15129E-04  0.14281E-04  0.13450E-04  0.12720E-04  0.12089E-04  0.11433E-04
  0.10904E-04  0.10378E-04  0.98869E-05  0.94842E-05  0.90584E-05  0.87105E-05
  0.83710E-05  0.80348E-05  0.77649E-05  0.75050E-05  0.72122E-05  0.69957E-05
  0.68340E-05  0.65948E-05  0.63988E-05  0.62642E-05  0.61185E-05  0.59529E-05
  0.58092E-05  0.56844E-05  0.55991E-05  0.55228E-05  0.54132E-05  0.52903E-05
  0.52165E-05  0.51525E-05  0.50983E-05  0.50685E-05  0.49715E-05  0.49529E-05
  0.48845E-05  0.48997E-05  0.48304E-05  0.48456E-05  0.47688E-05  0.49955E-05
  0.50637E-01  0.62324E+03
  0.42645E+01  0.33250E+01  0.18840E+01  0.10947E+01  0.64847E+00  0.34786E+00
  0.19468E+00  0.11872E+00  0.73730E-01  0.48201E-01  0.32731E-01  0.16611E-01
  0.93580E-02  0.57122E-02  0.37074E-02  0.25193E-02  0.17758E-02  0.12905E-02
  0.96190E-03  0.73159E-03  0.56706E-03  0.44647E-03  0.35673E-03  0.28857E-03
  0.23592E-03  0.19495E-03  0.16294E-03  0.13726E-03  0.11639E-03  0.99367E-04
  0.85522E-04  0.74135E-04  0.64578E-04  0.56536E-04  0.49831E-04  0.44042E-04
  0.39126E-04  0.34992E-04  0.31377E-04  0.28187E-04  0.25505E-04  0.23106E-04
  0.21020E-04  0.19225E-04  0.17604E-04  0.16134E-04  0.14899E-04  0.13740E-04
  0.12731E-04  0.11820E-04  0.10982E-04  0.10287E-04  0.96019E-05  0.90026E-05
  0.84466E-05  0.79618E-05  0.75105E-05  0.71026E-05  0.67261E-05  0.63836E-05
  0.60722E-05  0.57860E-05  0.55220E-05  0.52733E-05  0.50533E-05  0.48406E-05
  0.46527E-05  0.44827E-05  0.43129E-05  0.41686E-05  0.40281E-05  0.38975E-05
  0.37808E-05  0.36767E-05  0.35735E-05  0.34806E-05  0.34030E-05  0.33165E-05
  0.32373E-05  0.31726E-05  0.31167E-05  0.30520E-05  0.30060E-05  0.29531E-05
  0.29133E-05  0.28886E-05  0.28543E-05  0.28173E-05  0.28092E-05  0.27916E-05
  0.27838E-05  0.27825E-05  0.27632E-05  0.27786E-05  0.27430E-05  0.29376E-05
  0.38610E-01  0.81737E+03
  0.41854E+01  0.31141E+01  0.16633E+01  0.93689E+00  0.49563E+00  0.24768E+00
  0.13893E+00  0.81010E-01  0.49929E-01  0.32357E-01  0.21776E-01  0.11043E-01
  0.62415E-02  0.38143E-02  0.24761E-02  0.16779E-02  0.11811E-02  0.85552E-03
  0.63617E-03  0.48321E-03  0.37365E-03  0.29353E-03  0.23407E-03  0.18828E-03
  0.15392E-03  0.12695E-03  0.10591E-03  0.89173E-04  0.75472E-04  0.64274E-04
  0.55122E-04  0.47808E-04  0.41665E-04  0.36500E-04  0.32047E-04  0.28285E-04
  0.25162E-04  0.22470E-04  0.20178E-04  0.18050E-04  0.16289E-04  0.14832E-04
  0.13494E-04  0.12262E-04  0.11217E-04  0.10348E-04  0.95151E-05  0.87490E-05
  0.81334E-05  0.75466E-05  0.69960E-05  0.65566E-05  0.61110E-05  0.57429E-05
  0.54053E-05  0.50572E-05  0.47893E-05  0.45165E-05  0.42989E-05  0.40539E-05
  0.38623E-05  0.36761E-05  0.35092E-05  0.33584E-05  0.32130E-05  0.30771E-05
  0.29596E-05  0.28470E-05  0.27569E-05  0.26518E-05  0.25654E-05  0.24795E-05
  0.23951E-05  0.23458E-05  0.22799E-05  0.22190E-05  0.21655E-05  0.21176E-05
  0.20522E-05  0.20074E-05  0.19747E-05  0.19408E-05  0.19021E-05  0.18763E-05
  0.18642E-05  0.18510E-05  0.18310E-05  0.18043E-05  0.17779E-05  0.17545E-05
  0.17355E-05  0.17251E-05  0.17167E-05  0.17133E-05  0.17134E-05  0.17210E-05
  0.31282E-01  0.10088E+04
  0.40880E+01  0.29222E+01  0.15022E+01  0.80793E+00  0.38315E+00  0.18850E+00
  0.10308E+00  0.58846E-01  0.36157E-01  0.23197E-01  0.15704E-01  0.79561E-02
  0.45003E-02  0.27478E-02  0.17787E-02  0.12045E-02  0.84511E-03  0.61133E-03
  0.45314E-03  0.34330E-03  0.26488E-03  0.20778E-03  0.16510E-03  0.13327E-03
  0.10857E-03  0.89331E-04  0.74653E-04  0.62584E-04  0.52888E-04  0.45101E-04
  0.38545E-04  0.33407E-04  0.29093E-04  0.25337E-04  0.22313E-04  0.19785E-04
  0.17596E-04  0.15659E-04  0.13972E-04  0.12531E-04  0.11318E-04  0.10320E-04
  0.94057E-05  0.85411E-05  0.77655E-05  0.71353E-05  0.66163E-05  0.61011E-05
  0.56318E-05  0.52123E-05  0.48671E-05  0.45401E-05  0.42096E-05  0.39747E-05
  0.37168E-05  0.35043E-05  0.33542E-05  0.31084E-05  0.29627E-05  0.28288E-05
  0.26672E-05  0.25672E-05  0.24072E-05  0.23288E-05  0.22197E-05  0.21519E-05
  0.20363E-05  0.19812E-05  0.18877E-05  0.18481E-05  0.17693E-05  0.17289E-05
  0.16713E-05  0.16075E-05  0.15844E-05  0.15251E-05  0.15030E-05  0.14889E-05
  0.14299E-05  0.13955E-05  0.13684E-05  0.13496E-05  0.13167E-05  0.12898E-05
  0.12964E-05  0.12891E-05  0.12750E-05  0.12586E-05  0.12230E-05  0.12088E-05
  0.12121E-05  0.12011E-05  0.11985E-05  0.12269E-05  0.12255E-05  0.11931E-05
  0.26346E-01  0.11979E+04