  0.15772E+01  0.15752E+01  0.15691E+01  0.15589E+01  0.15447E+01  0.15266E+01
  0.15048E+01  0.14792E+01  0.14503E+01  0.14180E+01  0.13826E+01  0.13034E+01
  0.12146E+01  0.11183E+01  0.10168E+01  0.91242E+00  0.80746E+00  0.70417E+00
  0.60464E+00  0.51080E+00  0.42433E+00  0.34664E+00  0.27885E+00  0.22174E+00
  0.17579E+00  0.14118E+00  0.11774E+00  0.10507E+00  0.10249E+00  0.10912E+00
  0.12389E+00  0.14561E+00  0.17299E+00  0.20467E+00  0.23929E+00  0.27554E+00
  0.31212E+00  0.34784E+00  0.38161E+00  0.41250E+00  0.43967E+00  0.46246E+00
  0.48038E+00  0.49308E+00  0.50034E+00  0.50213E+00  0.49853E+00  0.48975E+00
  0.47611E+00  0.45802E+00  0.43598E+00  0.41055E+00  0.38233E+00  0.35199E+00
  0.32017E+00  0.28754E+00  0.25477E+00  0.22249E+00  0.19133E+00  0.16185E+00
  0.13459E+00  0.11002E+00  0.88568E-01  0.70591E-01  0.56386E-01  0.46183E-01
  0.40146E-01  0.38374E-01  0.40899E-01  0.47692E-01  0.58661E-01  0.73658E-01
  0.92479E-01  0.11487E+00  0.14054E+00  0.16915E+00  0.20031E+00  0.23364E+00
  0.26869E+00  0.30504E+00  0.34221E+00  0.37974E+00  0.41716E+00  0.45401E+00
  0.48985E+00  0.52422E+00  0.55671E+00  0.58692E+00  0.61450E+00  0.63911E+00
  0.66045E+00  0.67826E+00  0.69235E+00  0.70253E+00  0.70869E+00  0.71074E+00
  0.39845E+01  0.58234E+01
  0.43981E+01  0.43897E+01  0.43643E+01  0.43223E+01  0.42641E+01  0.41903E+01
  0.41018E+01  0.39994E+01  0.38843E+01  0.37576E+01  0.36206E+01  0.33213E+01
  0.29979E+01  0.26623E+01  0.23258E+01  0.19992E+01  0.16914E+01  0.14100E+01
  0.11603E+01  0.94576E+00  0.76771E+00  0.62578E+00  0.51799E+00  0.44117E+00
  0.39125E+00  0.36365E+00  0.35358E+00  0.35634E+00  0.36754E+00  0.38331E+00
  0.40035E+00  0.41606E+00  0.42847E+00  0.43626E+00  0.43866E+00  0.43541E+00
  0.42662E+00  0.41270E+00  0.39426E+00  0.37205E+00  0.34689E+00  0.31958E+00
  0.29091E+00  0.26160E+00  0.23230E+00  0.20357E+00  0.17587E+00  0.14959E+00
  0.12505E+00  0.10249E+00  0.82089E-01  0.63984E-01  0.48269E-01  0.35003E-01
  0.24221E-01  0.15937E-01  0.10146E-01  0.68307E-02  0.59615E-02  0.74988E-02
  0.11394E-01  0.17589E-01  0.26019E-01  0.36606E-01  0.49269E-01  0.63913E-01
  0.80435E-01  0.98723E-01  0.11865E+00  0.14010E+00  0.16291E+00  0.18694E+00
  0.21203E+00  0.23801E+00  0.26471E+00  0.29193E+00  0.31950E+00  0.34723E+00
  0.37491E+00  0.40235E+00  0.42935E+00  0.45572E+00  0.48125E+00  0.50577E+00
  0.52909E+00  0.55103E+00  0.57143E+00  0.59013E+00  0.60699E+00  0.62188E+00
  0.63468E+00  0.64529E+00  0.65363E+00  0.65963E+00  0.66325E+00  0.66446E+00
  0.46104E+01  0.50328E+01
  0.58722E+01  0.58576E+01  0.58135E+01  0.57406E+01  0.56401E+01  0.55134E+01
  0.53624E+01  0.51890E+01  0.49958E+01  0.47854E+01  0.45605E+01  0.40790E+01
  0.35748E+01  0.30705E+01  0.25862E+01  0.21384E+01  0.17391E+01  0.13959E+01
  0.11117E+01  0.88549E+00  0.71294E+00  0.58754E+00  0.50134E+00  0.44591E+00
  0.41306E+00  0.39541E+00  0.38670E+00  0.38204E+00  0.37785E+00  0.37181E+00
  0.36264E+00  0.34990E+00  0.33372E+00  0.31464E+00  0.29338E+00  0.27074E+00
  0.24744E+00  0.22414E+00  0.20136E+00  0.17946E+00  0.15872E+00  0.13926E+00
  0.12116E+00  0.10443E+00  0.89045E-01  0.74951E-01  0.62102E-01  0.50457E-01
  0.39986E-01  0.30677E-01  0.22533E-01  0.15576E-01  0.98402E-02  0.53726E-02
  0.22257E-02  0.45553E-03  0.11720E-03  0.12614E-02  0.39309E-02  0.81580E-02
  0.13962E-01  0.21349E-01  0.30307E-01  0.40811E-01  0.52818E-01  0.66270E-01
  0.81094E-01  0.97202E-01  0.11449E+00  0.13286E+00  0.15218E+00  0.17231E+00
  0.19313E+00  0.21450E+00  0.23625E+00  0.25826E+00  0.28035E+00  0.30239E+00
  0.32422E+00  0.34570E+00  0.36669E+00  0.38703E+00  0.40661E+00  0.42528E+00
  0.44294E+00  0.45946E+00  0.47474E+00  0.48868E+00  0.50120E+00  0.51221E+00
  0.52164E+00  0.52944E+00  0.53556E+00  0.53996E+00  0.54261E+00  0.54349E+00
  0.41357E+01  0.56104E+01
  0.68844E+01  0.68632E+01  0.67993E+01  0.66941E+01  0.65496E+01  0.63684E+01
  0.61536E+01  0.59091E+01  0.56390E+01  0.53479E+01  0.50404E+01  0.43953E+01
  0.37408E+01  0.31100E+01  0.25297E+01  0.20186E+01  0.15873E+01  0.12384E+01
  0.96800E+00  0.76736E+00  0.62487E+00  0.52783E+00  0.46390E+00  0.42218E+00
  0.39384E+00  0.37230E+00  0.35317E+00  0.33389E+00  0.31333E+00  0.29132E+00
  0.26828E+00  0.24489E+00  0.22186E+00  0.19980E+00  0.17913E+00  0.16010E+00
  0.14280E+00  0.12718E+00  0.11309E+00  0.10035E+00  0.88759E-01  0.78118E-01
  0.68265E-01  0.59074E-01  0.50464E-01  0.42395E-01  0.34871E-01  0.27925E-01
  0.21620E-01  0.16034E-01  0.11255E-01  0.73715E-02  0.44675E-02  0.26161E-02
  0.18773E-02  0.22949E-02  0.38963E-02  0.66924E-02  0.10679E-01  0.15838E-01
  0.22139E-01  0.29543E-01  0.37999E-01  0.47453E-01  0.57843E-01  0.69103E-01
  0.81164E-01  0.93954E-01  0.10740E+00  0.12142E+00  0.13593E+00  0.15086E+00
  0.16612E+00  0.18163E+00  0.19729E+00  0.21302E+00  0.22874E+00  0.24435E+00
  0.25976E+00  0.27488E+00  0.28962E+00  0.30390E+00  0.31763E+00  0.33072E+00
  0.34310E+00  0.35469E+00  0.36540E+00  0.37519E+00  0.38398E+00  0.39172E+00
  0.39835E+00  0.40384E+00  0.40814E+00  0.41124E+00  0.41310E+00  0.41372E+00
  0.36916E+01  0.62854E+01
  0.90321E+01  0.89830E+01  0.88359E+01  0.85961E+01  0.82716E+01  0.78729E+01
  0.74124E+01  0.69041E+01  0.63625E+01  0.58024E+01  0.52378E+01  0.41453E+01
  0.31673E+01  0.23534E+01  0.17198E+01  0.12559E+01  0.93377E+00  0.71862E+00
  0.57665E+00  0.48033E+00  0.41017E+00  0.35424E+00  0.30636E+00  0.26403E+00
  0.22665E+00  0.19426E+00  0.16693E+00  0.14446E+00  0.12637E+00  0.11197E+00
  0.10048E+00  0.91094E-01  0.83116E-01  0.75990E-01  0.69340E-01  0.62965E-01
  0.56811E-01  0.50921E-01  0.45386E-01  0.40305E-01  0.35752E-01  0.31764E-01
  0.28341E-01  0.25452E-01  0.23052E-01  0.21087E-01  0.19510E-01  0.18284E-01
  0.17384E-01  0.16797E-01  0.16524E-01  0.16567E-01  0.16936E-01  0.17637E-01
  0.18676E-01  0.20053E-01  0.21764E-01  0.23800E-01  0.26148E-01  0.28792E-01
  0.31715E-01  0.34898E-01  0.38325E-01  0.41978E-01  0.45839E-01  0.49894E-01
  0.54125E-01  0.58517E-01  0.63051E-01  0.67711E-01  0.72476E-01  0.77328E-01
  0.82244E-01  0.87202E-01  0.92179E-01  0.97149E-01  0.10209E+00  0.10697E+00
  0.11177E+00  0.11645E+00  0.12100E+00  0.12539E+00  0.12959E+00  0.13358E+00
  0.13735E+00  0.14085E+00  0.14409E+00  0.14704E+00  0.14968E+00  0.15200E+00
  0.15399E+00  0.15562E+00  0.15691E+00  0.15783E+00  0.15838E+00  0.15857E+00
  0.25876E+01  0.89672E+01
  0.10115E+02  0.10036E+02  0.98022E+01  0.94249E+01  0.89219E+01  0.83162E+01
  0.76343E+01  0.69040E+01  0.61533E+01  0.54079E+01  0.46903E+01  0.34063E+01
  0.23879E+01  0.16491E+01  0.11524E+01  0.83614E+00  0.63815E+00  0.50959E+00
  0.41872E+00  0.34829E+00  0.29047E+00  0.24228E+00  0.20262E+00  0.17073E+00
  0.14571E+00  0.12635E+00  0.11132E+00  0.99271E-01  0.89091E-01  0.80009E-01
  0.71630E-01  0.63863E-01  0.56791E-01  0.50541E-01  0.45195E-01  0.40749E-01
  0.37116E-01  0.34160E-01  0.31728E-01  0.29682E-01  0.27915E-01  0.26364E-01
  0.24998E-01  0.23812E-01  0.22812E-01  0.22005E-01  0.21393E-01  0.20968E-01
  0.20718E-01  0.20625E-01  0.20673E-01  0.20848E-01  0.21141E-01  0.21545E-01
  0.22059E-01  0.22682E-01  0.23412E-01  0.24250E-01  0.25190E-01  0.26228E-01
  0.27357E-01  0.28568E-01  0.29852E-01  0.31201E-01  0.32606E-01  0.34059E-01
  0.35553E-01  0.37081E-01  0.38638E-01  0.40218E-01  0.41815E-01  0.43424E-01
  0.45039E-01  0.46655E-01  0.48263E-01  0.49858E-01  0.51433E-01  0.52980E-01
  0.54493E-01  0.55964E-01  0.57386E-01  0.58752E-01  0.60055E-01  0.61289E-01
  0.62447E-01  0.63525E-01  0.64516E-01  0.65416E-01  0.66220E-01  0.66925E-01
  0.67527E-01  0.68023E-01  0.68410E-01  0.68688E-01  0.68856E-01  0.68911E-01
  0.20313E+01  0.11423E+02
  0.10842E+02  0.10733E+02  0.10411E+02  0.98954E+01  0.92185E+01  0.84196E+01
  0.75422E+01  0.66306E+01  0.57256E+01  0.48623E+01  0.40678E+01  0.27487E+01
  0.18147E+01  0.12139E+01  0.85150E+00  0.63516E+00  0.49821E+00  0.40204E+00
  0.32819E+00  0.26907E+00  0.22167E+00  0.18435E+00  0.15556E+00  0.13354E+00
  0.11636E+00  0.10230E+00  0.90121E-01  0.79208E-01  0.69433E-01  0.60903E-01
  0.53731E-01  0.47906E-01  0.43270E-01  0.39576E-01  0.36550E-01  0.33968E-01
  0.31678E-01  0.29611E-01  0.27757E-01  0.26129E-01  0.24742E-01  0.23592E-01
  0.22656E-01  0.21901E-01  0.21289E-01  0.20789E-01  0.20380E-01  0.20049E-01
  0.19791E-01  0.19606E-01  0.19493E-01  0.19449E-01  0.19469E-01  0.19547E-01
  0.19675E-01  0.19848E-01  0.20060E-01  0.20309E-01  0.20592E-01  0.20909E-01
  0.21258E-01  0.21639E-01  0.22049E-01  0.22485E-01  0.22944E-01  0.23422E-01
  0.23915E-01  0.24420E-01  0.24933E-01  0.25450E-01  0.25969E-01  0.26487E-01
  0.27003E-01  0.27515E-01  0.28021E-01  0.28520E-01  0.29009E-01  0.29487E-01
  0.29952E-01  0.30403E-01  0.30838E-01  0.31255E-01  0.31652E-01  0.32028E-01
  0.32380E-01  0.32707E-01  0.33007E-01  0.33280E-01  0.33525E-01  0.33739E-01
  0.33922E-01  0.34072E-01  0.34190E-01  0.34273E-01  0.34323E-01  0.34339E-01
  0.16956E+01  0.13684E+02
  0.11395E+02  0.11255E+02  0.10842E+02  0.10190E+02  0.93451E+01  0.83675E+01
  0.73201E+01  0.62635E+01  0.52503E+01  0.43208E+01  0.35019E+01  0.22352E+01
  0.14262E+01  0.95351E+00  0.68494E+00  0.52359E+00  0.41498E+00  0.33406E+00
  0.27079E+00  0.22112E+00  0.18279E+00  0.15366E+00  0.13130E+00  0.11339E+00
  0.98225E-01  0.84970E-01  0.73454E-01  0.63765E-01  0.55920E-01  0.49737E-01
  0.44865E-01  0.40905E-01  0.37523E-01  0.34516E-01  0.31810E-01  0.29412E-01
  0.27350E-01  0.25626E-01  0.24207E-01  0.23034E-01  0.22039E-01  0.21169E-01
  0.20389E-01  0.19686E-01  0.19059E-01  0.18510E-01  0.18040E-01  0.17644E-01
  0.17313E-01  0.17037E-01  0.16807E-01  0.16615E-01  0.16457E-01  0.16332E-01
  0.16238E-01  0.16173E-01  0.16135E-01  0.16121E-01  0.16127E-01  0.16150E-01
  0.16189E-01  0.16239E-01  0.16302E-01  0.16374E-01  0.16457E-01  0.16550E-01
  0.16651E-01  0.16761E-01  0.16878E-01  0.17001E-01  0.17128E-01  0.17259E-01
  0.17390E-01  0.17523E-01  0.17654E-01  0.17783E-01  0.17910E-01  0.18033E-01
  0.18153E-01  0.18269E-01  0.18381E-01  0.18488E-01  0.18590E-01  0.18686E-01
  0.18775E-01  0.18858E-01  0.18935E-01  0.19004E-01  0.19066E-01  0.19120E-01
  0.19167E-01  0.19206E-01  0.19238E-01  0.19261E-01  0.19275E-01  0.19280E-01
  0.14682E+01  0.15804E+02
  0.11842E+02  0.11671E+02  0.11167E+02  0.10378E+02  0.93728E+01  0.82313E+01
  0.70378E+01  0.58684E+01  0.47843E+01  0.38273E+01  0.30188E+01  0.18481E+01
  0.11648E+01  0.79178E+00  0.58282E+00  0.45176E+00  0.35863E+00  0.28749E+00
  0.23227E+00  0.19004E+00  0.15817E+00  0.13371E+00  0.11399E+00  0.97321E-01
  0.83086E-01  0.71223E-01  0.61701E-01  0.54258E-01  0.48416E-01  0.43648E-01
  0.39546E-01  0.35902E-01  0.32674E-01  0.29893E-01  0.27574E-01  0.25674E-01
  0.24102E-01  0.22758E-01  0.21561E-01  0.20469E-01  0.19472E-01  0.18577E-01
  0.17789E-01  0.17105E-01  0.16513E-01  0.15994E-01  0.15532E-01  0.15114E-01
  0.14735E-01  0.14391E-01  0.14083E-01  0.13808E-01  0.13565E-01  0.13348E-01
  0.13156E-01  0.12984E-01  0.12830E-01  0.12693E-01  0.12571E-01  0.12464E-01
  0.12370E-01  0.12289E-01  0.12219E-01  0.12158E-01  0.12106E-01  0.12060E-01
  0.12020E-01  0.11986E-01  0.11956E-01  0.11932E-01  0.11911E-01  0.11895E-01
  0.11882E-01  0.11874E-01  0.11869E-01  0.11866E-01  0.11866E-01  0.11867E-01
  0.11870E-01  0.11873E-01  0.11878E-01  0.11884E-01  0.11890E-01  0.11895E-01
  0.11901E-01  0.11906E-01  0.11911E-01  0.11915E-01  0.11918E-01  0.11922E-01
  0.11925E-01  0.11928E-01  0.11931E-01  0.11933E-01  0.11935E-01  0.11936E-01
  0.13021E+01  0.17820E+02
  0.12217E+02  0.12014E+02  0.11419E+02  0.10496E+02  0.93366E+01  0.80457E+01
  0.67281E+01  0.54739E+01  0.43491E+01  0.33925E+01  0.26163E+01  0.15582E+01
  0.98565E+00  0.68517E+00  0.51376E+00  0.40071E+00  0.31735E+00  0.25328E+00
  0.20443E+00  0.16780E+00  0.13998E+00  0.11780E+00  0.99356E-01  0.83983E-01
  0.71535E-01  0.61783E-01  0.54213E-01  0.48161E-01  0.43059E-01  0.38590E-01
  0.34676E-01  0.31348E-01  0.28607E-01  0.26376E-01  0.24521E-01  0.22908E-01
  0.21451E-01  0.20120E-01  0.18920E-01  0.17864E-01  0.16949E-01  0.16157E-01
  0.15459E-01  0.14829E-01  0.14251E-01  0.13719E-01  0.13231E-01  0.12789E-01
  0.12391E-01  0.12033E-01  0.11708E-01  0.11412E-01  0.11139E-01  0.10887E-01
  0.10655E-01  0.10442E-01  0.10246E-01  0.10066E-01  0.98995E-02  0.97459E-02
  0.96034E-02  0.94711E-02  0.93482E-02  0.92343E-02  0.91289E-02  0.90317E-02
  0.89420E-02  0.88593E-02  0.87829E-02  0.87119E-02  0.86458E-02  0.85840E-02
  0.85261E-02  0.84720E-02  0.84215E-02  0.83747E-02  0.83313E-02  0.82912E-02
  0.82542E-02  0.82201E-02  0.81889E-02  0.81606E-02  0.81351E-02  0.81121E-02
  0.80912E-02  0.80723E-02  0.80553E-02  0.80401E-02  0.80267E-02  0.80153E-02
  0.80058E-02  0.79987E-02  0.79938E-02  0.79909E-02  0.79895E-02  0.79891E-02
  0.11743E+01  0.19760E+02
  0.12539E+02  0.12303E+02  0.11617E+02  0.10563E+02  0.92566E+01  0.78302E+01
  0.64087E+01  0.50935E+01  0.39520E+01  0.30154E+01  0.22842E+01  0.13403E+01
  0.85931E+00  0.61044E+00  0.46330E+00  0.36166E+00  0.28503E+00  0.22659E+00
  0.18295E+00  0.15033E+00  0.12490E+00  0.10421E+00  0.87267E-01  0.73771E-01
  0.63312E-01  0.55189E-01  0.48618E-01  0.43021E-01  0.38161E-01  0.34021E-01
  0.30614E-01  0.27861E-01  0.25595E-01  0.23641E-01  0.21884E-01  0.20290E-01
  0.18870E-01  0.17639E-01  0.16583E-01  0.15666E-01  0.14850E-01  0.14103E-01
  0.13414E-01  0.12783E-01  0.12212E-01  0.11701E-01  0.11242E-01  0.10827E-01
  0.10447E-01  0.10095E-01  0.97683E-02  0.94654E-02  0.91858E-02  0.89284E-02
  0.86911E-02  0.84717E-02  0.82679E-02  0.80782E-02  0.79014E-02  0.77366E-02
  0.75829E-02  0.74397E-02  0.73061E-02  0.71813E-02  0.70644E-02  0.69548E-02
  0.68519E-02  0.67553E-02  0.66648E-02  0.65801E-02  0.65006E-02  0.64263E-02
  0.63569E-02  0.62922E-02  0.62319E-02  0.61754E-02  0.61225E-02  0.60731E-02
  0.60273E-02  0.59850E-02  0.59459E-02  0.59095E-02  0.58756E-02  0.58444E-02
  0.58161E-02  0.57906E-02  0.57679E-02  0.57477E-02  0.57301E-02  0.57151E-02
  0.57028E-02  0.56926E-02  0.56841E-02  0.56772E-02  0.56726E-02  0.56710E-02
  0.10722E+01  0.21640E+02
  0.12821E+02  0.12552E+02  0.11775E+02  0.10591E+02  0.91458E+01  0.75973E+01
  0.60902E+01  0.47343E+01  0.35944E+01  0.26913E+01  0.20114E+01  0.11750E+01
  0.76727E+00  0.55510E+00  0.42405E+00  0.32995E+00  0.25846E+00  0.20493E+00
  0.16550E+00  0.13565E+00  0.11196E+00  0.92853E-01  0.77755E-01  0.66118E-01
  0.57102E-01  0.49809E-01  0.43626E-01  0.38336E-01  0.33931E-01  0.30376E-01
  0.27507E-01  0.25101E-01  0.22981E-01  0.21073E-01  0.19379E-01  0.17917E-01
  0.16674E-01  0.15603E-01  0.14650E-01  0.13779E-01  0.12979E-01  0.12254E-01
  0.11605E-01  0.11029E-01  0.10513E-01  0.10044E-01  0.96119E-02  0.92110E-02
  0.88402E-02  0.84993E-02  0.81873E-02  0.79014E-02  0.76379E-02  0.73937E-02
  0.71664E-02  0.69546E-02  0.67571E-02  0.65733E-02  0.64022E-02  0.62428E-02
  0.60940E-02  0.59550E-02  0.58248E-02  0.57028E-02  0.55885E-02  0.54815E-02
  0.53813E-02  0.52875E-02  0.51996E-02  0.51171E-02  0.50397E-02  0.49670E-02
  0.48986E-02  0.48346E-02  0.47747E-02  0.47188E-02  0.46667E-02  0.46180E-02
  0.45727E-02  0.45307E-02  0.44921E-02  0.44564E-02  0.44235E-02  0.43931E-02
  0.43654E-02  0.43404E-02  0.43181E-02  0.42985E-02  0.42814E-02  0.42668E-02
  0.42546E-02  0.42444E-02  0.42360E-02  0.42293E-02  0.42249E-02  0.42233E-02
  0.98843E+00  0.23475E+02
  0.13070E+02  0.12768E+02  0.11899E+02  0.10589E+02  0.90124E+01  0.73544E+01
  0.57783E+01  0.43990E+01  0.32749E+01  0.24138E+01  0.17871E+01  0.10478E+01
  0.69793E+00  0.51204E+00  0.39178E+00  0.30297E+00  0.23598E+00  0.18685E+00
  0.15073E+00  0.12297E+00  0.10094E+00  0.83610E-01  0.70286E-01  0.60034E-01
  0.51824E-01  0.44944E-01  0.39138E-01  0.34375E-01  0.30567E-01  0.27490E-01
  0.24883E-01  0.22576E-01  0.20526E-01  0.18750E-01  0.17248E-01  0.15972E-01
  0.14853E-01  0.13841E-01  0.12917E-01  0.12083E-01  0.11344E-01  0.10693E-01
  0.10114E-01  0.95867E-02  0.91008E-02  0.86517E-02  0.82397E-02  0.78647E-02
  0.75243E-02  0.72135E-02  0.69271E-02  0.66613E-02  0.64140E-02  0.61842E-02
  0.59711E-02  0.57739E-02  0.55912E-02  0.54216E-02  0.52637E-02  0.51164E-02
  0.49787E-02  0.48499E-02  0.47296E-02  0.46171E-02  0.45118E-02  0.44132E-02
  0.43208E-02  0.42343E-02  0.41532E-02  0.40773E-02  0.40061E-02  0.39395E-02
  0.38770E-02  0.38186E-02  0.37639E-02  0.37131E-02  0.36658E-02  0.36218E-02
  0.35807E-02  0.35425E-02  0.35070E-02  0.34743E-02  0.34444E-02  0.34171E-02
  0.33922E-02  0.33698E-02  0.33496E-02  0.33316E-02  0.33159E-02  0.33024E-02
  0.32912E-02  0.32822E-02  0.32751E-02  0.32698E-02  0.32665E-02  0.32653E-02
  0.91808E+00  0.25274E+02
  0.14600E+02  0.13962E+02  0.12207E+02  0.97982E+01  0.72755E+01  0.50673E+01
  0.33866E+01  0.22432E+01  0.15276E+01  0.10998E+01  0.84361E+00  0.56784E+00
  0.40457E+00  0.28701E+00  0.20776E+00  0.15583E+00  0.11933E+00  0.92505E-01
  0.72876E-01  0.58295E-01  0.47168E-01  0.38701E-01  0.32249E-01  0.27144E-01
  0.22992E-01  0.19668E-01  0.17022E-01  0.14836E-01  0.12975E-01  0.11415E-01
  0.10130E-01  0.90420E-02  0.80911E-02  0.72643E-02  0.65597E-02  0.59543E-02
  0.54191E-02  0.49423E-02  0.45239E-02  0.41593E-02  0.38364E-02  0.35454E-02
  0.32837E-02  0.30512E-02  0.28445E-02  0.26580E-02  0.24880E-02  0.23336E-02
  0.21946E-02  0.20691E-02  0.19547E-02  0.18499E-02  0.17540E-02  0.16663E-02
  0.15862E-02  0.15129E-02  0.14455E-02  0.13833E-02  0.13257E-02  0.12727E-02
  0.12238E-02  0.11783E-02  0.11360E-02  0.10967E-02  0.10604E-02  0.10270E-02
  0.99624E-03  0.96757E-03  0.94069E-03  0.91564E-03  0.89245E-03  0.87092E-03
  0.85087E-03  0.83228E-03  0.81513E-03  0.79922E-03  0.78433E-03  0.77044E-03
  0.75763E-03  0.74591E-03  0.73518E-03  0.72521E-03  0.71592E-03  0.70741E-03
  0.69985E-03  0.69315E-03  0.68707E-03  0.68155E-03  0.67676E-03  0.67279E-03
  0.66952E-03  0.66686E-03  0.66476E-03  0.66321E-03  0.66222E-03  0.66187E-03
  0.54936E+00  0.42237E+02
  0.15364E+02  0.14386E+02  0.11819E+02  0.86023E+01  0.56584E+01  0.34897E+01
  0.21346E+01  0.13781E+01  0.97442E+00  0.74921E+00  0.60481E+00  0.40317E+00
  0.26644E+00  0.18474E+00  0.13349E+00  0.97636E-01  0.72771E-01  0.55453E-01
  0.42972E-01  0.33892E-01  0.27133E-01  0.21996E-01  0.18095E-01  0.15054E-01
  0.12621E-01  0.10693E-01  0.91512E-02  0.78727E-02  0.68169E-02  0.59538E-02
  0.52269E-02  0.46057E-02  0.40848E-02  0.36435E-02  0.32596E-02  0.29283E-02
  0.26450E-02  0.23974E-02  0.21789E-02  0.19882E-02  0.18212E-02  0.16732E-02
  0.15417E-02  0.14245E-02  0.13198E-02  0.12264E-02  0.11427E-02  0.10674E-02
  0.99915E-03  0.93717E-03  0.88165E-03  0.83159E-03  0.78529E-03  0.74269E-03
  0.70429E-03  0.66940E-03  0.63745E-03  0.60808E-03  0.58060E-03  0.55505E-03
  0.53190E-03  0.51066E-03  0.49085E-03  0.47261E-03  0.45576E-03  0.43992E-03
  0.42526E-03  0.41194E-03  0.39974E-03  0.38832E-03  0.37737E-03  0.36704E-03
  0.35766E-03  0.34901E-03  0.34100E-03  0.33396E-03  0.32749E-03  0.32096E-03
  0.31475E-03  0.30928E-03  0.30414E-03  0.29927E-03  0.29502E-03  0.29128E-03
  0.28779E-03  0.28466E-03  0.28205E-03  0.27997E-03  0.27799E-03  0.27578E-03
  0.27406E-03  0.27334E-03  0.27265E-03  0.27137E-03  0.27031E-03  0.26999E-03
  0.39702E+00  0.58444E+02
  0.15833E+02  0.14519E+02  0.11220E+02  0.74418E+01  0.44070E+01  0.25026E+01
  0.14962E+01  0.10048E+01  0.75247E+00  0.59479E+00  0.47269E+00  0.29276E+00
  0.19175E+00  0.13239E+00  0.92399E-01  0.66336E-01  0.48855E-01  0.36665E-01
  0.28108E-01  0.21933E-01  0.17410E-01  0.14010E-01  0.11417E-01  0.94283E-02
  0.78564E-02  0.66084E-02  0.56154E-02  0.48010E-02  0.41351E-02  0.35911E-02
  0.31339E-02  0.27511E-02  0.24304E-02  0.21560E-02  0.19221E-02  0.17223E-02
  0.15486E-02  0.13986E-02  0.12684E-02  0.11542E-02  0.10541E-02  0.96578E-03
  0.88733E-03  0.81795E-03  0.75644E-03  0.70112E-03  0.65146E-03  0.60736E-03
  0.56745E-03  0.53105E-03  0.49868E-03  0.46942E-03  0.44221E-03  0.41713E-03
  0.39459E-03  0.37461E-03  0.35615E-03  0.33864E-03  0.32283E-03  0.30861E-03
  0.29525E-03  0.28266E-03  0.27087E-03  0.26016E-03  0.25073E-03  0.24201E-03
  0.23348E-03  0.22531E-03  0.21806E-03  0.21159E-03  0.20549E-03  0.20002E-03
  0.19489E-03  0.18972E-03  0.18500E-03  0.18074E-03  0.17655E-03  0.17281E-03
  0.16976E-03  0.16698E-03  0.16403E-03  0.16117E-03  0.15887E-03  0.15678E-03
  0.15464E-03  0.15268E-03  0.15082E-03  0.14922E-03  0.14815E-03  0.14729E-03
  0.14638E-03  0.14561E-03  0.14535E-03  0.14530E-03  0.14457E-03  0.14394E-03
  0.31201E+00  0.74367E+02
  0.16153E+02  0.14507E+02  0.10556E+02  0.64139E+01  0.34796E+01  0.18899E+01
  0.11551E+01  0.81732E+00  0.62739E+00  0.48618E+00  0.37166E+00  0.22442E+00
  0.14737E+00  0.98195E-01  0.67578E-01  0.47961E-01  0.34785E-01  0.25911E-01
  0.19701E-01  0.15271E-01  0.12035E-01  0.96364E-02  0.78141E-02  0.64133E-02
  0.53256E-02  0.44602E-02  0.37727E-02  0.32166E-02  0.27622E-02  0.23908E-02
  0.20802E-02  0.18220E-02  0.16058E-02  0.14215E-02  0.12652E-02  0.11307E-02
  0.10155E-02  0.91536E-03  0.82780E-03  0.75270E-03  0.68638E-03  0.62766E-03
  0.57629E-03  0.53027E-03  0.48921E-03  0.45301E-03  0.42049E-03  0.39101E-03
  0.36507E-03  0.34160E-03  0.31973E-03  0.30016E-03  0.28288E-03  0.26688E-03
  0.25170E-03  0.23844E-03  0.22651E-03  0.21482E-03  0.20441E-03  0.19522E-03
  0.18692E-03  0.17896E-03  0.17084E-03  0.16392E-03  0.15821E-03  0.15234E-03
  0.14650E-03  0.14128E-03  0.13650E-03  0.13240E-03  0.12884E-03  0.12495E-03
  0.12121E-03  0.11797E-03  0.11510E-03  0.11279E-03  0.11028E-03  0.10782E-03
  0.10582E-03  0.10361E-03  0.10128E-03  0.99375E-04  0.98125E-04  0.96898E-04
  0.95474E-04  0.94583E-04  0.93815E-04  0.92688E-04  0.91781E-04  0.91325E-04
  0.90734E-04  0.90319E-04  0.90046E-04  0.89208E-04  0.89556E-04  0.90456E-04
  0.25750E+00  0.90111E+02
  0.16389E+02  0.14417E+02  0.98874E+01  0.55339E+01  0.28008E+01  0.15034E+01
  0.95874E+00  0.70214E+00  0.53294E+00  0.39823E+00  0.29749E+00  0.18103E+00
  0.11563E+00  0.75608E-01  0.51581E-01  0.36026E-01  0.26000E-01  0.19212E-01
  0.14526E-01  0.11203E-01  0.87942E-02  0.70083E-02  0.56668E-02  0.46356E-02
  0.38365E-02  0.32078E-02  0.27053E-02  0.23026E-02  0.19732E-02  0.17041E-02
  0.14812E-02  0.12953E-02  0.11395E-02  0.10079E-02  0.89553E-03  0.79927E-03
  0.71719E-03  0.64532E-03  0.58368E-03  0.52962E-03  0.48211E-03  0.44090E-03
  0.40359E-03  0.37115E-03  0.34269E-03  0.31640E-03  0.29343E-03  0.27333E-03
  0.25418E-03  0.23710E-03  0.22229E-03  0.20822E-03  0.19538E-03  0.18476E-03
  0.17463E-03  0.16486E-03  0.15647E-03  0.14850E-03  0.14092E-03  0.13400E-03
  0.12833E-03  0.12289E-03  0.11723E-03  0.11243E-03  0.10828E-03  0.10456E-03
  0.10057E-03  0.96363E-04  0.93311E-04  0.90762E-04  0.87833E-04  0.85137E-04
  0.82403E-04  0.80215E-04  0.78396E-04  0.76432E-04  0.74990E-04  0.73466E-04
  0.71708E-04  0.70147E-04  0.68901E-04  0.67684E-04  0.66700E-04  0.65851E-04
  0.64956E-04  0.64316E-04  0.63345E-04  0.62547E-04  0.62358E-04  0.61523E-04
  0.60835E-04  0.61125E-04  0.60300E-04  0.59695E-04  0.60290E-04  0.60467E-04
  0.21949E+00  0.10571E+03
  0.16573E+02  0.14280E+02  0.92394E+01  0.47914E+01  0.23038E+01  0.12526E+01
  0.83400E+00  0.61577E+00  0.45339E+00  0.32960E+00  0.24588E+00  0.14943E+00
  0.92504E-01  0.60216E-01  0.40373E-01  0.28075E-01  0.20104E-01  0.14786E-01
  0.11134E-01  0.85558E-02  0.66944E-02  0.53231E-02  0.42914E-02  0.35055E-02
  0.28948E-02  0.24166E-02  0.20353E-02  0.17292E-02  0.14809E-02  0.12770E-02
  0.11088E-02  0.96865E-03  0.85125E-03  0.75202E-03  0.66762E-03  0.59557E-03
  0.53382E-03  0.47948E-03  0.43371E-03  0.39268E-03  0.35730E-03  0.32653E-03
  0.29871E-03  0.27468E-03  0.25273E-03  0.23331E-03  0.21645E-03  0.20064E-03
  0.18692E-03  0.17475E-03  0.16300E-03  0.15284E-03  0.14401E-03  0.13513E-03
  0.12745E-03  0.12063E-03  0.11410E-03  0.10815E-03  0.10316E-03  0.98286E-04
  0.93136E-04  0.89186E-04  0.85629E-04  0.82024E-04  0.78349E-04  0.75491E-04
  0.73102E-04  0.70308E-04  0.67685E-04  0.65314E-04  0.63695E-04  0.62028E-04
  0.59758E-04  0.58098E-04  0.56419E-04  0.55212E-04  0.54063E-04  0.52881E-04
  0.51847E-04  0.50525E-04  0.49365E-04  0.48862E-04  0.48084E-04  0.47416E-04
  0.47133E-04  0.46349E-04  0.45750E-04  0.45223E-04  0.44743E-04  0.44414E-04
  0.43865E-04  0.44009E-04  0.43563E-04  0.43035E-04  0.43260E-04  0.42962E-04
  0.19142E+00  0.12121E+03
  0.16718E+02  0.14110E+02  0.86228E+01  0.41695E+01  0.19382E+01  0.10840E+01
  0.74501E+00  0.54263E+00  0.38692E+00  0.27843E+00  0.20926E+00  0.12442E+00
  0.75960E-01  0.48860E-01  0.32462E-01  0.22457E-01  0.15990E-01  0.11723E-01
  0.87961E-02  0.67434E-02  0.52649E-02  0.41777E-02  0.33638E-02  0.27427E-02
  0.22632E-02  0.18862E-02  0.15875E-02  0.13474E-02  0.11527E-02  0.99330E-03
  0.86174E-03  0.75236E-03  0.66052E-03  0.58286E-03  0.51727E-03  0.46044E-03
  0.41254E-03  0.37051E-03  0.33478E-03  0.30308E-03  0.27576E-03  0.25134E-03
  0.22974E-03  0.21105E-03  0.19404E-03  0.17937E-03  0.16609E-03  0.15369E-03
  0.14337E-03  0.13332E-03  0.12462E-03  0.11723E-03  0.10942E-03  0.10328E-03
  0.97488E-04  0.91815E-04  0.86995E-04  0.82632E-04  0.77998E-04  0.74540E-04
  0.71266E-04  0.67828E-04  0.64666E-04  0.62245E-04  0.59936E-04  0.57104E-04
  0.54976E-04  0.53278E-04  0.51536E-04  0.49490E-04  0.47793E-04  0.46677E-04
  0.45505E-04  0.44098E-04  0.42801E-04  0.41636E-04  0.40719E-04  0.39840E-04
  0.39215E-04  0.38239E-04  0.37259E-04  0.36674E-04  0.36008E-04  0.35646E-04
  0.35217E-04  0.35049E-04  0.34482E-04  0.34190E-04  0.34040E-04  0.33347E-04
  0.33361E-04  0.33209E-04  0.32597E-04  0.32878E-04  0.32476E-04  0.31112E-04
  0.16980E+00  0.13665E+03
  0.16837E+02  0.13921E+02  0.80440E+01  0.36503E+01  0.16666E+01  0.96542E+00
  0.67403E+00  0.47837E+00  0.33332E+00  0.24054E+00  0.18130E+00  0.10464E+00
  0.63626E-01  0.40265E-01  0.26703E-01  0.18323E-01  0.13027E-01  0.95108E-02
  0.71252E-02  0.54507E-02  0.42498E-02  0.33682E-02  0.27085E-02  0.22068E-02
  0.18186E-02  0.15149E-02  0.12738E-02  0.10805E-02  0.92364E-03  0.79528E-03
  0.68940E-03  0.60137E-03  0.52767E-03  0.46517E-03  0.41256E-03  0.36704E-03
  0.32892E-03  0.29499E-03  0.26640E-03  0.24054E-03  0.21884E-03  0.19927E-03
  0.18249E-03  0.16743E-03  0.15366E-03  0.14212E-03  0.13092E-03  0.12171E-03
  0.11327E-03  0.10526E-03  0.98673E-04  0.92128E-04  0.86488E-04  0.81389E-04
  0.76297E-04  0.72263E-04  0.68674E-04  0.64711E-04  0.61766E-04  0.58577E-04
  0.55636E-04  0.53196E-04  0.50983E-04  0.48462E-04  0.46678E-04  0.45210E-04
  0.43369E-04  0.41472E-04  0.40279E-04  0.38991E-04  0.37506E-04  0.36283E-04
  0.35153E-04  0.34448E-04  0.33555E-04  0.32778E-04  0.31596E-04  0.31083E-04
  0.30579E-04  0.29963E-04  0.29501E-04  0.28816E-04  0.28289E-04  0.27614E-04
  0.27468E-04  0.26973E-04  0.26686E-04  0.26517E-04  0.26158E-04  0.26373E-04
  0.26068E-04  0.25799E-04  0.25887E-04  0.25462E-04  0.25426E-04  0.26962E-04
  0.15265E+00  0.15200E+03
  0.16938E+02  0.13720E+02  0.75042E+01  0.32171E+01  0.14625E+01  0.87744E+00
  0.61271E+00  0.42235E+00  0.29118E+00  0.21160E+00  0.15835E+00  0.89313E-01
  0.53905E-01  0.33802E-01  0.22297E-01  0.15253E-01  0.10801E-01  0.78761E-02
  0.58869E-02  0.44987E-02  0.35028E-02  0.27737E-02  0.22289E-02  0.18145E-02
  0.14946E-02  0.12441E-02  0.10455E-02  0.88609E-03  0.75711E-03  0.65152E-03
  0.56437E-03  0.49208E-03  0.43136E-03  0.38003E-03  0.33685E-03  0.29952E-03
  0.26807E-03  0.24051E-03  0.21689E-03  0.19587E-03  0.17803E-03  0.16194E-03
  0.14825E-03  0.13588E-03  0.12469E-03  0.11510E-03  0.10612E-03  0.98858E-04
  0.91571E-04  0.85418E-04  0.79644E-04  0.74255E-04  0.70165E-04  0.65586E-04
  0.61858E-04  0.58496E-04  0.54944E-04  0.52423E-04  0.49570E-04  0.47065E-04
  0.45068E-04  0.43104E-04  0.40763E-04  0.39285E-04  0.37735E-04  0.35963E-04
  0.34525E-04  0.33650E-04  0.32352E-04  0.31143E-04  0.30125E-04  0.29569E-04
  0.28358E-04  0.27480E-04  0.26666E-04  0.26242E-04  0.25598E-04  0.25117E-04
  0.24271E-04  0.23709E-04  0.23511E-04  0.23069E-04  0.22853E-04  0.22469E-04
  0.22110E-04  0.21687E-04  0.21571E-04  0.20974E-04  0.21012E-04  0.20839E-04
  0.20667E-04  0.20873E-04  0.20565E-04  0.20480E-04  0.20666E-04  0.19162E-04
  0.13875E+00  0.16723E+03
  0.17251E+02  0.12623E+02  0.53512E+01  0.19092E+01  0.95327E+00  0.61288E+00
  0.38616E+00  0.25169E+00  0.17540E+00  0.12252E+00  0.87026E-01  0.47135E-01
  0.27285E-01  0.16748E-01  0.10867E-01  0.73673E-02  0.51782E-02  0.37562E-02
  0.27976E-02  0.21309E-02  0.16551E-02  0.13072E-02  0.10479E-02  0.85114E-03
  0.69936E-03  0.58063E-03  0.48666E-03  0.41146E-03  0.35058E-03  0.30091E-03
  0.26006E-03  0.22597E-03  0.19769E-03  0.17385E-03  0.15351E-03  0.13641E-03
  0.12148E-03  0.10879E-03  0.98017E-04  0.88286E-04  0.80038E-04  0.72631E-04
  0.66366E-04  0.60762E-04  0.55594E-04  0.51259E-04  0.47070E-04  0.43906E-04
  0.40493E-04  0.37772E-04  0.34995E-04  0.32951E-04  0.30722E-04  0.28994E-04
  0.27014E-04  0.25681E-04  0.24064E-04  0.22783E-04  0.21833E-04  0.20498E-04
  0.19650E-04  0.18650E-04  0.17722E-04  0.17102E-04  0.16264E-04  0.15725E-04
  0.15108E-04  0.14429E-04  0.14000E-04  0.13548E-04  0.12899E-04  0.12564E-04
  0.12419E-04  0.11896E-04  0.11514E-04  0.11359E-04  0.11097E-04  0.10714E-04
  0.10421E-04  0.10185E-04  0.10088E-04  0.10006E-04  0.97805E-05  0.94716E-05
  0.93423E-05  0.92782E-05  0.92369E-05  0.92512E-05  0.90147E-05  0.90401E-05
  0.88365E-05  0.89411E-05  0.87379E-05  0.88019E-05  0.85013E-05  0.93961E-05
  0.95912E-01  0.24192E+03
  0.17403E+02  0.11526E+02  0.39262E+01  0.13456E+01  0.74364E+00  0.44198E+00
  0.26628E+00  0.17516E+00  0.11561E+00  0.78830E-01  0.55271E-01  0.28877E-01
  0.16378E-01  0.99731E-02  0.64353E-02  0.43476E-02  0.30507E-02  0.22098E-02
  0.16440E-02  0.12503E-02  0.96965E-03  0.76448E-03  0.61171E-03  0.49583E-03
  0.40653E-03  0.33687E-03  0.28189E-03  0.23789E-03  0.20231E-03  0.17328E-03
  0.14942E-03  0.12967E-03  0.11321E-03  0.99359E-04  0.87587E-04  0.77662E-04
  0.69185E-04  0.61802E-04  0.55471E-04  0.50063E-04  0.45215E-04  0.41085E-04
  0.37449E-04  0.34141E-04  0.31293E-04  0.28875E-04  0.26478E-04  0.24562E-04
  0.22725E-04  0.21091E-04  0.19792E-04  0.18243E-04  0.17215E-04  0.16083E-04
  0.15219E-04  0.14211E-04  0.13467E-04  0.12717E-04  0.12068E-04  0.11434E-04
  0.10918E-04  0.10293E-04  0.99641E-05  0.93625E-05  0.91599E-05  0.86492E-05
  0.83354E-05  0.80844E-05  0.76470E-05  0.75128E-05  0.72456E-05  0.69763E-05
  0.67832E-05  0.66165E-05  0.63762E-05  0.62038E-05  0.61318E-05  0.59153E-05
  0.57466E-05  0.57018E-05  0.56598E-05  0.54771E-05  0.53885E-05  0.52196E-05
  0.51928E-05  0.52435E-05  0.51724E-05  0.50157E-05  0.50269E-05  0.49275E-05
  0.49023E-05  0.49283E-05  0.47891E-05  0.50008E-05  0.46944E-05  0.56497E-05
  0.73761E-01  0.31458E+03
  0.17445E+02  0.10488E+02  0.29905E+01  0.10724E+01  0.60040E+00  0.33083E+00
  0.20176E+00  0.12673E+00  0.82023E-01  0.55073E-01  0.37760E-01  0.19410E-01
  0.10943E-01  0.66393E-02  0.42761E-02  0.28832E-02  0.20223E-02  0.14629E-02
  0.10874E-02  0.82649E-03  0.64011E-03  0.50400E-03  0.40273E-03  0.32548E-03
  0.26657E-03  0.22049E-03  0.18420E-03  0.15524E-03  0.13177E-03  0.11265E-03
  0.96982E-04  0.84082E-04  0.73315E-04  0.64258E-04  0.56610E-04  0.50135E-04
  0.44592E-04  0.39819E-04  0.35686E-04  0.32167E-04  0.29078E-04  0.26327E-04
  0.23951E-04  0.21916E-04  0.20086E-04  0.18395E-04  0.16955E-04  0.15704E-04
  0.14486E-04  0.13459E-04  0.12581E-04  0.11678E-04  0.10973E-04  0.10254E-04
  0.95965E-05  0.91116E-05  0.85438E-05  0.81214E-05  0.76210E-05  0.72978E-05
  0.68966E-05  0.65806E-05  0.62840E-05  0.59850E-05  0.57399E-05  0.55231E-05
  0.52954E-05  0.51150E-05  0.48655E-05  0.47449E-05  0.45541E-05  0.44193E-05
  0.44008E-05  0.41095E-05  0.40376E-05  0.39572E-05  0.38555E-05  0.36965E-05
  0.37286E-05  0.36394E-05  0.35042E-05  0.34158E-05  0.34202E-05  0.34210E-05
  0.32736E-05  0.32290E-05  0.32023E-05  0.31921E-05  0.31659E-05  0.31348E-05
  0.31437E-05  0.30307E-05  0.31271E-05  0.30895E-05  0.29792E-05  0.33119E-05
  0.60097E-01  0.38610E+03
  0.17431E+02  0.95385E+01  0.23715E+01  0.91511E+00  0.48683E+00  0.26266E+00
  0.15756E+00  0.95692E-01  0.61412E-01  0.40306E-01  0.27605E-01  0.14017E-01
  0.78638E-02  0.47587E-02  0.30595E-02  0.20633E-02  0.14454E-02  0.10454E-02
  0.77582E-03  0.58879E-03  0.45536E-03  0.35809E-03  0.28549E-03  0.23087E-03
  0.18866E-03  0.15574E-03  0.13010E-03  0.10940E-03  0.92726E-04  0.79219E-04
  0.68060E-04  0.58978E-04  0.51395E-04  0.44963E-04  0.39584E-04  0.35033E-04
  0.31128E-04  0.27770E-04  0.24888E-04  0.22400E-04  0.20236E-04  0.18334E-04
  0.16662E-04  0.15209E-04  0.13939E-04  0.12791E-04  0.11752E-04  0.10859E-04
  0.10070E-04  0.93473E-05  0.86829E-05  0.81060E-05  0.76034E-05  0.70850E-05
  0.66743E-05  0.62885E-05  0.58764E-05  0.56166E-05  0.52941E-05  0.50038E-05
  0.47946E-05  0.45206E-05  0.43763E-05  0.41288E-05  0.39765E-05  0.37736E-05
  0.36775E-05  0.34915E-05  0.34160E-05  0.32506E-05  0.31883E-05  0.30478E-05
  0.29568E-05  0.29033E-05  0.27754E-05  0.27635E-05  0.26570E-05  0.25531E-05
  0.25409E-05  0.24878E-05  0.24512E-05  0.23839E-05  0.23551E-05  0.23482E-05
  0.22643E-05  0.22445E-05  0.22186E-05  0.21801E-05  0.22129E-05  0.21946E-05
  0.21292E-05  0.21498E-05  0.21765E-05  0.20925E-05  0.20906E-05  0.22480E-05
  0.50788E-01  0.45687E+03