  0.53624E+01  0.53571E+01  0.53413E+01  0.53150E+01  0.52783E+01  0.52315E+01
  0.51747E+01  0.51083E+01  0.50324E+01  0.49476E+01  0.48542E+01  0.46435E+01
  0.44040E+01  0.41402E+01  0.38569E+01  0.35588E+01  0.32510E+01  0.29386E+01
  0.26264E+01  0.23190E+01  0.20208E+01  0.17355E+01  0.14666E+01  0.12169E+01
  0.98885E+00  0.78405E+00  0.60368E+00  0.44834E+00  0.31808E+00  0.21246E+00
  0.13058E+00  0.71168E-01  0.32607E-01  0.13016E-01  0.10307E-01  0.22252E-01
  0.46543E-01  0.80844E-01  0.12285E+00  0.17033E+00  0.22116E+00  0.27337E+00
  0.32516E+00  0.37494E+00  0.42131E+00  0.46309E+00  0.49934E+00  0.52933E+00
  0.55254E+00  0.56866E+00  0.57757E+00  0.57935E+00  0.57422E+00  0.56255E+00
  0.54484E+00  0.52170E+00  0.49381E+00  0.46194E+00  0.42690E+00  0.38951E+00
  0.35063E+00  0.31111E+00  0.27175E+00  0.23336E+00  0.19668E+00  0.16237E+00
  0.13107E+00  0.10331E+00  0.79545E-01  0.60137E-01  0.45364E-01  0.35408E-01
  0.30357E-01  0.30206E-01  0.34861E-01  0.44141E-01  0.57785E-01  0.75456E-01
  0.96753E-01  0.12121E+00  0.14832E+00  0.17753E+00  0.20826E+00  0.23990E+00
  0.27184E+00  0.30348E+00  0.33421E+00  0.36346E+00  0.39069E+00  0.41539E+00
  0.43710E+00  0.45543E+00  0.47005E+00  0.48068E+00  0.48714E+00  0.48930E+00
  0.69323E+01  0.23946E+01
  0.70042E+01  0.69914E+01  0.69525E+01  0.68883E+01  0.67992E+01  0.66862E+01
  0.65505E+01  0.63932E+01  0.62159E+01  0.60204E+01  0.58085E+01  0.53431E+01
  0.48366E+01  0.43060E+01  0.37682E+01  0.32393E+01  0.27331E+01  0.22616E+01
  0.18338E+01  0.14562E+01  0.11323E+01  0.86318E+00  0.64744E+00  0.48191E+00
  0.36188E+00  0.28164E+00  0.23490E+00  0.21520E+00  0.21625E+00  0.23218E+00
  0.25775E+00  0.28847E+00  0.32065E+00  0.35139E+00  0.37855E+00  0.40069E+00
  0.41692E+00  0.42687E+00  0.43051E+00  0.42814E+00  0.42022E+00  0.40736E+00
  0.39024E+00  0.36956E+00  0.34603E+00  0.32032E+00  0.29307E+00  0.26487E+00
  0.23629E+00  0.20781E+00  0.17991E+00  0.15299E+00  0.12746E+00  0.10365E+00
  0.81874E-01  0.62415E-01  0.45518E-01  0.31394E-01  0.20221E-01  0.12142E-01
  0.72645E-02  0.56612E-02  0.73687E-02  0.12389E-01  0.20689E-01  0.32204E-01
  0.46836E-01  0.64456E-01  0.84909E-01  0.10801E+00  0.13356E+00  0.16133E+00
  0.19107E+00  0.22252E+00  0.25540E+00  0.28944E+00  0.32432E+00  0.35976E+00
  0.39546E+00  0.43110E+00  0.46638E+00  0.50102E+00  0.53471E+00  0.56717E+00
  0.59814E+00  0.62736E+00  0.65457E+00  0.67957E+00  0.70213E+00  0.72208E+00
  0.73924E+00  0.75349E+00  0.76469E+00  0.77275E+00  0.77762E+00  0.77924E+00
  0.58927E+01  0.28170E+01
  0.83791E+01  0.83586E+01  0.82966E+01  0.81943E+01  0.80531E+01  0.78750E+01
  0.76623E+01  0.74179E+01  0.71451E+01  0.68474E+01  0.65286E+01  0.58435E+01
  0.51221E+01  0.43955E+01  0.36920E+01  0.30352E+01  0.24431E+01  0.19274E+01
  0.14939E+01  0.11428E+01  0.86978E+00  0.66697E+00  0.52437E+00  0.43086E+00
  0.37528E+00  0.34720E+00  0.33747E+00  0.33854E+00  0.34459E+00  0.35140E+00
  0.35624E+00  0.35755E+00  0.35471E+00  0.34772E+00  0.33701E+00  0.32323E+00
  0.30706E+00  0.28919E+00  0.27021E+00  0.25060E+00  0.23073E+00  0.21088E+00
  0.19126E+00  0.17200E+00  0.15323E+00  0.13504E+00  0.11752E+00  0.10077E+00
  0.84889E-01  0.69997E-01  0.56210E-01  0.43652E-01  0.32449E-01  0.22724E-01
  0.14597E-01  0.81767E-02  0.35601E-02  0.83172E-03  0.59860E-04  0.12961E-02
  0.45741E-02  0.99092E-02  0.17298E-01  0.26719E-01  0.38131E-01  0.51477E-01
  0.66680E-01  0.83648E-01  0.10227E+00  0.12243E+00  0.14398E+00  0.16678E+00
  0.19066E+00  0.21545E+00  0.24098E+00  0.26706E+00  0.29348E+00  0.32007E+00
  0.34662E+00  0.37293E+00  0.39881E+00  0.42406E+00  0.44850E+00  0.47194E+00
  0.49421E+00  0.51514E+00  0.53457E+00  0.55237E+00  0.56840E+00  0.58253E+00
  0.59467E+00  0.60473E+00  0.61264E+00  0.61832E+00  0.62175E+00  0.62289E+00
  0.51979E+01  0.31936E+01
  0.94957E+01  0.94668E+01  0.93796E+01  0.92361E+01  0.90387E+01  0.87910E+01
  0.84972E+01  0.81622E+01  0.77917E+01  0.73916E+01  0.69682E+01  0.60771E+01
  0.51684E+01  0.42872E+01  0.34709E+01  0.27463E+01  0.21295E+01  0.16259E+01
  0.12320E+01  0.93738E+00  0.72731E+00  0.58500E+00  0.49364E+00  0.43793E+00
  0.40506E+00  0.38508E+00  0.37095E+00  0.35819E+00  0.34434E+00  0.32846E+00
  0.31058E+00  0.29123E+00  0.27116E+00  0.25105E+00  0.23147E+00  0.21277E+00
  0.19514E+00  0.17860E+00  0.16307E+00  0.14843E+00  0.13453E+00  0.12124E+00
  0.10846E+00  0.96114E-01  0.84198E-01  0.72731E-01  0.61770E-01  0.51398E-01
  0.41718E-01  0.32842E-01  0.24883E-01  0.17952E-01  0.12152E-01  0.75741E-02
  0.42936E-02  0.23716E-02  0.18533E-02  0.27679E-02  0.51292E-02  0.89372E-02
  0.14178E-01  0.20825E-01  0.28842E-01  0.38180E-01  0.48781E-01  0.60579E-01
  0.73498E-01  0.87456E-01  0.10236E+00  0.11812E+00  0.13464E+00  0.15179E+00
  0.16949E+00  0.18760E+00  0.20602E+00  0.22462E+00  0.24329E+00  0.26190E+00
  0.28034E+00  0.29849E+00  0.31623E+00  0.33344E+00  0.35001E+00  0.36584E+00
  0.38082E+00  0.39485E+00  0.40785E+00  0.41972E+00  0.43038E+00  0.43978E+00
  0.44783E+00  0.45450E+00  0.45973E+00  0.46349E+00  0.46576E+00  0.46651E+00
  0.46511E+01  0.35691E+01
  0.12299E+02  0.12233E+02  0.12035E+02  0.11713E+02  0.11276E+02  0.10738E+02
  0.10116E+02  0.94290E+01  0.86950E+01  0.79340E+01  0.71650E+01  0.56702E+01
  0.43235E+01  0.31949E+01  0.23106E+01  0.16600E+01  0.12079E+01  0.90811E+00
  0.71421E+00  0.58722E+00  0.49867E+00  0.43055E+00  0.37320E+00  0.32255E+00
  0.27754E+00  0.23832E+00  0.20513E+00  0.17785E+00  0.15592E+00  0.13848E+00
  0.12451E+00  0.11304E+00  0.10320E+00  0.94376E-01  0.86134E-01  0.78260E-01
  0.70693E-01  0.63474E-01  0.56684E-01  0.50409E-01  0.44710E-01  0.39609E-01
  0.35099E-01  0.31146E-01  0.27705E-01  0.24732E-01  0.22189E-01  0.20051E-01
  0.18306E-01  0.16952E-01  0.15994E-01  0.15443E-01  0.15309E-01  0.15600E-01
  0.16320E-01  0.17469E-01  0.19041E-01  0.21026E-01  0.23411E-01  0.26180E-01
  0.29315E-01  0.32797E-01  0.36608E-01  0.40729E-01  0.45141E-01  0.49823E-01
  0.54757E-01  0.59920E-01  0.65290E-01  0.70843E-01  0.76554E-01  0.82396E-01
  0.88341E-01  0.94360E-01  0.10042E+00  0.10650E+00  0.11255E+00  0.11854E+00
  0.12445E+00  0.13023E+00  0.13586E+00  0.14130E+00  0.14652E+00  0.15149E+00
  0.15617E+00  0.16055E+00  0.16460E+00  0.16829E+00  0.17160E+00  0.17450E+00
  0.17699E+00  0.17905E+00  0.18066E+00  0.18182E+00  0.18252E+00  0.18275E+00
  0.33132E+01  0.50102E+01
  0.13883E+02  0.13777E+02  0.13461E+02  0.12950E+02  0.12269E+02  0.11448E+02
  0.10520E+02  0.95247E+01  0.84978E+01  0.74746E+01  0.64856E+01  0.47049E+01
  0.32798E+01  0.22376E+01  0.15333E+01  0.10859E+01  0.80979E+00  0.63531E+00
  0.51577E+00  0.42508E+00  0.35134E+00  0.29022E+00  0.24031E+00  0.20073E+00
  0.17019E+00  0.14696E+00  0.12915E+00  0.11497E+00  0.10304E+00  0.92428E-01
  0.82676E-01  0.73669E-01  0.65480E-01  0.58222E-01  0.51955E-01  0.46651E-01
  0.42206E-01  0.38473E-01  0.35298E-01  0.32551E-01  0.30138E-01  0.28005E-01
  0.26126E-01  0.24496E-01  0.23113E-01  0.21978E-01  0.21081E-01  0.20408E-01
  0.19942E-01  0.19664E-01  0.19558E-01  0.19614E-01  0.19826E-01  0.20192E-01
  0.20713E-01  0.21388E-01  0.22217E-01  0.23198E-01  0.24326E-01  0.25594E-01
  0.26993E-01  0.28511E-01  0.30138E-01  0.31863E-01  0.33676E-01  0.35567E-01
  0.37526E-01  0.39545E-01  0.41615E-01  0.43728E-01  0.45877E-01  0.48053E-01
  0.50247E-01  0.52450E-01  0.54652E-01  0.56842E-01  0.59011E-01  0.61148E-01
  0.63243E-01  0.65285E-01  0.67264E-01  0.69168E-01  0.70989E-01  0.72716E-01
  0.74340E-01  0.75853E-01  0.77247E-01  0.78514E-01  0.79649E-01  0.80644E-01
  0.81494E-01  0.82196E-01  0.82746E-01  0.83140E-01  0.83377E-01  0.83456E-01
  0.26173E+01  0.63425E+01
  0.14966E+02  0.14819E+02  0.14381E+02  0.13681E+02  0.12760E+02  0.11670E+02
  0.10469E+02  0.92166E+01  0.79680E+01  0.67711E+01  0.56639E+01  0.38109E+01
  0.24851E+01  0.16263E+01  0.11088E+01  0.80445E+00  0.61681E+00  0.48852E+00
  0.39182E+00  0.31564E+00  0.25582E+00  0.20998E+00  0.17566E+00  0.15006E+00
  0.13043E+00  0.11448E+00  0.10071E+00  0.88375E-01  0.77334E-01  0.67692E-01
  0.59553E-01  0.52881E-01  0.47490E-01  0.43110E-01  0.39464E-01  0.36328E-01
  0.33559E-01  0.31088E-01  0.28899E-01  0.26993E-01  0.25367E-01  0.24004E-01
  0.22872E-01  0.21936E-01  0.21161E-01  0.20522E-01  0.20003E-01  0.19596E-01
  0.19296E-01  0.19101E-01  0.19007E-01  0.19006E-01  0.19089E-01  0.19248E-01
  0.19472E-01  0.19756E-01  0.20095E-01  0.20487E-01  0.20931E-01  0.21427E-01
  0.21974E-01  0.22569E-01  0.23210E-01  0.23893E-01  0.24612E-01  0.25362E-01
  0.26139E-01  0.26935E-01  0.27747E-01  0.28569E-01  0.29397E-01  0.30228E-01
  0.31059E-01  0.31886E-01  0.32707E-01  0.33518E-01  0.34316E-01  0.35097E-01
  0.35860E-01  0.36600E-01  0.37315E-01  0.38002E-01  0.38658E-01  0.39278E-01
  0.39860E-01  0.40401E-01  0.40900E-01  0.41352E-01  0.41758E-01  0.42113E-01
  0.42417E-01  0.42667E-01  0.42863E-01  0.43002E-01  0.43086E-01  0.43114E-01
  0.21887E+01  0.75845E+01
  0.15787E+02  0.15597E+02  0.15036E+02  0.14146E+02  0.12992E+02  0.11652E+02
  0.10211E+02  0.87503E+01  0.73419E+01  0.60424E+01  0.48903E+01  0.30919E+01
  0.19313E+01  0.12513E+01  0.86899E+00  0.64488E+00  0.49811E+00  0.39138E+00
  0.31021E+00  0.24870E+00  0.20308E+00  0.16960E+00  0.14451E+00  0.12460E+00
  0.10776E+00  0.93017E-01  0.80190E-01  0.69388E-01  0.60618E-01  0.53663E-01
  0.48134E-01  0.43605E-01  0.39735E-01  0.36321E-01  0.33283E-01  0.30617E-01
  0.28331E-01  0.26412E-01  0.24816E-01  0.23480E-01  0.22344E-01  0.21359E-01
  0.20498E-01  0.19746E-01  0.19098E-01  0.18550E-01  0.18095E-01  0.17722E-01
  0.17419E-01  0.17177E-01  0.16988E-01  0.16847E-01  0.16753E-01  0.16704E-01
  0.16699E-01  0.16735E-01  0.16807E-01  0.16910E-01  0.17040E-01  0.17192E-01
  0.17364E-01  0.17552E-01  0.17757E-01  0.17976E-01  0.18209E-01  0.18457E-01
  0.18718E-01  0.18990E-01  0.19272E-01  0.19562E-01  0.19857E-01  0.20156E-01
  0.20455E-01  0.20753E-01  0.21047E-01  0.21337E-01  0.21621E-01  0.21898E-01
  0.22167E-01  0.22426E-01  0.22676E-01  0.22915E-01  0.23141E-01  0.23355E-01
  0.23555E-01  0.23740E-01  0.23910E-01  0.24064E-01  0.24202E-01  0.24323E-01
  0.24427E-01  0.24513E-01  0.24581E-01  0.24631E-01  0.24661E-01  0.24671E-01
  0.18955E+01  0.87574E+01
  0.16447E+02  0.16213E+02  0.15527E+02  0.14449E+02  0.13071E+02  0.11501E+02
  0.98513E+01  0.82259E+01  0.67095E+01  0.53616E+01  0.42149E+01  0.25383E+01
  0.15515E+01  0.10147E+01  0.71984E+00  0.54011E+00  0.41621E+00  0.32503E+00
  0.25748E+00  0.20820E+00  0.17238E+00  0.14543E+00  0.12379E+00  0.10545E+00
  0.89747E-01  0.76654E-01  0.66154E-01  0.57941E-01  0.51476E-01  0.46190E-01
  0.41653E-01  0.37652E-01  0.34136E-01  0.31119E-01  0.28600E-01  0.26524E-01
  0.24797E-01  0.23324E-01  0.22030E-01  0.20876E-01  0.19847E-01  0.18941E-01
  0.18155E-01  0.17477E-01  0.16892E-01  0.16383E-01  0.15937E-01  0.15545E-01
  0.15203E-01  0.14906E-01  0.14653E-01  0.14439E-01  0.14258E-01  0.14106E-01
  0.13978E-01  0.13873E-01  0.13787E-01  0.13722E-01  0.13675E-01  0.13647E-01
  0.13636E-01  0.13640E-01  0.13657E-01  0.13685E-01  0.13721E-01  0.13763E-01
  0.13812E-01  0.13865E-01  0.13923E-01  0.13985E-01  0.14050E-01  0.14119E-01
  0.14191E-01  0.14266E-01  0.14343E-01  0.14421E-01  0.14498E-01  0.14575E-01
  0.14651E-01  0.14725E-01  0.14797E-01  0.14867E-01  0.14933E-01  0.14995E-01
  0.15053E-01  0.15106E-01  0.15155E-01  0.15198E-01  0.15237E-01  0.15271E-01
  0.15300E-01  0.15325E-01  0.15345E-01  0.15360E-01  0.15369E-01  0.15372E-01
  0.16806E+01  0.98772E+01
  0.16997E+02  0.16719E+02  0.15907E+02  0.14644E+02  0.13051E+02  0.11270E+02
  0.94416E+01  0.76900E+01  0.61078E+01  0.47518E+01  0.36432E+01  0.21178E+01
  0.12881E+01  0.85726E+00  0.61781E+00  0.46513E+00  0.35734E+00  0.27890E+00
  0.22227E+00  0.18152E+00  0.15115E+00  0.12699E+00  0.10681E+00  0.89948E-01
  0.76327E-01  0.65698E-01  0.57465E-01  0.50885E-01  0.45344E-01  0.40510E-01
  0.36297E-01  0.32723E-01  0.29777E-01  0.27371E-01  0.25370E-01  0.23643E-01
  0.22109E-01  0.20732E-01  0.19510E-01  0.18444E-01  0.17523E-01  0.16725E-01
  0.16025E-01  0.15400E-01  0.14837E-01  0.14329E-01  0.13874E-01  0.13468E-01
  0.13106E-01  0.12783E-01  0.12493E-01  0.12231E-01  0.11995E-01  0.11783E-01
  0.11594E-01  0.11426E-01  0.11278E-01  0.11145E-01  0.11027E-01  0.10920E-01
  0.10823E-01  0.10737E-01  0.10659E-01  0.10591E-01  0.10532E-01  0.10481E-01
  0.10438E-01  0.10401E-01  0.10371E-01  0.10345E-01  0.10323E-01  0.10304E-01
  0.10287E-01  0.10273E-01  0.10261E-01  0.10252E-01  0.10245E-01  0.10240E-01
  0.10236E-01  0.10234E-01  0.10233E-01  0.10234E-01  0.10236E-01  0.10239E-01
  0.10242E-01  0.10245E-01  0.10248E-01  0.10250E-01  0.10253E-01  0.10255E-01
  0.10258E-01  0.10260E-01  0.10263E-01  0.10266E-01  0.10269E-01  0.10269E-01
  0.15152E+01  0.10956E+02
  0.17468E+02  0.17146E+02  0.16207E+02  0.14761E+02  0.12964E+02  0.10990E+02
  0.90107E+01  0.71659E+01  0.55519E+01  0.42167E+01  0.31660E+01  0.17984E+01
  0.11007E+01  0.74605E+00  0.54298E+00  0.40889E+00  0.31372E+00  0.24557E+00
  0.19706E+00  0.16161E+00  0.13405E+00  0.11149E+00  0.92999E-01  0.78337E-01
  0.67052E-01  0.58327E-01  0.51273E-01  0.45270E-01  0.40067E-01  0.35645E-01
  0.32007E-01  0.29063E-01  0.26642E-01  0.24569E-01  0.22729E-01  0.21083E-01
  0.19633E-01  0.18380E-01  0.17305E-01  0.16373E-01  0.15546E-01  0.14800E-01
  0.14122E-01  0.13509E-01  0.12958E-01  0.12466E-01  0.12024E-01  0.11624E-01
  0.11261E-01  0.10928E-01  0.10624E-01  0.10347E-01  0.10094E-01  0.98629E-02
  0.96504E-02  0.94545E-02  0.92736E-02  0.91069E-02  0.89536E-02  0.88129E-02
  0.86837E-02  0.85652E-02  0.84562E-02  0.83554E-02  0.82616E-02  0.81741E-02
  0.80924E-02  0.80166E-02  0.79463E-02  0.78812E-02  0.78210E-02  0.77654E-02
  0.77145E-02  0.76678E-02  0.76248E-02  0.75850E-02  0.75478E-02  0.75134E-02
  0.74819E-02  0.74533E-02  0.74270E-02  0.74025E-02  0.73796E-02  0.73585E-02
  0.73394E-02  0.73225E-02  0.73076E-02  0.72944E-02  0.72831E-02  0.72738E-02
  0.72663E-02  0.72599E-02  0.72541E-02  0.72489E-02  0.72451E-02  0.72437E-02
  0.13831E+01  0.12002E+02
  0.17879E+02  0.17511E+02  0.16447E+02  0.14822E+02  0.12828E+02  0.10680E+02
  0.85752E+01  0.66658E+01  0.50466E+01  0.37524E+01  0.27703E+01  0.15540E+01
  0.96344E+00  0.66332E+00  0.48543E+00  0.36527E+00  0.28029E+00  0.22028E+00
  0.17745E+00  0.14521E+00  0.11948E+00  0.98694E-01  0.82372E-01  0.69908E-01
  0.60307E-01  0.52544E-01  0.45955E-01  0.40319E-01  0.35630E-01  0.31846E-01
  0.28795E-01  0.26247E-01  0.24022E-01  0.22041E-01  0.20298E-01  0.18800E-01
  0.17525E-01  0.16426E-01  0.15454E-01  0.14575E-01  0.13776E-01  0.13057E-01
  0.12415E-01  0.11843E-01  0.11329E-01  0.10864E-01  0.10438E-01  0.10046E-01
  0.96877E-02  0.93596E-02  0.90593E-02  0.87834E-02  0.85289E-02  0.82936E-02
  0.80759E-02  0.78747E-02  0.76886E-02  0.75162E-02  0.73563E-02  0.72073E-02
  0.70682E-02  0.69379E-02  0.68159E-02  0.67019E-02  0.65957E-02  0.64969E-02
  0.64049E-02  0.63191E-02  0.62390E-02  0.61641E-02  0.60937E-02  0.60273E-02
  0.59649E-02  0.59063E-02  0.58518E-02  0.58011E-02  0.57539E-02  0.57098E-02
  0.56689E-02  0.56311E-02  0.55965E-02  0.55646E-02  0.55350E-02  0.55076E-02
  0.54826E-02  0.54601E-02  0.54402E-02  0.54227E-02  0.54077E-02  0.53950E-02
  0.53843E-02  0.53753E-02  0.53674E-02  0.53607E-02  0.53560E-02  0.53543E-02
  0.12748E+01  0.13021E+02
  0.18241E+02  0.17829E+02  0.16638E+02  0.14837E+02  0.12659E+02  0.10354E+02
  0.81451E+01  0.61953E+01  0.45916E+01  0.33518E+01  0.24428E+01  0.13650E+01
  0.85955E+00  0.59911E+00  0.43957E+00  0.33038E+00  0.25377E+00  0.20007E+00
  0.16115E+00  0.13111E+00  0.10719E+00  0.88492E-01  0.74278E-01  0.63424E-01
  0.54734E-01  0.47431E-01  0.41259E-01  0.36198E-01  0.32156E-01  0.28896E-01
  0.26148E-01  0.23736E-01  0.21610E-01  0.19777E-01  0.18227E-01  0.16909E-01
  0.15759E-01  0.14725E-01  0.13789E-01  0.12949E-01  0.12204E-01  0.11546E-01
  0.10957E-01  0.10424E-01  0.99351E-02  0.94867E-02  0.90769E-02  0.87036E-02
  0.83632E-02  0.80512E-02  0.77638E-02  0.74980E-02  0.72521E-02  0.70246E-02
  0.68140E-02  0.66187E-02  0.64372E-02  0.62679E-02  0.61100E-02  0.59627E-02
  0.58253E-02  0.56974E-02  0.55780E-02  0.54664E-02  0.53616E-02  0.52633E-02
  0.51710E-02  0.50843E-02  0.50031E-02  0.49271E-02  0.48558E-02  0.47890E-02
  0.47263E-02  0.46675E-02  0.46126E-02  0.45617E-02  0.45145E-02  0.44705E-02
  0.44292E-02  0.43905E-02  0.43544E-02  0.43212E-02  0.42908E-02  0.42631E-02
  0.42379E-02  0.42151E-02  0.41946E-02  0.41762E-02  0.41601E-02  0.41464E-02
  0.41351E-02  0.41261E-02  0.41190E-02  0.41135E-02  0.41099E-02  0.41086E-02
  0.11840E+01  0.14020E+02
  0.20485E+02  0.19609E+02  0.17189E+02  0.13846E+02  0.10312E+02  0.71811E+01
  0.47658E+01  0.31012E+01  0.20489E+01  0.14171E+01  0.10404E+01  0.64831E+00
  0.44119E+00  0.30811E+00  0.22237E+00  0.16621E+00  0.12688E+00  0.98544E-01
  0.78034E-01  0.62668E-01  0.50828E-01  0.41820E-01  0.34969E-01  0.29529E-01
  0.25086E-01  0.21524E-01  0.18691E-01  0.16348E-01  0.14351E-01  0.12673E-01
  0.11285E-01  0.10109E-01  0.90795E-02  0.81821E-02  0.74146E-02  0.67527E-02
  0.61663E-02  0.56433E-02  0.51833E-02  0.47799E-02  0.44207E-02  0.40970E-02
  0.38058E-02  0.35456E-02  0.33126E-02  0.31022E-02  0.29104E-02  0.27359E-02
  0.25781E-02  0.24351E-02  0.23045E-02  0.21847E-02  0.20748E-02  0.19744E-02
  0.18823E-02  0.17975E-02  0.17196E-02  0.16477E-02  0.15811E-02  0.15195E-02
  0.14626E-02  0.14098E-02  0.13607E-02  0.13150E-02  0.12729E-02  0.12338E-02
  0.11976E-02  0.11639E-02  0.11325E-02  0.11033E-02  0.10761E-02  0.10508E-02
  0.10273E-02  0.10055E-02  0.98525E-03  0.96641E-03  0.94892E-03  0.93269E-03
  0.91769E-03  0.90380E-03  0.89097E-03  0.87920E-03  0.86842E-03  0.85858E-03
  0.84964E-03  0.84157E-03  0.83435E-03  0.82800E-03  0.82250E-03  0.81775E-03
  0.81369E-03  0.81041E-03  0.80797E-03  0.80624E-03  0.80512E-03  0.80472E-03
  0.71043E+00  0.23366E+02
  0.21630E+02  0.20283E+02  0.16728E+02  0.12230E+02  0.80557E+01  0.49294E+01
  0.29436E+01  0.18212E+01  0.12202E+01  0.88967E+00  0.68797E+00  0.43849E+00
  0.28721E+00  0.19844E+00  0.14301E+00  0.10516E+00  0.79009E-01  0.60522E-01
  0.47145E-01  0.37408E-01  0.30086E-01  0.24483E-01  0.20226E-01  0.16897E-01
  0.14217E-01  0.12090E-01  0.10383E-01  0.89635E-02  0.77867E-02  0.68218E-02
  0.60069E-02  0.53085E-02  0.47205E-02  0.42207E-02  0.37848E-02  0.34077E-02
  0.30837E-02  0.27998E-02  0.25492E-02  0.23297E-02  0.21367E-02  0.19657E-02
  0.18136E-02  0.16777E-02  0.15560E-02  0.14473E-02  0.13498E-02  0.12619E-02
  0.11821E-02  0.11098E-02  0.10448E-02  0.98613E-03  0.93194E-03  0.88213E-03
  0.83707E-03  0.79610E-03  0.75856E-03  0.72400E-03  0.69178E-03  0.66190E-03
  0.63468E-03  0.60967E-03  0.58639E-03  0.56492E-03  0.54507E-03  0.52651E-03
  0.50935E-03  0.49364E-03  0.47919E-03  0.46567E-03  0.45283E-03  0.44080E-03
  0.42979E-03  0.41962E-03  0.41023E-03  0.40179E-03  0.39399E-03  0.38637E-03
  0.37919E-03  0.37271E-03  0.36669E-03  0.36108E-03  0.35608E-03  0.35162E-03
  0.34754E-03  0.34386E-03  0.34072E-03  0.33811E-03  0.33572E-03  0.33335E-03
  0.33144E-03  0.33029E-03  0.32931E-03  0.32811E-03  0.32718E-03  0.32689E-03
  0.51534E+00  0.32211E+02
  0.22347E+02  0.20532E+02  0.15946E+02  0.10626E+02  0.62758E+01  0.34912E+01
  0.19944E+01  0.12583E+01  0.88679E+00  0.67030E+00  0.51938E+00  0.31727E+00
  0.20695E+00  0.14279E+00  0.10060E+00  0.72860E-01  0.54024E-01  0.40869E-01
  0.31516E-01  0.24705E-01  0.19708E-01  0.15923E-01  0.13022E-01  0.10794E-01
  0.90228E-02  0.76116E-02  0.64862E-02  0.55597E-02  0.47996E-02  0.41771E-02
  0.36525E-02  0.32117E-02  0.28415E-02  0.25241E-02  0.22533E-02  0.20211E-02
  0.18192E-02  0.16446E-02  0.14927E-02  0.13593E-02  0.12424E-02  0.11390E-02
  0.10471E-02  0.96583E-03  0.89371E-03  0.82878E-03  0.77053E-03  0.71878E-03
  0.67189E-03  0.62914E-03  0.59106E-03  0.55665E-03  0.52471E-03  0.49531E-03
  0.46886E-03  0.44532E-03  0.42357E-03  0.40305E-03  0.38447E-03  0.36769E-03
  0.35196E-03  0.33714E-03  0.32330E-03  0.31073E-03  0.29956E-03  0.28922E-03
  0.27919E-03  0.26965E-03  0.26113E-03  0.25348E-03  0.24632E-03  0.23982E-03
  0.23373E-03  0.22769E-03  0.22216E-03  0.21713E-03  0.21227E-03  0.20788E-03
  0.20418E-03  0.20080E-03  0.19734E-03  0.19404E-03  0.19128E-03  0.18875E-03
  0.18624E-03  0.18397E-03  0.18184E-03  0.18001E-03  0.17870E-03  0.17764E-03
  0.17659E-03  0.17572E-03  0.17536E-03  0.17520E-03  0.17451E-03  0.17397E-03
  0.40627E+00  0.40859E+02
  0.22843E+02  0.20566E+02  0.15055E+02  0.91842E+01  0.49360E+01  0.25834E+01
  0.14793E+01  0.97549E+00  0.71056E+00  0.53553E+00  0.40529E+00  0.24350E+00
  0.15955E+00  0.10741E+00  0.74702E-01  0.53476E-01  0.39144E-01  0.29329E-01
  0.22421E-01  0.17463E-01  0.13811E-01  0.11100E-01  0.90278E-02  0.74289E-02
  0.61847E-02  0.51907E-02  0.43990E-02  0.37570E-02  0.32310E-02  0.27999E-02
  0.24387E-02  0.21382E-02  0.18861E-02  0.16710E-02  0.14882E-02  0.13308E-02
  0.11958E-02  0.10784E-02  0.97570E-03  0.88767E-03  0.80983E-03  0.74089E-03
  0.68058E-03  0.62650E-03  0.57822E-03  0.53569E-03  0.49746E-03  0.46283E-03
  0.43236E-03  0.40479E-03  0.37911E-03  0.35610E-03  0.33577E-03  0.31693E-03
  0.29909E-03  0.28349E-03  0.26942E-03  0.25570E-03  0.24345E-03  0.23260E-03
  0.22277E-03  0.21337E-03  0.20387E-03  0.19572E-03  0.18891E-03  0.18200E-03
  0.17517E-03  0.16904E-03  0.16342E-03  0.15856E-03  0.15429E-03  0.14974E-03
  0.14538E-03  0.14156E-03  0.13816E-03  0.13535E-03  0.13238E-03  0.12949E-03
  0.12707E-03  0.12448E-03  0.12180E-03  0.11958E-03  0.11804E-03  0.11655E-03
  0.11492E-03  0.11381E-03  0.11287E-03  0.11159E-03  0.11056E-03  0.10999E-03
  0.10930E-03  0.10881E-03  0.10844E-03  0.10757E-03  0.10786E-03  0.10868E-03
  0.33610E+00  0.49390E+02
  0.23215E+02  0.20482E+02  0.14143E+02  0.79350E+01  0.39419E+01  0.20026E+01
  0.11808E+01  0.80876E+00  0.59130E+00  0.43589E+00  0.32453E+00  0.19655E+00
  0.12643E+00  0.83774E-01  0.57719E-01  0.40747E-01  0.29600E-01  0.22004E-01
  0.16714E-01  0.12937E-01  0.10190E-01  0.81410E-02  0.65991E-02  0.54084E-02
  0.44838E-02  0.37547E-02  0.31701E-02  0.27009E-02  0.23163E-02  0.20018E-02
  0.17412E-02  0.15235E-02  0.13409E-02  0.11866E-02  0.10546E-02  0.94160E-03
  0.84530E-03  0.76083E-03  0.68847E-03  0.62493E-03  0.56906E-03  0.52067E-03
  0.47681E-03  0.43871E-03  0.40530E-03  0.37436E-03  0.34735E-03  0.32370E-03
  0.30117E-03  0.28107E-03  0.26365E-03  0.24711E-03  0.23199E-03  0.21947E-03
  0.20753E-03  0.19605E-03  0.18616E-03  0.17676E-03  0.16784E-03  0.15970E-03
  0.15298E-03  0.14656E-03  0.13992E-03  0.13425E-03  0.12933E-03  0.12490E-03
  0.12020E-03  0.11529E-03  0.11167E-03  0.10860E-03  0.10515E-03  0.10196E-03
  0.98757E-04  0.96174E-04  0.94008E-04  0.91710E-04  0.89962E-04  0.88138E-04
  0.86075E-04  0.84243E-04  0.82759E-04  0.81333E-04  0.80161E-04  0.79132E-04
  0.78063E-04  0.77263E-04  0.76144E-04  0.75219E-04  0.74940E-04  0.73995E-04
  0.73215E-04  0.73446E-04  0.72548E-04  0.71887E-04  0.72476E-04  0.72666E-04
  0.28703E+00  0.57833E+02
  0.23508E+02  0.20325E+02  0.13249E+02  0.68699E+01  0.32055E+01  0.16217E+01
  0.99319E+00  0.69333E+00  0.49889E+00  0.36064E+00  0.26834E+00  0.16288E+00
  0.10229E+00  0.67374E-01  0.45727E-01  0.32060E-01  0.23107E-01  0.17078E-01
  0.12907E-01  0.99509E-02  0.78034E-02  0.62188E-02  0.50209E-02  0.41074E-02
  0.33953E-02  0.28369E-02  0.23909E-02  0.20324E-02  0.17415E-02  0.15023E-02
  0.13048E-02  0.11403E-02  0.10024E-02  0.88585E-03  0.78666E-03  0.70203E-03
  0.62950E-03  0.56553E-03  0.51183E-03  0.46353E-03  0.42195E-03  0.38583E-03
  0.35308E-03  0.32486E-03  0.29901E-03  0.27614E-03  0.25633E-03  0.23772E-03
  0.22159E-03  0.20727E-03  0.19342E-03  0.18145E-03  0.17105E-03  0.16059E-03
  0.15155E-03  0.14351E-03  0.13581E-03  0.12879E-03  0.12289E-03  0.11713E-03
  0.11107E-03  0.10639E-03  0.10218E-03  0.97918E-04  0.93599E-04  0.90216E-04
  0.87373E-04  0.84070E-04  0.80971E-04  0.78168E-04  0.76223E-04  0.74224E-04
  0.71566E-04  0.69591E-04  0.67622E-04  0.66184E-04  0.64819E-04  0.63415E-04
  0.62178E-04  0.60633E-04  0.59283E-04  0.58659E-04  0.57746E-04  0.56954E-04
  0.56585E-04  0.55674E-04  0.54962E-04  0.54326E-04  0.53746E-04  0.53340E-04
  0.52711E-04  0.52847E-04  0.52348E-04  0.51762E-04  0.51985E-04  0.51675E-04
  0.25071E+00  0.66212E+02
  0.23741E+02  0.20117E+02  0.12392E+02  0.59694E+01  0.26579E+01  0.13640E+01
  0.86420E+00  0.60323E+00  0.42480E+00  0.30477E+00  0.22836E+00  0.13664E+00
  0.84746E-01  0.55203E-01  0.37098E-01  0.25843E-01  0.18510E-01  0.13622E-01
  0.10255E-01  0.78787E-02  0.61637E-02  0.48971E-02  0.39479E-02  0.32212E-02
  0.26599E-02  0.22177E-02  0.18672E-02  0.15854E-02  0.13566E-02  0.11693E-02
  0.10146E-02  0.88615E-03  0.77815E-03  0.68685E-03  0.60978E-03  0.54286E-03
  0.48661E-03  0.43715E-03  0.39522E-03  0.35794E-03  0.32587E-03  0.29713E-03
  0.27168E-03  0.24972E-03  0.22968E-03  0.21245E-03  0.19683E-03  0.18219E-03
  0.17006E-03  0.15819E-03  0.14794E-03  0.13927E-03  0.13003E-03  0.12279E-03
  0.11596E-03  0.10925E-03  0.10357E-03  0.98417E-04  0.92934E-04  0.88851E-04
  0.84990E-04  0.80921E-04  0.77183E-04  0.74313E-04  0.71573E-04  0.68223E-04
  0.65707E-04  0.63690E-04  0.61622E-04  0.59204E-04  0.57197E-04  0.55865E-04
  0.54469E-04  0.52798E-04  0.51259E-04  0.49889E-04  0.48805E-04  0.47762E-04
  0.47002E-04  0.45844E-04  0.44687E-04  0.43996E-04  0.43215E-04  0.42778E-04
  0.42266E-04  0.42058E-04  0.41398E-04  0.41047E-04  0.40844E-04  0.40032E-04
  0.40016E-04  0.39836E-04  0.39138E-04  0.39439E-04  0.38975E-04  0.37458E-04
  0.22268E+00  0.74544E+02
  0.23936E+02  0.19878E+02  0.11581E+02  0.52112E+01  0.22474E+01  0.11830E+01
  0.76717E+00  0.52851E+00  0.36593E+00  0.26327E+00  0.19806E+00  0.11589E+00
  0.71509E-01  0.45907E-01  0.30713E-01  0.21227E-01  0.15153E-01  0.11105E-01
  0.83373E-02  0.63905E-02  0.49875E-02  0.39572E-02  0.31840E-02  0.25953E-02
  0.21393E-02  0.17826E-02  0.14993E-02  0.12720E-02  0.10875E-02  0.93647E-03
  0.81198E-03  0.70847E-03  0.62185E-03  0.54827E-03  0.48647E-03  0.43285E-03
  0.38820E-03  0.34823E-03  0.31467E-03  0.28413E-03  0.25868E-03  0.23566E-03
  0.21596E-03  0.19825E-03  0.18198E-03  0.16841E-03  0.15516E-03  0.14435E-03
  0.13443E-03  0.12495E-03  0.11722E-03  0.10946E-03  0.10282E-03  0.96810E-04
  0.90779E-04  0.86024E-04  0.81786E-04  0.77081E-04  0.73606E-04  0.69827E-04
  0.66345E-04  0.63472E-04  0.60843E-04  0.57843E-04  0.55745E-04  0.54025E-04
  0.51835E-04  0.49573E-04  0.48157E-04  0.46617E-04  0.44846E-04  0.43396E-04
  0.42073E-04  0.41237E-04  0.40174E-04  0.39250E-04  0.37857E-04  0.37248E-04
  0.36648E-04  0.35917E-04  0.35349E-04  0.34529E-04  0.33893E-04  0.33100E-04
  0.32923E-04  0.32347E-04  0.32005E-04  0.31804E-04  0.31392E-04  0.31642E-04
  0.31284E-04  0.30953E-04  0.31050E-04  0.30548E-04  0.30490E-04  0.32223E-04
  0.20043E+00  0.82823E+02
  0.24103E+02  0.19619E+02  0.10820E+02  0.45737E+01  0.19365E+01  0.10503E+01
  0.68850E+00  0.46549E+00  0.31970E+00  0.23156E+00  0.17353E+00  0.99647E-01
  0.61031E-01  0.38797E-01  0.25796E-01  0.17750E-01  0.12619E-01  0.92249E-02
  0.69086E-02  0.52849E-02  0.41190E-02  0.32627E-02  0.26229E-02  0.21355E-02
  0.17592E-02  0.14646E-02  0.12308E-02  0.10432E-02  0.89155E-03  0.76735E-03
  0.66486E-03  0.57990E-03  0.50850E-03  0.44804E-03  0.39736E-03  0.35339E-03
  0.31651E-03  0.28406E-03  0.25631E-03  0.23153E-03  0.21058E-03  0.19161E-03
  0.17552E-03  0.16095E-03  0.14773E-03  0.13646E-03  0.12583E-03  0.11734E-03
  0.10872E-03  0.10147E-03  0.94627E-04  0.88229E-04  0.83453E-04  0.78015E-04
  0.73620E-04  0.69656E-04  0.65429E-04  0.62478E-04  0.59089E-04  0.56107E-04
  0.53759E-04  0.51435E-04  0.48641E-04  0.46901E-04  0.45062E-04  0.42948E-04
  0.41238E-04  0.40211E-04  0.38661E-04  0.37222E-04  0.36021E-04  0.35373E-04
  0.33928E-04  0.32875E-04  0.31914E-04  0.31413E-04  0.30643E-04  0.30064E-04
  0.29053E-04  0.28393E-04  0.28163E-04  0.27642E-04  0.27383E-04  0.26927E-04
  0.26491E-04  0.25975E-04  0.25835E-04  0.25131E-04  0.25189E-04  0.24989E-04
  0.24788E-04  0.25042E-04  0.24681E-04  0.24572E-04  0.24764E-04  0.22992E-04
  0.18235E+00  0.91036E+02
  0.24653E+02  0.18166E+02  0.77378E+01  0.26131E+01  0.11546E+01  0.68817E+00
  0.42665E+00  0.27696E+00  0.19296E+00  0.13617E+00  0.97855E-01  0.54030E-01
  0.31680E-01  0.19606E-01  0.12773E-01  0.86772E-02  0.61058E-02  0.44300E-02
  0.32987E-02  0.25120E-02  0.19503E-02  0.15400E-02  0.12342E-02  0.10023E-02
  0.82353E-03  0.68392E-03  0.57323E-03  0.48484E-03  0.41322E-03  0.35479E-03
  0.30681E-03  0.26659E-03  0.23339E-03  0.20538E-03  0.18141E-03  0.16132E-03
  0.14362E-03  0.12871E-03  0.11612E-03  0.10455E-03  0.94865E-04  0.86103E-04
  0.78733E-04  0.72130E-04  0.65998E-04  0.60891E-04  0.55854E-04  0.52235E-04
  0.48130E-04  0.44919E-04  0.41594E-04  0.39252E-04  0.36560E-04  0.34540E-04
  0.32152E-04  0.30607E-04  0.28644E-04  0.27153E-04  0.26066E-04  0.24415E-04
  0.23442E-04  0.22247E-04  0.21115E-04  0.20411E-04  0.19414E-04  0.18776E-04
  0.18026E-04  0.17220E-04  0.16720E-04  0.16169E-04  0.15387E-04  0.15009E-04
  0.14847E-04  0.14210E-04  0.13764E-04  0.13579E-04  0.13257E-04  0.12802E-04
  0.12436E-04  0.12140E-04  0.12061E-04  0.11977E-04  0.11675E-04  0.11302E-04
  0.11168E-04  0.11081E-04  0.11049E-04  0.11111E-04  0.10794E-04  0.10809E-04
  0.10583E-04  0.10717E-04  0.10413E-04  0.10532E-04  0.10186E-04  0.11153E-04
  0.12648E+00  0.13125E+03
  0.24966E+02  0.16678E+02  0.56512E+01  0.17451E+01  0.85247E+00  0.49005E+00
  0.29376E+00  0.19331E+00  0.12929E+00  0.89252E-01  0.63299E-01  0.33631E-01
  0.19246E-01  0.11769E-01  0.76037E-02  0.51365E-02  0.36023E-02  0.26076E-02
  0.19385E-02  0.14736E-02  0.11423E-02  0.90046E-03  0.72044E-03  0.58401E-03
  0.47902E-03  0.39711E-03  0.33232E-03  0.28053E-03  0.23872E-03  0.20462E-03
  0.17652E-03  0.15323E-03  0.13387E-03  0.11757E-03  0.10363E-03  0.91977E-04
  0.82013E-04  0.73238E-04  0.65751E-04  0.59421E-04  0.53647E-04  0.48792E-04
  0.44497E-04  0.40536E-04  0.37173E-04  0.34364E-04  0.31449E-04  0.29223E-04
  0.27033E-04  0.25087E-04  0.23606E-04  0.21671E-04  0.20507E-04  0.19143E-04
  0.18155E-04  0.16914E-04  0.16048E-04  0.15151E-04  0.14385E-04  0.13624E-04
  0.13021E-04  0.12244E-04  0.11896E-04  0.11136E-04  0.10950E-04  0.10305E-04
  0.99376E-05  0.96512E-05  0.90927E-05  0.89707E-05  0.86484E-05  0.83170E-05
  0.80908E-05  0.78944E-05  0.75947E-05  0.73917E-05  0.73233E-05  0.70456E-05
  0.68391E-05  0.68063E-05  0.67710E-05  0.65328E-05  0.64255E-05  0.62085E-05
  0.61908E-05  0.62722E-05  0.61826E-05  0.59718E-05  0.59899E-05  0.58542E-05
  0.58252E-05  0.58639E-05  0.56686E-05  0.59673E-05  0.55386E-05  0.68450E-05
  0.97544E-01  0.17018E+03
  0.25126E+02  0.15252E+02  0.42534E+01  0.13198E+01  0.67255E+00  0.36620E+00
  0.22267E+00  0.14165E+00  0.93015E-01  0.63270E-01  0.43870E-01  0.22825E-01
  0.12932E-01  0.78570E-02  0.50572E-02  0.34070E-02  0.23870E-02  0.17253E-02
  0.12815E-02  0.97357E-03  0.75386E-03  0.59358E-03  0.47434E-03  0.38372E-03
  0.31433E-03  0.26016E-03  0.21740E-03  0.18323E-03  0.15565E-03  0.13320E-03
  0.11479E-03  0.99514E-04  0.86783E-04  0.76073E-04  0.67088E-04  0.59478E-04
  0.52902E-04  0.47242E-04  0.42310E-04  0.38227E-04  0.34578E-04  0.31259E-04
  0.28442E-04  0.26081E-04  0.23916E-04  0.21859E-04  0.20159E-04  0.18707E-04
  0.17221E-04  0.16010E-04  0.15002E-04  0.13893E-04  0.13086E-04  0.12209E-04
  0.11408E-04  0.10873E-04  0.10167E-04  0.96851E-05  0.90538E-05  0.87063E-05
  0.82143E-05  0.78444E-05  0.74945E-05  0.71277E-05  0.68409E-05  0.65857E-05
  0.63068E-05  0.60968E-05  0.57759E-05  0.56568E-05  0.54181E-05  0.52657E-05
  0.52836E-05  0.48752E-05  0.48027E-05  0.47114E-05  0.45867E-05  0.43778E-05
  0.44607E-05  0.43513E-05  0.41704E-05  0.40605E-05  0.40873E-05  0.40995E-05
  0.38821E-05  0.38203E-05  0.37923E-05  0.37906E-05  0.37673E-05  0.37383E-05
  0.37658E-05  0.36076E-05  0.37551E-05  0.36953E-05  0.35214E-05  0.39433E-05
  0.79677E-01  0.20834E+03
  0.25210E+02  0.13933E+02  0.33116E+01  0.10813E+01  0.54147E+00  0.29028E+00
  0.17512E+00  0.10823E+00  0.70444E-01  0.46851E-01  0.32326E-01  0.16555E-01
  0.93118E-02  0.56339E-02  0.36177E-02  0.24364E-02  0.17050E-02  0.12321E-02
  0.91401E-03  0.69352E-03  0.53641E-03  0.42192E-03  0.33659E-03  0.27224E-03
  0.22261E-03  0.18392E-03  0.15360E-03  0.12927E-03  0.10965E-03  0.93725E-04
  0.80650E-04  0.69886E-04  0.60915E-04  0.53364E-04  0.46975E-04  0.41557E-04
  0.36916E-04  0.32955E-04  0.29579E-04  0.26651E-04  0.24077E-04  0.21778E-04
  0.19779E-04  0.18078E-04  0.16607E-04  0.15238E-04  0.13962E-04  0.12911E-04
  0.11991E-04  0.11138E-04  0.10332E-04  0.96478E-05  0.90798E-05  0.84305E-05
  0.79566E-05  0.74978E-05  0.69608E-05  0.67089E-05  0.63050E-05  0.59431E-05
  0.57223E-05  0.53652E-05  0.52375E-05  0.49071E-05  0.47405E-05  0.44743E-05
  0.43941E-05  0.41449E-05  0.40832E-05  0.38564E-05  0.38080E-05  0.36189E-05
  0.35156E-05  0.34684E-05  0.32895E-05  0.33063E-05  0.31565E-05  0.30104E-05
  0.30251E-05  0.29622E-05  0.29229E-05  0.28333E-05  0.28074E-05  0.28106E-05
  0.26827E-05  0.26573E-05  0.26268E-05  0.25802E-05  0.26462E-05  0.26249E-05
  0.25248E-05  0.25609E-05  0.26032E-05  0.24600E-05  0.24602E-05  0.27185E-05
  0.67462E-01  0.24607E+03