  0.11384E+02  0.11376E+02  0.11350E+02  0.11309E+02  0.11250E+02  0.11175E+02
  0.11085E+02  0.10979E+02  0.10857E+02  0.10722E+02  0.10572E+02  0.10233E+02
  0.98455E+01  0.94167E+01  0.89530E+01  0.84612E+01  0.79486E+01  0.74223E+01
  0.68893E+01  0.63561E+01  0.58290E+01  0.53135E+01  0.48148E+01  0.43371E+01
  0.38839E+01  0.34583E+01  0.30621E+01  0.26969E+01  0.23634E+01  0.20617E+01
  0.17913E+01  0.15513E+01  0.13404E+01  0.11570E+01  0.99911E+00  0.86469E+00
  0.75152E+00  0.65735E+00  0.57990E+00  0.51698E+00  0.46644E+00  0.42629E+00
  0.39465E+00  0.36983E+00  0.35029E+00  0.33470E+00  0.32188E+00  0.31088E+00
  0.30089E+00  0.29132E+00  0.28171E+00  0.27177E+00  0.26138E+00  0.25052E+00
  0.23932E+00  0.22799E+00  0.21685E+00  0.20630E+00  0.19681E+00  0.18887E+00
  0.18302E+00  0.17982E+00  0.17983E+00  0.18360E+00  0.19163E+00  0.20441E+00
  0.22235E+00  0.24582E+00  0.27508E+00  0.31034E+00  0.35169E+00  0.39913E+00
  0.45256E+00  0.51177E+00  0.57644E+00  0.64616E+00  0.72039E+00  0.79854E+00
  0.87988E+00  0.96365E+00  0.10490E+01  0.11350E+01  0.12208E+01  0.13053E+01
  0.13876E+01  0.14667E+01  0.15416E+01  0.16115E+01  0.16754E+01  0.17325E+01
  0.17822E+01  0.18238E+01  0.18567E+01  0.18805E+01  0.18949E+01  0.18997E+01
  0.17353E+02  0.14383E+01
  0.11234E+02  0.11218E+02  0.11168E+02  0.11085E+02  0.10971E+02  0.10825E+02
  0.10651E+02  0.10448E+02  0.10220E+02  0.99678E+01  0.96943E+01  0.90930E+01
  0.84361E+01  0.77444E+01  0.70381E+01  0.63355E+01  0.56525E+01  0.50021E+01
  0.43938E+01  0.38339E+01  0.33258E+01  0.28700E+01  0.24648E+01  0.21071E+01
  0.17925E+01  0.15165E+01  0.12742E+01  0.10614E+01  0.87420E+00  0.70969E+00
  0.56554E+00  0.44013E+00  0.33244E+00  0.24184E+00  0.16793E+00  0.11038E+00
  0.68820E-01  0.42669E-01  0.31111E-01  0.33042E-01  0.47073E-01  0.71556E-01
  0.10464E+00  0.14435E+00  0.18862E+00  0.23542E+00  0.28279E+00  0.32891E+00
  0.37216E+00  0.41114E+00  0.44472E+00  0.47201E+00  0.49240E+00  0.50553E+00
  0.51130E+00  0.50982E+00  0.50139E+00  0.48648E+00  0.46571E+00  0.43981E+00
  0.40959E+00  0.37593E+00  0.33974E+00  0.30192E+00  0.26340E+00  0.22507E+00
  0.18776E+00  0.15228E+00  0.11932E+00  0.89540E-01  0.63484E-01  0.41605E-01
  0.24257E-01  0.11687E-01  0.40358E-02  0.13352E-02  0.35123E-02  0.10392E-01
  0.21700E-01  0.37075E-01  0.56070E-01  0.78167E-01  0.10279E+00  0.12931E+00
  0.15707E+00  0.18539E+00  0.21358E+00  0.24096E+00  0.26689E+00  0.29074E+00
  0.31196E+00  0.33004E+00  0.34456E+00  0.35519E+00  0.36166E+00  0.36383E+00
  0.10073E+02  0.24778E+01
  0.10812E+02  0.10787E+02  0.10711E+02  0.10586E+02  0.10413E+02  0.10196E+02
  0.99368E+01  0.96398E+01  0.93092E+01  0.89495E+01  0.85655E+01  0.77447E+01
  0.68866E+01  0.60289E+01  0.52041E+01  0.44379E+01  0.37478E+01  0.31435E+01
  0.26274E+01  0.21953E+01  0.18391E+01  0.15476E+01  0.13087E+01  0.11106E+01
  0.94308E+00  0.79778E+00  0.66878E+00  0.55235E+00  0.44664E+00  0.35123E+00
  0.26661E+00  0.19368E+00  0.13338E+00  0.86326E-01  0.52703E-01  0.32155E-01
  0.23817E-01  0.26392E-01  0.38271E-01  0.57659E-01  0.82700E-01  0.11158E+00
  0.14262E+00  0.17429E+00  0.20532E+00  0.23461E+00  0.26130E+00  0.28474E+00
  0.30442E+00  0.32001E+00  0.33132E+00  0.33825E+00  0.34081E+00  0.33908E+00
  0.33323E+00  0.32348E+00  0.31013E+00  0.29354E+00  0.27412E+00  0.25234E+00
  0.22873E+00  0.20386E+00  0.17836E+00  0.15286E+00  0.12803E+00  0.10454E+00
  0.83069E-01  0.64245E-01  0.48674E-01  0.36905E-01  0.29417E-01  0.26605E-01
  0.28771E-01  0.36110E-01  0.48708E-01  0.66534E-01  0.89440E-01  0.11716E+00
  0.14933E+00  0.18545E+00  0.22497E+00  0.26722E+00  0.31148E+00  0.35698E+00
  0.40289E+00  0.44839E+00  0.49264E+00  0.53482E+00  0.57414E+00  0.60987E+00
  0.64132E+00  0.66791E+00  0.68914E+00  0.70460E+00  0.71399E+00  0.71713E+00
  0.71799E+01  0.34762E+01
  0.11446E+02  0.11410E+02  0.11302E+02  0.11124E+02  0.10881E+02  0.10576E+02
  0.10215E+02  0.98055E+01  0.93546E+01  0.88702E+01  0.83606E+01  0.72986E+01
  0.62314E+01  0.52135E+01  0.42867E+01  0.34778E+01  0.27988E+01  0.22483E+01
  0.18151E+01  0.14812E+01  0.12259E+01  0.10288E+01  0.87203E+00  0.74155E+00
  0.62767E+00  0.52466E+00  0.43001E+00  0.34344E+00  0.26592E+00  0.19878E+00
  0.14318E+00  0.99708E-01  0.68293E-01  0.48208E-01  0.38229E-01  0.36816E-01
  0.42296E-01  0.53011E-01  0.67432E-01  0.84222E-01  0.10226E+00  0.12065E+00
  0.13868E+00  0.15581E+00  0.17161E+00  0.18576E+00  0.19799E+00  0.20808E+00
  0.21586E+00  0.22115E+00  0.22383E+00  0.22379E+00  0.22098E+00  0.21540E+00
  0.20712E+00  0.19629E+00  0.18313E+00  0.16794E+00  0.15112E+00  0.13314E+00
  0.11452E+00  0.95840E-01  0.77712E-01  0.60759E-01  0.45602E-01  0.32839E-01
  0.23027E-01  0.16670E-01  0.14204E-01  0.15984E-01  0.22280E-01  0.33267E-01
  0.49025E-01  0.69533E-01  0.94677E-01  0.12425E+00  0.15794E+00  0.19538E+00
  0.23610E+00  0.27957E+00  0.32522E+00  0.37240E+00  0.42045E+00  0.46868E+00
  0.51637E+00  0.56282E+00  0.60733E+00  0.64923E+00  0.68787E+00  0.72267E+00
  0.75308E+00  0.77864E+00  0.79895E+00  0.81369E+00  0.82262E+00  0.82561E+00
  0.58467E+01  0.42689E+01
  0.14155E+02  0.14072E+02  0.13821E+02  0.13414E+02  0.12865E+02  0.12193E+02
  0.11422E+02  0.10576E+02  0.96822E+01  0.87661E+01  0.78523E+01  0.61161E+01
  0.46059E+01  0.33904E+01  0.24780E+01  0.18327E+01  0.13947E+01  0.10999E+01
  0.89338E+00  0.73622E+00  0.60570E+00  0.49166E+00  0.39166E+00  0.30656E+00
  0.23759E+00  0.18492E+00  0.14737E+00  0.12273E+00  0.10822E+00  0.10096E+00
  0.98361E-01  0.98280E-01  0.99185E-01  0.10014E+00  0.10074E+00  0.10092E+00
  0.10083E+00  0.10066E+00  0.10052E+00  0.10038E+00  0.10010E+00  0.99473E-01
  0.98272E-01  0.96310E-01  0.93470E-01  0.89724E-01  0.85120E-01  0.79766E-01
  0.73802E-01  0.67386E-01  0.60671E-01  0.53802E-01  0.46911E-01  0.40117E-01
  0.33538E-01  0.27289E-01  0.21493E-01  0.16279E-01  0.11786E-01  0.81590E-02
  0.55459E-02  0.40917E-02  0.39336E-02  0.51952E-02  0.79819E-02  0.12377E-01
  0.18440E-01  0.26204E-01  0.35676E-01  0.46836E-01  0.59639E-01  0.74019E-01
  0.89882E-01  0.10712E+00  0.12560E+00  0.14517E+00  0.16566E+00  0.18691E+00
  0.20871E+00  0.23086E+00  0.25314E+00  0.27535E+00  0.29726E+00  0.31865E+00
  0.33930E+00  0.35898E+00  0.37751E+00  0.39466E+00  0.41027E+00  0.42417E+00
  0.43619E+00  0.44622E+00  0.45413E+00  0.45984E+00  0.46330E+00  0.46445E+00
  0.38949E+01  0.64081E+01
  0.16086E+02  0.15951E+02  0.15548E+02  0.14899E+02  0.14039E+02  0.13010E+02
  0.11860E+02  0.10641E+02  0.94017E+01  0.81879E+01  0.70370E+01  0.50309E+01
  0.35029E+01  0.24417E+01  0.17538E+01  0.13190E+01  0.10326E+01  0.82410E+00
  0.65652E+00  0.51606E+00  0.40015E+00  0.30912E+00  0.24223E+00  0.19671E+00
  0.16821E+00  0.15164E+00  0.14211E+00  0.13566E+00  0.12970E+00  0.12310E+00
  0.11587E+00  0.10857E+00  0.10185E+00  0.96082E-01  0.91280E-01  0.87201E-01
  0.83494E-01  0.79844E-01  0.76055E-01  0.72057E-01  0.67881E-01  0.63610E-01
  0.59327E-01  0.55092E-01  0.50931E-01  0.46839E-01  0.42801E-01  0.38809E-01
  0.34876E-01  0.31043E-01  0.27373E-01  0.23945E-01  0.20842E-01  0.18140E-01
  0.15904E-01  0.14183E-01  0.13013E-01  0.12418E-01  0.12416E-01  0.13017E-01
  0.14232E-01  0.16068E-01  0.18531E-01  0.21624E-01  0.25344E-01  0.29685E-01
  0.34633E-01  0.40165E-01  0.46253E-01  0.52860E-01  0.59942E-01  0.67452E-01
  0.75335E-01  0.83534E-01  0.91990E-01  0.10064E+00  0.10942E+00  0.11826E+00
  0.12709E+00  0.13586E+00  0.14450E+00  0.15293E+00  0.16110E+00  0.16895E+00
  0.17641E+00  0.18343E+00  0.18996E+00  0.19595E+00  0.20134E+00  0.20611E+00
  0.21020E+00  0.21360E+00  0.21627E+00  0.21820E+00  0.21936E+00  0.21974E+00
  0.31483E+01  0.79279E+01
  0.17616E+02  0.17426E+02  0.16862E+02  0.15965E+02  0.14793E+02  0.13422E+02
  0.11930E+02  0.10399E+02  0.89007E+01  0.74950E+01  0.62251E+01  0.41810E+01
  0.27965E+01  0.19372E+01  0.14181E+01  0.10854E+01  0.84499E+00  0.65488E+00
  0.50197E+00  0.38367E+00  0.29804E+00  0.24076E+00  0.20514E+00  0.18348E+00
  0.16870E+00  0.15584E+00  0.14267E+00  0.12915E+00  0.11632E+00  0.10519E+00
  0.96186E-01  0.89081E-01  0.83299E-01  0.78231E-01  0.73443E-01  0.68740E-01
  0.64113E-01  0.59643E-01  0.55408E-01  0.51430E-01  0.47671E-01  0.44071E-01
  0.40577E-01  0.37177E-01  0.33898E-01  0.30792E-01  0.27919E-01  0.25327E-01
  0.23042E-01  0.21069E-01  0.19400E-01  0.18021E-01  0.16921E-01  0.16097E-01
  0.15557E-01  0.15311E-01  0.15375E-01  0.15760E-01  0.16475E-01  0.17520E-01
  0.18890E-01  0.20575E-01  0.22562E-01  0.24835E-01  0.27377E-01  0.30171E-01
  0.33200E-01  0.36444E-01  0.39885E-01  0.43503E-01  0.47275E-01  0.51178E-01
  0.55187E-01  0.59277E-01  0.63420E-01  0.67590E-01  0.71759E-01  0.75900E-01
  0.79985E-01  0.83989E-01  0.87887E-01  0.91655E-01  0.95270E-01  0.98710E-01
  0.10195E+00  0.10498E+00  0.10778E+00  0.11033E+00  0.11261E+00  0.11462E+00
  0.11633E+00  0.11775E+00  0.11886E+00  0.11966E+00  0.12014E+00  0.12030E+00
  0.27078E+01  0.92176E+01
  0.18886E+02  0.18638E+02  0.17908E+02  0.16759E+02  0.15281E+02  0.13587E+02
  0.11792E+02  0.10007E+02  0.83236E+01  0.68081E+01  0.55004E+01  0.35419E+01
  0.23387E+01  0.16406E+01  0.12173E+01  0.92652E+00  0.70483E+00  0.53225E+00
  0.40341E+00  0.31391E+00  0.25638E+00  0.22078E+00  0.19680E+00  0.17680E+00
  0.15728E+00  0.13821E+00  0.12108E+00  0.10707E+00  0.96323E-01  0.88114E-01
  0.81429E-01  0.75441E-01  0.69725E-01  0.64216E-01  0.59029E-01  0.54280E-01
  0.49985E-01  0.46071E-01  0.42438E-01  0.39018E-01  0.35800E-01  0.32812E-01
  0.30094E-01  0.27666E-01  0.25521E-01  0.23626E-01  0.21944E-01  0.20444E-01
  0.19113E-01  0.17958E-01  0.16995E-01  0.16242E-01  0.15713E-01  0.15410E-01
  0.15328E-01  0.15454E-01  0.15775E-01  0.16276E-01  0.16950E-01  0.17787E-01
  0.18783E-01  0.19934E-01  0.21234E-01  0.22677E-01  0.24254E-01  0.25955E-01
  0.27768E-01  0.29681E-01  0.31680E-01  0.33752E-01  0.35886E-01  0.38067E-01
  0.40285E-01  0.42526E-01  0.44777E-01  0.47028E-01  0.49265E-01  0.51475E-01
  0.53646E-01  0.55766E-01  0.57821E-01  0.59802E-01  0.61697E-01  0.63496E-01
  0.65188E-01  0.66765E-01  0.68218E-01  0.69539E-01  0.70721E-01  0.71758E-01
  0.72644E-01  0.73374E-01  0.73945E-01  0.74354E-01  0.74599E-01  0.74681E-01
  0.24032E+01  0.10386E+02
  0.19966E+02  0.19658E+02  0.18758E+02  0.17355E+02  0.15580E+02  0.13585E+02
  0.11527E+02  0.95411E+01  0.77337E+01  0.61703E+01  0.48782E+01  0.30629E+01
  0.20278E+01  0.14412E+01  0.10699E+01  0.80172E+00  0.59807E+00  0.44795E+00
  0.34486E+00  0.27915E+00  0.23777E+00  0.20803E+00  0.18184E+00  0.15688E+00
  0.13439E+00  0.11607E+00  0.10230E+00  0.92116E-01  0.84047E-01  0.76900E-01
  0.70115E-01  0.63676E-01  0.57787E-01  0.52582E-01  0.48029E-01  0.43983E-01
  0.40305E-01  0.36924E-01  0.33836E-01  0.31061E-01  0.28603E-01  0.26433E-01
  0.24500E-01  0.22753E-01  0.21165E-01  0.19734E-01  0.18477E-01  0.17411E-01
  0.16541E-01  0.15860E-01  0.15349E-01  0.14984E-01  0.14747E-01  0.14625E-01
  0.14617E-01  0.14722E-01  0.14946E-01  0.15287E-01  0.15745E-01  0.16313E-01
  0.16983E-01  0.17747E-01  0.18594E-01  0.19517E-01  0.20509E-01  0.21563E-01
  0.22674E-01  0.23835E-01  0.25041E-01  0.26285E-01  0.27561E-01  0.28860E-01
  0.30177E-01  0.31503E-01  0.32831E-01  0.34154E-01  0.35464E-01  0.36756E-01
  0.38022E-01  0.39256E-01  0.40451E-01  0.41601E-01  0.42700E-01  0.43743E-01
  0.44724E-01  0.45638E-01  0.46481E-01  0.47247E-01  0.47933E-01  0.48536E-01
  0.49051E-01  0.49475E-01  0.49807E-01  0.50044E-01  0.50186E-01  0.50233E-01
  0.21745E+01  0.11478E+02
  0.20898E+02  0.20530E+02  0.19457E+02  0.17801E+02  0.15738E+02  0.13468E+02
  0.11183E+02  0.90440E+01  0.71632E+01  0.55972E+01  0.43538E+01  0.27003E+01
  0.18041E+01  0.12916E+01  0.95164E+00  0.70205E+00  0.51838E+00  0.39125E+00
  0.30974E+00  0.25828E+00  0.22123E+00  0.18903E+00  0.15950E+00  0.13436E+00
  0.11506E+00  0.10114E+00  0.90773E-01  0.82106E-01  0.74062E-01  0.66457E-01
  0.59559E-01  0.53590E-01  0.48520E-01  0.44140E-01  0.40239E-01  0.36702E-01
  0.33511E-01  0.30678E-01  0.28190E-01  0.25996E-01  0.24034E-01  0.22262E-01
  0.20669E-01  0.19263E-01  0.18055E-01  0.17041E-01  0.16197E-01  0.15493E-01
  0.14899E-01  0.14399E-01  0.13992E-01  0.13682E-01  0.13477E-01  0.13378E-01
  0.13381E-01  0.13476E-01  0.13653E-01  0.13899E-01  0.14208E-01  0.14576E-01
  0.14998E-01  0.15474E-01  0.16003E-01  0.16581E-01  0.17207E-01  0.17874E-01
  0.18577E-01  0.19312E-01  0.20072E-01  0.20853E-01  0.21650E-01  0.22459E-01
  0.23275E-01  0.24096E-01  0.24916E-01  0.25731E-01  0.26537E-01  0.27331E-01
  0.28108E-01  0.28865E-01  0.29597E-01  0.30301E-01  0.30973E-01  0.31610E-01
  0.32208E-01  0.32766E-01  0.33279E-01  0.33746E-01  0.34164E-01  0.34531E-01
  0.34845E-01  0.35103E-01  0.35305E-01  0.35448E-01  0.35534E-01  0.35563E-01
  0.19939E+01  0.12517E+02
  0.21715E+02  0.21285E+02  0.20038E+02  0.18132E+02  0.15793E+02  0.13270E+02
  0.10793E+02  0.85431E+01  0.66291E+01  0.50921E+01  0.39159E+01  0.24213E+01
  0.16341E+01  0.11715E+01  0.85412E+00  0.62246E+00  0.45908E+00  0.35247E+00
  0.28566E+00  0.23940E+00  0.20087E+00  0.16663E+00  0.13837E+00  0.11735E+00
  0.10249E+00  0.91319E-01  0.81687E-01  0.72664E-01  0.64358E-01  0.57154E-01
  0.51162E-01  0.46156E-01  0.41814E-01  0.37921E-01  0.34414E-01  0.31307E-01
  0.28598E-01  0.26232E-01  0.24139E-01  0.22271E-01  0.20613E-01  0.19168E-01
  0.17932E-01  0.16880E-01  0.15975E-01  0.15180E-01  0.14478E-01  0.13867E-01
  0.13355E-01  0.12948E-01  0.12645E-01  0.12433E-01  0.12296E-01  0.12221E-01
  0.12198E-01  0.12224E-01  0.12299E-01  0.12427E-01  0.12606E-01  0.12835E-01
  0.13109E-01  0.13423E-01  0.13770E-01  0.14146E-01  0.14547E-01  0.14971E-01
  0.15415E-01  0.15878E-01  0.16357E-01  0.16850E-01  0.17355E-01  0.17869E-01
  0.18389E-01  0.18911E-01  0.19433E-01  0.19952E-01  0.20464E-01  0.20968E-01
  0.21461E-01  0.21939E-01  0.22402E-01  0.22846E-01  0.23269E-01  0.23669E-01
  0.24045E-01  0.24395E-01  0.24717E-01  0.25008E-01  0.25268E-01  0.25497E-01
  0.25692E-01  0.25853E-01  0.25979E-01  0.26070E-01  0.26124E-01  0.26142E-01
  0.18465E+01  0.13517E+02
  0.22441E+02  0.21948E+02  0.20524E+02  0.18372E+02  0.15770E+02  0.13017E+02
  0.10381E+02  0.80546E+01  0.61386E+01  0.46516E+01  0.35511E+01  0.22022E+01
  0.14987E+01  0.10714E+01  0.77254E+00  0.55849E+00  0.41446E+00  0.32405E+00
  0.26487E+00  0.21878E+00  0.17900E+00  0.14648E+00  0.12259E+00  0.10596E+00
  0.93521E-01  0.82745E-01  0.72717E-01  0.63719E-01  0.56176E-01  0.50061E-01
  0.44979E-01  0.40531E-01  0.36529E-01  0.32964E-01  0.29862E-01  0.27191E-01
  0.24870E-01  0.22827E-01  0.21026E-01  0.19458E-01  0.18111E-01  0.16952E-01
  0.15940E-01  0.15041E-01  0.14242E-01  0.13546E-01  0.12961E-01  0.12483E-01
  0.12097E-01  0.11785E-01  0.11528E-01  0.11320E-01  0.11158E-01  0.11046E-01
  0.10988E-01  0.10981E-01  0.11020E-01  0.11098E-01  0.11208E-01  0.11344E-01
  0.11504E-01  0.11687E-01  0.11893E-01  0.12121E-01  0.12370E-01  0.12639E-01
  0.12925E-01  0.13224E-01  0.13535E-01  0.13854E-01  0.14180E-01  0.14509E-01
  0.14841E-01  0.15174E-01  0.15506E-01  0.15837E-01  0.16164E-01  0.16485E-01
  0.16801E-01  0.17107E-01  0.17404E-01  0.17690E-01  0.17962E-01  0.18220E-01
  0.18463E-01  0.18688E-01  0.18896E-01  0.19085E-01  0.19254E-01  0.19402E-01
  0.19529E-01  0.19633E-01  0.19715E-01  0.19774E-01  0.19810E-01  0.19822E-01
  0.17231E+01  0.14485E+02
  0.23091E+02  0.22534E+02  0.20934E+02  0.18539E+02  0.15685E+02  0.12727E+02
  0.99611E+01  0.75877E+01  0.56934E+01  0.42697E+01  0.32468E+01  0.20263E+01
  0.13870E+01  0.98606E+00  0.70351E+00  0.50671E+00  0.38002E+00  0.30067E+00
  0.24420E+00  0.19751E+00  0.15927E+00  0.13103E+00  0.11159E+00  0.97409E-01
  0.85342E-01  0.74234E-01  0.64426E-01  0.56389E-01  0.49991E-01  0.44690E-01
  0.40024E-01  0.35829E-01  0.32141E-01  0.28987E-01  0.26304E-01  0.23984E-01
  0.21953E-01  0.20180E-01  0.18648E-01  0.17330E-01  0.16180E-01  0.15162E-01
  0.14259E-01  0.13473E-01  0.12805E-01  0.12246E-01  0.11774E-01  0.11368E-01
  0.11013E-01  0.10706E-01  0.10450E-01  0.10251E-01  0.10105E-01  0.10006E-01
  0.99428E-02  0.99085E-02  0.98983E-02  0.99109E-02  0.99471E-02  0.10008E-01
  0.10094E-01  0.10202E-01  0.10331E-01  0.10474E-01  0.10630E-01  0.10797E-01
  0.10973E-01  0.11157E-01  0.11350E-01  0.11549E-01  0.11754E-01  0.11964E-01
  0.12176E-01  0.12391E-01  0.12606E-01  0.12820E-01  0.13031E-01  0.13239E-01
  0.13442E-01  0.13638E-01  0.13827E-01  0.14009E-01  0.14182E-01  0.14346E-01
  0.14499E-01  0.14642E-01  0.14773E-01  0.14892E-01  0.14998E-01  0.15091E-01
  0.15171E-01  0.15236E-01  0.15288E-01  0.15325E-01  0.15347E-01  0.15354E-01
  0.16179E+01  0.15427E+02
  0.27295E+02  0.26073E+02  0.22727E+02  0.18180E+02  0.13489E+02  0.94555E+01
  0.64421E+01  0.44181E+01  0.31456E+01  0.23558E+01  0.18425E+01  0.11964E+01
  0.77753E+00  0.51251E+00  0.35891E+00  0.26035E+00  0.19228E+00  0.14813E+00
  0.11873E+00  0.95709E-01  0.77207E-01  0.63694E-01  0.53728E-01  0.45403E-01
  0.38307E-01  0.32721E-01  0.28390E-01  0.24773E-01  0.21657E-01  0.19090E-01
  0.17018E-01  0.15276E-01  0.13764E-01  0.12470E-01  0.11379E-01  0.10445E-01
  0.96302E-02  0.89188E-02  0.82997E-02  0.77568E-02  0.72767E-02  0.68526E-02
  0.64777E-02  0.61424E-02  0.58392E-02  0.55664E-02  0.53233E-02  0.51055E-02
  0.49067E-02  0.47237E-02  0.45567E-02  0.44058E-02  0.42690E-02  0.41440E-02
  0.40280E-02  0.39199E-02  0.38200E-02  0.37291E-02  0.36461E-02  0.35693E-02
  0.34976E-02  0.34311E-02  0.33697E-02  0.33131E-02  0.32608E-02  0.32118E-02
  0.31655E-02  0.31226E-02  0.30833E-02  0.30467E-02  0.30121E-02  0.29799E-02
  0.29505E-02  0.29231E-02  0.28971E-02  0.28731E-02  0.28515E-02  0.28317E-02
  0.28132E-02  0.27956E-02  0.27791E-02  0.27642E-02  0.27515E-02  0.27403E-02
  0.27293E-02  0.27186E-02  0.27098E-02  0.27029E-02  0.26966E-02  0.26904E-02
  0.26850E-02  0.26808E-02  0.26775E-02  0.26755E-02  0.26751E-02  0.26751E-02
  0.10407E+01  0.23983E+02
  0.29625E+02  0.27714E+02  0.22727E+02  0.16555E+02  0.10998E+02  0.69728E+01
  0.44768E+01  0.30565E+01  0.22435E+01  0.17285E+01  0.13521E+01  0.80973E+00
  0.49499E+00  0.32700E+00  0.22536E+00  0.16297E+00  0.12287E+00  0.93573E-01
  0.73036E-01  0.58742E-01  0.47403E-01  0.38549E-01  0.32077E-01  0.26935E-01
  0.22687E-01  0.19409E-01  0.16816E-01  0.14614E-01  0.12802E-01  0.11345E-01
  0.10106E-01  0.90388E-02  0.81496E-02  0.73947E-02  0.67330E-02  0.61590E-02
  0.56641E-02  0.52286E-02  0.48416E-02  0.44996E-02  0.41963E-02  0.39247E-02
  0.36807E-02  0.34610E-02  0.32624E-02  0.30823E-02  0.29188E-02  0.27696E-02
  0.26333E-02  0.25085E-02  0.23938E-02  0.22882E-02  0.21913E-02  0.21017E-02
  0.20188E-02  0.19420E-02  0.18705E-02  0.18041E-02  0.17428E-02  0.16858E-02
  0.16327E-02  0.15832E-02  0.15368E-02  0.14935E-02  0.14530E-02  0.14153E-02
  0.13804E-02  0.13475E-02  0.13159E-02  0.12866E-02  0.12601E-02  0.12352E-02
  0.12117E-02  0.11900E-02  0.11694E-02  0.11493E-02  0.11308E-02  0.11144E-02
  0.10995E-02  0.10854E-02  0.10723E-02  0.10604E-02  0.10496E-02  0.10390E-02
  0.10296E-02  0.10218E-02  0.10139E-02  0.10060E-02  0.10002E-02  0.99622E-03
  0.99207E-03  0.98772E-03  0.98446E-03  0.98350E-03  0.98486E-03  0.98597E-03
  0.78693E+00  0.31717E+02
  0.31188E+02  0.28584E+02  0.22093E+02  0.14759E+02  0.89615E+01  0.53591E+01
  0.34252E+01  0.24095E+01  0.18056E+01  0.13704E+01  0.10246E+01  0.57200E+00
  0.35198E+00  0.23093E+00  0.16005E+00  0.11539E+00  0.85252E-01  0.65448E-01
  0.50882E-01  0.40097E-01  0.32428E-01  0.26395E-01  0.21762E-01  0.18287E-01
  0.15439E-01  0.13175E-01  0.11392E-01  0.98879E-02  0.86565E-02  0.76543E-02
  0.67929E-02  0.60666E-02  0.54559E-02  0.49230E-02  0.44631E-02  0.40671E-02
  0.37178E-02  0.34106E-02  0.31414E-02  0.29020E-02  0.26881E-02  0.24973E-02
  0.23262E-02  0.21720E-02  0.20330E-02  0.19073E-02  0.17932E-02  0.16894E-02
  0.15949E-02  0.15086E-02  0.14296E-02  0.13572E-02  0.12907E-02  0.12298E-02
  0.11736E-02  0.11215E-02  0.10735E-02  0.10293E-02  0.98829E-03  0.95008E-03
  0.91474E-03  0.88219E-03  0.85201E-03  0.82380E-03  0.79727E-03  0.77242E-03
  0.74983E-03  0.72910E-03  0.70931E-03  0.69076E-03  0.67356E-03  0.65726E-03
  0.64224E-03  0.62862E-03  0.61587E-03  0.60386E-03  0.59298E-03  0.58295E-03
  0.57295E-03  0.56361E-03  0.55573E-03  0.54849E-03  0.54147E-03  0.53506E-03
  0.52941E-03  0.52456E-03  0.52027E-03  0.51637E-03  0.51260E-03  0.50904E-03
  0.50664E-03  0.50477E-03  0.50236E-03  0.50088E-03  0.50110E-03  0.50150E-03
  0.63915E+00  0.39051E+02
  0.32336E+02  0.29040E+02  0.21191E+02  0.13075E+02  0.74025E+01  0.43220E+01
  0.28236E+01  0.20321E+01  0.15029E+01  0.10904E+01  0.78100E+00  0.43310E+00
  0.26719E+00  0.17473E+00  0.12051E+00  0.86161E-01  0.64143E-01  0.48457E-01
  0.37602E-01  0.29731E-01  0.23766E-01  0.19437E-01  0.16010E-01  0.13367E-01
  0.11312E-01  0.96210E-02  0.82894E-02  0.71900E-02  0.62768E-02  0.55299E-02
  0.48883E-02  0.43507E-02  0.38957E-02  0.34993E-02  0.31600E-02  0.28645E-02
  0.26056E-02  0.23790E-02  0.21788E-02  0.20023E-02  0.18460E-02  0.17061E-02
  0.15811E-02  0.14690E-02  0.13679E-02  0.12771E-02  0.11950E-02  0.11206E-02
  0.10534E-02  0.99206E-03  0.93610E-03  0.88501E-03  0.83834E-03  0.79551E-03
  0.75623E-03  0.72010E-03  0.68684E-03  0.65632E-03  0.62815E-03  0.60208E-03
  0.57788E-03  0.55557E-03  0.53518E-03  0.51612E-03  0.49803E-03  0.48153E-03
  0.46647E-03  0.45227E-03  0.43923E-03  0.42682E-03  0.41514E-03  0.40472E-03
  0.39507E-03  0.38607E-03  0.37749E-03  0.36935E-03  0.36205E-03  0.35537E-03
  0.34893E-03  0.34316E-03  0.33831E-03  0.33352E-03  0.32873E-03  0.32455E-03
  0.32103E-03  0.31764E-03  0.31435E-03  0.31212E-03  0.30998E-03  0.30773E-03
  0.30629E-03  0.30474E-03  0.30381E-03  0.30371E-03  0.30265E-03  0.30176E-03
  0.54097E+00  0.46137E+02
  0.33231E+02  0.29248E+02  0.20178E+02  0.11580E+02  0.62307E+01  0.36403E+01
  0.24417E+01  0.17575E+01  0.12510E+01  0.86886E+00  0.61317E+00  0.34510E+00
  0.21089E+00  0.13769E+00  0.94410E-01  0.67795E-01  0.49830E-01  0.37777E-01
  0.29185E-01  0.22966E-01  0.18442E-01  0.14950E-01  0.12348E-01  0.10270E-01
  0.86595E-02  0.73693E-02  0.63165E-02  0.54699E-02  0.47566E-02  0.41726E-02
  0.36787E-02  0.32610E-02  0.29077E-02  0.26027E-02  0.23402E-02  0.21122E-02
  0.19142E-02  0.17405E-02  0.15883E-02  0.14538E-02  0.13349E-02  0.12295E-02
  0.11349E-02  0.10509E-02  0.97605E-03  0.90789E-03  0.84706E-03  0.79230E-03
  0.74203E-03  0.69656E-03  0.65559E-03  0.61802E-03  0.58379E-03  0.55303E-03
  0.52466E-03  0.49850E-03  0.47456E-03  0.45247E-03  0.43209E-03  0.41339E-03
  0.39620E-03  0.38031E-03  0.36564E-03  0.35208E-03  0.33950E-03  0.32779E-03
  0.31694E-03  0.30703E-03  0.29762E-03  0.28884E-03  0.28084E-03  0.27337E-03
  0.26657E-03  0.26013E-03  0.25413E-03  0.24870E-03  0.24353E-03  0.23874E-03
  0.23452E-03  0.23052E-03  0.22678E-03  0.22338E-03  0.22021E-03  0.21732E-03
  0.21473E-03  0.21231E-03  0.21030E-03  0.20856E-03  0.20653E-03  0.20537E-03
  0.20427E-03  0.20279E-03  0.20237E-03  0.20207E-03  0.20123E-03  0.20076E-03
  0.47036E+00  0.53064E+02
  0.33956E+02  0.29293E+02  0.19135E+02  0.10286E+02  0.53511E+01  0.31746E+01
  0.21669E+01  0.15256E+01  0.10385E+01  0.70444E+00  0.50035E+00  0.28278E+00
  0.17142E+00  0.11168E+00  0.76702E-01  0.54656E-01  0.40232E-01  0.30366E-01
  0.23411E-01  0.18433E-01  0.14708E-01  0.11955E-01  0.98039E-02  0.81677E-02
  0.68522E-02  0.58210E-02  0.49744E-02  0.42896E-02  0.37241E-02  0.32527E-02
  0.28597E-02  0.25260E-02  0.22447E-02  0.20025E-02  0.17948E-02  0.16155E-02
  0.14596E-02  0.13222E-02  0.12038E-02  0.10982E-02  0.10056E-02  0.92412E-03
  0.85083E-03  0.78616E-03  0.72758E-03  0.67534E-03  0.62895E-03  0.58648E-03
  0.54870E-03  0.51462E-03  0.48307E-03  0.45480E-03  0.42939E-03  0.40555E-03
  0.38411E-03  0.36456E-03  0.34653E-03  0.32998E-03  0.31501E-03  0.30101E-03
  0.28789E-03  0.27607E-03  0.26523E-03  0.25508E-03  0.24564E-03  0.23702E-03
  0.22908E-03  0.22159E-03  0.21462E-03  0.20819E-03  0.20227E-03  0.19673E-03
  0.19158E-03  0.18677E-03  0.18237E-03  0.17830E-03  0.17455E-03  0.17110E-03
  0.16786E-03  0.16493E-03  0.16225E-03  0.15972E-03  0.15750E-03  0.15549E-03
  0.15355E-03  0.15191E-03  0.15035E-03  0.14894E-03  0.14770E-03  0.14657E-03
  0.14575E-03  0.14483E-03  0.14433E-03  0.14398E-03  0.14362E-03  0.14352E-03
  0.41680E+00  0.59883E+02
  0.34553E+02  0.29220E+02  0.18099E+02  0.91789E+01  0.46868E+01  0.28401E+01
  0.19443E+01  0.13200E+01  0.86679E+00  0.58646E+00  0.42124E+00  0.23569E+00
  0.14278E+00  0.92886E-01  0.63669E-01  0.45246E-01  0.33274E-01  0.25019E-01
  0.19299E-01  0.15115E-01  0.12074E-01  0.97558E-02  0.80108E-02  0.66341E-02
  0.55675E-02  0.47029E-02  0.40155E-02  0.34492E-02  0.29879E-02  0.26016E-02
  0.22812E-02  0.20101E-02  0.17806E-02  0.15841E-02  0.14164E-02  0.12700E-02
  0.11450E-02  0.10353E-02  0.94051E-03  0.85669E-03  0.78326E-03  0.71774E-03
  0.65935E-03  0.60828E-03  0.56208E-03  0.52154E-03  0.48481E-03  0.45113E-03
  0.42178E-03  0.39442E-03  0.37010E-03  0.34861E-03  0.32783E-03  0.30991E-03
  0.29335E-03  0.27782E-03  0.26396E-03  0.25123E-03  0.23909E-03  0.22854E-03
  0.21877E-03  0.20941E-03  0.20082E-03  0.19316E-03  0.18604E-03  0.17903E-03
  0.17286E-03  0.16726E-03  0.16199E-03  0.15690E-03  0.15231E-03  0.14822E-03
  0.14438E-03  0.14068E-03  0.13723E-03  0.13406E-03  0.13117E-03  0.12851E-03
  0.12605E-03  0.12369E-03  0.12149E-03  0.11955E-03  0.11781E-03  0.11629E-03
  0.11494E-03  0.11373E-03  0.11260E-03  0.11158E-03  0.11064E-03  0.10979E-03
  0.10907E-03  0.10845E-03  0.10796E-03  0.10758E-03  0.10735E-03  0.10730E-03
  0.37468E+00  0.66614E+02
  0.35062E+02  0.29068E+02  0.17098E+02  0.82385E+01  0.41794E+01  0.25851E+01
  0.17488E+01  0.11400E+01  0.73362E+00  0.50101E+00  0.36165E+00  0.19962E+00
  0.12123E+00  0.78756E-01  0.53788E-01  0.38267E-01  0.27986E-01  0.21081E-01
  0.16166E-01  0.12677E-01  0.10068E-01  0.81409E-02  0.66503E-02  0.55057E-02
  0.45974E-02  0.38818E-02  0.33022E-02  0.28329E-02  0.24453E-02  0.21252E-02
  0.18578E-02  0.16336E-02  0.14438E-02  0.12813E-02  0.11434E-02  0.10233E-02
  0.92206E-03  0.83162E-03  0.75432E-03  0.68464E-03  0.62535E-03  0.57227E-03
  0.52604E-03  0.48461E-03  0.44677E-03  0.41431E-03  0.38370E-03  0.35769E-03
  0.33405E-03  0.31196E-03  0.29304E-03  0.27489E-03  0.25894E-03  0.24433E-03
  0.23054E-03  0.21867E-03  0.20794E-03  0.19731E-03  0.18825E-03  0.17944E-03
  0.17127E-03  0.16410E-03  0.15742E-03  0.15092E-03  0.14539E-03  0.14045E-03
  0.13540E-03  0.13056E-03  0.12650E-03  0.12256E-03  0.11874E-03  0.11529E-03
  0.11219E-03  0.10950E-03  0.10690E-03  0.10445E-03  0.10196E-03  0.99950E-04
  0.98096E-04  0.96303E-04  0.94627E-04  0.92973E-04  0.91446E-04  0.90042E-04
  0.88946E-04  0.87889E-04  0.87003E-04  0.86291E-04  0.85635E-04  0.85241E-04
  0.84752E-04  0.84277E-04  0.84018E-04  0.83621E-04  0.83502E-04  0.83813E-04
  0.34071E+00  0.73255E+02
  0.35503E+02  0.28858E+02  0.16142E+02  0.74413E+01  0.37858E+01  0.23779E+01
  0.15705E+01  0.98684E+00  0.63210E+00  0.43647E+00  0.31381E+00  0.17187E+00
  0.10445E+00  0.67763E-01  0.46227E-01  0.32792E-01  0.23982E-01  0.17979E-01
  0.13795E-01  0.10759E-01  0.85534E-02  0.68798E-02  0.56194E-02  0.46337E-02
  0.38649E-02  0.32531E-02  0.27615E-02  0.23624E-02  0.20355E-02  0.17660E-02
  0.15402E-02  0.13526E-02  0.11925E-02  0.10564E-02  0.94144E-03  0.84117E-03
  0.75665E-03  0.68197E-03  0.61756E-03  0.56015E-03  0.51100E-03  0.46686E-03
  0.42878E-03  0.39450E-03  0.36341E-03  0.33651E-03  0.31172E-03  0.29091E-03
  0.27082E-03  0.25325E-03  0.23702E-03  0.22205E-03  0.20981E-03  0.19733E-03
  0.18653E-03  0.17682E-03  0.16714E-03  0.15938E-03  0.15148E-03  0.14435E-03
  0.13828E-03  0.13239E-03  0.12639E-03  0.12159E-03  0.11697E-03  0.11231E-03
  0.10822E-03  0.10498E-03  0.10140E-03  0.98129E-04  0.95182E-04  0.92790E-04
  0.89930E-04  0.87427E-04  0.85216E-04  0.83401E-04  0.81559E-04  0.79885E-04
  0.78022E-04  0.76533E-04  0.75394E-04  0.74236E-04  0.73235E-04  0.72202E-04
  0.71197E-04  0.70199E-04  0.69508E-04  0.68561E-04  0.68179E-04  0.67721E-04
  0.67372E-04  0.67317E-04  0.66939E-04  0.66799E-04  0.66720E-04  0.65996E-04
  0.31269E+00  0.79822E+02
  0.37040E+02  0.27314E+02  0.12163E+02  0.49373E+01  0.26857E+01  0.16214E+01
  0.91471E+00  0.55191E+00  0.36508E+00  0.24665E+00  0.17357E+00  0.95734E-01
  0.57917E-01  0.37356E-01  0.25284E-01  0.17747E-01  0.12843E-01  0.95287E-02
  0.72214E-02  0.55810E-02  0.43855E-02  0.34965E-02  0.28265E-02  0.23115E-02
  0.19100E-02  0.15959E-02  0.13443E-02  0.11418E-02  0.97690E-03  0.84221E-03
  0.73077E-03  0.63639E-03  0.55932E-03  0.49399E-03  0.43737E-03  0.39009E-03
  0.34809E-03  0.31279E-03  0.28318E-03  0.25568E-03  0.23262E-03  0.21158E-03
  0.19420E-03  0.17849E-03  0.16360E-03  0.15131E-03  0.13927E-03  0.13051E-03
  0.12057E-03  0.11281E-03  0.10480E-03  0.99002E-04  0.92583E-04  0.87574E-04
  0.81775E-04  0.77856E-04  0.73207E-04  0.69518E-04  0.66670E-04  0.62825E-04
  0.60268E-04  0.57312E-04  0.54634E-04  0.52781E-04  0.50391E-04  0.48709E-04
  0.46864E-04  0.44915E-04  0.43549E-04  0.42172E-04  0.40413E-04  0.39375E-04
  0.38764E-04  0.37369E-04  0.36261E-04  0.35626E-04  0.34791E-04  0.33721E-04
  0.32829E-04  0.32151E-04  0.31836E-04  0.31495E-04  0.30842E-04  0.30075E-04
  0.29689E-04  0.29475E-04  0.29375E-04  0.29366E-04  0.28809E-04  0.28698E-04
  0.28247E-04  0.28303E-04  0.27786E-04  0.27843E-04  0.27297E-04  0.28635E-04
  0.22333E+00  0.11176E+03
  0.37994E+02  0.25475E+02  0.94022E+01  0.37647E+01  0.20879E+01  0.10973E+01
  0.60001E+00  0.37195E+00  0.23689E+00  0.16058E+00  0.11375E+00  0.62500E-01
  0.37582E-01  0.24056E-01  0.16123E-01  0.11203E-01  0.80239E-02  0.58985E-02
  0.44340E-02  0.33997E-02  0.26523E-02  0.21024E-02  0.16896E-02  0.13748E-02
  0.11317E-02  0.94131E-03  0.78952E-03  0.66806E-03  0.57012E-03  0.49038E-03
  0.42424E-03  0.36900E-03  0.32329E-03  0.28480E-03  0.25150E-03  0.22403E-03
  0.20049E-03  0.17933E-03  0.16139E-03  0.14646E-03  0.13242E-03  0.12087E-03
  0.11053E-03  0.10081E-03  0.92685E-04  0.86016E-04  0.78686E-04  0.73409E-04
  0.68066E-04  0.63324E-04  0.59802E-04  0.54784E-04  0.52028E-04  0.48680E-04
  0.46310E-04  0.43144E-04  0.40997E-04  0.38766E-04  0.36898E-04  0.35007E-04
  0.33459E-04  0.31474E-04  0.30628E-04  0.28751E-04  0.28312E-04  0.26683E-04
  0.25719E-04  0.24959E-04  0.23580E-04  0.23297E-04  0.22494E-04  0.21633E-04
  0.21044E-04  0.20520E-04  0.19774E-04  0.19282E-04  0.19070E-04  0.18365E-04
  0.17866E-04  0.17797E-04  0.17705E-04  0.17115E-04  0.16775E-04  0.16254E-04
  0.16228E-04  0.16401E-04  0.16162E-04  0.15617E-04  0.15557E-04  0.15233E-04
  0.15156E-04  0.15196E-04  0.14728E-04  0.15312E-04  0.14474E-04  0.17260E-04
  0.17511E+00  0.14253E+03
  0.38618E+02  0.23610E+02  0.75286E+01  0.31223E+01  0.16204E+01  0.78134E+00
  0.44162E+00  0.26436E+00  0.16938E+00  0.11506E+00  0.81059E-01  0.44527E-01
  0.26633E-01  0.16897E-01  0.11215E-01  0.77220E-02  0.54861E-02  0.40048E-02
  0.29929E-02  0.22834E-02  0.17741E-02  0.14008E-02  0.11217E-02  0.91146E-03
  0.74783E-03  0.62073E-03  0.51967E-03  0.43864E-03  0.37383E-03  0.32125E-03
  0.27809E-03  0.24129E-03  0.21073E-03  0.18504E-03  0.16391E-03  0.14597E-03
  0.13009E-03  0.11645E-03  0.10435E-03  0.94945E-04  0.86120E-04  0.77704E-04
  0.70829E-04  0.65323E-04  0.60056E-04  0.54793E-04  0.50696E-04  0.47313E-04
  0.43507E-04  0.40539E-04  0.38167E-04  0.35249E-04  0.33311E-04  0.31020E-04
  0.28987E-04  0.27833E-04  0.25991E-04  0.24843E-04  0.23141E-04  0.22397E-04
  0.21104E-04  0.20164E-04  0.19265E-04  0.18310E-04  0.17610E-04  0.16979E-04
  0.16253E-04  0.15736E-04  0.14867E-04  0.14631E-04  0.13992E-04  0.13613E-04
  0.13726E-04  0.12554E-04  0.12385E-04  0.12176E-04  0.11847E-04  0.11315E-04
  0.11631E-04  0.11333E-04  0.10796E-04  0.10507E-04  0.10619E-04  0.10631E-04
  0.99850E-05  0.97837E-05  0.97374E-05  0.97920E-05  0.97851E-05  0.97483E-05
  0.98393E-05  0.94216E-05  0.97787E-05  0.95770E-05  0.91245E-05  0.10255E-04
  0.14470E+00  0.17248E+03
  0.39067E+02  0.21836E+02  0.62526E+01  0.26874E+01  0.12541E+01  0.60112E+00
  0.33751E+00  0.19946E+00  0.12905E+00  0.86998E-01  0.61766E-01  0.33710E-01
  0.19979E-01  0.12554E-01  0.82600E-02  0.56464E-02  0.39875E-02  0.28964E-02
  0.21561E-02  0.16397E-02  0.12708E-02  0.10012E-02  0.80087E-03  0.64840E-03
  0.53163E-03  0.44088E-03  0.36816E-03  0.31094E-03  0.26471E-03  0.22688E-03
  0.19652E-03  0.17050E-03  0.14889E-03  0.13120E-03  0.11567E-03  0.10234E-03
  0.91012E-04  0.81547E-04  0.73606E-04  0.66623E-04  0.60280E-04  0.54392E-04
  0.49415E-04  0.45366E-04  0.41944E-04  0.38547E-04  0.35179E-04  0.32616E-04
  0.30406E-04  0.28338E-04  0.26238E-04  0.24502E-04  0.23255E-04  0.21489E-04
  0.20352E-04  0.19172E-04  0.17605E-04  0.17262E-04  0.16143E-04  0.15151E-04
  0.14718E-04  0.13686E-04  0.13550E-04  0.12548E-04  0.12174E-04  0.11401E-04
  0.11351E-04  0.10602E-04  0.10548E-04  0.98364E-05  0.98170E-05  0.92561E-05
  0.90263E-05  0.89726E-05  0.84019E-05  0.85470E-05  0.80770E-05  0.76162E-05
  0.77867E-05  0.76419E-05  0.75247E-05  0.72644E-05  0.72535E-05  0.72921E-05
  0.68358E-05  0.67271E-05  0.66618E-05  0.65807E-05  0.68456E-05  0.67826E-05
  0.64488E-05  0.65527E-05  0.66453E-05  0.61192E-05  0.61482E-05  0.70119E-05
  0.12366E+00  0.20184E+03