  0.99472E+00  0.99354E+00  0.98996E+00  0.98404E+00  0.97584E+00  0.96546E+00
  0.95299E+00  0.93858E+00  0.92237E+00  0.90453E+00  0.88526E+00  0.84316E+00
  0.79775E+00  0.75073E+00  0.70378E+00  0.65844E+00  0.61606E+00  0.57768E+00
  0.54404E+00  0.51552E+00  0.49214E+00  0.47358E+00  0.45922E+00  0.44818E+00
  0.43942E+00  0.43178E+00  0.42406E+00  0.41516E+00  0.40406E+00  0.38999E+00
  0.37238E+00  0.35096E+00  0.32577E+00  0.29712E+00  0.26562E+00  0.23211E+00
  0.19761E+00  0.16329E+00  0.13037E+00  0.10005E+00  0.73462E-01  0.51597E-01
  0.35236E-01  0.24911E-01  0.20876E-01  0.23086E-01  0.31195E-01  0.44570E-01
  0.62322E-01  0.83346E-01  0.10638E+00  0.13005E+00  0.15298E+00  0.17382E+00
  0.19133E+00  0.20447E+00  0.21243E+00  0.21470E+00  0.21114E+00  0.20193E+00
  0.18768E+00  0.16936E+00  0.14830E+00  0.12619E+00  0.10499E+00  0.86925E-01
  0.74356E-01  0.69755E-01  0.75601E-01  0.94299E-01  0.12810E+00  0.17899E+00
  0.24868E+00  0.33844E+00  0.44912E+00  0.58105E+00  0.73405E+00  0.90735E+00
  0.10997E+01  0.13091E+01  0.15333E+01  0.17693E+01  0.20140E+01  0.22635E+01
  0.25141E+01  0.27616E+01  0.30017E+01  0.32303E+01  0.34433E+01  0.36368E+01
  0.38072E+01  0.39513E+01  0.40663E+01  0.41501E+01  0.42011E+01  0.42181E+01
  0.54344E+01  0.26039E+01
  0.79594E+01  0.79378E+01  0.78729E+01  0.77658E+01  0.76180E+01  0.74317E+01
  0.72096E+01  0.69548E+01  0.66709E+01  0.63618E+01  0.60319E+01  0.53269E+01
  0.45923E+01  0.38636E+01  0.31731E+01  0.25481E+01  0.20093E+01  0.15695E+01
  0.12344E+01  0.10018E+01  0.86339E+00  0.80585E+00  0.81226E+00  0.86392E+00
  0.94193E+00  0.10286E+01  0.11085E+01  0.11696E+01  0.12032E+01  0.12044E+01
  0.11720E+01  0.11076E+01  0.10156E+01  0.90201E+00  0.77405E+00  0.63932E+00
  0.50523E+00  0.37853E+00  0.26494E+00  0.16890E+00  0.93468E-01  0.40305E-01
  0.97750E-02  0.10748E-02  0.12433E-01  0.41320E-01  0.84669E-01  0.13909E+00
  0.20106E+00  0.26709E+00  0.33387E+00  0.39839E+00  0.45801E+00  0.51052E+00
  0.55417E+00  0.58768E+00  0.61026E+00  0.62155E+00  0.62162E+00  0.61089E+00
  0.59014E+00  0.56042E+00  0.52298E+00  0.47926E+00  0.43081E+00  0.37923E+00
  0.32616E+00  0.27317E+00  0.22177E+00  0.17336E+00  0.12919E+00  0.90348E-01
  0.57727E-01  0.32020E-01  0.13713E-01  0.30751E-02  0.17052E-03  0.48592E-02
  0.16811E-01  0.35522E-01  0.60331E-01  0.90442E-01  0.12495E+00  0.16285E+00
  0.20310E+00  0.24459E+00  0.28624E+00  0.32694E+00  0.36567E+00  0.40143E+00
  0.43333E+00  0.46057E+00  0.48248E+00  0.49853E+00  0.50832E+00  0.51160E+00
  0.74609E+01  0.18966E+01
  0.13205E+02  0.13161E+02  0.13028E+02  0.12809E+02  0.12509E+02  0.12132E+02
  0.11685E+02  0.11177E+02  0.10616E+02  0.10011E+02  0.93743E+01  0.80418E+01
  0.66990E+01  0.54192E+01  0.42625E+01  0.32720E+01  0.24717E+01  0.18671E+01
  0.14472E+01  0.11885E+01  0.10589E+01  0.10223E+01  0.10432E+01  0.10896E+01
  0.11356E+01  0.11624E+01  0.11589E+01  0.11207E+01  0.10491E+01  0.94965E+00
  0.83012E+00  0.69955E+00  0.56673E+00  0.43940E+00  0.32373E+00  0.22404E+00
  0.14289E+00  0.81219E-01  0.38679E-01  0.13951E-01  0.50765E-02  0.97427E-02
  0.25508E-01  0.49964E-01  0.80848E-01  0.11610E+00  0.15387E+00  0.19258E+00
  0.23082E+00  0.26741E+00  0.30135E+00  0.33178E+00  0.35801E+00  0.37948E+00
  0.39578E+00  0.40660E+00  0.41178E+00  0.41128E+00  0.40519E+00  0.39371E+00
  0.37718E+00  0.35607E+00  0.33094E+00  0.30248E+00  0.27149E+00  0.23881E+00
  0.20541E+00  0.17228E+00  0.14042E+00  0.11087E+00  0.84618E-01  0.62616E-01
  0.45725E-01  0.34698E-01  0.30155E-01  0.32557E-01  0.42189E-01  0.59144E-01
  0.83314E-01  0.11439E+00  0.15186E+00  0.19502E+00  0.24300E+00  0.29477E+00
  0.34916E+00  0.40492E+00  0.46074E+00  0.51526E+00  0.56716E+00  0.61514E+00
  0.65801E+00  0.69468E+00  0.72421E+00  0.74587E+00  0.75909E+00  0.76353E+00
  0.75224E+01  0.18811E+01
  0.16965E+02  0.16897E+02  0.16692E+02  0.16357E+02  0.15897E+02  0.15325E+02
  0.14651E+02  0.13891E+02  0.13061E+02  0.12177E+02  0.11257E+02  0.93765E+01
  0.75491E+01  0.58815E+01  0.44500E+01  0.32962E+01  0.24280E+01  0.18245E+01
  0.14445E+01  0.12352E+01  0.11414E+01  0.11122E+01  0.11065E+01  0.10951E+01
  0.10610E+01  0.99806E+00  0.90793E+00  0.79758E+00  0.67627E+00  0.55337E+00
  0.43686E+00  0.33251E+00  0.24373E+00  0.17178E+00  0.11628E+00  0.75775E-01
  0.48251E-01  0.31550E-01  0.23653E-01  0.22824E-01  0.27663E-01  0.37083E-01
  0.50247E-01  0.66496E-01  0.85275E-01  0.10607E+00  0.12835E+00  0.15157E+00
  0.17513E+00  0.19836E+00  0.22058E+00  0.24107E+00  0.25913E+00  0.27409E+00
  0.28535E+00  0.29243E+00  0.29495E+00  0.29271E+00  0.28567E+00  0.27398E+00
  0.25799E+00  0.23821E+00  0.21532E+00  0.19016E+00  0.16366E+00  0.13685E+00
  0.11082E+00  0.86649E-01  0.65419E-01  0.48136E-01  0.35721E-01  0.28972E-01
  0.28544E-01  0.34926E-01  0.48429E-01  0.69173E-01  0.97089E-01  0.13192E+00
  0.17322E+00  0.22039E+00  0.27265E+00  0.32911E+00  0.38875E+00  0.45048E+00
  0.51314E+00  0.57553E+00  0.63644E+00  0.69470E+00  0.74916E+00  0.79875E+00
  0.84250E+00  0.87953E+00  0.90913E+00  0.93070E+00  0.94381E+00  0.94820E+00
  0.71463E+01  0.19801E+01
  0.24813E+02  0.24644E+02  0.24138E+02  0.23318E+02  0.22216E+02  0.20874E+02
  0.19343E+02  0.17676E+02  0.15930E+02  0.14161E+02  0.12420E+02  0.91928E+01
  0.65068E+01  0.44748E+01  0.30771E+01  0.22022E+01  0.16973E+01  0.14126E+01
  0.12315E+01  0.10811E+01  0.92898E+00  0.77062E+00  0.61560E+00  0.47628E+00
  0.36134E+00  0.27373E+00  0.21146E+00  0.16964E+00  0.14253E+00  0.12488E+00
  0.11264E+00  0.10315E+00  0.94997E-01  0.87724E-01  0.81501E-01  0.76790E-01
  0.74054E-01  0.73544E-01  0.75202E-01  0.78662E-01  0.83342E-01  0.88566E-01
  0.93695E-01  0.98214E-01  0.10178E+00  0.10421E+00  0.10545E+00  0.10554E+00
  0.10454E+00  0.10251E+00  0.99517E-01  0.95582E-01  0.90727E-01  0.84973E-01
  0.78359E-01  0.70958E-01  0.62885E-01  0.54306E-01  0.45437E-01  0.36540E-01
  0.27916E-01  0.19896E-01  0.12830E-01  0.70693E-02  0.29621E-02  0.83661E-03
  0.99328E-03  0.36960E-02  0.91653E-02  0.17573E-01  0.29037E-01  0.43622E-01
  0.61334E-01  0.82122E-01  0.10588E+00  0.13243E+00  0.16158E+00  0.19303E+00
  0.22648E+00  0.26157E+00  0.29788E+00  0.33500E+00  0.37245E+00  0.40975E+00
  0.44642E+00  0.48197E+00  0.51589E+00  0.54771E+00  0.57699E+00  0.60330E+00
  0.62625E+00  0.64552E+00  0.66081E+00  0.67190E+00  0.67861E+00  0.68086E+00
  0.54950E+01  0.25752E+01
  0.28905E+02  0.28627E+02  0.27802E+02  0.26480E+02  0.24733E+02  0.22656E+02
  0.20354E+02  0.17939E+02  0.15515E+02  0.13178E+02  0.11003E+02  0.73485E+01
  0.47469E+01  0.31089E+01  0.21805E+01  0.16761E+01  0.13704E+01  0.11317E+01
  0.91000E+00  0.70333E+00  0.52552E+00  0.38726E+00  0.28998E+00  0.22763E+00
  0.19072E+00  0.16966E+00  0.15663E+00  0.14636E+00  0.13619E+00  0.12557E+00
  0.11524E+00  0.10626E+00  0.99363E-01  0.94607E-01  0.91488E-01  0.89258E-01
  0.87243E-01  0.85042E-01  0.82551E-01  0.79878E-01  0.77211E-01  0.74698E-01
  0.72392E-01  0.70229E-01  0.68063E-01  0.65713E-01  0.63015E-01  0.59862E-01
  0.56224E-01  0.52144E-01  0.47722E-01  0.43091E-01  0.38393E-01  0.33760E-01
  0.29310E-01  0.25140E-01  0.21335E-01  0.17974E-01  0.15136E-01  0.12902E-01
  0.11361E-01  0.10602E-01  0.10718E-01  0.11795E-01  0.13913E-01  0.17138E-01
  0.21522E-01  0.27096E-01  0.33873E-01  0.41847E-01  0.50992E-01  0.61263E-01
  0.72599E-01  0.84924E-01  0.98146E-01  0.11216E+00  0.12685E+00  0.14209E+00
  0.15775E+00  0.17367E+00  0.18970E+00  0.20569E+00  0.22148E+00  0.23691E+00
  0.25182E+00  0.26605E+00  0.27945E+00  0.29186E+00  0.30317E+00  0.31324E+00
  0.32196E+00  0.32923E+00  0.33497E+00  0.33913E+00  0.34164E+00  0.34247E+00
  0.44857E+01  0.31546E+01
  0.31843E+02  0.31451E+02  0.30293E+02  0.28458E+02  0.26075E+02  0.23306E+02
  0.20327E+02  0.17311E+02  0.14409E+02  0.11743E+02  0.93977E+01  0.58095E+01
  0.36039E+01  0.24078E+01  0.17832E+01  0.14044E+01  0.11065E+01  0.84273E+00
  0.61944E+00  0.44916E+00  0.33328E+00  0.26261E+00  0.22322E+00  0.20130E+00
  0.18613E+00  0.17148E+00  0.15547E+00  0.13917E+00  0.12452E+00  0.11276E+00
  0.10397E+00  0.97318E-01  0.91821E-01  0.86771E-01  0.81912E-01  0.77314E-01
  0.73162E-01  0.69567E-01  0.66479E-01  0.63704E-01  0.60986E-01  0.58109E-01
  0.54961E-01  0.51554E-01  0.47989E-01  0.44402E-01  0.40911E-01  0.37592E-01
  0.34471E-01  0.31542E-01  0.28786E-01  0.26192E-01  0.23770E-01  0.21551E-01
  0.19586E-01  0.17931E-01  0.16645E-01  0.15775E-01  0.15359E-01  0.15422E-01
  0.15980E-01  0.17041E-01  0.18613E-01  0.20700E-01  0.23304E-01  0.26428E-01
  0.30067E-01  0.34215E-01  0.38858E-01  0.43974E-01  0.49535E-01  0.55505E-01
  0.61841E-01  0.68497E-01  0.75419E-01  0.82552E-01  0.89837E-01  0.97214E-01
  0.10462E+00  0.11200E+00  0.11930E+00  0.12644E+00  0.13338E+00  0.14006E+00
  0.14642E+00  0.15242E+00  0.15800E+00  0.16313E+00  0.16775E+00  0.17183E+00
  0.17535E+00  0.17826E+00  0.18055E+00  0.18220E+00  0.18319E+00  0.18352E+00
  0.38526E+01  0.36730E+01
  0.34192E+02  0.33682E+02  0.32181E+02  0.29828E+02  0.26826E+02  0.23417E+02
  0.19854E+02  0.16369E+02  0.13153E+02  0.10338E+02  0.79910E+01  0.47039E+01
  0.29236E+01  0.20345E+01  0.15377E+01  0.11748E+01  0.87045E+00  0.62622E+00
  0.45094E+00  0.33961E+00  0.27639E+00  0.24206E+00  0.21989E+00  0.19935E+00
  0.17710E+00  0.15469E+00  0.13503E+00  0.11971E+00  0.10845E+00  0.99879E-01
  0.92681E-01  0.86101E-01  0.79977E-01  0.74453E-01  0.69655E-01  0.65518E-01
  0.61798E-01  0.58211E-01  0.54577E-01  0.50880E-01  0.47227E-01  0.43763E-01
  0.40590E-01  0.37726E-01  0.35124E-01  0.32701E-01  0.30385E-01  0.28145E-01
  0.25990E-01  0.23964E-01  0.22120E-01  0.20505E-01  0.19149E-01  0.18062E-01
  0.17246E-01  0.16697E-01  0.16416E-01  0.16406E-01  0.16676E-01  0.17236E-01
  0.18095E-01  0.19255E-01  0.20712E-01  0.22459E-01  0.24482E-01  0.26763E-01
  0.29285E-01  0.32028E-01  0.34976E-01  0.38111E-01  0.41414E-01  0.44867E-01
  0.48448E-01  0.52137E-01  0.55910E-01  0.59743E-01  0.63610E-01  0.67483E-01
  0.71332E-01  0.75131E-01  0.78851E-01  0.82466E-01  0.85952E-01  0.89284E-01
  0.92437E-01  0.95390E-01  0.98123E-01  0.10062E+00  0.10286E+00  0.10483E+00
  0.10652E+00  0.10791E+00  0.10901E+00  0.10979E+00  0.11026E+00  0.11042E+00
  0.34142E+01  0.41446E+01
  0.36167E+02  0.35534E+02  0.33683E+02  0.30814E+02  0.27214E+02  0.23218E+02
  0.19158E+02  0.15324E+02  0.11925E+02  0.90860E+01  0.68396E+01  0.39346E+01
  0.25048E+01  0.17904E+01  0.13345E+01  0.97568E+00  0.69409E+00  0.49544E+00
  0.37194E+00  0.30319E+00  0.26489E+00  0.23699E+00  0.20898E+00  0.17988E+00
  0.15334E+00  0.13237E+00  0.11723E+00  0.10623E+00  0.97359E-01  0.89382E-01
  0.81963E-01  0.75264E-01  0.69442E-01  0.64398E-01  0.59840E-01  0.55503E-01
  0.51299E-01  0.47309E-01  0.43669E-01  0.40457E-01  0.37644E-01  0.35119E-01
  0.32756E-01  0.30477E-01  0.28267E-01  0.26170E-01  0.24245E-01  0.22538E-01
  0.21063E-01  0.19810E-01  0.18752E-01  0.17866E-01  0.17143E-01  0.16586E-01
  0.16204E-01  0.16009E-01  0.16007E-01  0.16200E-01  0.16582E-01  0.17144E-01
  0.17879E-01  0.18779E-01  0.19838E-01  0.21053E-01  0.22419E-01  0.23929E-01
  0.25575E-01  0.27345E-01  0.29226E-01  0.31202E-01  0.33259E-01  0.35381E-01
  0.37553E-01  0.39759E-01  0.41986E-01  0.44222E-01  0.46453E-01  0.48669E-01
  0.50856E-01  0.53001E-01  0.55091E-01  0.57115E-01  0.59061E-01  0.60917E-01
  0.62673E-01  0.64317E-01  0.65837E-01  0.67225E-01  0.68472E-01  0.69569E-01
  0.70510E-01  0.71287E-01  0.71894E-01  0.72328E-01  0.72588E-01  0.72674E-01
  0.30879E+01  0.45826E+01
  0.37875E+02  0.37116E+02  0.34910E+02  0.31529E+02  0.27356E+02  0.22826E+02
  0.18352E+02  0.14267E+02  0.10789E+02  0.80117E+01  0.59200E+01  0.33959E+01
  0.22219E+01  0.15973E+01  0.11579E+01  0.81877E+00  0.57672E+00  0.42434E+00
  0.33887E+00  0.29089E+00  0.25542E+00  0.22018E+00  0.18517E+00  0.15518E+00
  0.13296E+00  0.11754E+00  0.10619E+00  0.96529E-01  0.87550E-01  0.79282E-01
  0.72034E-01  0.65836E-01  0.60403E-01  0.55420E-01  0.50766E-01  0.46504E-01
  0.42739E-01  0.39488E-01  0.36644E-01  0.34052E-01  0.31594E-01  0.29239E-01
  0.27033E-01  0.25041E-01  0.23302E-01  0.21808E-01  0.20516E-01  0.19378E-01
  0.18360E-01  0.17455E-01  0.16675E-01  0.16036E-01  0.15551E-01  0.15219E-01
  0.15034E-01  0.14985E-01  0.15061E-01  0.15257E-01  0.15569E-01  0.15996E-01
  0.16537E-01  0.17187E-01  0.17939E-01  0.18785E-01  0.19717E-01  0.20725E-01
  0.21803E-01  0.22943E-01  0.24141E-01  0.25390E-01  0.26685E-01  0.28018E-01
  0.29383E-01  0.30771E-01  0.32171E-01  0.33575E-01  0.34972E-01  0.36354E-01
  0.37712E-01  0.39039E-01  0.40326E-01  0.41564E-01  0.42748E-01  0.43872E-01
  0.44931E-01  0.45919E-01  0.46830E-01  0.47659E-01  0.48402E-01  0.49054E-01
  0.49613E-01  0.50073E-01  0.50431E-01  0.50686E-01  0.50837E-01  0.50887E-01
  0.28324E+01  0.49960E+01
  0.39379E+02  0.38493E+02  0.35929E+02  0.32041E+02  0.27322E+02  0.22310E+02
  0.17496E+02  0.13246E+02  0.97662E+01  0.71055E+01  0.51917E+01  0.30083E+01
  0.20096E+01  0.14318E+01  0.10105E+01  0.70325E+00  0.50273E+00  0.38715E+00
  0.32305E+00  0.27851E+00  0.23625E+00  0.19526E+00  0.16113E+00  0.13671E+00
  0.12020E+00  0.10792E+00  0.97137E-01  0.87010E-01  0.77859E-01  0.70052E-01
  0.63467E-01  0.57705E-01  0.52476E-01  0.47740E-01  0.43573E-01  0.39986E-01
  0.36863E-01  0.34032E-01  0.31378E-01  0.28892E-01  0.26637E-01  0.24668E-01
  0.22986E-01  0.21535E-01  0.20245E-01  0.19063E-01  0.17977E-01  0.17004E-01
  0.16167E-01  0.15480E-01  0.14937E-01  0.14520E-01  0.14210E-01  0.13993E-01
  0.13865E-01  0.13825E-01  0.13876E-01  0.14015E-01  0.14240E-01  0.14545E-01
  0.14922E-01  0.15366E-01  0.15873E-01  0.16440E-01  0.17063E-01  0.17739E-01
  0.18463E-01  0.19229E-01  0.20033E-01  0.20867E-01  0.21725E-01  0.22600E-01
  0.23488E-01  0.24384E-01  0.25284E-01  0.26184E-01  0.27079E-01  0.27963E-01
  0.28833E-01  0.29684E-01  0.30511E-01  0.31309E-01  0.32073E-01  0.32800E-01
  0.33486E-01  0.34125E-01  0.34714E-01  0.35248E-01  0.35724E-01  0.36142E-01
  0.36500E-01  0.36797E-01  0.37031E-01  0.37198E-01  0.37299E-01  0.37332E-01
  0.26251E+01  0.53904E+01
  0.40724E+02  0.39707E+02  0.36783E+02  0.32396E+02  0.27157E+02  0.21713E+02
  0.16627E+02  0.12283E+02  0.88593E+01  0.63477E+01  0.46147E+01  0.27184E+01
  0.18365E+01  0.12888E+01  0.89209E+00  0.62072E+00  0.45659E+00  0.36574E+00
  0.30871E+00  0.25904E+00  0.21143E+00  0.17169E+00  0.14358E+00  0.12499E+00
  0.11131E+00  0.99200E-01  0.87819E-01  0.77712E-01  0.69294E-01  0.62312E-01
  0.56256E-01  0.50826E-01  0.45997E-01  0.41814E-01  0.38213E-01  0.35020E-01
  0.32092E-01  0.29396E-01  0.26985E-01  0.24908E-01  0.23142E-01  0.21610E-01
  0.20226E-01  0.18944E-01  0.17768E-01  0.16729E-01  0.15846E-01  0.15117E-01
  0.14515E-01  0.14011E-01  0.13585E-01  0.13232E-01  0.12955E-01  0.12758E-01
  0.12644E-01  0.12606E-01  0.12638E-01  0.12731E-01  0.12880E-01  0.13081E-01
  0.13332E-01  0.13630E-01  0.13974E-01  0.14360E-01  0.14783E-01  0.15239E-01
  0.15723E-01  0.16233E-01  0.16766E-01  0.17319E-01  0.17890E-01  0.18475E-01
  0.19072E-01  0.19676E-01  0.20282E-01  0.20888E-01  0.21489E-01  0.22081E-01
  0.22662E-01  0.23228E-01  0.23777E-01  0.24305E-01  0.24810E-01  0.25290E-01
  0.25743E-01  0.26165E-01  0.26555E-01  0.26909E-01  0.27225E-01  0.27502E-01
  0.27740E-01  0.27938E-01  0.28096E-01  0.28210E-01  0.28278E-01  0.28301E-01
  0.24525E+01  0.57699E+01
  0.41936E+02  0.40787E+02  0.37501E+02  0.32625E+02  0.26893E+02  0.21067E+02
  0.15769E+02  0.11390E+02  0.80623E+01  0.57155E+01  0.41547E+01  0.24919E+01
  0.16888E+01  0.11666E+01  0.79888E+00  0.56200E+00  0.42658E+00  0.34890E+00
  0.29006E+00  0.23503E+00  0.18786E+00  0.15401E+00  0.13204E+00  0.11645E+00
  0.10287E+00  0.90114E-01  0.78893E-01  0.69729E-01  0.62276E-01  0.55882E-01
  0.50185E-01  0.45157E-01  0.40827E-01  0.37091E-01  0.33768E-01  0.30756E-01
  0.28067E-01  0.25745E-01  0.23778E-01  0.22081E-01  0.20552E-01  0.19140E-01
  0.17853E-01  0.16725E-01  0.15771E-01  0.14973E-01  0.14293E-01  0.13694E-01
  0.13162E-01  0.12698E-01  0.12314E-01  0.12013E-01  0.11790E-01  0.11635E-01
  0.11536E-01  0.11485E-01  0.11478E-01  0.11515E-01  0.11595E-01  0.11717E-01
  0.11879E-01  0.12075E-01  0.12304E-01  0.12560E-01  0.12843E-01  0.13150E-01
  0.13478E-01  0.13827E-01  0.14192E-01  0.14570E-01  0.14960E-01  0.15358E-01
  0.15762E-01  0.16170E-01  0.16578E-01  0.16985E-01  0.17389E-01  0.17788E-01
  0.18181E-01  0.18564E-01  0.18937E-01  0.19296E-01  0.19639E-01  0.19963E-01
  0.20268E-01  0.20552E-01  0.20814E-01  0.21052E-01  0.21264E-01  0.21449E-01
  0.21607E-01  0.21738E-01  0.21840E-01  0.21914E-01  0.21959E-01  0.21973E-01
  0.23056E+01  0.61375E+01
  0.49972E+02  0.47443E+02  0.40575E+02  0.31395E+02  0.22174E+02  0.14567E+02
  0.92105E+01  0.58877E+01  0.39869E+01  0.29062E+01  0.22395E+01  0.14183E+01
  0.90835E+00  0.60743E+00  0.43731E+00  0.31802E+00  0.23177E+00  0.17901E+00
  0.14560E+00  0.11813E+00  0.95307E-01  0.78983E-01  0.67104E-01  0.56946E-01
  0.48158E-01  0.41220E-01  0.35777E-01  0.31191E-01  0.27268E-01  0.24025E-01
  0.21345E-01  0.19071E-01  0.17135E-01  0.15496E-01  0.14087E-01  0.12861E-01
  0.11809E-01  0.10914E-01  0.10134E-01  0.94360E-02  0.88182E-02  0.82873E-02
  0.78287E-02  0.74167E-02  0.70399E-02  0.67043E-02  0.64137E-02  0.61593E-02
  0.59281E-02  0.57148E-02  0.55216E-02  0.53512E-02  0.52017E-02  0.50673E-02
  0.49434E-02  0.48292E-02  0.47260E-02  0.46347E-02  0.45538E-02  0.44811E-02
  0.44147E-02  0.43539E-02  0.42991E-02  0.42505E-02  0.42072E-02  0.41681E-02
  0.41327E-02  0.41010E-02  0.40727E-02  0.40472E-02  0.40244E-02  0.40041E-02
  0.39862E-02  0.39706E-02  0.39569E-02  0.39450E-02  0.39347E-02  0.39260E-02
  0.39183E-02  0.39116E-02  0.39057E-02  0.39008E-02  0.38968E-02  0.38935E-02
  0.38906E-02  0.38882E-02  0.38863E-02  0.38847E-02  0.38835E-02  0.38825E-02
  0.38818E-02  0.38812E-02  0.38808E-02  0.38805E-02  0.38804E-02  0.38804E-02
  0.14999E+01  0.94344E+01
  0.54540E+02  0.50580E+02  0.40355E+02  0.28000E+02  0.17325E+02  0.10069E+02
  0.59553E+01  0.38510E+01  0.27534E+01  0.20951E+01  0.16278E+01  0.97460E+00
  0.60837E+00  0.40587E+00  0.27612E+00  0.20042E+00  0.15290E+00  0.11619E+00
  0.90764E-01  0.73587E-01  0.59470E-01  0.48300E-01  0.40245E-01  0.33781E-01
  0.28388E-01  0.24235E-01  0.20940E-01  0.18150E-01  0.15862E-01  0.14007E-01
  0.12441E-01  0.11111E-01  0.99954E-02  0.90448E-02  0.82275E-02  0.75240E-02
  0.69107E-02  0.63744E-02  0.59083E-02  0.54972E-02  0.51287E-02  0.48018E-02
  0.45136E-02  0.42539E-02  0.40176E-02  0.38052E-02  0.36148E-02  0.34415E-02
  0.32828E-02  0.31375E-02  0.30050E-02  0.28841E-02  0.27728E-02  0.26699E-02
  0.25751E-02  0.24876E-02  0.24062E-02  0.23306E-02  0.22606E-02  0.21960E-02
  0.21363E-02  0.20804E-02  0.20283E-02  0.19796E-02  0.19336E-02  0.18911E-02
  0.18519E-02  0.18146E-02  0.17791E-02  0.17463E-02  0.17162E-02  0.16880E-02
  0.16616E-02  0.16370E-02  0.16138E-02  0.15915E-02  0.15707E-02  0.15522E-02
  0.15356E-02  0.15198E-02  0.15050E-02  0.14918E-02  0.14792E-02  0.14673E-02
  0.14569E-02  0.14478E-02  0.14389E-02  0.14304E-02  0.14233E-02  0.14182E-02
  0.14137E-02  0.14090E-02  0.14057E-02  0.14048E-02  0.14053E-02  0.14055E-02
  0.11429E+01  0.12381E+02
  0.57653E+02  0.52246E+02  0.38961E+02  0.24418E+02  0.13542E+02  0.73409E+01
  0.43686E+01  0.29734E+01  0.22054E+01  0.16725E+01  0.12543E+01  0.71198E+00
  0.44153E+00  0.28642E+00  0.20006E+00  0.14468E+00  0.10637E+00  0.82212E-01
  0.63924E-01  0.50215E-01  0.40674E-01  0.33017E-01  0.27134E-01  0.22770E-01
  0.19165E-01  0.16311E-01  0.14075E-01  0.12193E-01  0.10659E-01  0.94105E-02
  0.83463E-02  0.74524E-02  0.66997E-02  0.60500E-02  0.54912E-02  0.50081E-02
  0.45862E-02  0.42169E-02  0.38910E-02  0.36026E-02  0.33471E-02  0.31182E-02
  0.29127E-02  0.27291E-02  0.25630E-02  0.24123E-02  0.22758E-02  0.21518E-02
  0.20388E-02  0.19353E-02  0.18402E-02  0.17533E-02  0.16735E-02  0.16004E-02
  0.15328E-02  0.14696E-02  0.14114E-02  0.13578E-02  0.13077E-02  0.12610E-02
  0.12180E-02  0.11787E-02  0.11421E-02  0.11074E-02  0.10746E-02  0.10437E-02
  0.10160E-02  0.99062E-03  0.96593E-03  0.94270E-03  0.92110E-03  0.90054E-03
  0.88182E-03  0.86492E-03  0.84898E-03  0.83386E-03  0.82016E-03  0.80769E-03
  0.79514E-03  0.78330E-03  0.77337E-03  0.76419E-03  0.75532E-03  0.74724E-03
  0.74009E-03  0.73406E-03  0.72861E-03  0.72345E-03  0.71843E-03  0.71372E-03
  0.71069E-03  0.70824E-03  0.70484E-03  0.70278E-03  0.70300E-03  0.70342E-03
  0.93387E+00  0.15153E+02
  0.59972E+02  0.53120E+02  0.37083E+02  0.21146E+02  0.10763E+02  0.56962E+01
  0.35292E+01  0.25032E+01  0.18552E+01  0.13541E+01  0.97687E+00  0.54905E+00
  0.33555E+00  0.22033E+00  0.15209E+00  0.10818E+00  0.80972E-01  0.60870E-01
  0.47189E-01  0.37267E-01  0.29645E-01  0.24224E-01  0.19888E-01  0.16566E-01
  0.14002E-01  0.11886E-01  0.10235E-01  0.88738E-02  0.77462E-02  0.68278E-02
  0.60425E-02  0.53850E-02  0.48288E-02  0.43468E-02  0.39336E-02  0.35746E-02
  0.32604E-02  0.29853E-02  0.27428E-02  0.25284E-02  0.23377E-02  0.21676E-02
  0.20153E-02  0.18784E-02  0.17554E-02  0.16442E-02  0.15435E-02  0.14523E-02
  0.13689E-02  0.12931E-02  0.12240E-02  0.11609E-02  0.11025E-02  0.10489E-02
  0.10005E-02  0.95503E-03  0.91312E-03  0.87509E-03  0.83959E-03  0.80640E-03
  0.77526E-03  0.74694E-03  0.72163E-03  0.69751E-03  0.67370E-03  0.65249E-03
  0.63361E-03  0.61539E-03  0.59877E-03  0.58249E-03  0.56697E-03  0.55364E-03
  0.54128E-03  0.52973E-03  0.51838E-03  0.50748E-03  0.49796E-03  0.48931E-03
  0.48086E-03  0.47340E-03  0.46755E-03  0.46135E-03  0.45487E-03  0.44930E-03
  0.44463E-03  0.44008E-03  0.43545E-03  0.43262E-03  0.42980E-03  0.42664E-03
  0.42491E-03  0.42271E-03  0.42182E-03  0.42218E-03  0.42051E-03  0.41910E-03
  0.79441E+00  0.17813E+02
  0.61803E+02  0.53514E+02  0.35023E+02  0.18308E+02  0.87568E+01  0.46774E+01
  0.30343E+01  0.21842E+01  0.15681E+01  0.10974E+01  0.78047E+00  0.43944E+00
  0.26742E+00  0.17521E+00  0.11918E+00  0.85898E-01  0.62733E-01  0.47509E-01
  0.36573E-01  0.28667E-01  0.22993E-01  0.18568E-01  0.15330E-01  0.12726E-01
  0.10727E-01  0.91295E-02  0.78268E-02  0.67867E-02  0.59088E-02  0.51931E-02
  0.45878E-02  0.40761E-02  0.36437E-02  0.32699E-02  0.29489E-02  0.26698E-02
  0.24266E-02  0.22137E-02  0.20262E-02  0.18606E-02  0.17137E-02  0.15830E-02
  0.14662E-02  0.13617E-02  0.12677E-02  0.11832E-02  0.11067E-02  0.10373E-02
  0.97459E-03  0.91755E-03  0.86529E-03  0.81795E-03  0.77499E-03  0.73471E-03
  0.69827E-03  0.66506E-03  0.63408E-03  0.60575E-03  0.57995E-03  0.55607E-03
  0.53323E-03  0.51239E-03  0.49388E-03  0.47628E-03  0.45945E-03  0.44379E-03
  0.42977E-03  0.41775E-03  0.40508E-03  0.39305E-03  0.38276E-03  0.37311E-03
  0.36458E-03  0.35593E-03  0.34773E-03  0.34052E-03  0.33340E-03  0.32692E-03
  0.32177E-03  0.31663E-03  0.31166E-03  0.30713E-03  0.30279E-03  0.29886E-03
  0.29546E-03  0.29225E-03  0.28980E-03  0.28776E-03  0.28454E-03  0.28349E-03
  0.28228E-03  0.27982E-03  0.27989E-03  0.27998E-03  0.27825E-03  0.27701E-03
  0.69368E+00  0.20399E+02
  0.63304E+02  0.53590E+02  0.32927E+02  0.15901E+02  0.73080E+01  0.40199E+01
  0.27024E+01  0.19208E+01  0.13201E+01  0.90196E+00  0.64372E+00  0.36138E+00
  0.21971E+00  0.14201E+00  0.97505E-01  0.69109E-01  0.50698E-01  0.38124E-01
  0.29271E-01  0.23010E-01  0.18300E-01  0.14874E-01  0.12176E-01  0.10154E-01
  0.85176E-02  0.72476E-02  0.62018E-02  0.53593E-02  0.46632E-02  0.40827E-02
  0.35996E-02  0.31881E-02  0.28416E-02  0.25424E-02  0.22859E-02  0.20636E-02
  0.18700E-02  0.17001E-02  0.15516E-02  0.14202E-02  0.13041E-02  0.12012E-02
  0.11093E-02  0.10272E-02  0.95348E-03  0.88733E-03  0.82778E-03  0.77409E-03
  0.72547E-03  0.68131E-03  0.64137E-03  0.60490E-03  0.57139E-03  0.54124E-03
  0.51334E-03  0.48777E-03  0.46441E-03  0.44303E-03  0.42287E-03  0.40459E-03
  0.38823E-03  0.37254E-03  0.35783E-03  0.34462E-03  0.33265E-03  0.32115E-03
  0.30999E-03  0.30053E-03  0.29158E-03  0.28343E-03  0.27493E-03  0.26739E-03
  0.26122E-03  0.25496E-03  0.24925E-03  0.24362E-03  0.23836E-03  0.23382E-03
  0.22938E-03  0.22595E-03  0.22262E-03  0.21879E-03  0.21579E-03  0.21307E-03
  0.21002E-03  0.20809E-03  0.20614E-03  0.20443E-03  0.20297E-03  0.20144E-03
  0.20076E-03  0.19887E-03  0.19855E-03  0.19852E-03  0.19780E-03  0.19745E-03
  0.61702E+00  0.22934E+02
  0.64560E+02  0.53440E+02  0.30869E+02  0.13884E+02  0.62544E+01  0.35741E+01
  0.24460E+01  0.16832E+01  0.11145E+01  0.75830E+00  0.54489E+00  0.30321E+00
  0.18357E+00  0.11841E+00  0.81037E-01  0.57139E-01  0.41925E-01  0.31338E-01
  0.24144E-01  0.18844E-01  0.15056E-01  0.12149E-01  0.99894E-02  0.82748E-02
  0.69604E-02  0.58882E-02  0.50418E-02  0.43401E-02  0.37712E-02  0.32921E-02
  0.28959E-02  0.25591E-02  0.22741E-02  0.20293E-02  0.18198E-02  0.16373E-02
  0.14799E-02  0.13423E-02  0.12221E-02  0.11162E-02  0.10227E-02  0.93956E-03
  0.86547E-03  0.79980E-03  0.74091E-03  0.68836E-03  0.64095E-03  0.59809E-03
  0.55950E-03  0.52454E-03  0.49294E-03  0.46414E-03  0.43808E-03  0.41411E-03
  0.39227E-03  0.37238E-03  0.35400E-03  0.33709E-03  0.32190E-03  0.30751E-03
  0.29427E-03  0.28234E-03  0.27128E-03  0.26078E-03  0.25101E-03  0.24261E-03
  0.23432E-03  0.22655E-03  0.21937E-03  0.21320E-03  0.20725E-03  0.20136E-03
  0.19595E-03  0.19134E-03  0.18696E-03  0.18285E-03  0.17886E-03  0.17528E-03
  0.17171E-03  0.16889E-03  0.16642E-03  0.16367E-03  0.16147E-03  0.15917E-03
  0.15736E-03  0.15524E-03  0.15409E-03  0.15257E-03  0.15124E-03  0.15074E-03
  0.14961E-03  0.14857E-03  0.14872E-03  0.14754E-03  0.14789E-03  0.14940E-03
  0.55661E+00  0.25423E+02
  0.65642E+02  0.53133E+02  0.28894E+02  0.12204E+02  0.54792E+01  0.32533E+01
  0.22238E+01  0.14693E+01  0.95165E+00  0.65195E+00  0.46941E+00  0.25856E+00
  0.15574E+00  0.10081E+00  0.68238E-01  0.48407E-01  0.35147E-01  0.26447E-01
  0.20198E-01  0.15846E-01  0.12567E-01  0.10179E-01  0.83205E-02  0.69056E-02
  0.57770E-02  0.48918E-02  0.41722E-02  0.35900E-02  0.31080E-02  0.27098E-02
  0.23759E-02  0.20958E-02  0.18575E-02  0.16538E-02  0.14795E-02  0.13286E-02
  0.11992E-02  0.10850E-02  0.98581E-03  0.89756E-03  0.82104E-03  0.75302E-03
  0.69309E-03  0.63944E-03  0.59112E-03  0.54838E-03  0.50953E-03  0.47516E-03
  0.44411E-03  0.41580E-03  0.39039E-03  0.36711E-03  0.34600E-03  0.32675E-03
  0.30919E-03  0.29322E-03  0.27856E-03  0.26518E-03  0.25272E-03  0.24135E-03
  0.23089E-03  0.22115E-03  0.21219E-03  0.20415E-03  0.19649E-03  0.18932E-03
  0.18287E-03  0.17703E-03  0.17119E-03  0.16596E-03  0.16126E-03  0.15683E-03
  0.15273E-03  0.14873E-03  0.14526E-03  0.14187E-03  0.13920E-03  0.13618E-03
  0.13349E-03  0.13108E-03  0.12878E-03  0.12684E-03  0.12494E-03  0.12344E-03
  0.12158E-03  0.12038E-03  0.11916E-03  0.11804E-03  0.11733E-03  0.11616E-03
  0.11570E-03  0.11538E-03  0.11470E-03  0.11476E-03  0.11462E-03  0.11284E-03
  0.50778E+00  0.27868E+02
  0.66589E+02  0.52711E+02  0.27025E+02  0.10809E+02  0.49002E+01  0.30051E+01
  0.20183E+01  0.12826E+01  0.82549E+00  0.57034E+00  0.40873E+00  0.22348E+00
  0.13426E+00  0.86747E-01  0.58636E-01  0.41397E-01  0.30149E-01  0.22527E-01
  0.17281E-01  0.13458E-01  0.10721E-01  0.86275E-02  0.70673E-02  0.58392E-02
  0.48850E-02  0.41235E-02  0.35108E-02  0.30132E-02  0.26038E-02  0.22663E-02
  0.19824E-02  0.17460E-02  0.15437E-02  0.13713E-02  0.12249E-02  0.10976E-02
  0.98905E-03  0.89371E-03  0.81057E-03  0.73718E-03  0.67336E-03  0.61648E-03
  0.56671E-03  0.52207E-03  0.48203E-03  0.44663E-03  0.41467E-03  0.38664E-03
  0.36073E-03  0.33755E-03  0.31635E-03  0.29715E-03  0.28014E-03  0.26426E-03
  0.24991E-03  0.23679E-03  0.22468E-03  0.21374E-03  0.20362E-03  0.19434E-03
  0.18584E-03  0.17795E-03  0.17069E-03  0.16392E-03  0.15769E-03  0.15197E-03
  0.14671E-03  0.14171E-03  0.13724E-03  0.13305E-03  0.12917E-03  0.12536E-03
  0.12211E-03  0.11897E-03  0.11610E-03  0.11329E-03  0.11088E-03  0.10848E-03
  0.10655E-03  0.10463E-03  0.10272E-03  0.10119E-03  0.99610E-04  0.98285E-04
  0.97018E-04  0.95988E-04  0.94769E-04  0.94168E-04  0.93166E-04  0.92572E-04
  0.92155E-04  0.91499E-04  0.91396E-04  0.91203E-04  0.90881E-04  0.92228E-04
  0.46734E+00  0.30279E+02
  0.70010E+02  0.49627E+02  0.19399E+02  0.66510E+01  0.34387E+01  0.21281E+01
  0.12136E+01  0.73371E+00  0.48506E+00  0.32678E+00  0.22888E+00  0.12448E+00
  0.74323E-01  0.47582E-01  0.32014E-01  0.22392E-01  0.16214E-01  0.12048E-01
  0.91467E-02  0.70932E-02  0.55938E-02  0.44732E-02  0.36289E-02  0.29781E-02
  0.24677E-02  0.20683E-02  0.17475E-02  0.14879E-02  0.12762E-02  0.11027E-02
  0.95854E-03  0.83638E-03  0.73610E-03  0.65112E-03  0.57751E-03  0.51543E-03
  0.46069E-03  0.41442E-03  0.37515E-03  0.33927E-03  0.30884E-03  0.28130E-03
  0.25808E-03  0.23730E-03  0.21796E-03  0.20154E-03  0.18597E-03  0.17381E-03
  0.16108E-03  0.15058E-03  0.14035E-03  0.13227E-03  0.12400E-03  0.11705E-03
  0.10983E-03  0.10425E-03  0.98368E-04  0.93441E-04  0.89269E-04  0.84567E-04
  0.80895E-04  0.77146E-04  0.73749E-04  0.70984E-04  0.68052E-04  0.65631E-04
  0.63166E-04  0.60785E-04  0.58840E-04  0.56933E-04  0.54931E-04  0.53434E-04
  0.52207E-04  0.50622E-04  0.49255E-04  0.48174E-04  0.47007E-04  0.45795E-04
  0.44736E-04  0.43872E-04  0.43247E-04  0.42633E-04  0.41895E-04  0.41125E-04
  0.40586E-04  0.40218E-04  0.39933E-04  0.39675E-04  0.39227E-04  0.38897E-04
  0.38497E-04  0.38283E-04  0.37918E-04  0.37741E-04  0.37466E-04  0.37858E-04
  0.33775E+00  0.41896E+02
  0.72266E+02  0.45946E+02  0.14288E+02  0.49009E+01  0.27422E+01  0.14715E+01
  0.80589E+00  0.50001E+00  0.31694E+00  0.21308E+00  0.14952E+00  0.80790E-01
  0.48065E-01  0.30598E-01  0.20465E-01  0.14230E-01  0.10221E-01  0.75438E-02
  0.56934E-02  0.43813E-02  0.34298E-02  0.27282E-02  0.21998E-02  0.17950E-02
  0.14810E-02  0.12343E-02  0.10373E-02  0.87926E-03  0.75145E-03  0.64717E-03
  0.56053E-03  0.48794E-03  0.42787E-03  0.37725E-03  0.33343E-03  0.29715E-03
  0.26605E-03  0.23817E-03  0.21451E-03  0.19472E-03  0.17628E-03  0.16089E-03
  0.14710E-03  0.13439E-03  0.12369E-03  0.11469E-03  0.10514E-03  0.97991E-04
  0.90982E-04  0.84752E-04  0.79853E-04  0.73572E-04  0.69624E-04  0.65274E-04
  0.61966E-04  0.57981E-04  0.55032E-04  0.52093E-04  0.49560E-04  0.47092E-04
  0.44969E-04  0.42525E-04  0.41145E-04  0.38915E-04  0.37980E-04  0.36061E-04
  0.34740E-04  0.33601E-04  0.31999E-04  0.31381E-04  0.30356E-04  0.29300E-04
  0.28490E-04  0.27708E-04  0.26803E-04  0.26165E-04  0.25751E-04  0.24942E-04
  0.24341E-04  0.24095E-04  0.23848E-04  0.23214E-04  0.22767E-04  0.22223E-04
  0.22077E-04  0.22072E-04  0.21787E-04  0.21272E-04  0.21086E-04  0.20735E-04
  0.20597E-04  0.20563E-04  0.20212E-04  0.20630E-04  0.20055E-04  0.21865E-04
  0.26696E+00  0.53005E+02
  0.73885E+02  0.42219E+02  0.10945E+02  0.40505E+01  0.21762E+01  0.10562E+01
  0.59850E+00  0.35668E+00  0.22631E+00  0.15205E+00  0.10605E+00  0.57338E-01
  0.34015E-01  0.21531E-01  0.14309E-01  0.98884E-02  0.70550E-02  0.51737E-02
  0.38825E-02  0.29726E-02  0.23168E-02  0.18342E-02  0.14719E-02  0.11986E-02
  0.98483E-03  0.81867E-03  0.68613E-03  0.57966E-03  0.49447E-03  0.42533E-03
  0.36857E-03  0.31997E-03  0.27953E-03  0.24552E-03  0.21759E-03  0.19388E-03
  0.17289E-03  0.15485E-03  0.13884E-03  0.12640E-03  0.11472E-03  0.10361E-03
  0.94518E-04  0.87165E-04  0.80145E-04  0.73214E-04  0.67749E-04  0.63193E-04
  0.58227E-04  0.54293E-04  0.51078E-04  0.47298E-04  0.44648E-04  0.41634E-04
  0.38985E-04  0.37330E-04  0.34952E-04  0.33337E-04  0.31168E-04  0.30058E-04
  0.28419E-04  0.27142E-04  0.25957E-04  0.24705E-04  0.23774E-04  0.22879E-04
  0.21922E-04  0.21182E-04  0.20131E-04  0.19734E-04  0.18922E-04  0.18411E-04
  0.18369E-04  0.17095E-04  0.16802E-04  0.16472E-04  0.16026E-04  0.15432E-04
  0.15637E-04  0.15232E-04  0.14616E-04  0.14282E-04  0.14330E-04  0.14263E-04
  0.13574E-04  0.13317E-04  0.13256E-04  0.13294E-04  0.13267E-04  0.13214E-04
  0.13255E-04  0.12845E-04  0.13112E-04  0.12892E-04  0.12499E-04  0.13612E-04
  0.22175E+00  0.63814E+02
  0.75159E+02  0.38672E+02  0.87577E+01  0.35280E+01  0.17035E+01  0.81759E+00
  0.45938E+00  0.26868E+00  0.17172E+00  0.11436E+00  0.80299E-01  0.43252E-01
  0.25522E-01  0.16057E-01  0.10606E-01  0.72853E-02  0.51695E-02  0.37709E-02
  0.28173E-02  0.21490E-02  0.16696E-02  0.13179E-02  0.10561E-02  0.85580E-03
  0.70246E-03  0.58328E-03  0.48715E-03  0.41173E-03  0.35072E-03  0.30074E-03
  0.26081E-03  0.22634E-03  0.19770E-03  0.17435E-03  0.15376E-03  0.13610E-03
  0.12107E-03  0.10853E-03  0.98067E-04  0.88820E-04  0.80382E-04  0.72592E-04
  0.66005E-04  0.60594E-04  0.56029E-04  0.51551E-04  0.47096E-04  0.43683E-04
  0.40738E-04  0.37969E-04  0.35192E-04  0.32861E-04  0.31178E-04  0.28883E-04
  0.27317E-04  0.25749E-04  0.23742E-04  0.23181E-04  0.21721E-04  0.20416E-04
  0.19798E-04  0.18489E-04  0.18195E-04  0.16925E-04  0.16387E-04  0.15429E-04
  0.15271E-04  0.14344E-04  0.14179E-04  0.13300E-04  0.13209E-04  0.12520E-04
  0.12218E-04  0.12076E-04  0.11392E-04  0.11493E-04  0.10910E-04  0.10378E-04
  0.10534E-04  0.10331E-04  0.10151E-04  0.98439E-05  0.98122E-05  0.98007E-05
  0.92719E-05  0.91068E-05  0.90213E-05  0.89543E-05  0.92071E-05  0.91148E-05
  0.87428E-05  0.88189E-05  0.88877E-05  0.83123E-05  0.83704E-05  0.93314E-05
  0.19004E+00  0.74460E+02