  0.36484E+01  0.36456E+01  0.36371E+01  0.36229E+01  0.36031E+01  0.35779E+01
  0.35472E+01  0.35113E+01  0.34703E+01  0.34244E+01  0.33737E+01  0.32591E+01
  0.31284E+01  0.29836E+01  0.28270E+01  0.26608E+01  0.24876E+01  0.23096E+01
  0.21290E+01  0.19481E+01  0.17690E+01  0.15934E+01  0.14231E+01  0.12596E+01
  0.11043E+01  0.95826E+00  0.82251E+00  0.69786E+00  0.58494E+00  0.48425E+00
  0.39612E+00  0.32074E+00  0.25817E+00  0.20828E+00  0.17084E+00  0.14542E+00
  0.13145E+00  0.12819E+00  0.13475E+00  0.15006E+00  0.17291E+00  0.20196E+00
  0.23572E+00  0.27263E+00  0.31106E+00  0.34936E+00  0.38588E+00  0.41905E+00
  0.44739E+00  0.46958E+00  0.48451E+00  0.49129E+00  0.48934E+00  0.47839E+00
  0.45851E+00  0.43015E+00  0.39409E+00  0.35151E+00  0.30393E+00  0.25320E+00
  0.20146E+00  0.15109E+00  0.10467E+00  0.64937E-01  0.34657E-01  0.16616E-01
  0.13515E-01  0.27906E-01  0.62116E-01  0.11818E+00  0.19777E+00  0.30215E+00
  0.43211E+00  0.58795E+00  0.76943E+00  0.97577E+00  0.12056E+01  0.14571E+01
  0.17279E+01  0.20150E+01  0.23152E+01  0.26247E+01  0.29396E+01  0.32554E+01
  0.35679E+01  0.38725E+01  0.41646E+01  0.44398E+01  0.46940E+01  0.49232E+01
  0.51236E+01  0.52923E+01  0.54264E+01  0.55237E+01  0.55828E+01  0.56025E+01
  0.10225E+02  0.11996E+01
  0.40276E+01  0.40174E+01  0.39867E+01  0.39360E+01  0.38661E+01  0.37780E+01
  0.36732E+01  0.35532E+01  0.34197E+01  0.32748E+01  0.31205E+01  0.27925E+01
  0.24536E+01  0.21211E+01  0.18106E+01  0.15349E+01  0.13034E+01  0.11214E+01
  0.99061E+00  0.90861E+00  0.87001E+00  0.86694E+00  0.88987E+00  0.92860E+00
  0.97305E+00  0.10140E+01  0.10438E+01  0.10567E+01  0.10488E+01  0.10186E+01
  0.96652E+00  0.89470E+00  0.80662E+00  0.70673E+00  0.60000E+00  0.49155E+00
  0.38627E+00  0.28853E+00  0.20200E+00  0.12947E+00  0.72818E-01  0.32979E-01
  0.10038E-01  0.32978E-02  0.11413E-01  0.32527E-01  0.64415E-01  0.10463E+00
  0.15062E+00  0.19986E+00  0.24995E+00  0.29867E+00  0.34407E+00  0.38449E+00
  0.41859E+00  0.44539E+00  0.46423E+00  0.47476E+00  0.47696E+00  0.47106E+00
  0.45758E+00  0.43720E+00  0.41082E+00  0.37946E+00  0.34425E+00  0.30636E+00
  0.26702E+00  0.22745E+00  0.18882E+00  0.15223E+00  0.11871E+00  0.89156E-01
  0.64348E-01  0.44906E-01  0.31298E-01  0.23823E-01  0.22615E-01  0.27638E-01
  0.38695E-01  0.55434E-01  0.77360E-01  0.10385E+00  0.13418E+00  0.16751E+00
  0.20296E+00  0.23958E+00  0.27643E+00  0.31253E+00  0.34694E+00  0.37880E+00
  0.40726E+00  0.43161E+00  0.45123E+00  0.46560E+00  0.47438E+00  0.47732E+00
  0.56678E+01  0.21642E+01
  0.75709E+01  0.75465E+01  0.74730E+01  0.73520E+01  0.71858E+01  0.69774E+01
  0.67305E+01  0.64497E+01  0.61398E+01  0.58061E+01  0.54544E+01  0.47193E+01
  0.39796E+01  0.32760E+01  0.26422E+01  0.21020E+01  0.16688E+01  0.13453E+01
  0.11253E+01  0.99485E+00  0.93546E+00  0.92622E+00  0.94632E+00  0.97701E+00
  0.10030E+01  0.10131E+01  0.10008E+01  0.96363E+00  0.90246E+00  0.82097E+00
  0.72445E+00  0.61903E+00  0.51087E+00  0.40560E+00  0.30790E+00  0.22135E+00
  0.14834E+00  0.90124E-01  0.47027E-01  0.18574E-01  0.37140E-02  0.10071E-02
  0.87819E-02  0.25268E-01  0.48695E-01  0.77356E-01  0.10965E+00  0.14412E+00
  0.17942E+00  0.21437E+00  0.24792E+00  0.27914E+00  0.30723E+00  0.33151E+00
  0.35143E+00  0.36654E+00  0.37653E+00  0.38120E+00  0.38050E+00  0.37448E+00
  0.36335E+00  0.34743E+00  0.32717E+00  0.30312E+00  0.27597E+00  0.24645E+00
  0.21541E+00  0.18373E+00  0.15232E+00  0.12207E+00  0.93902E-01  0.68641E-01
  0.47061E-01  0.29837E-01  0.17529E-01  0.10561E-01  0.92111E-02  0.13600E-01
  0.23685E-01  0.39265E-01  0.59977E-01  0.85314E-01  0.11463E+00  0.14717E+00
  0.18208E+00  0.21842E+00  0.25524E+00  0.29153E+00  0.32632E+00  0.35866E+00
  0.38768E+00  0.41259E+00  0.43270E+00  0.44747E+00  0.45650E+00  0.45953E+00
  0.56434E+01  0.21735E+01
  0.10489E+02  0.10449E+02  0.10328E+02  0.10130E+02  0.98589E+01  0.95204E+01
  0.91219E+01  0.86720E+01  0.81797E+01  0.76550E+01  0.71080E+01  0.59871E+01
  0.48928E+01  0.38889E+01  0.30214E+01  0.23166E+01  0.17808E+01  0.14037E+01
  0.11621E+01  0.10256E+01  0.96127E+00  0.93846E+00  0.93144E+00  0.92132E+00
  0.89638E+00  0.85145E+00  0.78659E+00  0.70544E+00  0.61360E+00  0.51727E+00
  0.42216E+00  0.33295E+00  0.25294E+00  0.18408E+00  0.12718E+00  0.82129E-01
  0.48244E-01  0.24492E-01  0.97113E-02  0.27515E-02  0.25506E-02  0.81685E-02
  0.18784E-01  0.33673E-01  0.52170E-01  0.73637E-01  0.97434E-01  0.12289E+00
  0.14931E+00  0.17593E+00  0.20198E+00  0.22668E+00  0.24925E+00  0.26894E+00
  0.28510E+00  0.29716E+00  0.30468E+00  0.30737E+00  0.30512E+00  0.29797E+00
  0.28617E+00  0.27009E+00  0.25031E+00  0.22751E+00  0.20249E+00  0.17614E+00
  0.14941E+00  0.12326E+00  0.98645E-01  0.76490E-01  0.57648E-01  0.42884E-01
  0.32847E-01  0.28057E-01  0.28889E-01  0.35565E-01  0.48145E-01  0.66532E-01
  0.90472E-01  0.11956E+00  0.15326E+00  0.19091E+00  0.23174E+00  0.27489E+00
  0.31945E+00  0.36445E+00  0.40891E+00  0.45186E+00  0.49234E+00  0.52946E+00
  0.56239E+00  0.59040E+00  0.61287E+00  0.62928E+00  0.63928E+00  0.64263E+00
  0.54545E+01  0.22488E+01
  0.16798E+02  0.16692E+02  0.16375E+02  0.15859E+02  0.15165E+02  0.14317E+02
  0.13346E+02  0.12285E+02  0.11167E+02  0.10028E+02  0.88976E+01  0.67739E+01
  0.49635E+01  0.35484E+01  0.25301E+01  0.18523E+01  0.14285E+01  0.11692E+01
  0.99982E+00  0.86973E+00  0.75177E+00  0.63673E+00  0.52585E+00  0.42431E+00
  0.33685E+00  0.26587E+00  0.21114E+00  0.17053E+00  0.14097E+00  0.11928E+00
  0.10272E+00  0.89275E-01  0.77729E-01  0.67586E-01  0.58878E-01  0.51944E-01
  0.47192E-01  0.44921E-01  0.45209E-01  0.47879E-01  0.52543E-01  0.58677E-01
  0.65713E-01  0.73114E-01  0.80426E-01  0.87290E-01  0.93445E-01  0.98700E-01
  0.10291E+00  0.10597E+00  0.10778E+00  0.10825E+00  0.10729E+00  0.10487E+00
  0.10096E+00  0.95577E-01  0.88811E-01  0.80802E-01  0.71756E-01  0.61941E-01
  0.51683E-01  0.41351E-01  0.31355E-01  0.22122E-01  0.14092E-01  0.76984E-02
  0.33593E-02  0.14621E-02  0.23551E-02  0.63371E-02  0.13650E-01  0.24472E-01
  0.38912E-01  0.57008E-01  0.78724E-01  0.10395E+00  0.13249E+00  0.16409E+00
  0.19843E+00  0.23510E+00  0.27366E+00  0.31360E+00  0.35438E+00  0.39542E+00
  0.43613E+00  0.47589E+00  0.51410E+00  0.55016E+00  0.58350E+00  0.61358E+00
  0.63993E+00  0.66210E+00  0.67974E+00  0.69256E+00  0.70033E+00  0.70293E+00
  0.43889E+01  0.27948E+01
  0.19801E+02  0.19626E+02  0.19105E+02  0.18267E+02  0.17158E+02  0.15833E+02
  0.14358E+02  0.12798E+02  0.11219E+02  0.96810E+01  0.82320E+01  0.57385E+01
  0.38856E+01  0.26457E+01  0.18828E+01  0.14298E+01  0.11446E+01  0.93519E+00
  0.75783E+00  0.60058E+00  0.46566E+00  0.35733E+00  0.27655E+00  0.22036E+00
  0.18332E+00  0.15930E+00  0.14276E+00  0.12966E+00  0.11768E+00  0.10609E+00
  0.95219E-01  0.85795E-01  0.78393E-01  0.73167E-01  0.69847E-01  0.67914E-01
  0.66819E-01  0.66143E-01  0.65651E-01  0.65269E-01  0.65012E-01  0.64908E-01
  0.64937E-01  0.65018E-01  0.65008E-01  0.64734E-01  0.64027E-01  0.62754E-01
  0.60837E-01  0.58259E-01  0.55057E-01  0.51308E-01  0.47111E-01  0.42577E-01
  0.37817E-01  0.32945E-01  0.28071E-01  0.23311E-01  0.18790E-01  0.14638E-01
  0.10999E-01  0.80256E-02  0.58730E-02  0.46986E-02  0.46548E-02  0.58837E-02
  0.85122E-02  0.12648E-01  0.18376E-01  0.25756E-01  0.34819E-01  0.45569E-01
  0.57981E-01  0.72002E-01  0.87550E-01  0.10451E+00  0.12276E+00  0.14212E+00
  0.16241E+00  0.18343E+00  0.20496E+00  0.22675E+00  0.24855E+00  0.27011E+00
  0.29117E+00  0.31145E+00  0.33072E+00  0.34871E+00  0.36520E+00  0.37997E+00
  0.39283E+00  0.40359E+00  0.41211E+00  0.41829E+00  0.42203E+00  0.42328E+00
  0.36327E+01  0.33765E+01
  0.21862E+02  0.21615E+02  0.20882E+02  0.19717E+02  0.18200E+02  0.16426E+02
  0.14504E+02  0.12539E+02  0.10626E+02  0.88437E+01  0.72474E+01  0.47217E+01
  0.30687E+01  0.20923E+01  0.15355E+01  0.11903E+01  0.93660E+00  0.72702E+00
  0.55295E+00  0.41679E+00  0.31859E+00  0.25324E+00  0.21220E+00  0.18618E+00
  0.16736E+00  0.15081E+00  0.13463E+00  0.11916E+00  0.10556E+00  0.94712E-01
  0.86686E-01  0.80918E-01  0.76605E-01  0.73074E-01  0.69946E-01  0.67113E-01
  0.64615E-01  0.62495E-01  0.60718E-01  0.59151E-01  0.57607E-01  0.55911E-01
  0.53950E-01  0.51694E-01  0.49185E-01  0.46500E-01  0.43716E-01  0.40891E-01
  0.38049E-01  0.35194E-01  0.32323E-01  0.29439E-01  0.26563E-01  0.23737E-01
  0.21022E-01  0.18492E-01  0.16226E-01  0.14298E-01  0.12779E-01  0.11732E-01
  0.11210E-01  0.11262E-01  0.11933E-01  0.13260E-01  0.15279E-01  0.18021E-01
  0.21510E-01  0.25760E-01  0.30778E-01  0.36559E-01  0.43087E-01  0.50332E-01
  0.58256E-01  0.66808E-01  0.75926E-01  0.85541E-01  0.95571E-01  0.10593E+00
  0.11653E+00  0.12728E+00  0.13806E+00  0.14878E+00  0.15934E+00  0.16963E+00
  0.17954E+00  0.18899E+00  0.19786E+00  0.20607E+00  0.21353E+00  0.22016E+00
  0.22590E+00  0.23069E+00  0.23446E+00  0.23718E+00  0.23883E+00  0.23938E+00
  0.31386E+01  0.39081E+01
  0.23498E+02  0.23175E+02  0.22224E+02  0.20730E+02  0.18813E+02  0.16621E+02
  0.14309E+02  0.12020E+02  0.98764E+01  0.79635E+01  0.63317E+01  0.39433E+01
  0.25404E+01  0.17714E+01  0.13234E+01  0.10126E+01  0.76723E+00  0.57214E+00
  0.42693E+00  0.32789E+00  0.26540E+00  0.22684E+00  0.20029E+00  0.17771E+00
  0.15592E+00  0.13539E+00  0.11779E+00  0.10415E+00  0.94238E-01  0.86997E-01
  0.81282E-01  0.76316E-01  0.71791E-01  0.67704E-01  0.64122E-01  0.61018E-01
  0.58238E-01  0.55578E-01  0.52886E-01  0.50113E-01  0.47307E-01  0.44553E-01
  0.41921E-01  0.39430E-01  0.37053E-01  0.34736E-01  0.32429E-01  0.30113E-01
  0.27800E-01  0.25532E-01  0.23363E-01  0.21344E-01  0.19519E-01  0.17914E-01
  0.16549E-01  0.15442E-01  0.14610E-01  0.14073E-01  0.13856E-01  0.13983E-01
  0.14479E-01  0.15360E-01  0.16639E-01  0.18321E-01  0.20405E-01  0.22885E-01
  0.25752E-01  0.28991E-01  0.32588E-01  0.36523E-01  0.40777E-01  0.45325E-01
  0.50138E-01  0.55188E-01  0.60439E-01  0.65856E-01  0.71396E-01  0.77018E-01
  0.82677E-01  0.88326E-01  0.93920E-01  0.99413E-01  0.10476E+00  0.10992E+00
  0.11484E+00  0.11948E+00  0.12381E+00  0.12779E+00  0.13138E+00  0.13456E+00
  0.13730E+00  0.13956E+00  0.14135E+00  0.14263E+00  0.14340E+00  0.14366E+00
  0.27935E+01  0.43908E+01
  0.24875E+02  0.24475E+02  0.23302E+02  0.21477E+02  0.19174E+02  0.16595E+02
  0.13945E+02  0.11406E+02  0.91133E+01  0.71526E+01  0.55557E+01  0.33758E+01
  0.21972E+01  0.15626E+01  0.11643E+01  0.86850E+00  0.63962E+00  0.47229E+00
  0.36037E+00  0.29098E+00  0.24770E+00  0.21599E+00  0.18751E+00  0.16052E+00
  0.13684E+00  0.11826E+00  0.10483E+00  0.95232E-01  0.87781E-01  0.81311E-01
  0.75371E-01  0.69980E-01  0.65244E-01  0.61122E-01  0.57418E-01  0.53925E-01
  0.50540E-01  0.47281E-01  0.44228E-01  0.41437E-01  0.38896E-01  0.36534E-01
  0.34266E-01  0.32033E-01  0.29826E-01  0.27677E-01  0.25637E-01  0.23749E-01
  0.22036E-01  0.20497E-01  0.19126E-01  0.17913E-01  0.16861E-01  0.15982E-01
  0.15294E-01  0.14816E-01  0.14563E-01  0.14544E-01  0.14764E-01  0.15222E-01
  0.15917E-01  0.16847E-01  0.18009E-01  0.19403E-01  0.21024E-01  0.22868E-01
  0.24925E-01  0.27184E-01  0.29629E-01  0.32243E-01  0.35007E-01  0.37901E-01
  0.40904E-01  0.43994E-01  0.47150E-01  0.50352E-01  0.53578E-01  0.56808E-01
  0.60020E-01  0.63191E-01  0.66300E-01  0.69326E-01  0.72249E-01  0.75048E-01
  0.77704E-01  0.80199E-01  0.82513E-01  0.84632E-01  0.86538E-01  0.88220E-01
  0.89663E-01  0.90857E-01  0.91793E-01  0.92464E-01  0.92867E-01  0.93001E-01
  0.25363E+01  0.48362E+01
  0.26073E+02  0.25593E+02  0.24194E+02  0.22041E+02  0.19364E+02  0.16429E+02
  0.13492E+02  0.10765E+02  0.83899E+01  0.64394E+01  0.49181E+01  0.29628E+01
  0.19609E+01  0.14068E+01  0.10339E+01  0.75421E+00  0.54963E+00  0.41205E+00
  0.32673E+00  0.27363E+00  0.23461E+00  0.19979E+00  0.16781E+00  0.14114E+00
  0.12130E+00  0.10746E+00  0.97389E-01  0.89089E-01  0.81539E-01  0.74607E-01
  0.68484E-01  0.63215E-01  0.58608E-01  0.54407E-01  0.50475E-01  0.46817E-01
  0.43496E-01  0.40532E-01  0.37862E-01  0.35382E-01  0.33006E-01  0.30708E-01
  0.28518E-01  0.26486E-01  0.24645E-01  0.22995E-01  0.21512E-01  0.20164E-01
  0.18931E-01  0.17812E-01  0.16823E-01  0.15982E-01  0.15305E-01  0.14797E-01
  0.14457E-01  0.14280E-01  0.14263E-01  0.14404E-01  0.14702E-01  0.15159E-01
  0.15775E-01  0.16546E-01  0.17466E-01  0.18528E-01  0.19722E-01  0.21038E-01
  0.22467E-01  0.24002E-01  0.25632E-01  0.27349E-01  0.29144E-01  0.31006E-01
  0.32923E-01  0.34884E-01  0.36873E-01  0.38876E-01  0.40881E-01  0.42874E-01
  0.44841E-01  0.46769E-01  0.48647E-01  0.50461E-01  0.52200E-01  0.53856E-01
  0.55418E-01  0.56878E-01  0.58226E-01  0.59455E-01  0.60557E-01  0.61526E-01
  0.62356E-01  0.63040E-01  0.63573E-01  0.63954E-01  0.64181E-01  0.64257E-01
  0.23348E+01  0.52535E+01
  0.27134E+02  0.26573E+02  0.24946E+02  0.22467E+02  0.19432E+02  0.16173E+02
  0.12994E+02  0.10131E+02  0.77257E+01  0.58246E+01  0.44000E+01  0.26568E+01
  0.17856E+01  0.12799E+01  0.92568E+00  0.66633E+00  0.48807E+00  0.37591E+00
  0.30709E+00  0.25863E+00  0.21687E+00  0.17938E+00  0.14887E+00  0.12683E+00
  0.11172E+00  0.10059E+00  0.91094E-01  0.82352E-01  0.74468E-01  0.67694E-01
  0.61957E-01  0.56943E-01  0.52386E-01  0.48204E-01  0.44435E-01  0.41095E-01
  0.38119E-01  0.35390E-01  0.32819E-01  0.30395E-01  0.28157E-01  0.26147E-01
  0.24367E-01  0.22781E-01  0.21338E-01  0.20003E-01  0.18766E-01  0.17645E-01
  0.16660E-01  0.15824E-01  0.15136E-01  0.14584E-01  0.14156E-01  0.13844E-01
  0.13647E-01  0.13565E-01  0.13602E-01  0.13756E-01  0.14024E-01  0.14401E-01
  0.14880E-01  0.15457E-01  0.16127E-01  0.16885E-01  0.17728E-01  0.18651E-01
  0.19646E-01  0.20708E-01  0.21828E-01  0.22997E-01  0.24206E-01  0.25447E-01
  0.26713E-01  0.27995E-01  0.29287E-01  0.30582E-01  0.31872E-01  0.33150E-01
  0.34408E-01  0.35640E-01  0.36838E-01  0.37996E-01  0.39105E-01  0.40161E-01
  0.41158E-01  0.42088E-01  0.42945E-01  0.43724E-01  0.44420E-01  0.45031E-01
  0.45555E-01  0.45989E-01  0.46330E-01  0.46575E-01  0.46722E-01  0.46771E-01
  0.21713E+01  0.56491E+01
  0.28089E+02  0.27445E+02  0.25588E+02  0.22786E+02  0.19409E+02  0.15855E+02
  0.12477E+02  0.95244E+01  0.71266E+01  0.52998E+01  0.39794E+01  0.24238E+01
  0.16466E+01  0.11727E+01  0.83655E+00  0.59960E+00  0.44583E+00  0.35212E+00
  0.29039E+00  0.24043E+00  0.19636E+00  0.16058E+00  0.13498E+00  0.11767E+00
  0.10498E+00  0.94096E-01  0.84090E-01  0.75229E-01  0.67792E-01  0.61587E-01
  0.56192E-01  0.51317E-01  0.46905E-01  0.42989E-01  0.39540E-01  0.36447E-01
  0.33600E-01  0.30965E-01  0.28573E-01  0.26455E-01  0.24599E-01  0.22948E-01
  0.21440E-01  0.20039E-01  0.18749E-01  0.17593E-01  0.16587E-01  0.15730E-01
  0.15003E-01  0.14385E-01  0.13862E-01  0.13431E-01  0.13095E-01  0.12858E-01
  0.12720E-01  0.12676E-01  0.12721E-01  0.12847E-01  0.13051E-01  0.13328E-01
  0.13678E-01  0.14096E-01  0.14580E-01  0.15123E-01  0.15721E-01  0.16368E-01
  0.17059E-01  0.17789E-01  0.18553E-01  0.19349E-01  0.20173E-01  0.21018E-01
  0.21881E-01  0.22754E-01  0.23633E-01  0.24512E-01  0.25386E-01  0.26249E-01
  0.27095E-01  0.27921E-01  0.28721E-01  0.29493E-01  0.30231E-01  0.30932E-01
  0.31592E-01  0.32209E-01  0.32777E-01  0.33293E-01  0.33754E-01  0.34157E-01
  0.34504E-01  0.34792E-01  0.35020E-01  0.35185E-01  0.35285E-01  0.35318E-01
  0.20349E+01  0.60277E+01
  0.28955E+02  0.28227E+02  0.26139E+02  0.23019E+02  0.19316E+02  0.15497E+02
  0.11956E+02  0.89519E+01  0.65912E+01  0.48534E+01  0.36366E+01  0.22403E+01
  0.15308E+01  0.10807E+01  0.76337E+00  0.54883E+00  0.41563E+00  0.33303E+00
  0.27222E+00  0.22013E+00  0.17729E+00  0.14631E+00  0.12562E+00  0.11085E+00
  0.98393E-01  0.87012E-01  0.77049E-01  0.68841E-01  0.62103E-01  0.56289E-01
  0.51057E-01  0.46359E-01  0.42225E-01  0.38599E-01  0.35354E-01  0.32400E-01
  0.29733E-01  0.27381E-01  0.25334E-01  0.23527E-01  0.21888E-01  0.20375E-01
  0.18991E-01  0.17759E-01  0.16692E-01  0.15776E-01  0.14982E-01  0.14282E-01
  0.13665E-01  0.13131E-01  0.12689E-01  0.12341E-01  0.12082E-01  0.11903E-01
  0.11795E-01  0.11752E-01  0.11770E-01  0.11850E-01  0.11988E-01  0.12183E-01
  0.12430E-01  0.12725E-01  0.13064E-01  0.13445E-01  0.13864E-01  0.14318E-01
  0.14804E-01  0.15318E-01  0.15858E-01  0.16418E-01  0.16994E-01  0.17583E-01
  0.18181E-01  0.18785E-01  0.19391E-01  0.19996E-01  0.20595E-01  0.21187E-01
  0.21770E-01  0.22341E-01  0.22894E-01  0.23427E-01  0.23937E-01  0.24421E-01
  0.24877E-01  0.25301E-01  0.25691E-01  0.26046E-01  0.26365E-01  0.26644E-01
  0.26881E-01  0.27075E-01  0.27228E-01  0.27340E-01  0.27409E-01  0.27432E-01
  0.19188E+01  0.63926E+01
  0.34833E+02  0.33222E+02  0.28818E+02  0.22856E+02  0.16742E+02  0.11540E+02
  0.77133E+01  0.51983E+01  0.36574E+01  0.27227E+01  0.21222E+01  0.13708E+01
  0.89670E+00  0.60485E+00  0.43247E+00  0.31526E+00  0.23244E+00  0.17995E+00
  0.14583E+00  0.11898E+00  0.97280E-01  0.81450E-01  0.69634E-01  0.59582E-01
  0.50908E-01  0.43920E-01  0.38309E-01  0.33549E-01  0.29463E-01  0.26045E-01
  0.23183E-01  0.20740E-01  0.18648E-01  0.16863E-01  0.15323E-01  0.13981E-01
  0.12825E-01  0.11835E-01  0.10971E-01  0.10203E-01  0.95253E-02  0.89400E-02
  0.84324E-02  0.79801E-02  0.75719E-02  0.72105E-02  0.68976E-02  0.66243E-02
  0.63790E-02  0.61570E-02  0.59597E-02  0.57873E-02  0.56367E-02  0.55038E-02
  0.53850E-02  0.52786E-02  0.51849E-02  0.51043E-02  0.50353E-02  0.49755E-02
  0.49237E-02  0.48794E-02  0.48422E-02  0.48116E-02  0.47867E-02  0.47665E-02
  0.47506E-02  0.47387E-02  0.47307E-02  0.47259E-02  0.47237E-02  0.47241E-02
  0.47268E-02  0.47313E-02  0.47375E-02  0.47452E-02  0.47539E-02  0.47636E-02
  0.47739E-02  0.47847E-02  0.47958E-02  0.48071E-02  0.48181E-02  0.48288E-02
  0.48394E-02  0.48498E-02  0.48593E-02  0.48678E-02  0.48755E-02  0.48827E-02
  0.48889E-02  0.48940E-02  0.48980E-02  0.49007E-02  0.49021E-02  0.49024E-02
  0.12755E+01  0.96165E+01
  0.38276E+02  0.35741E+02  0.29134E+02  0.20995E+02  0.13729E+02  0.85392E+01
  0.53877E+01  0.36376E+01  0.26549E+01  0.20395E+01  0.15963E+01  0.97449E+00
  0.61529E+00  0.41230E+00  0.28383E+00  0.20634E+00  0.15714E+00  0.12066E+00
  0.95215E-01  0.77545E-01  0.63237E-01  0.51876E-01  0.43416E-01  0.36589E-01
  0.30916E-01  0.26459E-01  0.22874E-01  0.19854E-01  0.17363E-01  0.15320E-01
  0.13596E-01  0.12136E-01  0.10906E-01  0.98575E-02  0.89590E-02  0.81866E-02
  0.75143E-02  0.69287E-02  0.64208E-02  0.59743E-02  0.55767E-02  0.52251E-02
  0.49155E-02  0.46385E-02  0.43881E-02  0.41640E-02  0.39632E-02  0.37812E-02
  0.36161E-02  0.34662E-02  0.33291E-02  0.32042E-02  0.30906E-02  0.29861E-02
  0.28900E-02  0.28016E-02  0.27195E-02  0.26438E-02  0.25746E-02  0.25108E-02
  0.24517E-02  0.23968E-02  0.23456E-02  0.22979E-02  0.22537E-02  0.22126E-02
  0.21747E-02  0.21390E-02  0.21050E-02  0.20736E-02  0.20453E-02  0.20188E-02
  0.19939E-02  0.19709E-02  0.19491E-02  0.19282E-02  0.19090E-02  0.18919E-02
  0.18764E-02  0.18619E-02  0.18485E-02  0.18363E-02  0.18251E-02  0.18144E-02
  0.18047E-02  0.17964E-02  0.17883E-02  0.17806E-02  0.17744E-02  0.17697E-02
  0.17653E-02  0.17613E-02  0.17582E-02  0.17568E-02  0.17571E-02  0.17576E-02
  0.98470E+00  0.12457E+02
  0.40660E+02  0.37186E+02  0.28545E+02  0.18833E+02  0.11232E+02  0.65905E+01
  0.41554E+01  0.29033E+01  0.21717E+01  0.16561E+01  0.12544E+01  0.72816E+00
  0.45627E+00  0.29937E+00  0.20904E+00  0.15171E+00  0.11273E+00  0.87472E-01
  0.68557E-01  0.54339E-01  0.44139E-01  0.36007E-01  0.29707E-01  0.24931E-01
  0.21020E-01  0.17901E-01  0.15427E-01  0.13363E-01  0.11676E-01  0.10295E-01
  0.91271E-02  0.81467E-02  0.73193E-02  0.66100E-02  0.60013E-02  0.54753E-02
  0.50181E-02  0.46191E-02  0.42675E-02  0.39573E-02  0.36831E-02  0.34380E-02
  0.32188E-02  0.30229E-02  0.28459E-02  0.26859E-02  0.25412E-02  0.24094E-02
  0.22895E-02  0.21800E-02  0.20793E-02  0.19870E-02  0.19027E-02  0.18256E-02
  0.17540E-02  0.16868E-02  0.16250E-02  0.15683E-02  0.15152E-02  0.14656E-02
  0.14198E-02  0.13780E-02  0.13391E-02  0.13022E-02  0.12672E-02  0.12342E-02
  0.12046E-02  0.11775E-02  0.11511E-02  0.11262E-02  0.11029E-02  0.10808E-02
  0.10605E-02  0.10423E-02  0.10252E-02  0.10089E-02  0.99424E-03  0.98067E-03
  0.96704E-03  0.95424E-03  0.94343E-03  0.93349E-03  0.92388E-03  0.91510E-03
  0.90736E-03  0.90073E-03  0.89478E-03  0.88923E-03  0.88383E-03  0.87874E-03
  0.87518E-03  0.87228E-03  0.86877E-03  0.86653E-03  0.86653E-03  0.86692E-03
  0.81190E+00  0.15108E+02
  0.42454E+02  0.38039E+02  0.27547E+02  0.16760E+02  0.93102E+01  0.53421E+01
  0.34557E+01  0.24805E+01  0.18455E+01  0.13609E+01  0.99750E+00  0.57200E+00
  0.35399E+00  0.23304E+00  0.16143E+00  0.11581E+00  0.86953E-01  0.65951E-01
  0.51367E-01  0.40693E-01  0.32522E-01  0.26574E-01  0.21855E-01  0.18211E-01
  0.15374E-01  0.13058E-01  0.11230E-01  0.97325E-02  0.84972E-02  0.74850E-02
  0.66278E-02  0.59096E-02  0.53015E-02  0.47784E-02  0.43294E-02  0.39400E-02
  0.36005E-02  0.33031E-02  0.30415E-02  0.28100E-02  0.26043E-02  0.24210E-02
  0.22568E-02  0.21093E-02  0.19768E-02  0.18567E-02  0.17480E-02  0.16494E-02
  0.15590E-02  0.14767E-02  0.14018E-02  0.13333E-02  0.12695E-02  0.12111E-02
  0.11584E-02  0.11086E-02  0.10626E-02  0.10210E-02  0.98202E-03  0.94530E-03
  0.91079E-03  0.87946E-03  0.85160E-03  0.82480E-03  0.79817E-03  0.77456E-03
  0.75355E-03  0.73327E-03  0.71464E-03  0.69630E-03  0.67880E-03  0.66378E-03
  0.64990E-03  0.63681E-03  0.62397E-03  0.61158E-03  0.60074E-03  0.59095E-03
  0.58138E-03  0.57301E-03  0.56635E-03  0.55936E-03  0.55197E-03  0.54555E-03
  0.54020E-03  0.53489E-03  0.52963E-03  0.52634E-03  0.52313E-03  0.51955E-03
  0.51746E-03  0.51506E-03  0.51388E-03  0.51415E-03  0.51237E-03  0.51076E-03
  0.69538E+00  0.17639E+02
  0.43881E+02  0.38527E+02  0.26362E+02  0.14900E+02  0.78627E+01  0.45248E+01
  0.30162E+01  0.21792E+01  0.15764E+01  0.11230E+01  0.81230E+00  0.46523E+00
  0.28547E+00  0.18738E+00  0.12843E+00  0.92807E-01  0.68306E-01  0.51900E-01
  0.40096E-01  0.31514E-01  0.25277E-01  0.20450E-01  0.16862E-01  0.14005E-01
  0.11797E-01  0.10037E-01  0.86084E-02  0.74612E-02  0.65032E-02  0.57178E-02
  0.50571E-02  0.44996E-02  0.40275E-02  0.36216E-02  0.32722E-02  0.29690E-02
  0.27049E-02  0.24733E-02  0.22696E-02  0.20895E-02  0.19296E-02  0.17871E-02
  0.16599E-02  0.15456E-02  0.14425E-02  0.13501E-02  0.12660E-02  0.11894E-02
  0.11206E-02  0.10577E-02  0.99978E-03  0.94744E-03  0.89984E-03  0.85468E-03
  0.81391E-03  0.77689E-03  0.74212E-03  0.71034E-03  0.68148E-03  0.65466E-03
  0.62872E-03  0.60507E-03  0.58424E-03  0.56425E-03  0.54499E-03  0.52703E-03
  0.51113E-03  0.49760E-03  0.48309E-03  0.46920E-03  0.45739E-03  0.44635E-03
  0.43660E-03  0.42667E-03  0.41716E-03  0.40881E-03  0.40048E-03  0.39294E-03
  0.38697E-03  0.38107E-03  0.37535E-03  0.37013E-03  0.36510E-03  0.36050E-03
  0.35652E-03  0.35274E-03  0.34996E-03  0.34761E-03  0.34398E-03  0.34279E-03
  0.34144E-03  0.33860E-03  0.33872E-03  0.33889E-03  0.33688E-03  0.33556E-03
  0.61054E+00  0.20091E+02
  0.45057E+02  0.38770E+02  0.25104E+02  0.13277E+02  0.67754E+01  0.39694E+01
  0.27051E+01  0.19278E+01  0.13460E+01  0.93979E+00  0.68023E+00  0.38723E+00
  0.23645E+00  0.15367E+00  0.10584E+00  0.75434E-01  0.55541E-01  0.41882E-01
  0.32229E-01  0.25341E-01  0.20179E-01  0.16384E-01  0.13423E-01  0.11182E-01
  0.93890E-02  0.79868E-02  0.68416E-02  0.59164E-02  0.51540E-02  0.45198E-02
  0.39908E-02  0.35425E-02  0.31631E-02  0.28370E-02  0.25565E-02  0.23135E-02
  0.21017E-02  0.19157E-02  0.17528E-02  0.16086E-02  0.14809E-02  0.13674E-02
  0.12660E-02  0.11751E-02  0.10936E-02  0.10202E-02  0.95373E-03  0.89397E-03
  0.83952E-03  0.78990E-03  0.74526E-03  0.70421E-03  0.66623E-03  0.63237E-03
  0.60079E-03  0.57172E-03  0.54522E-03  0.52092E-03  0.49778E-03  0.47690E-03
  0.45847E-03  0.44041E-03  0.42340E-03  0.40825E-03  0.39463E-03  0.38130E-03
  0.36827E-03  0.35740E-03  0.34717E-03  0.33780E-03  0.32782E-03  0.31900E-03
  0.31200E-03  0.30478E-03  0.29819E-03  0.29158E-03  0.28538E-03  0.28006E-03
  0.27487E-03  0.27096E-03  0.26714E-03  0.26258E-03  0.25903E-03  0.25579E-03
  0.25212E-03  0.24994E-03  0.24773E-03  0.24579E-03  0.24413E-03  0.24240E-03
  0.24165E-03  0.23946E-03  0.23915E-03  0.23919E-03  0.23829E-03  0.23802E-03
  0.54550E+00  0.22486E+02
  0.46045E+02  0.38835E+02  0.23833E+02  0.11881E+02  0.59543E+01  0.35737E+01
  0.24571E+01  0.17037E+01  0.11546E+01  0.80209E+00  0.58250E+00  0.32779E+00
  0.19917E+00  0.12908E+00  0.88561E-01  0.62747E-01  0.46106E-01  0.34558E-01
  0.26621E-01  0.20804E-01  0.16609E-01  0.13412E-01  0.11021E-01  0.91401E-02
  0.76879E-02  0.65139E-02  0.55812E-02  0.48141E-02  0.41885E-02  0.36651E-02
  0.32299E-02  0.28612E-02  0.25482E-02  0.22796E-02  0.20492E-02  0.18485E-02
  0.16751E-02  0.15231E-02  0.13902E-02  0.12727E-02  0.11689E-02  0.10764E-02
  0.99390E-03  0.92040E-03  0.85451E-03  0.79533E-03  0.74195E-03  0.69383E-03
  0.65009E-03  0.61069E-03  0.57480E-03  0.54179E-03  0.51243E-03  0.48492E-03
  0.45989E-03  0.43727E-03  0.41613E-03  0.39667E-03  0.37943E-03  0.36271E-03
  0.34731E-03  0.33368E-03  0.32100E-03  0.30872E-03  0.29732E-03  0.28785E-03
  0.27823E-03  0.26906E-03  0.26067E-03  0.25367E-03  0.24679E-03  0.23977E-03
  0.23339E-03  0.22807E-03  0.22303E-03  0.21829E-03  0.21361E-03  0.20940E-03
  0.20515E-03  0.20194E-03  0.19919E-03  0.19598E-03  0.19343E-03  0.19063E-03
  0.18844E-03  0.18586E-03  0.18455E-03  0.18277E-03  0.18120E-03  0.18076E-03
  0.17940E-03  0.17825E-03  0.17861E-03  0.17714E-03  0.17768E-03  0.17987E-03
  0.49392E+00  0.24834E+02
  0.46898E+02  0.38774E+02  0.22586E+02  0.10690E+02  0.53279E+01  0.32755E+01
  0.22411E+01  0.15040E+01  0.10011E+01  0.69759E+00  0.50626E+00  0.28146E+00
  0.17020E+00  0.11040E+00  0.75037E-01  0.53293E-01  0.38805E-01  0.29188E-01
  0.22327E-01  0.17501E-01  0.13893E-01  0.11249E-01  0.92060E-02  0.76436E-02
  0.64047E-02  0.54297E-02  0.46398E-02  0.39996E-02  0.34703E-02  0.30322E-02
  0.26651E-02  0.23563E-02  0.20938E-02  0.18687E-02  0.16761E-02  0.15087E-02
  0.13651E-02  0.12379E-02  0.11274E-02  0.10290E-02  0.94325E-03  0.86691E-03
  0.79932E-03  0.73881E-03  0.68439E-03  0.63589E-03  0.59206E-03  0.55281E-03
  0.51731E-03  0.48519E-03  0.45592E-03  0.42945E-03  0.40521E-03  0.38309E-03
  0.36310E-03  0.34457E-03  0.32747E-03  0.31223E-03  0.29767E-03  0.28461E-03
  0.27262E-03  0.26125E-03  0.25084E-03  0.24168E-03  0.23269E-03  0.22409E-03
  0.21671E-03  0.21009E-03  0.20318E-03  0.19707E-03  0.19171E-03  0.18661E-03
  0.18179E-03  0.17701E-03  0.17284E-03  0.16892E-03  0.16596E-03  0.16237E-03
  0.15913E-03  0.15632E-03  0.15364E-03  0.15144E-03  0.14935E-03  0.14764E-03
  0.14545E-03  0.14400E-03  0.14260E-03  0.14117E-03  0.14036E-03  0.13880E-03
  0.13824E-03  0.13804E-03  0.13705E-03  0.13751E-03  0.13711E-03  0.13487E-03
  0.45198E+00  0.27138E+02
  0.47644E+02  0.38619E+02  0.21383E+02  0.96773E+01  0.48429E+01  0.30363E+01
  0.20435E+01  0.13301E+01  0.87958E+00  0.61551E+00  0.44404E+00  0.24470E+00
  0.14748E+00  0.95415E-01  0.64681E-01  0.45714E-01  0.33321E-01  0.24918E-01
  0.19107E-01  0.14896E-01  0.11862E-01  0.95607E-02  0.78354E-02  0.64854E-02
  0.54333E-02  0.45951E-02  0.39208E-02  0.33721E-02  0.29213E-02  0.25483E-02
  0.22349E-02  0.19729E-02  0.17488E-02  0.15575E-02  0.13945E-02  0.12526E-02
  0.11311E-02  0.10242E-02  0.93102E-03  0.84843E-03  0.77641E-03  0.71219E-03
  0.65568E-03  0.60507E-03  0.55961E-03  0.51926E-03  0.48286E-03  0.45052E-03
  0.42096E-03  0.39430E-03  0.37006E-03  0.34811E-03  0.32819E-03  0.31005E-03
  0.29344E-03  0.27820E-03  0.26443E-03  0.25151E-03  0.23991E-03  0.22921E-03
  0.21916E-03  0.20995E-03  0.20177E-03  0.19375E-03  0.18646E-03  0.17998E-03
  0.17390E-03  0.16780E-03  0.16269E-03  0.15785E-03  0.15334E-03  0.14867E-03
  0.14508E-03  0.14151E-03  0.13817E-03  0.13478E-03  0.13191E-03  0.12910E-03
  0.12703E-03  0.12479E-03  0.12245E-03  0.12058E-03  0.11870E-03  0.11714E-03
  0.11573E-03  0.11465E-03  0.11313E-03  0.11270E-03  0.11132E-03  0.11066E-03
  0.11010E-03  0.10912E-03  0.10917E-03  0.10882E-03  0.10855E-03  0.11045E-03
  0.41708E+00  0.29409E+02
  0.50335E+02  0.37007E+02  0.16277E+02  0.64777E+01  0.35071E+01  0.21753E+01
  0.12860E+01  0.80009E+00  0.53360E+00  0.36250E+00  0.25484E+00  0.13855E+00
  0.82646E-01  0.52858E-01  0.35551E-01  0.24877E-01  0.18017E-01  0.13401E-01
  0.10194E-01  0.79199E-02  0.62584E-02  0.50185E-02  0.40813E-02  0.33572E-02
  0.27897E-02  0.23442E-02  0.19852E-02  0.16946E-02  0.14569E-02  0.12615E-02
  0.10989E-02  0.96086E-03  0.84721E-03  0.75052E-03  0.66669E-03  0.59595E-03
  0.53346E-03  0.48042E-03  0.43532E-03  0.39421E-03  0.35909E-03  0.32749E-03
  0.30066E-03  0.27658E-03  0.25432E-03  0.23528E-03  0.21745E-03  0.20302E-03
  0.18850E-03  0.17624E-03  0.16452E-03  0.15489E-03  0.14540E-03  0.13722E-03
  0.12904E-03  0.12235E-03  0.11568E-03  0.10990E-03  0.10484E-03  0.99609E-04
  0.95214E-04  0.90914E-04  0.87013E-04  0.83648E-04  0.80313E-04  0.77393E-04
  0.74566E-04  0.71878E-04  0.69519E-04  0.67284E-04  0.65117E-04  0.63284E-04
  0.61656E-04  0.59959E-04  0.58405E-04  0.57026E-04  0.55677E-04  0.54379E-04
  0.53192E-04  0.52182E-04  0.51324E-04  0.50514E-04  0.49722E-04  0.48966E-04
  0.48327E-04  0.47826E-04  0.47404E-04  0.46995E-04  0.46613E-04  0.46189E-04
  0.45846E-04  0.45496E-04  0.45240E-04  0.44979E-04  0.44889E-04  0.44703E-04
  0.30393E+00  0.40357E+02
  0.52083E+02  0.34809E+02  0.12657E+02  0.49785E+01  0.28059E+01  0.15543E+01
  0.88542E+00  0.55499E+00  0.35553E+00  0.23943E+00  0.16774E+00  0.90341E-01
  0.53611E-01  0.34085E-01  0.22802E-01  0.15877E-01  0.11429E-01  0.84558E-02
  0.63992E-02  0.49398E-02  0.38790E-02  0.30942E-02  0.25012E-02  0.20460E-02
  0.16925E-02  0.14139E-02  0.11906E-02  0.10109E-02  0.86546E-03  0.74657E-03
  0.64757E-03  0.56450E-03  0.49551E-03  0.43728E-03  0.38691E-03  0.34511E-03
  0.30920E-03  0.27708E-03  0.24970E-03  0.22670E-03  0.20543E-03  0.18760E-03
  0.17165E-03  0.15693E-03  0.14444E-03  0.13389E-03  0.12302E-03  0.11463E-03
  0.10649E-03  0.99238E-04  0.93381E-04  0.86343E-04  0.81630E-04  0.76616E-04
  0.72638E-04  0.68119E-04  0.64636E-04  0.61235E-04  0.58268E-04  0.55398E-04
  0.52880E-04  0.50146E-04  0.48392E-04  0.45962E-04  0.44659E-04  0.42553E-04
  0.40985E-04  0.39615E-04  0.37908E-04  0.37026E-04  0.35830E-04  0.34632E-04
  0.33668E-04  0.32760E-04  0.31763E-04  0.30994E-04  0.30416E-04  0.29568E-04
  0.28900E-04  0.28532E-04  0.28166E-04  0.27511E-04  0.26986E-04  0.26430E-04
  0.26201E-04  0.26093E-04  0.25766E-04  0.25265E-04  0.25005E-04  0.24667E-04
  0.24491E-04  0.24394E-04  0.24093E-04  0.24333E-04  0.23958E-04  0.25286E-04
  0.24139E+00  0.50815E+02
  0.53303E+02  0.32469E+02  0.10169E+02  0.41705E+01  0.22533E+01  0.11535E+01
  0.66645E+00  0.40202E+00  0.25589E+00  0.17149E+00  0.11938E+00  0.64204E-01
  0.37985E-01  0.24043E-01  0.16005E-01  0.11093E-01  0.79404E-02  0.58429E-02
  0.43989E-02  0.33783E-02  0.26404E-02  0.20960E-02  0.16861E-02  0.13762E-02
  0.11329E-02  0.94337E-03  0.79178E-03  0.66977E-03  0.57201E-03  0.49253E-03
  0.42714E-03  0.37113E-03  0.32450E-03  0.28529E-03  0.25300E-03  0.22553E-03
  0.20124E-03  0.18035E-03  0.16185E-03  0.14730E-03  0.13372E-03  0.12092E-03
  0.11036E-03  0.10175E-03  0.93596E-04  0.85642E-04  0.79283E-04  0.73929E-04
  0.68223E-04  0.63614E-04  0.59790E-04  0.55459E-04  0.52306E-04  0.48856E-04
  0.45814E-04  0.43784E-04  0.41081E-04  0.39152E-04  0.36719E-04  0.35338E-04
  0.33454E-04  0.31950E-04  0.30540E-04  0.29115E-04  0.27993E-04  0.26950E-04
  0.25850E-04  0.24974E-04  0.23816E-04  0.23278E-04  0.22383E-04  0.21756E-04
  0.21574E-04  0.20269E-04  0.19866E-04  0.19450E-04  0.18942E-04  0.18318E-04
  0.18421E-04  0.17982E-04  0.17344E-04  0.16964E-04  0.16931E-04  0.16793E-04
  0.16115E-04  0.15821E-04  0.15714E-04  0.15720E-04  0.15692E-04  0.15640E-04
  0.15668E-04  0.15300E-04  0.15498E-04  0.15274E-04  0.14918E-04  0.15773E-04
  0.20126E+00  0.60945E+02
  0.54233E+02  0.30183E+02  0.84622E+01  0.36375E+01  0.18041E+01  0.90930E+00
  0.51696E+00  0.30544E+00  0.19445E+00  0.12925E+00  0.90306E-01  0.48413E-01
  0.28536E-01  0.17983E-01  0.11917E-01  0.82167E-02  0.58532E-02  0.42852E-02
  0.32121E-02  0.24573E-02  0.19139E-02  0.15140E-02  0.12156E-02  0.98668E-03
  0.81108E-03  0.67429E-03  0.56374E-03  0.47692E-03  0.40662E-03  0.34895E-03
  0.30279E-03  0.26292E-03  0.22978E-03  0.20275E-03  0.17891E-03  0.15843E-03
  0.14104E-03  0.12651E-03  0.11432E-03  0.10357E-03  0.93786E-04  0.84761E-04
  0.77124E-04  0.70831E-04  0.65485E-04  0.60269E-04  0.55147E-04  0.51159E-04
  0.47694E-04  0.44474E-04  0.41261E-04  0.38545E-04  0.36527E-04  0.33908E-04
  0.32069E-04  0.30220E-04  0.27960E-04  0.27205E-04  0.25541E-04  0.24054E-04
  0.23256E-04  0.21789E-04  0.21360E-04  0.19962E-04  0.19294E-04  0.18218E-04
  0.17957E-04  0.16938E-04  0.16680E-04  0.15722E-04  0.15538E-04  0.14789E-04
  0.14419E-04  0.14222E-04  0.13488E-04  0.13512E-04  0.12897E-04  0.12324E-04
  0.12428E-04  0.12197E-04  0.11976E-04  0.11639E-04  0.11574E-04  0.11534E-04
  0.10986E-04  0.10786E-04  0.10678E-04  0.10596E-04  0.10828E-04  0.10726E-04
  0.10358E-04  0.10405E-04  0.10436E-04  0.98783E-05  0.99097E-05  0.10747E-04
  0.17313E+00  0.70847E+02