  0.57011E+01  0.56955E+01  0.56786E+01  0.56504E+01  0.56111E+01  0.55609E+01
  0.55001E+01  0.54288E+01  0.53475E+01  0.52565E+01  0.51563E+01  0.49299E+01
  0.46724E+01  0.43885E+01  0.40830E+01  0.37613E+01  0.34288E+01  0.30908E+01
  0.27527E+01  0.24196E+01  0.20963E+01  0.17873E+01  0.14966E+01  0.12275E+01
  0.98289E+00  0.76507E+00  0.57563E+00  0.41557E+00  0.28525E+00  0.18447E+00
  0.11244E+00  0.67902E-01  0.49098E-01  0.53894E-01  0.79810E-01  0.12410E+00
  0.18381E+00  0.25585E+00  0.33708E+00  0.42432E+00  0.51449E+00  0.60459E+00
  0.69182E+00  0.77359E+00  0.84756E+00  0.91170E+00  0.96433E+00  0.10041E+01
  0.10300E+01  0.10415E+01  0.10384E+01  0.10208E+01  0.98931E+00  0.94485E+00
  0.88866E+00  0.82228E+00  0.74755E+00  0.66652E+00  0.58144E+00  0.49471E+00
  0.40881E+00  0.32630E+00  0.24970E+00  0.18149E+00  0.12404E+00  0.79585E-01
  0.50132E-01  0.37463E-01  0.43074E-01  0.68150E-01  0.11354E+00  0.17971E+00
  0.26679E+00  0.37450E+00  0.50217E+00  0.64877E+00  0.81289E+00  0.99280E+00
  0.11864E+01  0.13914E+01  0.16052E+01  0.18249E+01  0.20477E+01  0.22704E+01
  0.24900E+01  0.27032E+01  0.29071E+01  0.30987E+01  0.32751E+01  0.34337E+01
  0.35722E+01  0.36884E+01  0.37808E+01  0.38477E+01  0.38883E+01  0.39018E+01
  0.11609E+02  0.13103E+01
  0.12000E+01  0.11974E+01  0.11895E+01  0.11765E+01  0.11586E+01  0.11362E+01
  0.11096E+01  0.10794E+01  0.10461E+01  0.10102E+01  0.97243E+00  0.89372E+00
  0.81514E+00  0.74162E+00  0.67739E+00  0.62572E+00  0.58865E+00  0.56692E+00
  0.55996E+00  0.56603E+00  0.58241E+00  0.60569E+00  0.63210E+00  0.65779E+00
  0.67916E+00  0.69314E+00  0.69733E+00  0.69017E+00  0.67098E+00  0.63993E+00
  0.59798E+00  0.54674E+00  0.48834E+00  0.42520E+00  0.35990E+00  0.29501E+00
  0.23290E+00  0.17569E+00  0.12510E+00  0.82413E-01  0.48480E-01  0.23685E-01
  0.79932E-02  0.98866E-03  0.19363E-02  0.98463E-02  0.23544E-01  0.41739E-01
  0.63090E-01  0.86262E-01  0.10998E+00  0.13308E+00  0.15452E+00  0.17343E+00
  0.18912E+00  0.20108E+00  0.20901E+00  0.21277E+00  0.21243E+00  0.20821E+00
  0.20050E+00  0.18978E+00  0.17670E+00  0.16195E+00  0.14630E+00  0.13056E+00
  0.11556E+00  0.10212E+00  0.91018E-01  0.82985E-01  0.78681E-01  0.78671E-01
  0.83419E-01  0.93266E-01  0.10843E+00  0.12898E+00  0.15488E+00  0.18592E+00
  0.22177E+00  0.26198E+00  0.30597E+00  0.35307E+00  0.40251E+00  0.45343E+00
  0.50495E+00  0.55612E+00  0.60601E+00  0.65367E+00  0.69820E+00  0.73873E+00
  0.77448E+00  0.80475E+00  0.82894E+00  0.84656E+00  0.85728E+00  0.86087E+00
  0.34525E+01  0.44057E+01
  0.25298E+01  0.25214E+01  0.24961E+01  0.24544E+01  0.23973E+01  0.23258E+01
  0.22413E+01  0.21454E+01  0.20401E+01  0.19272E+01  0.18087E+01  0.15638E+01
  0.13216E+01  0.10969E+01  0.90181E+00  0.74443E+00  0.62891E+00  0.55535E+00
  0.52025E+00  0.51731E+00  0.53835E+00  0.57437E+00  0.61646E+00  0.65661E+00
  0.68829E+00  0.70682E+00  0.70945E+00  0.69530E+00  0.66508E+00  0.62077E+00
  0.56521E+00  0.50175E+00  0.43385E+00  0.36483E+00  0.29766E+00  0.23481E+00
  0.17819E+00  0.12916E+00  0.88533E-01  0.56652E-01  0.33470E-01  0.18621E-01
  0.11502E-01  0.11341E-01  0.17253E-01  0.28292E-01  0.43486E-01  0.61865E-01
  0.82479E-01  0.10442E+00  0.12682E+00  0.14889E+00  0.16989E+00  0.18917E+00
  0.20614E+00  0.22033E+00  0.23135E+00  0.23891E+00  0.24283E+00  0.24304E+00
  0.23958E+00  0.23259E+00  0.22232E+00  0.20912E+00  0.19342E+00  0.17571E+00
  0.15656E+00  0.13656E+00  0.11635E+00  0.96537E-01  0.77751E-01  0.60573E-01
  0.45538E-01  0.33116E-01  0.23699E-01  0.17590E-01  0.14991E-01  0.16005E-01
  0.20624E-01  0.28737E-01  0.40130E-01  0.54493E-01  0.71430E-01  0.90471E-01
  0.11108E+00  0.13269E+00  0.15469E+00  0.17646E+00  0.19740E+00  0.21691E+00
  0.23444E+00  0.24951E+00  0.26170E+00  0.27065E+00  0.27613E+00  0.27797E+00
  0.32108E+01  0.47373E+01
  0.41240E+01  0.41082E+01  0.40606E+01  0.39826E+01  0.38757E+01  0.37425E+01
  0.35857E+01  0.34088E+01  0.32155E+01  0.30096E+01  0.27954E+01  0.23577E+01
  0.19332E+01  0.15476E+01  0.12197E+01  0.96030E+00  0.77203E+00  0.65043E+00
  0.58561E+00  0.56436E+00  0.57218E+00  0.59517E+00  0.62137E+00  0.64164E+00
  0.64997E+00  0.64331E+00  0.62122E+00  0.58514E+00  0.53777E+00  0.48244E+00
  0.42257E+00  0.36134E+00  0.30141E+00  0.24489E+00  0.19329E+00  0.14759E+00
  0.10835E+00  0.75779E-01  0.49859E-01  0.30412E-01  0.17153E-01  0.97342E-02
  0.77642E-02  0.10813E-01  0.18413E-01  0.30054E-01  0.45175E-01  0.63166E-01
  0.83365E-01  0.10507E+00  0.12753E+00  0.15001E+00  0.17175E+00  0.19204E+00
  0.21021E+00  0.22566E+00  0.23789E+00  0.24653E+00  0.25130E+00  0.25208E+00
  0.24886E+00  0.24179E+00  0.23111E+00  0.21719E+00  0.20050E+00  0.18159E+00
  0.16106E+00  0.13955E+00  0.11773E+00  0.96261E-01  0.75775E-01  0.56871E-01
  0.40088E-01  0.25894E-01  0.14670E-01  0.67079E-02  0.21969E-02  0.12247E-02
  0.37752E-02  0.97310E-02  0.18878E-01  0.30914E-01  0.45457E-01  0.62058E-01
  0.80212E-01  0.99377E-01  0.11899E+00  0.13846E+00  0.15724E+00  0.17478E+00
  0.19056E+00  0.20414E+00  0.21513E+00  0.22321E+00  0.22816E+00  0.22981E+00
  0.32418E+01  0.46921E+01
  0.86241E+01  0.85745E+01  0.84261E+01  0.81846E+01  0.78585E+01  0.74589E+01
  0.69991E+01  0.64936E+01  0.59580E+01  0.54074E+01  0.48565E+01  0.38043E+01
  0.28830E+01  0.21380E+01  0.15791E+01  0.11884E+01  0.93145E+00  0.76894E+00
  0.66499E+00  0.59229E+00  0.53330E+00  0.47900E+00  0.42631E+00  0.37547E+00
  0.32789E+00  0.28485E+00  0.24696E+00  0.21403E+00  0.18531E+00  0.15980E+00
  0.13653E+00  0.11475E+00  0.94093E-01  0.74561E-01  0.56468E-01  0.40327E-01
  0.26709E-01  0.16116E-01  0.88922E-02  0.51753E-02  0.48971E-02  0.78129E-02
  0.13549E-01  0.21654E-01  0.31640E-01  0.43016E-01  0.55304E-01  0.68048E-01
  0.80814E-01  0.93190E-01  0.10479E+00  0.11524E+00  0.12422E+00  0.13143E+00
  0.13662E+00  0.13961E+00  0.14029E+00  0.13864E+00  0.13469E+00  0.12858E+00
  0.12054E+00  0.11085E+00  0.99871E-01  0.88028E-01  0.75776E-01  0.63604E-01
  0.52010E-01  0.41496E-01  0.32545E-01  0.25610E-01  0.21104E-01  0.19385E-01
  0.20744E-01  0.25405E-01  0.33509E-01  0.45114E-01  0.60193E-01  0.78630E-01
  0.10023E+00  0.12470E+00  0.15168E+00  0.18076E+00  0.21143E+00  0.24316E+00
  0.27537E+00  0.30747E+00  0.33885E+00  0.36889E+00  0.39700E+00  0.42264E+00
  0.44528E+00  0.46447E+00  0.47982E+00  0.49101E+00  0.49782E+00  0.50010E+00
  0.30059E+01  0.50604E+01
  0.10897E+02  0.10812E+02  0.10560E+02  0.10153E+02  0.96113E+01  0.89603E+01
  0.82289E+01  0.74478E+01  0.66472E+01  0.58550E+01  0.50954E+01  0.37447E+01
  0.26827E+01  0.19177E+01  0.14031E+01  0.10695E+01  0.85008E+00  0.69504E+00
  0.57456E+00  0.47457E+00  0.39030E+00  0.32079E+00  0.26553E+00  0.22315E+00
  0.19122E+00  0.16678E+00  0.14694E+00  0.12942E+00  0.11285E+00  0.96771E-01
  0.81402E-01  0.67289E-01  0.54983E-01  0.44833E-01  0.36926E-01  0.31138E-01
  0.27236E-01  0.24969E-01  0.24130E-01  0.24569E-01  0.26177E-01  0.28853E-01
  0.32468E-01  0.36854E-01  0.41790E-01  0.47021E-01  0.52270E-01  0.57265E-01
  0.61756E-01  0.65533E-01  0.68423E-01  0.70303E-01  0.71087E-01  0.70728E-01
  0.69215E-01  0.66571E-01  0.62853E-01  0.58153E-01  0.52603E-01  0.46372E-01
  0.39665E-01  0.32722E-01  0.25812E-01  0.19229E-01  0.13280E-01  0.82785E-02
  0.45375E-02  0.23569E-02  0.20166E-02  0.37672E-02  0.78230E-02  0.14355E-01
  0.23486E-01  0.35285E-01  0.49764E-01  0.66877E-01  0.86519E-01  0.10853E+00
  0.13268E+00  0.15869E+00  0.18626E+00  0.21500E+00  0.24451E+00  0.27437E+00
  0.30411E+00  0.33328E+00  0.36140E+00  0.38802E+00  0.41270E+00  0.43501E+00
  0.45459E+00  0.47110E+00  0.48425E+00  0.49380E+00  0.49961E+00  0.50155E+00
  0.26409E+01  0.57597E+01
  0.12271E+02  0.12150E+02  0.11792E+02  0.11220E+02  0.10470E+02  0.95862E+01
  0.86165E+01  0.76105E+01  0.66134E+01  0.56638E+01  0.47909E+01  0.33426E+01
  0.23125E+01  0.16376E+01  0.12113E+01  0.93413E+00  0.73788E+00  0.58633E+00
  0.46468E+00  0.36812E+00  0.29436E+00  0.24035E+00  0.20171E+00  0.17349E+00
  0.15123E+00  0.13189E+00  0.11406E+00  0.97625E-01  0.83099E-01  0.70957E-01
  0.61319E-01  0.53929E-01  0.48334E-01  0.44075E-01  0.40824E-01  0.38409E-01
  0.36769E-01  0.35885E-01  0.35708E-01  0.36137E-01  0.37022E-01  0.38196E-01
  0.39502E-01  0.40815E-01  0.42047E-01  0.43130E-01  0.44007E-01  0.44620E-01
  0.44899E-01  0.44772E-01  0.44170E-01  0.43039E-01  0.41346E-01  0.39090E-01
  0.36300E-01  0.33036E-01  0.29383E-01  0.25448E-01  0.21356E-01  0.17245E-01
  0.13263E-01  0.95683E-02  0.63259E-02  0.37049E-02  0.18751E-02  0.10037E-02
  0.12507E-02  0.27650E-02  0.56792E-02  0.10106E-01  0.16134E-01  0.23823E-01
  0.33205E-01  0.44277E-01  0.57004E-01  0.71319E-01  0.87118E-01  0.10427E+00
  0.12260E+00  0.14192E+00  0.16201E+00  0.18262E+00  0.20349E+00  0.22435E+00
  0.24492E+00  0.26491E+00  0.28403E+00  0.30201E+00  0.31857E+00  0.33348E+00
  0.34651E+00  0.35745E+00  0.36614E+00  0.37245E+00  0.37628E+00  0.37756E+00
  0.23368E+01  0.65092E+01
  0.13280E+02  0.13122E+02  0.12656E+02  0.11919E+02  0.10966E+02  0.98635E+01
  0.86830E+01  0.74927E+01  0.63515E+01  0.53041E+01  0.43799E+01  0.29413E+01
  0.20025E+01  0.14255E+01  0.10649E+01  0.81912E+00  0.63521E+00  0.49210E+00
  0.38249E+00  0.30205E+00  0.24531E+00  0.20535E+00  0.17546E+00  0.15072E+00
  0.12876E+00  0.10928E+00  0.92825E-01  0.79786E-01  0.69961E-01  0.62679E-01
  0.57148E-01  0.52744E-01  0.49123E-01  0.46164E-01  0.43848E-01  0.42133E-01
  0.40918E-01  0.40056E-01  0.39407E-01  0.38875E-01  0.38418E-01  0.38021E-01
  0.37671E-01  0.37338E-01  0.36961E-01  0.36468E-01  0.35789E-01  0.34870E-01
  0.33682E-01  0.32225E-01  0.30513E-01  0.28574E-01  0.26441E-01  0.24147E-01
  0.21732E-01  0.19241E-01  0.16728E-01  0.14260E-01  0.11913E-01  0.97721E-02
  0.79285E-02  0.64755E-02  0.55061E-02  0.51104E-02  0.53735E-02  0.63738E-02
  0.81817E-02  0.10858E-01  0.14454E-01  0.19006E-01  0.24540E-01  0.31063E-01
  0.38568E-01  0.47032E-01  0.56413E-01  0.66651E-01  0.77670E-01  0.89377E-01
  0.10166E+00  0.11440E+00  0.12746E+00  0.14070E+00  0.15397E+00  0.16710E+00
  0.17994E+00  0.19232E+00  0.20409E+00  0.21509E+00  0.22518E+00  0.23423E+00
  0.24210E+00  0.24869E+00  0.25391E+00  0.25770E+00  0.25999E+00  0.26075E+00
  0.21033E+01  0.72318E+01
  0.14105E+02  0.13908E+02  0.13332E+02  0.12429E+02  0.11278E+02  0.99715E+01
  0.86051E+01  0.72654E+01  0.60215E+01  0.49201E+01  0.39848E+01  0.26100E+01
  0.17721E+01  0.12725E+01  0.95267E+00  0.72471E+00  0.55230E+00  0.42281E+00
  0.32959E+00  0.26497E+00  0.21973E+00  0.18542E+00  0.15666E+00  0.13160E+00
  0.11049E+00  0.93867E-01  0.81554E-01  0.72618E-01  0.65900E-01  0.60491E-01
  0.55915E-01  0.52040E-01  0.48852E-01  0.46292E-01  0.44218E-01  0.42461E-01
  0.40897E-01  0.39475E-01  0.38192E-01  0.37048E-01  0.36014E-01  0.35030E-01
  0.34025E-01  0.32939E-01  0.31743E-01  0.30435E-01  0.29032E-01  0.27551E-01
  0.26004E-01  0.24396E-01  0.22728E-01  0.21006E-01  0.19247E-01  0.17480E-01
  0.15744E-01  0.14085E-01  0.12549E-01  0.11183E-01  0.10035E-01  0.91503E-02
  0.85729E-02  0.83482E-02  0.85202E-02  0.91313E-02  0.10221E-01  0.11824E-01
  0.13968E-01  0.16674E-01  0.19957E-01  0.23821E-01  0.28264E-01  0.33272E-01
  0.38826E-01  0.44896E-01  0.51446E-01  0.58429E-01  0.65795E-01  0.73482E-01
  0.81422E-01  0.89542E-01  0.97764E-01  0.10600E+00  0.11418E+00  0.12220E+00
  0.12998E+00  0.13743E+00  0.14448E+00  0.15102E+00  0.15700E+00  0.16233E+00
  0.16696E+00  0.17083E+00  0.17388E+00  0.17609E+00  0.17742E+00  0.17787E+00
  0.19229E+01  0.79101E+01
  0.14814E+02  0.14578E+02  0.13890E+02  0.12821E+02  0.11478E+02  0.99817E+01
  0.84526E+01  0.69939E+01  0.56810E+01  0.45574E+01  0.36369E+01  0.23493E+01
  0.16021E+01  0.11577E+01  0.86298E+00  0.64827E+00  0.48894E+00  0.37484E+00
  0.29646E+00  0.24226E+00  0.20157E+00  0.16786E+00  0.13917E+00  0.11591E+00
  0.98381E-01  0.85806E-01  0.76671E-01  0.69534E-01  0.63525E-01  0.58355E-01
  0.54009E-01  0.50448E-01  0.47514E-01  0.44994E-01  0.42738E-01  0.40685E-01
  0.38834E-01  0.37176E-01  0.35667E-01  0.34235E-01  0.32814E-01  0.31373E-01
  0.29913E-01  0.28455E-01  0.27013E-01  0.25589E-01  0.24167E-01  0.22733E-01
  0.21281E-01  0.19818E-01  0.18368E-01  0.16958E-01  0.15616E-01  0.14367E-01
  0.13234E-01  0.12237E-01  0.11398E-01  0.10744E-01  0.10299E-01  0.10091E-01
  0.10145E-01  0.10484E-01  0.11128E-01  0.12091E-01  0.13386E-01  0.15022E-01
  0.17006E-01  0.19339E-01  0.22022E-01  0.25049E-01  0.28411E-01  0.32094E-01
  0.36079E-01  0.40342E-01  0.44854E-01  0.49581E-01  0.54487E-01  0.59534E-01
  0.64678E-01  0.69876E-01  0.75080E-01  0.80242E-01  0.85314E-01  0.90249E-01
  0.94999E-01  0.99518E-01  0.10376E+00  0.10768E+00  0.11125E+00  0.11442E+00
  0.11715E+00  0.11943E+00  0.12123E+00  0.12252E+00  0.12330E+00  0.12357E+00
  0.17798E+01  0.85461E+01
  0.15442E+02  0.15166E+02  0.14364E+02  0.13131E+02  0.11602E+02  0.99296E+01
  0.82592E+01  0.67077E+01  0.53527E+01  0.42300E+01  0.33399E+01  0.21455E+01
  0.14732E+01  0.10670E+01  0.78930E+00  0.58692E+00  0.44157E+00  0.34177E+00
  0.27396E+00  0.22453E+00  0.18461E+00  0.15130E+00  0.12485E+00  0.10538E+00
  0.91625E-01  0.81559E-01  0.73491E-01  0.66585E-01  0.60679E-01  0.55789E-01
  0.51796E-01  0.48444E-01  0.45491E-01  0.42819E-01  0.40404E-01  0.38241E-01
  0.36286E-01  0.34464E-01  0.32712E-01  0.31007E-01  0.29362E-01  0.27797E-01
  0.26312E-01  0.24887E-01  0.23492E-01  0.22109E-01  0.20738E-01  0.19396E-01
  0.18106E-01  0.16887E-01  0.15750E-01  0.14703E-01  0.13753E-01  0.12909E-01
  0.12186E-01  0.11602E-01  0.11174E-01  0.10917E-01  0.10845E-01  0.10966E-01
  0.11291E-01  0.11827E-01  0.12582E-01  0.13562E-01  0.14771E-01  0.16210E-01
  0.17877E-01  0.19768E-01  0.21875E-01  0.24188E-01  0.26694E-01  0.29378E-01
  0.32223E-01  0.35213E-01  0.38326E-01  0.41542E-01  0.44837E-01  0.48186E-01
  0.51563E-01  0.54942E-01  0.58295E-01  0.61595E-01  0.64815E-01  0.67926E-01
  0.70904E-01  0.73719E-01  0.76349E-01  0.78767E-01  0.80954E-01  0.82890E-01
  0.84560E-01  0.85949E-01  0.87044E-01  0.87833E-01  0.88310E-01  0.88469E-01
  0.16632E+01  0.91455E+01
  0.16009E+02  0.15692E+02  0.14775E+02  0.13378E+02  0.11670E+02  0.98356E+01
  0.80436E+01  0.64220E+01  0.50461E+01  0.39403E+01  0.30893E+01  0.19847E+01
  0.13716E+01  0.99216E+00  0.72777E+00  0.53777E+00  0.40607E+00  0.31769E+00
  0.25586E+00  0.20785E+00  0.16849E+00  0.13746E+00  0.11480E+00  0.98941E-01
  0.87368E-01  0.78041E-01  0.70052E-01  0.63294E-01  0.57779E-01  0.53295E-01
  0.49495E-01  0.46115E-01  0.43057E-01  0.40312E-01  0.37858E-01  0.35624E-01
  0.33537E-01  0.31561E-01  0.29705E-01  0.27984E-01  0.26390E-01  0.24891E-01
  0.23448E-01  0.22045E-01  0.20687E-01  0.19391E-01  0.18174E-01  0.17044E-01
  0.15998E-01  0.15031E-01  0.14146E-01  0.13349E-01  0.12654E-01  0.12073E-01
  0.11617E-01  0.11290E-01  0.11099E-01  0.11048E-01  0.11143E-01  0.11390E-01
  0.11793E-01  0.12354E-01  0.13076E-01  0.13957E-01  0.14992E-01  0.16179E-01
  0.17512E-01  0.18985E-01  0.20591E-01  0.22322E-01  0.24169E-01  0.26121E-01
  0.28165E-01  0.30286E-01  0.32471E-01  0.34701E-01  0.36964E-01  0.39241E-01
  0.41518E-01  0.43775E-01  0.45996E-01  0.48166E-01  0.50269E-01  0.52290E-01
  0.54212E-01  0.56020E-01  0.57700E-01  0.59239E-01  0.60626E-01  0.61850E-01
  0.62902E-01  0.63775E-01  0.64463E-01  0.64963E-01  0.65266E-01  0.65368E-01
  0.15658E+01  0.97142E+01
  0.16526E+02  0.16168E+02  0.15135E+02  0.13576E+02  0.11696E+02  0.97122E+01
  0.78167E+01  0.61444E+01  0.47644E+01  0.36864E+01  0.28783E+01  0.18556E+01
  0.12885E+01  0.92848E+00  0.67581E+00  0.49824E+00  0.37875E+00  0.29830E+00
  0.23918E+00  0.19188E+00  0.15451E+00  0.12712E+00  0.10808E+00  0.94405E-01
  0.83511E-01  0.74241E-01  0.66471E-01  0.60204E-01  0.55146E-01  0.50854E-01
  0.47028E-01  0.43576E-01  0.40498E-01  0.37754E-01  0.35263E-01  0.32957E-01
  0.30822E-01  0.28868E-01  0.27088E-01  0.25446E-01  0.23897E-01  0.22417E-01
  0.21011E-01  0.19694E-01  0.18479E-01  0.17363E-01  0.16332E-01  0.15377E-01
  0.14495E-01  0.13696E-01  0.12989E-01  0.12384E-01  0.11882E-01  0.11484E-01
  0.11192E-01  0.11007E-01  0.10933E-01  0.10975E-01  0.11133E-01  0.11409E-01
  0.11802E-01  0.12310E-01  0.12931E-01  0.13663E-01  0.14503E-01  0.15448E-01
  0.16492E-01  0.17629E-01  0.18851E-01  0.20151E-01  0.21519E-01  0.22948E-01
  0.24428E-01  0.25948E-01  0.27500E-01  0.29070E-01  0.30650E-01  0.32229E-01
  0.33799E-01  0.35349E-01  0.36868E-01  0.38344E-01  0.39766E-01  0.41126E-01
  0.42415E-01  0.43623E-01  0.44742E-01  0.45765E-01  0.46685E-01  0.47494E-01
  0.48188E-01  0.48761E-01  0.49211E-01  0.49537E-01  0.49734E-01  0.49800E-01
  0.14829E+01  0.10258E+02
  0.20165E+02  0.19366E+02  0.17160E+02  0.14112E+02  0.10884E+02  0.80053E+01
  0.57500E+01  0.41446E+01  0.30671E+01  0.23539E+01  0.18659E+01  0.12340E+01
  0.83121E+00  0.57345E+00  0.41210E+00  0.30257E+00  0.22573E+00  0.17479E+00
  0.14061E+00  0.11502E+00  0.95281E-01  0.80818E-01  0.69920E-01  0.60835E-01
  0.53081E-01  0.46705E-01  0.41433E-01  0.36886E-01  0.32925E-01  0.29525E-01
  0.26596E-01  0.24040E-01  0.21808E-01  0.19863E-01  0.18151E-01  0.16637E-01
  0.15311E-01  0.14152E-01  0.13127E-01  0.12211E-01  0.11398E-01  0.10686E-01
  0.10061E-01  0.95034E-02  0.90058E-02  0.85676E-02  0.81869E-02  0.78550E-02
  0.75632E-02  0.73078E-02  0.70880E-02  0.69016E-02  0.67450E-02  0.66148E-02
  0.65084E-02  0.64238E-02  0.63600E-02  0.63155E-02  0.62886E-02  0.62775E-02
  0.62809E-02  0.62977E-02  0.63265E-02  0.63660E-02  0.64152E-02  0.64732E-02
  0.65393E-02  0.66123E-02  0.66908E-02  0.67743E-02  0.68624E-02  0.69541E-02
  0.70482E-02  0.71443E-02  0.72421E-02  0.73406E-02  0.74383E-02  0.75347E-02
  0.76300E-02  0.77239E-02  0.78158E-02  0.79040E-02  0.79872E-02  0.80659E-02
  0.81415E-02  0.82130E-02  0.82780E-02  0.83358E-02  0.83878E-02  0.84348E-02
  0.84756E-02  0.85090E-02  0.85348E-02  0.85528E-02  0.85628E-02  0.85658E-02
  0.10214E+01  0.14892E+02
  0.22426E+02  0.21159E+02  0.17809E+02  0.13552E+02  0.95589E+01  0.64927E+01
  0.44445E+01  0.31750E+01  0.23866E+01  0.18602E+01  0.14731E+01  0.93099E+00
  0.60651E+00  0.41372E+00  0.28994E+00  0.21172E+00  0.16096E+00  0.12488E+00
  0.99769E-01  0.82074E-01  0.68135E-01  0.57103E-01  0.48608E-01  0.41661E-01
  0.35846E-01  0.31116E-01  0.27198E-01  0.23865E-01  0.21058E-01  0.18693E-01
  0.16672E-01  0.14945E-01  0.13465E-01  0.12188E-01  0.11088E-01  0.10135E-01
  0.93015E-02  0.85743E-02  0.79418E-02  0.73858E-02  0.68934E-02  0.64594E-02
  0.60775E-02  0.57386E-02  0.54368E-02  0.51688E-02  0.49298E-02  0.47162E-02
  0.45264E-02  0.43570E-02  0.42041E-02  0.40671E-02  0.39456E-02  0.38371E-02
  0.37394E-02  0.36516E-02  0.35726E-02  0.35025E-02  0.34407E-02  0.33859E-02
  0.33368E-02  0.32932E-02  0.32546E-02  0.32206E-02  0.31908E-02  0.31647E-02
  0.31421E-02  0.31223E-02  0.31050E-02  0.30905E-02  0.30784E-02  0.30684E-02
  0.30600E-02  0.30532E-02  0.30477E-02  0.30436E-02  0.30406E-02  0.30386E-02
  0.30373E-02  0.30369E-02  0.30371E-02  0.30376E-02  0.30384E-02  0.30397E-02
  0.30410E-02  0.30421E-02  0.30436E-02  0.30456E-02  0.30468E-02  0.30474E-02
  0.30483E-02  0.30499E-02  0.30511E-02  0.30510E-02  0.30499E-02  0.30492E-02
  0.80782E+00  0.18829E+02
  0.24046E+02  0.22299E+02  0.17869E+02  0.12678E+02  0.83306E+01  0.54031E+01
  0.36672E+01  0.26585E+01  0.20191E+01  0.15592E+01  0.12047E+01  0.73256E+00
  0.47229E+00  0.31654E+00  0.22234E+00  0.16233E+00  0.12219E+00  0.95672E-01
  0.76234E-01  0.61668E-01  0.50880E-01  0.42266E-01  0.35451E-01  0.30087E-01
  0.25664E-01  0.22058E-01  0.19114E-01  0.16650E-01  0.14603E-01  0.12895E-01
  0.11451E-01  0.10229E-01  0.91888E-02  0.82990E-02  0.75341E-02  0.68724E-02
  0.62998E-02  0.58007E-02  0.53628E-02  0.49786E-02  0.46401E-02  0.43403E-02
  0.40744E-02  0.38375E-02  0.36253E-02  0.34354E-02  0.32652E-02  0.31108E-02
  0.29716E-02  0.28463E-02  0.27313E-02  0.26265E-02  0.25324E-02  0.24470E-02
  0.23682E-02  0.22945E-02  0.22271E-02  0.21666E-02  0.21102E-02  0.20576E-02
  0.20098E-02  0.19661E-02  0.19262E-02  0.18888E-02  0.18532E-02  0.18203E-02
  0.17906E-02  0.17636E-02  0.17378E-02  0.17135E-02  0.16910E-02  0.16699E-02
  0.16505E-02  0.16331E-02  0.16170E-02  0.16019E-02  0.15882E-02  0.15754E-02
  0.15631E-02  0.15518E-02  0.15418E-02  0.15327E-02  0.15242E-02  0.15165E-02
  0.15097E-02  0.15036E-02  0.14982E-02  0.14933E-02  0.14887E-02  0.14846E-02
  0.14812E-02  0.14784E-02  0.14760E-02  0.14742E-02  0.14734E-02  0.14734E-02
  0.67791E+00  0.22438E+02
  0.25294E+02  0.23063E+02  0.17629E+02  0.11742E+02  0.73084E+01  0.46407E+01
  0.31789E+01  0.23305E+01  0.17559E+01  0.13235E+01  0.99949E+00  0.59985E+00
  0.38165E+00  0.25457E+00  0.17788E+00  0.12922E+00  0.97939E-01  0.75676E-01
  0.59933E-01  0.48252E-01  0.39242E-01  0.32429E-01  0.26985E-01  0.22678E-01
  0.19246E-01  0.16439E-01  0.14170E-01  0.12303E-01  0.10756E-01  0.94727E-02
  0.83928E-02  0.74837E-02  0.67124E-02  0.60535E-02  0.54876E-02  0.49993E-02
  0.45753E-02  0.42057E-02  0.38827E-02  0.35969E-02  0.33446E-02  0.31212E-02
  0.29216E-02  0.27436E-02  0.25843E-02  0.24402E-02  0.23101E-02  0.21929E-02
  0.20852E-02  0.19872E-02  0.18992E-02  0.18181E-02  0.17427E-02  0.16740E-02
  0.16123E-02  0.15540E-02  0.14995E-02  0.14512E-02  0.14055E-02  0.13622E-02
  0.13217E-02  0.12847E-02  0.12524E-02  0.12207E-02  0.11895E-02  0.11618E-02
  0.11370E-02  0.11133E-02  0.10911E-02  0.10696E-02  0.10489E-02  0.10309E-02
  0.10145E-02  0.99863E-03  0.98358E-03  0.96882E-03  0.95590E-03  0.94420E-03
  0.93285E-03  0.92313E-03  0.91467E-03  0.90644E-03  0.89788E-03  0.89020E-03
  0.88376E-03  0.87721E-03  0.87135E-03  0.86688E-03  0.86287E-03  0.85891E-03
  0.85590E-03  0.85345E-03  0.85147E-03  0.85116E-03  0.84962E-03  0.84781E-03
  0.58863E+00  0.25841E+02
  0.26304E+02  0.23587E+02  0.17227E+02  0.10841E+02  0.64863E+01  0.41002E+01
  0.28443E+01  0.20834E+01  0.15376E+01  0.11324E+01  0.84631E+00  0.50464E+00
  0.31718E+00  0.21054E+00  0.14623E+00  0.10666E+00  0.79875E-01  0.61615E-01
  0.48383E-01  0.38597E-01  0.31283E-01  0.25583E-01  0.21211E-01  0.17722E-01
  0.14969E-01  0.12758E-01  0.10959E-01  0.94972E-02  0.82858E-02  0.72846E-02
  0.64464E-02  0.57407E-02  0.51427E-02  0.46320E-02  0.41933E-02  0.38144E-02
  0.34851E-02  0.31980E-02  0.29456E-02  0.27233E-02  0.25266E-02  0.23510E-02
  0.21955E-02  0.20553E-02  0.19286E-02  0.18158E-02  0.17129E-02  0.16184E-02
  0.15347E-02  0.14580E-02  0.13865E-02  0.13226E-02  0.12642E-02  0.12078E-02
  0.11569E-02  0.11114E-02  0.10679E-02  0.10284E-02  0.99252E-03  0.95913E-03
  0.92623E-03  0.89624E-03  0.87009E-03  0.84457E-03  0.82002E-03  0.79681E-03
  0.77672E-03  0.75929E-03  0.74078E-03  0.72272E-03  0.70741E-03  0.69306E-03
  0.68027E-03  0.66740E-03  0.65482E-03  0.64384E-03  0.63267E-03  0.62285E-03
  0.61461E-03  0.60687E-03  0.59921E-03  0.59234E-03  0.58571E-03  0.57955E-03
  0.57429E-03  0.56915E-03  0.56553E-03  0.56213E-03  0.55804E-03  0.55604E-03
  0.55439E-03  0.55109E-03  0.55096E-03  0.55093E-03  0.54870E-03  0.54808E-03
  0.52263E+00  0.29104E+02
  0.27148E+02  0.23945E+02  0.16737E+02  0.10013E+02  0.58312E+01  0.37051E+01
  0.25913E+01  0.18749E+01  0.13513E+01  0.98139E+00  0.73180E+00  0.43191E+00
  0.26913E+00  0.17737E+00  0.12342E+00  0.89248E-01  0.66699E-01  0.51056E-01
  0.39838E-01  0.31642E-01  0.25435E-01  0.20754E-01  0.17094E-01  0.14262E-01
  0.12004E-01  0.10212E-01  0.87567E-02  0.75744E-02  0.66030E-02  0.57969E-02
  0.51244E-02  0.45580E-02  0.40783E-02  0.36683E-02  0.33161E-02  0.30116E-02
  0.27467E-02  0.25155E-02  0.23118E-02  0.21328E-02  0.19737E-02  0.18317E-02
  0.17057E-02  0.15919E-02  0.14904E-02  0.13987E-02  0.13149E-02  0.12401E-02
  0.11712E-02  0.11079E-02  0.10518E-02  0.99940E-03  0.95035E-03  0.90738E-03
  0.86681E-03  0.82896E-03  0.79479E-03  0.76315E-03  0.73266E-03  0.70516E-03
  0.68154E-03  0.65738E-03  0.63469E-03  0.61445E-03  0.59663E-03  0.57846E-03
  0.56086E-03  0.54612E-03  0.53255E-03  0.51969E-03  0.50609E-03  0.49386E-03
  0.48455E-03  0.47457E-03  0.46567E-03  0.45635E-03  0.44782E-03  0.44022E-03
  0.43310E-03  0.42752E-03  0.42224E-03  0.41578E-03  0.41077E-03  0.40608E-03
  0.40100E-03  0.39788E-03  0.39486E-03  0.39221E-03  0.38993E-03  0.38774E-03
  0.38658E-03  0.38402E-03  0.38348E-03  0.38372E-03  0.38233E-03  0.38298E-03
  0.47139E+00  0.32268E+02
  0.27864E+02  0.24178E+02  0.16199E+02  0.92681E+01  0.53086E+01  0.34041E+01
  0.23824E+01  0.16905E+01  0.11950E+01  0.86327E+00  0.64304E+00  0.37436E+00
  0.23170E+00  0.15219E+00  0.10556E+00  0.75941E-01  0.56529E-01  0.42972E-01
  0.33417E-01  0.26355E-01  0.21140E-01  0.17153E-01  0.14116E-01  0.11733E-01
  0.98696E-02  0.83742E-02  0.71766E-02  0.61999E-02  0.53998E-02  0.47358E-02
  0.41821E-02  0.37157E-02  0.33198E-02  0.29814E-02  0.26907E-02  0.24389E-02
  0.22203E-02  0.20292E-02  0.18613E-02  0.17132E-02  0.15816E-02  0.14647E-02
  0.13605E-02  0.12667E-02  0.11828E-02  0.11066E-02  0.10378E-02  0.97647E-03
  0.91920E-03  0.86855E-03  0.82164E-03  0.77762E-03  0.73986E-03  0.70300E-03
  0.66961E-03  0.63980E-03  0.61145E-03  0.58511E-03  0.56250E-03  0.53941E-03
  0.51832E-03  0.49991E-03  0.48288E-03  0.46563E-03  0.44984E-03  0.43715E-03
  0.42394E-03  0.41083E-03  0.39915E-03  0.38954E-03  0.38003E-03  0.36982E-03
  0.36074E-03  0.35323E-03  0.34623E-03  0.33960E-03  0.33296E-03  0.32692E-03
  0.32078E-03  0.31634E-03  0.31249E-03  0.30803E-03  0.30430E-03  0.30021E-03
  0.29677E-03  0.29308E-03  0.29099E-03  0.28860E-03  0.28619E-03  0.28583E-03
  0.28374E-03  0.28254E-03  0.28300E-03  0.28127E-03  0.28185E-03  0.28582E-03
  0.43028E+00  0.35351E+02
  0.28488E+02  0.24322E+02  0.15643E+02  0.86072E+01  0.48884E+01  0.31639E+01
  0.21991E+01  0.15271E+01  0.10662E+01  0.76958E+00  0.57110E+00  0.32808E+00
  0.20187E+00  0.13244E+00  0.91237E-01  0.65578E-01  0.48418E-01  0.36755E-01
  0.28379E-01  0.22348E-01  0.17827E-01  0.14456E-01  0.11856E-01  0.98482E-02
  0.82641E-02  0.70109E-02  0.60009E-02  0.51813E-02  0.45069E-02  0.39487E-02
  0.34823E-02  0.30900E-02  0.27569E-02  0.24719E-02  0.22274E-02  0.20154E-02
  0.18317E-02  0.16705E-02  0.15291E-02  0.14043E-02  0.12937E-02  0.11956E-02
  0.11077E-02  0.10292E-02  0.95906E-03  0.89506E-03  0.83853E-03  0.78616E-03
  0.73891E-03  0.69666E-03  0.65699E-03  0.62190E-03  0.58922E-03  0.55921E-03
  0.53273E-03  0.50703E-03  0.48312E-03  0.46279E-03  0.44224E-03  0.42452E-03
  0.40813E-03  0.39230E-03  0.37753E-03  0.36520E-03  0.35222E-03  0.33966E-03
  0.32937E-03  0.32038E-03  0.31041E-03  0.30164E-03  0.29435E-03  0.28708E-03
  0.28033E-03  0.27302E-03  0.26699E-03  0.26125E-03  0.25734E-03  0.25198E-03
  0.24712E-03  0.24313E-03  0.23914E-03  0.23629E-03  0.23332E-03  0.23121E-03
  0.22782E-03  0.22589E-03  0.22368E-03  0.22148E-03  0.22021E-03  0.21753E-03
  0.21682E-03  0.21632E-03  0.21511E-03  0.21567E-03  0.21543E-03  0.21059E-03
  0.39650E+00  0.38363E+02
  0.29037E+02  0.24397E+02  0.15083E+02  0.80241E+01  0.45464E+01  0.29628E+01
  0.20325E+01  0.13840E+01  0.96063E+00  0.69295E+00  0.51067E+00  0.29033E+00
  0.17780E+00  0.11628E+00  0.79843E-01  0.57088E-01  0.42054E-01  0.31725E-01
  0.24458E-01  0.19161E-01  0.15285E-01  0.12349E-01  0.10126E-01  0.83946E-02
  0.70403E-02  0.59652E-02  0.51005E-02  0.43982E-02  0.38225E-02  0.33458E-02
  0.29468E-02  0.26117E-02  0.23264E-02  0.20824E-02  0.18736E-02  0.16922E-02
  0.15354E-02  0.13978E-02  0.12772E-02  0.11706E-02  0.10764E-02  0.99284E-03
  0.91820E-03  0.85148E-03  0.79183E-03  0.73790E-03  0.68974E-03  0.64530E-03
  0.60595E-03  0.56970E-03  0.53702E-03  0.50759E-03  0.47927E-03  0.45493E-03
  0.43188E-03  0.41050E-03  0.39207E-03  0.37338E-03  0.35746E-03  0.34259E-03
  0.32795E-03  0.31487E-03  0.30399E-03  0.29222E-03  0.28177E-03  0.27299E-03
  0.26443E-03  0.25505E-03  0.24789E-03  0.24111E-03  0.23459E-03  0.22739E-03
  0.22266E-03  0.21772E-03  0.21296E-03  0.20774E-03  0.20355E-03  0.19939E-03
  0.19678E-03  0.19360E-03  0.18988E-03  0.18707E-03  0.18413E-03  0.18191E-03
  0.17997E-03  0.17860E-03  0.17637E-03  0.17613E-03  0.17391E-03  0.17284E-03
  0.17192E-03  0.17009E-03  0.17031E-03  0.16975E-03  0.16918E-03  0.17313E-03
  0.36811E+00  0.41321E+02
  0.31033E+02  0.24112E+02  0.12504E+02  0.60086E+01  0.34871E+01  0.22181E+01
  0.13975E+01  0.91814E+00  0.63107E+00  0.44061E+00  0.31551E+00  0.17455E+00
  0.10510E+00  0.67706E-01  0.45832E-01  0.32243E-01  0.23425E-01  0.17464E-01
  0.13318E-01  0.10364E-01  0.82063E-02  0.66005E-02  0.53841E-02  0.44445E-02
  0.37100E-02  0.31311E-02  0.26638E-02  0.22857E-02  0.19750E-02  0.17187E-02
  0.15050E-02  0.13234E-02  0.11723E-02  0.10431E-02  0.93131E-03  0.83599E-03
  0.75209E-03  0.68014E-03  0.61805E-03  0.56223E-03  0.51374E-03  0.47056E-03
  0.43286E-03  0.39908E-03  0.36858E-03  0.34161E-03  0.31722E-03  0.29570E-03
  0.27598E-03  0.25823E-03  0.24221E-03  0.22764E-03  0.21448E-03  0.20231E-03
  0.19145E-03  0.18118E-03  0.17214E-03  0.16371E-03  0.15572E-03  0.14891E-03
  0.14215E-03  0.13621E-03  0.13077E-03  0.12539E-03  0.12087E-03  0.11628E-03
  0.11224E-03  0.10868E-03  0.10500E-03  0.10168E-03  0.99086E-04  0.96165E-04
  0.93118E-04  0.91106E-04  0.89018E-04  0.86634E-04  0.84677E-04  0.83173E-04
  0.81636E-04  0.80163E-04  0.78554E-04  0.77066E-04  0.76060E-04  0.75407E-04
  0.74453E-04  0.73476E-04  0.72583E-04  0.71673E-04  0.71488E-04  0.70741E-04
  0.70685E-04  0.69922E-04  0.70032E-04  0.69563E-04  0.70169E-04  0.67799E-04
  0.27409E+00  0.55496E+02
  0.32323E+02  0.23293E+02  0.10481E+02  0.49077E+01  0.28613E+01  0.16890E+01
  0.10328E+01  0.67154E+00  0.44493E+00  0.30526E+00  0.21599E+00  0.11740E+00
  0.69926E-01  0.44572E-01  0.29883E-01  0.20851E-01  0.15040E-01  0.11153E-01
  0.84655E-02  0.65606E-02  0.51747E-02  0.41471E-02  0.33687E-02  0.27703E-02
  0.23043E-02  0.19353E-02  0.16379E-02  0.13978E-02  0.12026E-02  0.10423E-02
  0.90812E-03  0.79510E-03  0.70050E-03  0.62040E-03  0.55122E-03  0.49307E-03
  0.44280E-03  0.39819E-03  0.35987E-03  0.32715E-03  0.29747E-03  0.27202E-03
  0.24929E-03  0.22868E-03  0.21081E-03  0.19528E-03  0.18043E-03  0.16794E-03
  0.15635E-03  0.14597E-03  0.13694E-03  0.12786E-03  0.12044E-03  0.11338E-03
  0.10719E-03  0.10120E-03  0.95940E-04  0.91056E-04  0.86634E-04  0.82536E-04
  0.78764E-04  0.75256E-04  0.72112E-04  0.69178E-04  0.66481E-04  0.63976E-04
  0.61631E-04  0.59438E-04  0.57503E-04  0.55626E-04  0.53936E-04  0.52369E-04
  0.50894E-04  0.49495E-04  0.48263E-04  0.47112E-04  0.45965E-04  0.45040E-04
  0.44182E-04  0.43303E-04  0.42486E-04  0.41854E-04  0.41145E-04  0.40636E-04
  0.40058E-04  0.39457E-04  0.39030E-04  0.38723E-04  0.38221E-04  0.37949E-04
  0.37642E-04  0.37323E-04  0.37326E-04  0.36886E-04  0.37303E-04  0.36058E-04
  0.22062E+00  0.68945E+02
  0.33199E+02  0.22266E+02  0.89770E+01  0.42294E+01  0.23744E+01  0.13312E+01
  0.80990E+00  0.50861E+00  0.33169E+00  0.22476E+00  0.15746E+00  0.84795E-01
  0.50133E-01  0.31733E-01  0.21147E-01  0.14690E-01  0.10550E-01  0.77958E-02
  0.58973E-02  0.45528E-02  0.35783E-02  0.28567E-02  0.23111E-02  0.18969E-02
  0.15699E-02  0.13135E-02  0.11076E-02  0.94107E-03  0.80699E-03  0.69741E-03
  0.60670E-03  0.52900E-03  0.46408E-03  0.40930E-03  0.36373E-03  0.32474E-03
  0.29040E-03  0.26080E-03  0.23476E-03  0.21356E-03  0.19415E-03  0.17626E-03
  0.16117E-03  0.14845E-03  0.13668E-03  0.12561E-03  0.11636E-03  0.10834E-03
  0.10041E-03  0.93675E-04  0.87847E-04  0.81938E-04  0.77132E-04  0.72366E-04
  0.68115E-04  0.64707E-04  0.61042E-04  0.58010E-04  0.54854E-04  0.52460E-04
  0.49904E-04  0.47672E-04  0.45593E-04  0.43638E-04  0.41918E-04  0.40331E-04
  0.38788E-04  0.37419E-04  0.36017E-04  0.34934E-04  0.33799E-04  0.32814E-04
  0.32015E-04  0.30908E-04  0.30115E-04  0.29385E-04  0.28672E-04  0.28023E-04
  0.27577E-04  0.27015E-04  0.26421E-04  0.25945E-04  0.25570E-04  0.25169E-04
  0.24705E-04  0.24336E-04  0.24080E-04  0.23913E-04  0.23795E-04  0.23692E-04
  0.23589E-04  0.23464E-04  0.23335E-04  0.23205E-04  0.23160E-04  0.23197E-04
  0.18573E+00  0.81896E+02
  0.33841E+02  0.21187E+02  0.78673E+01  0.37430E+01  0.19833E+01  0.10924E+01
  0.65008E+00  0.39883E+00  0.25743E+00  0.17253E+00  0.12048E+00  0.64411E-01
  0.37876E-01  0.23865E-01  0.15846E-01  0.10967E-01  0.78517E-02  0.57812E-02
  0.43600E-02  0.33558E-02  0.26293E-02  0.20918E-02  0.16885E-02  0.13775E-02
  0.11376E-02  0.94971E-03  0.79716E-03  0.67680E-03  0.57896E-03  0.49836E-03
  0.43335E-03  0.37721E-03  0.33040E-03  0.29199E-03  0.25821E-03  0.22916E-03
  0.20446E-03  0.18368E-03  0.16603E-03  0.15050E-03  0.13650E-03  0.12373E-03
  0.11283E-03  0.10367E-03  0.95760E-04  0.88240E-04  0.81103E-04  0.75265E-04
  0.70116E-04  0.65420E-04  0.60886E-04  0.56948E-04  0.53771E-04  0.50220E-04
  0.47440E-04  0.44731E-04  0.41833E-04  0.40234E-04  0.37993E-04  0.35970E-04
  0.34518E-04  0.32665E-04  0.31624E-04  0.29949E-04  0.28821E-04  0.27476E-04
  0.26734E-04  0.25535E-04  0.24858E-04  0.23771E-04  0.23197E-04  0.22333E-04
  0.21733E-04  0.21262E-04  0.20490E-04  0.20159E-04  0.19513E-04  0.18921E-04
  0.18731E-04  0.18385E-04  0.18031E-04  0.17654E-04  0.17445E-04  0.17241E-04
  0.16771E-04  0.16482E-04  0.16297E-04  0.16173E-04  0.16202E-04  0.16074E-04
  0.15823E-04  0.15741E-04  0.15643E-04  0.15320E-04  0.15298E-04  0.15697E-04
  0.16103E+00  0.94458E+02