  0.47683E+01  0.47654E+01  0.47569E+01  0.47427E+01  0.47228E+01  0.46974E+01
  0.46666E+01  0.46304E+01  0.45889E+01  0.45424E+01  0.44910E+01  0.43742E+01
  0.42400E+01  0.40902E+01  0.39268E+01  0.37518E+01  0.35675E+01  0.33758E+01
  0.31791E+01  0.29793E+01  0.27786E+01  0.25787E+01  0.23815E+01  0.21885E+01
  0.20012E+01  0.18207E+01  0.16480E+01  0.14840E+01  0.13293E+01  0.11843E+01
  0.10493E+01  0.92428E+00  0.80933E+00  0.70425E+00  0.60876E+00  0.52252E+00
  0.44510E+00  0.37604E+00  0.31483E+00  0.26095E+00  0.21388E+00  0.17308E+00
  0.13807E+00  0.10834E+00  0.83449E-01  0.62961E-01  0.46484E-01  0.33657E-01
  0.24156E-01  0.17687E-01  0.13986E-01  0.12819E-01  0.13977E-01  0.17272E-01
  0.22537E-01  0.29619E-01  0.38379E-01  0.48689E-01  0.60427E-01  0.73479E-01
  0.87732E-01  0.10308E+00  0.11941E+00  0.13662E+00  0.15461E+00  0.17325E+00
  0.19246E+00  0.21211E+00  0.23211E+00  0.25235E+00  0.27272E+00  0.29311E+00
  0.31344E+00  0.33359E+00  0.35347E+00  0.37300E+00  0.39208E+00  0.41063E+00
  0.42858E+00  0.44585E+00  0.46238E+00  0.47811E+00  0.49297E+00  0.50691E+00
  0.51990E+00  0.53188E+00  0.54282E+00  0.55269E+00  0.56147E+00  0.56912E+00
  0.57562E+00  0.58097E+00  0.58514E+00  0.58812E+00  0.58992E+00  0.59052E+00
  0.81776E+01  0.17022E+02
  0.64761E+01  0.64664E+01  0.64369E+01  0.63881E+01  0.63203E+01  0.62341E+01
  0.61302E+01  0.60094E+01  0.58725E+01  0.57208E+01  0.55554E+01  0.51884E+01
  0.47823E+01  0.43486E+01  0.38991E+01  0.34450E+01  0.29970E+01  0.25647E+01
  0.21563E+01  0.17784E+01  0.14361E+01  0.11325E+01  0.86939E+00  0.64695E+00
  0.46405E+00  0.31849E+00  0.20720E+00  0.12649E+00  0.72304E-01  0.40412E-01
  0.26595E-01  0.26806E-01  0.37297E-01  0.54703E-01  0.76098E-01  0.99029E-01
  0.12152E+00  0.14204E+00  0.15951E+00  0.17323E+00  0.18282E+00  0.18819E+00
  0.18950E+00  0.18706E+00  0.18132E+00  0.17281E+00  0.16211E+00  0.14979E+00
  0.13641E+00  0.12251E+00  0.10854E+00  0.94907E-01  0.81927E-01  0.69852E-01
  0.58856E-01  0.49043E-01  0.40459E-01  0.33093E-01  0.26895E-01  0.21780E-01
  0.17646E-01  0.14379E-01  0.11862E-01  0.99907E-02  0.86717E-02  0.78331E-02
  0.74266E-02  0.74289E-02  0.78419E-02  0.86908E-02  0.10021E-01  0.11893E-01
  0.14379E-01  0.17553E-01  0.21487E-01  0.26246E-01  0.31877E-01  0.38408E-01
  0.45841E-01  0.54150E-01  0.63277E-01  0.73132E-01  0.83592E-01  0.94508E-01
  0.10570E+00  0.11697E+00  0.12810E+00  0.13887E+00  0.14904E+00  0.15840E+00
  0.16672E+00  0.17382E+00  0.17953E+00  0.18372E+00  0.18627E+00  0.18712E+00
  0.42959E+01  0.32403E+02
  0.76066E+01  0.75908E+01  0.75429E+01  0.74638E+01  0.73542E+01  0.72154E+01
  0.70490E+01  0.68566E+01  0.66405E+01  0.64029E+01  0.61461E+01  0.55861E+01
  0.49823E+01  0.43569E+01  0.37312E+01  0.31246E+01  0.25535E+01  0.20312E+01
  0.15672E+01  0.11670E+01  0.83314E+00  0.56462E+00  0.35807E+00  0.20809E+00
  0.10788E+00  0.49855E-01  0.26134E-01  0.28970E-01  0.51088E-01  0.85924E-01
  0.12777E+00  0.17187E+00  0.21440E+00  0.25246E+00  0.28400E+00  0.30771E+00
  0.32296E+00  0.32967E+00  0.32821E+00  0.31928E+00  0.30388E+00  0.28315E+00
  0.25837E+00  0.23081E+00  0.20175E+00  0.17239E+00  0.14382E+00  0.11698E+00
  0.92640E-01  0.71401E-01  0.53666E-01  0.39651E-01  0.29395E-01  0.22772E-01
  0.19512E-01  0.19227E-01  0.21432E-01  0.25584E-01  0.31103E-01  0.37407E-01
  0.43936E-01  0.50178E-01  0.55691E-01  0.60118E-01  0.63198E-01  0.64780E-01
  0.64815E-01  0.63361E-01  0.60575E-01  0.56698E-01  0.52042E-01  0.46975E-01
  0.41898E-01  0.37228E-01  0.33376E-01  0.30727E-01  0.29620E-01  0.30335E-01
  0.33080E-01  0.37977E-01  0.45057E-01  0.54259E-01  0.65429E-01  0.78327E-01
  0.92634E-01  0.10796E+00  0.12388E+00  0.13990E+00  0.15555E+00  0.17032E+00
  0.18374E+00  0.19538E+00  0.20486E+00  0.21186E+00  0.21616E+00  0.21761E+00
  0.42125E+01  0.33045E+02
  0.81619E+01  0.81407E+01  0.80769E+01  0.79715E+01  0.78260E+01  0.76425E+01
  0.74235E+01  0.71721E+01  0.68916E+01  0.65857E+01  0.62583E+01  0.55557E+01
  0.48169E+01  0.40740E+01  0.33558E+01  0.26864E+01  0.20840E+01  0.15605E+01
  0.11220E+01  0.76901E+00  0.49774E+00  0.30094E+00  0.16918E+00  0.91824E-01
  0.57965E-01  0.57091E-01  0.79588E-01  0.11703E+00  0.16235E+00  0.20979E+00
  0.25493E+00  0.29450E+00  0.32627E+00  0.34889E+00  0.36176E+00  0.36491E+00
  0.35884E+00  0.34447E+00  0.32299E+00  0.29582E+00  0.26448E+00  0.23058E+00
  0.19567E+00  0.16125E+00  0.12868E+00  0.99122E-01  0.73550E-01  0.52691E-01
  0.37019E-01  0.26760E-01  0.21893E-01  0.22168E-01  0.27136E-01  0.36173E-01
  0.48522E-01  0.63328E-01  0.79683E-01  0.96662E-01  0.11336E+00  0.12895E+00
  0.14266E+00  0.15387E+00  0.16208E+00  0.16694E+00  0.16828E+00  0.16607E+00
  0.16044E+00  0.15168E+00  0.14019E+00  0.12649E+00  0.11118E+00  0.94932E-01
  0.78432E-01  0.62377E-01  0.47432E-01  0.34214E-01  0.23261E-01  0.15017E-01
  0.98109E-02  0.78499E-02  0.92088E-02  0.13831E-01  0.21531E-01  0.32003E-01
  0.44833E-01  0.59519E-01  0.75486E-01  0.92111E-01  0.10875E+00  0.12476E+00
  0.13951E+00  0.15245E+00  0.16306E+00  0.17095E+00  0.17581E+00  0.17745E+00
  0.41579E+01  0.33479E+02
  0.99847E+01  0.99409E+01  0.98095E+01  0.95943E+01  0.93008E+01  0.89366E+01
  0.85108E+01  0.80336E+01  0.75161E+01  0.69698E+01  0.64062E+01  0.52705E+01
  0.41868E+01  0.32136E+01  0.23868E+01  0.17201E+01  0.12093E+01  0.83779E+00
  0.58194E+00  0.41646E+00  0.31766E+00  0.26543E+00  0.24388E+00  0.24117E+00
  0.24876E+00  0.26068E+00  0.27280E+00  0.28229E+00  0.28732E+00  0.28679E+00
  0.28025E+00  0.26777E+00  0.24988E+00  0.22746E+00  0.20161E+00  0.17358E+00
  0.14468E+00  0.11612E+00  0.89049E-01  0.64453E-01  0.43145E-01  0.25756E-01
  0.12727E-01  0.43139E-02  0.58598E-03  0.14391E-02  0.66042E-02  0.15663E-01
  0.28071E-01  0.43175E-01  0.60249E-01  0.78517E-01  0.97190E-01  0.11549E+00
  0.13268E+00  0.14809E+00  0.16114E+00  0.17137E+00  0.17841E+00  0.18204E+00
  0.18219E+00  0.17888E+00  0.17231E+00  0.16275E+00  0.15063E+00  0.13643E+00
  0.12075E+00  0.10422E+00  0.87501E-01  0.71292E-01  0.56267E-01  0.43070E-01
  0.32297E-01  0.24470E-01  0.20024E-01  0.19293E-01  0.22499E-01  0.29743E-01
  0.41004E-01  0.56136E-01  0.74877E-01  0.96850E-01  0.12158E+00  0.14850E+00
  0.17697E+00  0.20630E+00  0.23578E+00  0.26465E+00  0.29219E+00  0.31770E+00
  0.34052E+00  0.36005E+00  0.37580E+00  0.38735E+00  0.39440E+00  0.39677E+00
  0.36300E+01  0.38348E+02
  0.11709E+02  0.11638E+02  0.11428E+02  0.11086E+02  0.10625E+02  0.10061E+02
  0.94155E+01  0.87081E+01  0.79613E+01  0.71968E+01  0.64345E+01  0.49853E+01
  0.37193E+01  0.26905E+01  0.19063E+01  0.13415E+01  0.95400E+00  0.69834E+00
  0.53442E+00  0.43116E+00  0.36660E+00  0.32612E+00  0.30021E+00  0.28262E+00
  0.26907E+00  0.25664E+00  0.24346E+00  0.22851E+00  0.21148E+00  0.19259E+00
  0.17235E+00  0.15144E+00  0.13051E+00  0.11012E+00  0.90782E-01  0.72900E-01
  0.56834E-01  0.42897E-01  0.31353E-01  0.22405E-01  0.16175E-01  0.12695E-01
  0.11896E-01  0.13614E-01  0.17601E-01  0.23539E-01  0.31054E-01  0.39739E-01
  0.49165E-01  0.58895E-01  0.68500E-01  0.77567E-01  0.85718E-01  0.92614E-01
  0.97973E-01  0.10157E+00  0.10327E+00  0.10298E+00  0.10072E+00  0.96563E-01
  0.90678E-01  0.83294E-01  0.74705E-01  0.65261E-01  0.55355E-01  0.45417E-01
  0.35895E-01  0.27244E-01  0.19916E-01  0.14341E-01  0.10919E-01  0.10005E-01
  0.11899E-01  0.16836E-01  0.24978E-01  0.36405E-01  0.51117E-01  0.69027E-01
  0.89961E-01  0.11367E+00  0.13981E+00  0.16799E+00  0.19774E+00  0.22854E+00
  0.25984E+00  0.29106E+00  0.32159E+00  0.35085E+00  0.37826E+00  0.40326E+00
  0.42535E+00  0.44408E+00  0.45907E+00  0.47001E+00  0.47666E+00  0.47889E+00
  0.31972E+01  0.43539E+02
  0.13153E+02  0.13053E+02  0.12756E+02  0.12276E+02  0.11637E+02  0.10867E+02
  0.10000E+02  0.90721E+01  0.81171E+01  0.71675E+01  0.62508E+01  0.45992E+01
  0.32679E+01  0.22759E+01  0.15825E+01  0.11204E+01  0.82055E+00  0.62715E+00
  0.50076E+00  0.41611E+00  0.35760E+00  0.31540E+00  0.28300E+00  0.25604E+00
  0.23179E+00  0.20883E+00  0.18670E+00  0.16549E+00  0.14547E+00  0.12687E+00
  0.10977E+00  0.94158E-01  0.79991E-01  0.67268E-01  0.56038E-01  0.46386E-01
  0.38395E-01  0.32111E-01  0.27529E-01  0.24584E-01  0.23173E-01  0.23157E-01
  0.24377E-01  0.26661E-01  0.29815E-01  0.33634E-01  0.37892E-01  0.42357E-01
  0.46790E-01  0.50960E-01  0.54648E-01  0.57662E-01  0.59839E-01  0.61053E-01
  0.61216E-01  0.60282E-01  0.58249E-01  0.55159E-01  0.51098E-01  0.46194E-01
  0.40618E-01  0.34575E-01  0.28304E-01  0.22069E-01  0.16153E-01  0.10850E-01
  0.64572E-02  0.32673E-02  0.15587E-02  0.15884E-02  0.35842E-02  0.77377E-02
  0.14198E-01  0.23066E-01  0.34389E-01  0.48161E-01  0.64318E-01  0.82736E-01
  0.10324E+00  0.12559E+00  0.14951E+00  0.17466E+00  0.20069E+00  0.22719E+00
  0.25374E+00  0.27991E+00  0.30524E+00  0.32931E+00  0.35169E+00  0.37199E+00
  0.38984E+00  0.40492E+00  0.41694E+00  0.42569E+00  0.43100E+00  0.43278E+00
  0.28630E+01  0.48621E+02
  0.14370E+02  0.14238E+02  0.13848E+02  0.13224E+02  0.12400E+02  0.11424E+02
  0.10344E+02  0.92119E+01  0.80757E+01  0.69768E+01  0.59482E+01  0.41852E+01
  0.28636E+01  0.19485E+01  0.13491E+01  0.96723E+00  0.72370E+00  0.56480E+00
  0.45767E+00  0.38274E+00  0.32785E+00  0.28508E+00  0.24943E+00  0.21813E+00
  0.19004E+00  0.16495E+00  0.14288E+00  0.12371E+00  0.10716E+00  0.92806E-01
  0.80288E-01  0.69367E-01  0.59925E-01  0.51904E-01  0.45252E-01  0.39889E-01
  0.35708E-01  0.32593E-01  0.30439E-01  0.29154E-01  0.28652E-01  0.28844E-01
  0.29622E-01  0.30863E-01  0.32427E-01  0.34171E-01  0.35952E-01  0.37638E-01
  0.39108E-01  0.40254E-01  0.40983E-01  0.41215E-01  0.40891E-01  0.39972E-01
  0.38441E-01  0.36309E-01  0.33612E-01  0.30414E-01  0.26806E-01  0.22901E-01
  0.18835E-01  0.14762E-01  0.10853E-01  0.72872E-02  0.42544E-02  0.19449E-02
  0.54685E-03  0.24076E-03  0.11944E-02  0.35575E-02  0.74574E-02  0.12994E-01
  0.20238E-01  0.29225E-01  0.39956E-01  0.52392E-01  0.66460E-01  0.82047E-01
  0.99002E-01  0.11714E+00  0.13625E+00  0.15609E+00  0.17638E+00  0.19684E+00
  0.21717E+00  0.23706E+00  0.25620E+00  0.27429E+00  0.29104E+00  0.30618E+00
  0.31945E+00  0.33063E+00  0.33953E+00  0.34599E+00  0.34992E+00  0.35123E+00
  0.26013E+01  0.53512E+02
  0.15415E+02  0.15251E+02  0.14764E+02  0.13991E+02  0.12982E+02  0.11802E+02
  0.10521E+02  0.92047E+01  0.79152E+01  0.67010E+01  0.55971E+01  0.37906E+01
  0.25216E+01  0.16941E+01  0.11758E+01  0.85263E+00  0.64625E+00  0.50963E+00
  0.41554E+00  0.34752E+00  0.29515E+00  0.25211E+00  0.21525E+00  0.18341E+00
  0.15628E+00  0.13359E+00  0.11479E+00  0.99156E-01  0.86002E-01  0.74850E-01
  0.65412E-01  0.57510E-01  0.50984E-01  0.45658E-01  0.41348E-01  0.37898E-01
  0.35196E-01  0.33163E-01  0.31733E-01  0.30832E-01  0.30372E-01  0.30253E-01
  0.30376E-01  0.30652E-01  0.31002E-01  0.31356E-01  0.31648E-01  0.31815E-01
  0.31798E-01  0.31540E-01  0.30999E-01  0.30140E-01  0.28947E-01  0.27419E-01
  0.25570E-01  0.23430E-01  0.21044E-01  0.18472E-01  0.15785E-01  0.13072E-01
  0.10429E-01  0.79666E-02  0.57984E-02  0.40446E-02  0.28266E-02  0.22644E-02
  0.24732E-02  0.35603E-02  0.56224E-02  0.87424E-02  0.12987E-01  0.18404E-01
  0.25021E-01  0.32843E-01  0.41850E-01  0.52000E-01  0.63225E-01  0.75432E-01
  0.88506E-01  0.10231E+00  0.11669E+00  0.13147E+00  0.14646E+00  0.16147E+00
  0.17629E+00  0.19071E+00  0.20452E+00  0.21751E+00  0.22950E+00  0.24030E+00
  0.24974E+00  0.25768E+00  0.26399E+00  0.26857E+00  0.27135E+00  0.27227E+00
  0.23925E+01  0.58183E+02
  0.16331E+02  0.16132E+02  0.15546E+02  0.14621E+02  0.13428E+02  0.12051E+02
  0.10581E+02  0.91017E+01  0.76857E+01  0.63862E+01  0.52372E+01  0.34352E+01
  0.22396E+01  0.14961E+01  0.10435E+01  0.76328E+00  0.58334E+00  0.46292E+00
  0.37828E+00  0.31482E+00  0.26393E+00  0.22137E+00  0.18559E+00  0.15604E+00
  0.13210E+00  0.11280E+00  0.97077E-01  0.84086E-01  0.73285E-01  0.64349E-01
  0.57030E-01  0.51071E-01  0.46213E-01  0.42239E-01  0.38997E-01  0.36391E-01
  0.34340E-01  0.32762E-01  0.31562E-01  0.30648E-01  0.29942E-01  0.29386E-01
  0.28935E-01  0.28550E-01  0.28189E-01  0.27805E-01  0.27354E-01  0.26795E-01
  0.26098E-01  0.25241E-01  0.24212E-01  0.23009E-01  0.21635E-01  0.20102E-01
  0.18430E-01  0.16650E-01  0.14802E-01  0.12934E-01  0.11102E-01  0.93704E-02
  0.78072E-02  0.64847E-02  0.54781E-02  0.48628E-02  0.47136E-02  0.51028E-02
  0.60983E-02  0.77619E-02  0.10147E-01  0.13298E-01  0.17245E-01  0.22007E-01
  0.27590E-01  0.33984E-01  0.41162E-01  0.49085E-01  0.57697E-01  0.66927E-01
  0.76690E-01  0.86887E-01  0.97408E-01  0.10813E+00  0.11894E+00  0.12968E+00
  0.14023E+00  0.15044E+00  0.16018E+00  0.16931E+00  0.17771E+00  0.18525E+00
  0.19183E+00  0.19735E+00  0.20173E+00  0.20491E+00  0.20684E+00  0.20748E+00
  0.22223E+01  0.62640E+02
  0.17145E+02  0.16911E+02  0.16223E+02  0.15145E+02  0.13769E+02  0.12202E+02
  0.10558E+02  0.89365E+01  0.74186E+01  0.60596E+01  0.48890E+01  0.31237E+01
  0.20090E+01  0.13403E+01  0.93972E+00  0.69197E+00  0.53208E+00  0.42381E+00
  0.34570E+00  0.28510E+00  0.23566E+00  0.19494E+00  0.16201E+00  0.13589E+00
  0.11522E+00  0.98624E-01  0.85083E-01  0.73980E-01  0.64940E-01  0.57636E-01
  0.51730E-01  0.46911E-01  0.42949E-01  0.39695E-01  0.37043E-01  0.34891E-01
  0.33129E-01  0.31658E-01  0.30403E-01  0.29318E-01  0.28371E-01  0.27535E-01
  0.26772E-01  0.26041E-01  0.25304E-01  0.24531E-01  0.23703E-01  0.22808E-01
  0.21838E-01  0.20789E-01  0.19658E-01  0.18449E-01  0.17171E-01  0.15839E-01
  0.14477E-01  0.13112E-01  0.11776E-01  0.10506E-01  0.93413E-02  0.83251E-02
  0.75036E-02  0.69240E-02  0.66343E-02  0.66817E-02  0.71115E-02  0.79660E-02
  0.92830E-02  0.11095E-01  0.13429E-01  0.16305E-01  0.19735E-01  0.23721E-01
  0.28258E-01  0.33331E-01  0.38915E-01  0.44976E-01  0.51469E-01  0.58341E-01
  0.65531E-01  0.72969E-01  0.80579E-01  0.88278E-01  0.95980E-01  0.10360E+00
  0.11103E+00  0.11820E+00  0.12501E+00  0.13137E+00  0.13720E+00  0.14243E+00
  0.14697E+00  0.15078E+00  0.15380E+00  0.15598E+00  0.15730E+00  0.15774E+00
  0.20808E+01  0.66899E+02
  0.17877E+02  0.17607E+02  0.16816E+02  0.15584E+02  0.14028E+02  0.12280E+02
  0.10476E+02  0.87317E+01  0.71337E+01  0.57365E+01  0.45627E+01  0.28541E+01
  0.18199E+01  0.12155E+01  0.85641E+00  0.63412E+00  0.48987E+00  0.39053E+00
  0.31677E+00  0.25837E+00  0.21113E+00  0.17346E+00  0.14402E+00  0.12109E+00
  0.10292E+00  0.88252E-01  0.76351E-01  0.66769E-01  0.59103E-01  0.52939E-01
  0.47915E-01  0.43783E-01  0.40380E-01  0.37579E-01  0.35251E-01  0.33277E-01
  0.31563E-01  0.30058E-01  0.28732E-01  0.27556E-01  0.26495E-01  0.25504E-01
  0.24550E-01  0.23607E-01  0.22663E-01  0.21710E-01  0.20742E-01  0.19749E-01
  0.18728E-01  0.17678E-01  0.16601E-01  0.15509E-01  0.14413E-01  0.13329E-01
  0.12277E-01  0.11276E-01  0.10351E-01  0.95287E-02  0.88372E-02  0.83061E-02
  0.79654E-02  0.78449E-02  0.79739E-02  0.83802E-02  0.90891E-02  0.10123E-01
  0.11502E-01  0.13242E-01  0.15356E-01  0.17851E-01  0.20727E-01  0.23981E-01
  0.27601E-01  0.31573E-01  0.35873E-01  0.40473E-01  0.45339E-01  0.50433E-01
  0.55709E-01  0.61119E-01  0.66610E-01  0.72126E-01  0.77610E-01  0.83001E-01
  0.88239E-01  0.93264E-01  0.98018E-01  0.10244E+00  0.10649E+00  0.11010E+00
  0.11324E+00  0.11586E+00  0.11794E+00  0.11944E+00  0.12035E+00  0.12065E+00
  0.19611E+01  0.70982E+02
  0.18543E+02  0.18236E+02  0.17340E+02  0.15954E+02  0.14222E+02  0.12302E+02
  0.10353E+02  0.85027E+01  0.68438E+01  0.54261E+01  0.42624E+01  0.26221E+01
  0.16637E+01  0.11137E+01  0.78825E+00  0.58646E+00  0.45440E+00  0.36148E+00
  0.29085E+00  0.23485E+00  0.19063E+00  0.15645E+00  0.13022E+00  0.10975E+00
  0.93397E-01  0.80241E-01  0.69738E-01  0.61406E-01  0.54748E-01  0.49344E-01
  0.44904E-01  0.41244E-01  0.38211E-01  0.35655E-01  0.33454E-01  0.31524E-01
  0.29824E-01  0.28323E-01  0.26983E-01  0.25756E-01  0.24604E-01  0.23501E-01
  0.22437E-01  0.21406E-01  0.20398E-01  0.19405E-01  0.18417E-01  0.17430E-01
  0.16446E-01  0.15470E-01  0.14509E-01  0.13572E-01  0.12671E-01  0.11816E-01
  0.11024E-01  0.10309E-01  0.96912E-02  0.91879E-02  0.88181E-02  0.86007E-02
  0.85541E-02  0.86962E-02  0.90440E-02  0.96136E-02  0.10420E-01  0.11474E-01
  0.12784E-01  0.14357E-01  0.16195E-01  0.18299E-01  0.20665E-01  0.23286E-01
  0.26149E-01  0.29241E-01  0.32541E-01  0.36029E-01  0.39677E-01  0.43457E-01
  0.47338E-01  0.51285E-01  0.55262E-01  0.59230E-01  0.63151E-01  0.66985E-01
  0.70691E-01  0.74232E-01  0.77567E-01  0.80662E-01  0.83482E-01  0.85994E-01
  0.88171E-01  0.89987E-01  0.91422E-01  0.92459E-01  0.93087E-01  0.93296E-01
  0.18583E+01  0.74910E+02
  0.23158E+02  0.22456E+02  0.20474E+02  0.17607E+02  0.14354E+02  0.11178E+02
  0.84017E+01  0.61750E+01  0.45016E+01  0.32987E+01  0.24538E+01  0.14451E+01
  0.92478E+00  0.63529E+00  0.45795E+00  0.33806E+00  0.25415E+00  0.19581E+00
  0.15429E+00  0.12348E+00  0.10047E+00  0.83514E-01  0.70796E-01  0.60893E-01
  0.53045E-01  0.46781E-01  0.41671E-01  0.37393E-01  0.33763E-01  0.30648E-01
  0.27934E-01  0.25551E-01  0.23454E-01  0.21598E-01  0.19935E-01  0.18442E-01
  0.17108E-01  0.15913E-01  0.14834E-01  0.13857E-01  0.12977E-01  0.12187E-01
  0.11474E-01  0.10831E-01  0.10253E-01  0.97365E-02  0.92780E-02  0.88725E-02
  0.85164E-02  0.82079E-02  0.79452E-02  0.77259E-02  0.75480E-02  0.74100E-02
  0.73104E-02  0.72473E-02  0.72194E-02  0.72252E-02  0.72632E-02  0.73318E-02
  0.74297E-02  0.75544E-02  0.77032E-02  0.78749E-02  0.80695E-02  0.82856E-02
  0.85206E-02  0.87713E-02  0.90351E-02  0.93101E-02  0.95954E-02  0.98894E-02
  0.10190E-01  0.10494E-01  0.10802E-01  0.11110E-01  0.11415E-01  0.11716E-01
  0.12011E-01  0.12302E-01  0.12583E-01  0.12853E-01  0.13110E-01  0.13354E-01
  0.13585E-01  0.13801E-01  0.14000E-01  0.14179E-01  0.14340E-01  0.14482E-01
  0.14605E-01  0.14706E-01  0.14784E-01  0.14839E-01  0.14873E-01  0.14885E-01
  0.12816E+01  0.10861E+03
  0.26029E+02  0.24903E+02  0.21827E+02  0.17647E+02  0.13318E+02  0.95443E+01
  0.66416E+01  0.45950E+01  0.32235E+01  0.23190E+01  0.17162E+01  0.10176E+01
  0.65906E+00  0.45070E+00  0.31828E+00  0.23244E+00  0.17460E+00  0.13393E+00
  0.10551E+00  0.85371E-01  0.70419E-01  0.59142E-01  0.50535E-01  0.43697E-01
  0.38129E-01  0.33552E-01  0.29716E-01  0.26455E-01  0.23665E-01  0.21259E-01
  0.19173E-01  0.17362E-01  0.15777E-01  0.14389E-01  0.13174E-01  0.12106E-01
  0.11161E-01  0.10329E-01  0.95946E-02  0.89423E-02  0.83638E-02  0.78505E-02
  0.73939E-02  0.69887E-02  0.66301E-02  0.63112E-02  0.60269E-02  0.57752E-02
  0.55540E-02  0.53591E-02  0.51867E-02  0.50358E-02  0.49054E-02  0.47928E-02
  0.46963E-02  0.46145E-02  0.45466E-02  0.44912E-02  0.44470E-02  0.44129E-02
  0.43888E-02  0.43735E-02  0.43659E-02  0.43654E-02  0.43714E-02  0.43828E-02
  0.43993E-02  0.44213E-02  0.44482E-02  0.44781E-02  0.45099E-02  0.45439E-02
  0.45808E-02  0.46195E-02  0.46598E-02  0.47026E-02  0.47459E-02  0.47871E-02
  0.48273E-02  0.48682E-02  0.49081E-02  0.49460E-02  0.49833E-02  0.50200E-02
  0.50540E-02  0.50854E-02  0.51157E-02  0.51449E-02  0.51696E-02  0.51884E-02
  0.52056E-02  0.52235E-02  0.52367E-02  0.52417E-02  0.52420E-02  0.52419E-02
  0.10169E+01  0.13689E+03
  0.28117E+02  0.26552E+02  0.22407E+02  0.17108E+02  0.12070E+02  0.81067E+01
  0.53647E+01  0.36027E+01  0.24956E+01  0.17896E+01  0.13256E+01  0.79123E+00
  0.51052E+00  0.34483E+00  0.24280E+00  0.17633E+00  0.13184E+00  0.10194E+00
  0.80833E-01  0.65606E-01  0.54413E-01  0.45775E-01  0.38988E-01  0.33559E-01
  0.29097E-01  0.25398E-01  0.22301E-01  0.19682E-01  0.17457E-01  0.15557E-01
  0.13928E-01  0.12527E-01  0.11316E-01  0.10269E-01  0.93570E-02  0.85625E-02
  0.78695E-02  0.72599E-02  0.67242E-02  0.62532E-02  0.58348E-02  0.54651E-02
  0.51389E-02  0.48467E-02  0.45859E-02  0.43549E-02  0.41483E-02  0.39624E-02
  0.37965E-02  0.36486E-02  0.35152E-02  0.33951E-02  0.32886E-02  0.31936E-02
  0.31077E-02  0.30303E-02  0.29612E-02  0.28999E-02  0.28451E-02  0.27963E-02
  0.27532E-02  0.27151E-02  0.26813E-02  0.26516E-02  0.26258E-02  0.26036E-02
  0.25838E-02  0.25665E-02  0.25521E-02  0.25400E-02  0.25300E-02  0.25221E-02
  0.25157E-02  0.25102E-02  0.25059E-02  0.25031E-02  0.25007E-02  0.24992E-02
  0.24999E-02  0.25009E-02  0.25010E-02  0.25015E-02  0.25031E-02  0.25051E-02
  0.25066E-02  0.25076E-02  0.25090E-02  0.25102E-02  0.25122E-02  0.25148E-02
  0.25158E-02  0.25163E-02  0.25186E-02  0.25197E-02  0.25187E-02  0.25179E-02
  0.85664E+00  0.16250E+03
  0.29746E+02  0.27734E+02  0.22564E+02  0.16332E+02  0.10866E+02  0.69433E+01
  0.44524E+01  0.29485E+01  0.20336E+01  0.14576E+01  0.10816E+01  0.64658E+00
  0.41373E+00  0.27844E+00  0.19475E+00  0.14107E+00  0.10608E+00  0.82048E-01
  0.65291E-01  0.53097E-01  0.43880E-01  0.36796E-01  0.31154E-01  0.26611E-01
  0.22906E-01  0.19840E-01  0.17291E-01  0.15155E-01  0.13357E-01  0.11835E-01
  0.10543E-01  0.94394E-02  0.84928E-02  0.76787E-02  0.69752E-02  0.63659E-02
  0.58337E-02  0.53697E-02  0.49646E-02  0.46036E-02  0.42866E-02  0.40074E-02
  0.37569E-02  0.35364E-02  0.33395E-02  0.31615E-02  0.30026E-02  0.28598E-02
  0.27299E-02  0.26124E-02  0.25080E-02  0.24130E-02  0.23253E-02  0.22468E-02
  0.21762E-02  0.21107E-02  0.20508E-02  0.19970E-02  0.19476E-02  0.19016E-02
  0.18596E-02  0.18215E-02  0.17871E-02  0.17551E-02  0.17253E-02  0.16983E-02
  0.16735E-02  0.16507E-02  0.16296E-02  0.16103E-02  0.15927E-02  0.15763E-02
  0.15611E-02  0.15472E-02  0.15346E-02  0.15233E-02  0.15128E-02  0.15029E-02
  0.14945E-02  0.14866E-02  0.14787E-02  0.14721E-02  0.14665E-02  0.14614E-02
  0.14561E-02  0.14518E-02  0.14486E-02  0.14444E-02  0.14413E-02  0.14393E-02
  0.14369E-02  0.14356E-02  0.14341E-02  0.14320E-02  0.14325E-02  0.14336E-02
  0.74654E+00  0.18646E+03
  0.31078E+02  0.28614E+02  0.22468E+02  0.15470E+02  0.97824E+01  0.60196E+01
  0.37864E+01  0.24902E+01  0.17140E+01  0.12292E+01  0.91373E+00  0.54468E+00
  0.34670E+00  0.23205E+00  0.16161E+00  0.11743E+00  0.88177E-01  0.68413E-01
  0.54386E-01  0.44081E-01  0.36296E-01  0.30226E-01  0.25439E-01  0.21580E-01
  0.18449E-01  0.15882E-01  0.13760E-01  0.11998E-01  0.10525E-01  0.92889E-02
  0.82447E-02  0.73589E-02  0.66035E-02  0.59552E-02  0.53983E-02  0.49166E-02
  0.44963E-02  0.41323E-02  0.38112E-02  0.35294E-02  0.32817E-02  0.30595E-02
  0.28654E-02  0.26900E-02  0.25318E-02  0.23930E-02  0.22662E-02  0.21504E-02
  0.20486E-02  0.19560E-02  0.18695E-02  0.17931E-02  0.17232E-02  0.16565E-02
  0.15966E-02  0.15429E-02  0.14924E-02  0.14463E-02  0.14046E-02  0.13657E-02
  0.13286E-02  0.12945E-02  0.12642E-02  0.12352E-02  0.12079E-02  0.11826E-02
  0.11597E-02  0.11390E-02  0.11188E-02  0.10999E-02  0.10827E-02  0.10667E-02
  0.10519E-02  0.10378E-02  0.10247E-02  0.10124E-02  0.10010E-02  0.99058E-03
  0.98096E-03  0.97216E-03  0.96405E-03  0.95655E-03  0.94967E-03  0.94344E-03
  0.93775E-03  0.93282E-03  0.92826E-03  0.92424E-03  0.92139E-03  0.91824E-03
  0.91579E-03  0.91457E-03  0.91273E-03  0.91141E-03  0.91155E-03  0.91188E-03
  0.66511E+00  0.20929E+03
  0.32202E+02  0.29282E+02  0.22211E+02  0.14595E+02  0.88329E+01  0.52846E+01
  0.32849E+01  0.21518E+01  0.14797E+01  0.10625E+01  0.79051E+00  0.46907E+00
  0.29725E+00  0.19771E+00  0.13779E+00  0.99923E-01  0.75170E-01  0.58232E-01
  0.46163E-01  0.37269E-01  0.30498E-01  0.25264E-01  0.21122E-01  0.17817E-01
  0.15146E-01  0.12973E-01  0.11191E-01  0.97206E-02  0.84999E-02  0.74799E-02
  0.66230E-02  0.58988E-02  0.52834E-02  0.47571E-02  0.43053E-02  0.39147E-02
  0.35751E-02  0.32818E-02  0.30207E-02  0.27944E-02  0.25932E-02  0.24131E-02
  0.22556E-02  0.21123E-02  0.19864E-02  0.18722E-02  0.17678E-02  0.16754E-02
  0.15904E-02  0.15120E-02  0.14435E-02  0.13790E-02  0.13190E-02  0.12663E-02
  0.12169E-02  0.11706E-02  0.11290E-02  0.10903E-02  0.10535E-02  0.10201E-02
  0.99097E-03  0.96179E-03  0.93444E-03  0.90980E-03  0.88748E-03  0.86557E-03
  0.84466E-03  0.82646E-03  0.80948E-03  0.79358E-03  0.77768E-03  0.76332E-03
  0.75082E-03  0.73870E-03  0.72733E-03  0.71638E-03  0.70611E-03  0.69685E-03
  0.68824E-03  0.68068E-03  0.67351E-03  0.66652E-03  0.66017E-03  0.65437E-03
  0.64904E-03  0.64460E-03  0.64074E-03  0.63744E-03  0.63460E-03  0.63216E-03
  0.63014E-03  0.62839E-03  0.62717E-03  0.62636E-03  0.62585E-03  0.62568E-03
  0.60191E+00  0.23127E+03
  0.33166E+02  0.29790E+02  0.21850E+02  0.13744E+02  0.80109E+01  0.46939E+01
  0.28954E+01  0.18915E+01  0.13007E+01  0.93533E+00  0.69565E+00  0.41079E+00
  0.25887E+00  0.17166E+00  0.11948E+00  0.86588E-01  0.65108E-01  0.50287E-01
  0.39730E-01  0.31899E-01  0.25980E-01  0.21393E-01  0.17796E-01  0.14933E-01
  0.12640E-01  0.10785E-01  0.92737E-02  0.80340E-02  0.70085E-02  0.61558E-02
  0.54415E-02  0.48392E-02  0.43284E-02  0.38925E-02  0.35177E-02  0.31960E-02
  0.29147E-02  0.26714E-02  0.24559E-02  0.22681E-02  0.21005E-02  0.19531E-02
  0.18219E-02  0.17031E-02  0.15979E-02  0.15016E-02  0.14151E-02  0.13389E-02
  0.12664E-02  0.12035E-02  0.11443E-02  0.10887E-02  0.10415E-02  0.99517E-03
  0.95294E-03  0.91564E-03  0.87964E-03  0.84647E-03  0.81762E-03  0.78853E-03
  0.76167E-03  0.73828E-03  0.71635E-03  0.69463E-03  0.67457E-03  0.65790E-03
  0.64087E-03  0.62428E-03  0.60925E-03  0.59633E-03  0.58375E-03  0.57097E-03
  0.55944E-03  0.54938E-03  0.54005E-03  0.53118E-03  0.52263E-03  0.51468E-03
  0.50718E-03  0.50093E-03  0.49537E-03  0.48960E-03  0.48449E-03  0.47927E-03
  0.47473E-03  0.47029E-03  0.46702E-03  0.46386E-03  0.46122E-03  0.45956E-03
  0.45763E-03  0.45614E-03  0.45565E-03  0.45437E-03  0.45442E-03  0.45552E-03
  0.55113E+00  0.25258E+03
  0.34011E+02  0.30179E+02  0.21422E+02  0.12936E+02  0.73016E+01  0.42128E+01
  0.25848E+01  0.16855E+01  0.11600E+01  0.83496E+00  0.62008E+00  0.36436E+00
  0.22832E+00  0.15116E+00  0.10492E+00  0.76076E-01  0.57014E-01  0.43938E-01
  0.34539E-01  0.27616E-01  0.22363E-01  0.18331E-01  0.15177E-01  0.12684E-01
  0.10700E-01  0.91050E-02  0.78120E-02  0.67541E-02  0.58828E-02  0.51596E-02
  0.45553E-02  0.40467E-02  0.36156E-02  0.32483E-02  0.29326E-02  0.26612E-02
  0.24235E-02  0.22185E-02  0.20367E-02  0.18793E-02  0.17373E-02  0.16128E-02
  0.15001E-02  0.14002E-02  0.13118E-02  0.12297E-02  0.11586E-02  0.10913E-02
  0.10305E-02  0.97707E-03  0.92561E-03  0.88103E-03  0.83893E-03  0.80010E-03
  0.76635E-03  0.73268E-03  0.70159E-03  0.67516E-03  0.64842E-03  0.62508E-03
  0.60375E-03  0.58284E-03  0.56346E-03  0.54703E-03  0.52983E-03  0.51329E-03
  0.49941E-03  0.48732E-03  0.47410E-03  0.46254E-03  0.45237E-03  0.44258E-03
  0.43319E-03  0.42361E-03  0.41530E-03  0.40762E-03  0.40169E-03  0.39461E-03
  0.38828E-03  0.38270E-03  0.37760E-03  0.37337E-03  0.36946E-03  0.36602E-03
  0.36195E-03  0.35886E-03  0.35579E-03  0.35283E-03  0.35057E-03  0.34773E-03
  0.34621E-03  0.34536E-03  0.34396E-03  0.34426E-03  0.34363E-03  0.34109E-03
  0.50931E+00  0.27332E+03
  0.34762E+02  0.30476E+02  0.20951E+02  0.12179E+02  0.66890E+01  0.38148E+01
  0.23312E+01  0.15186E+01  0.10466E+01  0.75333E+00  0.55820E+00  0.32636E+00
  0.20357E+00  0.13444E+00  0.93201E-01  0.67434E-01  0.50438E-01  0.38696E-01
  0.30303E-01  0.24107E-01  0.19447E-01  0.15867E-01  0.13091E-01  0.10909E-01
  0.91781E-02  0.77935E-02  0.66738E-02  0.57615E-02  0.50128E-02  0.43920E-02
  0.38740E-02  0.34382E-02  0.30690E-02  0.27545E-02  0.24841E-02  0.22516E-02
  0.20487E-02  0.18724E-02  0.17171E-02  0.15814E-02  0.14599E-02  0.13533E-02
  0.12565E-02  0.11710E-02  0.10947E-02  0.10249E-02  0.96329E-03  0.90442E-03
  0.85408E-03  0.80651E-03  0.76428E-03  0.72613E-03  0.68812E-03  0.65662E-03
  0.62601E-03  0.59765E-03  0.57341E-03  0.54830E-03  0.52706E-03  0.50727E-03
  0.48742E-03  0.46967E-03  0.45522E-03  0.43908E-03  0.42499E-03  0.41296E-03
  0.40123E-03  0.38842E-03  0.37844E-03  0.36915E-03  0.36000E-03  0.35036E-03
  0.34356E-03  0.33670E-03  0.33005E-03  0.32291E-03  0.31704E-03  0.31129E-03
  0.30733E-03  0.30275E-03  0.29773E-03  0.29366E-03  0.28960E-03  0.28647E-03
  0.28371E-03  0.28168E-03  0.27893E-03  0.27796E-03  0.27526E-03  0.27358E-03
  0.27210E-03  0.26992E-03  0.26970E-03  0.26889E-03  0.26833E-03  0.27154E-03
  0.47411E+00  0.29361E+03
  0.37557E+02  0.31049E+02  0.18405E+02  0.91687E+01  0.46206E+01  0.25567E+01
  0.15475E+01  0.10118E+01  0.69757E+00  0.49703E+00  0.36378E+00  0.20757E+00
  0.12725E+00  0.83058E-01  0.57016E-01  0.40715E-01  0.29978E-01  0.22608E-01
  0.17394E-01  0.13611E-01  0.10819E-01  0.87259E-02  0.71274E-02  0.58911E-02
  0.49258E-02  0.41623E-02  0.35483E-02  0.30526E-02  0.26453E-02  0.23090E-02
  0.20290E-02  0.17924E-02  0.15933E-02  0.14234E-02  0.12771E-02  0.11508E-02
  0.10412E-02  0.94574E-03  0.86181E-03  0.78850E-03  0.72314E-03  0.66578E-03
  0.61415E-03  0.56809E-03  0.52750E-03  0.49028E-03  0.45801E-03  0.42658E-03
  0.40063E-03  0.37559E-03  0.35415E-03  0.33271E-03  0.31494E-03  0.29725E-03
  0.28304E-03  0.26784E-03  0.25569E-03  0.24359E-03  0.23154E-03  0.22269E-03
  0.21257E-03  0.20440E-03  0.19684E-03  0.18854E-03  0.18235E-03  0.17552E-03
  0.16970E-03  0.16488E-03  0.15941E-03  0.15452E-03  0.15117E-03  0.14678E-03
  0.14186E-03  0.13922E-03  0.13634E-03  0.13267E-03  0.12984E-03  0.12796E-03
  0.12591E-03  0.12368E-03  0.12104E-03  0.11871E-03  0.11734E-03  0.11663E-03
  0.11523E-03  0.11362E-03  0.11204E-03  0.11054E-03  0.11049E-03  0.10942E-03
  0.10963E-03  0.10855E-03  0.10904E-03  0.10846E-03  0.10976E-03  0.10540E-03
  0.35692E+00  0.39001E+03
  0.39437E+02  0.30814E+02  0.16027E+02  0.71765E+01  0.34724E+01  0.18966E+01
  0.11512E+01  0.75189E+00  0.51226E+00  0.36090E+00  0.26095E+00  0.14586E+00
  0.88244E-01  0.56960E-01  0.38656E-01  0.27270E-01  0.19827E-01  0.14779E-01
  0.11257E-01  0.87447E-02  0.69092E-02  0.55457E-02  0.45131E-02  0.37205E-02
  0.31038E-02  0.26151E-02  0.22214E-02  0.19037E-02  0.16450E-02  0.14316E-02
  0.12527E-02  0.11020E-02  0.97501E-03  0.86713E-03  0.77432E-03  0.69492E-03
  0.62602E-03  0.56578E-03  0.51337E-03  0.46753E-03  0.42709E-03  0.39132E-03
  0.35953E-03  0.33141E-03  0.30625E-03  0.28351E-03  0.26374E-03  0.24536E-03
  0.22913E-03  0.21444E-03  0.20051E-03  0.18931E-03  0.17768E-03  0.16791E-03
  0.15829E-03  0.15049E-03  0.14258E-03  0.13564E-03  0.12907E-03  0.12325E-03
  0.11760E-03  0.11318E-03  0.10779E-03  0.10436E-03  0.99351E-04  0.96456E-04
  0.92977E-04  0.89534E-04  0.87411E-04  0.83925E-04  0.81535E-04  0.79484E-04
  0.77263E-04  0.75124E-04  0.73600E-04  0.71890E-04  0.69877E-04  0.68873E-04
  0.67739E-04  0.66039E-04  0.64550E-04  0.64003E-04  0.63040E-04  0.62598E-04
  0.61495E-04  0.60162E-04  0.59630E-04  0.59636E-04  0.58800E-04  0.58678E-04
  0.58237E-04  0.57621E-04  0.58070E-04  0.56584E-04  0.58172E-04  0.53249E-04
  0.28975E+00  0.48043E+03
  0.40777E+02  0.30192E+02  0.14003E+02  0.58225E+01  0.27530E+01  0.14994E+01
  0.91165E+00  0.58903E+00  0.39709E+00  0.27641E+00  0.19764E+00  0.10873E+00
  0.65066E-01  0.41600E-01  0.27960E-01  0.19547E-01  0.14095E-01  0.10444E-01
  0.79153E-02  0.61221E-02  0.48227E-02  0.38609E-02  0.31343E-02  0.25816E-02
  0.21452E-02  0.18025E-02  0.15267E-02  0.13034E-02  0.11226E-02  0.97413E-03
  0.85063E-03  0.74530E-03  0.65662E-03  0.58144E-03  0.51806E-03  0.46359E-03
  0.41603E-03  0.37489E-03  0.33894E-03  0.30821E-03  0.28078E-03  0.25631E-03
  0.23495E-03  0.21612E-03  0.19922E-03  0.18412E-03  0.17069E-03  0.15863E-03
  0.14787E-03  0.13808E-03  0.12912E-03  0.12125E-03  0.11383E-03  0.10731E-03
  0.10143E-03  0.95701E-04  0.90862E-04  0.86069E-04  0.82137E-04  0.77996E-04
  0.74617E-04  0.71277E-04  0.68235E-04  0.65547E-04  0.62939E-04  0.60487E-04
  0.58354E-04  0.56207E-04  0.54629E-04  0.52612E-04  0.51189E-04  0.49661E-04
  0.47687E-04  0.47268E-04  0.45815E-04  0.44570E-04  0.43566E-04  0.42996E-04
  0.41489E-04  0.40783E-04  0.40410E-04  0.39852E-04  0.38862E-04  0.38014E-04
  0.38077E-04  0.37618E-04  0.37104E-04  0.36601E-04  0.36287E-04  0.36084E-04
  0.35728E-04  0.36111E-04  0.35360E-04  0.35437E-04  0.36006E-04  0.34203E-04
  0.24564E+00  0.56670E+03
  0.41804E+02  0.29392E+02  0.12325E+02  0.48619E+01  0.22664E+01  0.12369E+01
  0.74753E+00  0.47782E+00  0.31854E+00  0.21919E+00  0.15533E+00  0.84389E-01
  0.50064E-01  0.31768E-01  0.21204E-01  0.14726E-01  0.10570E-01  0.77981E-02
  0.58949E-02  0.45497E-02  0.35766E-02  0.28564E-02  0.23151E-02  0.18972E-02
  0.15741E-02  0.13200E-02  0.11135E-02  0.94932E-03  0.81529E-03  0.70464E-03
  0.61443E-03  0.53690E-03  0.47189E-03  0.41783E-03  0.37076E-03  0.33027E-03
  0.29562E-03  0.26608E-03  0.24066E-03  0.21830E-03  0.19840E-03  0.18068E-03
  0.16527E-03  0.15183E-03  0.13996E-03  0.12922E-03  0.11948E-03  0.11091E-03
  0.10322E-03  0.96308E-04  0.89990E-04  0.84267E-04  0.79177E-04  0.74544E-04
  0.70248E-04  0.66309E-04  0.62860E-04  0.59545E-04  0.56622E-04  0.53932E-04
  0.51319E-04  0.49157E-04  0.46851E-04  0.45059E-04  0.43145E-04  0.41623E-04
  0.39886E-04  0.38652E-04  0.37119E-04  0.36081E-04  0.34740E-04  0.33863E-04
  0.32899E-04  0.31870E-04  0.31254E-04  0.30179E-04  0.29640E-04  0.29197E-04
  0.28357E-04  0.27821E-04  0.27243E-04  0.26883E-04  0.26408E-04  0.25867E-04
  0.25743E-04  0.25350E-04  0.25047E-04  0.24876E-04  0.24397E-04  0.24229E-04
  0.24328E-04  0.23996E-04  0.23668E-04  0.24006E-04  0.23924E-04  0.23070E-04
  0.21424E+00  0.64976E+03