  0.14217E+02  0.14203E+02  0.14161E+02  0.14091E+02  0.13993E+02  0.13869E+02
  0.13719E+02  0.13543E+02  0.13343E+02  0.13121E+02  0.12876E+02  0.12329E+02
  0.11713E+02  0.11042E+02  0.10331E+02  0.95941E+01  0.88453E+01  0.80979E+01
  0.73642E+01  0.66550E+01  0.59794E+01  0.53448E+01  0.47564E+01  0.42177E+01
  0.37304E+01  0.32945E+01  0.29084E+01  0.25694E+01  0.22738E+01  0.20173E+01
  0.17953E+01  0.16029E+01  0.14353E+01  0.12884E+01  0.11582E+01  0.10414E+01
  0.93565E+00  0.83899E+00  0.75030E+00  0.66905E+00  0.59525E+00  0.52932E+00
  0.47200E+00  0.42414E+00  0.38666E+00  0.36033E+00  0.34572E+00  0.34311E+00
  0.35236E+00  0.37295E+00  0.40393E+00  0.44390E+00  0.49114E+00  0.54357E+00
  0.59891E+00  0.65474E+00  0.70862E+00  0.75818E+00  0.80125E+00  0.83595E+00
  0.86079E+00  0.87474E+00  0.87729E+00  0.86848E+00  0.84890E+00  0.81972E+00
  0.78263E+00  0.73977E+00  0.69367E+00  0.64717E+00  0.60328E+00  0.56510E+00
  0.53568E+00  0.51788E+00  0.51430E+00  0.52711E+00  0.55801E+00  0.60813E+00
  0.67795E+00  0.76730E+00  0.87530E+00  0.10004E+01  0.11404E+01  0.12926E+01
  0.14537E+01  0.16200E+01  0.17875E+01  0.19521E+01  0.21095E+01  0.22558E+01
  0.23870E+01  0.24996E+01  0.25905E+01  0.26573E+01  0.26981E+01  0.27118E+01
  0.20657E+02  0.27100E+01
  0.29935E+02  0.29879E+02  0.29708E+02  0.29425E+02  0.29034E+02  0.28538E+02
  0.27943E+02  0.27255E+02  0.26482E+02  0.25631E+02  0.24712E+02  0.22704E+02
  0.20536E+02  0.18284E+02  0.16023E+02  0.13820E+02  0.11732E+02  0.98032E+01
  0.80650E+01  0.65355E+01  0.52210E+01  0.41170E+01  0.32108E+01  0.24838E+01
  0.19138E+01  0.14768E+01  0.11494E+01  0.90983E+00  0.73893E+00  0.62057E+00
  0.54184E+00  0.49278E+00  0.46596E+00  0.45600E+00  0.45897E+00  0.47188E+00
  0.49230E+00  0.51800E+00  0.54680E+00  0.57650E+00  0.60488E+00  0.62982E+00
  0.64936E+00  0.66187E+00  0.66616E+00  0.66152E+00  0.64776E+00  0.62524E+00
  0.59476E+00  0.55754E+00  0.51502E+00  0.46886E+00  0.42073E+00  0.37222E+00
  0.32478E+00  0.27964E+00  0.23773E+00  0.19971E+00  0.16594E+00  0.13653E+00
  0.11136E+00  0.90131E-01  0.72441E-01  0.57810E-01  0.45751E-01  0.35811E-01
  0.27606E-01  0.20846E-01  0.15350E-01  0.11049E-01  0.79812E-02  0.62773E-02
  0.61399E-02  0.78186E-02  0.11583E-01  0.17694E-01  0.26379E-01  0.37806E-01
  0.52066E-01  0.69156E-01  0.88970E-01  0.11130E+00  0.13581E+00  0.16211E+00
  0.18967E+00  0.21793E+00  0.24626E+00  0.27398E+00  0.30043E+00  0.32494E+00
  0.34689E+00  0.36570E+00  0.38088E+00  0.39203E+00  0.39884E+00  0.40112E+00
  0.17759E+02  0.31523E+01
  0.32648E+02  0.32560E+02  0.32296E+02  0.31860E+02  0.31259E+02  0.30503E+02
  0.29604E+02  0.28574E+02  0.27431E+02  0.26189E+02  0.24868E+02  0.22056E+02
  0.19140E+02  0.16254E+02  0.13512E+02  0.11003E+02  0.87853E+01  0.68891E+01
  0.53175E+01  0.40525E+01  0.30610E+01  0.23015E+01  0.17302E+01  0.13056E+01
  0.99170E+00  0.76004E+00  0.58976E+00  0.46682E+00  0.38254E+00  0.33175E+00
  0.31104E+00  0.31735E+00  0.34699E+00  0.39518E+00  0.45603E+00  0.52290E+00
  0.58894E+00  0.64771E+00  0.69372E+00  0.72291E+00  0.73288E+00  0.72293E+00
  0.69399E+00  0.64830E+00  0.58912E+00  0.52032E+00  0.44601E+00  0.37018E+00
  0.29646E+00  0.22791E+00  0.16686E+00  0.11494E+00  0.73020E-01  0.41320E-01
  0.19484E-01  0.66959E-02  0.18043E-02  0.34362E-02  0.10108E-01  0.20321E-01
  0.32637E-01  0.45745E-01  0.58504E-01  0.69974E-01  0.79436E-01  0.86394E-01
  0.90578E-01  0.91927E-01  0.90577E-01  0.86836E-01  0.81163E-01  0.74133E-01
  0.66409E-01  0.58709E-01  0.51771E-01  0.46320E-01  0.43033E-01  0.42506E-01
  0.45228E-01  0.51552E-01  0.61679E-01  0.75639E-01  0.93287E-01  0.11430E+00
  0.13820E+00  0.16434E+00  0.19196E+00  0.22018E+00  0.24809E+00  0.27473E+00
  0.29916E+00  0.32051E+00  0.33800E+00  0.35098E+00  0.35897E+00  0.36166E+00
  0.14252E+02  0.39278E+01
  0.34181E+02  0.34059E+02  0.33694E+02  0.33095E+02  0.32273E+02  0.31245E+02
  0.30033E+02  0.28660E+02  0.27153E+02  0.25540E+02  0.23850E+02  0.20352E+02
  0.16879E+02  0.13615E+02  0.10696E+02  0.82049E+01  0.61704E+01  0.45767E+01
  0.33747E+01  0.24964E+01  0.18679E+01  0.14202E+01  0.10962E+01  0.85411E+00
  0.66703E+00  0.52070E+00  0.40955E+00  0.33264E+00  0.29014E+00  0.28091E+00
  0.30127E+00  0.34488E+00  0.40341E+00  0.46766E+00  0.52879E+00  0.57929E+00
  0.61374E+00  0.62905E+00  0.62445E+00  0.60115E+00  0.56183E+00  0.51012E+00
  0.45003E+00  0.38556E+00  0.32038E+00  0.25757E+00  0.19960E+00  0.14825E+00
  0.10471E+00  0.69600E-01  0.43121E-01  0.25102E-01  0.15101E-01  0.12462E-01
  0.16375E-01  0.25912E-01  0.40056E-01  0.57727E-01  0.77806E-01  0.99157E-01
  0.12066E+00  0.14121E+00  0.15982E+00  0.17556E+00  0.18769E+00  0.19561E+00
  0.19894E+00  0.19751E+00  0.19142E+00  0.18095E+00  0.16666E+00  0.14926E+00
  0.12964E+00  0.10884E+00  0.87915E-01  0.67983E-01  0.50099E-01  0.35232E-01
  0.24208E-01  0.17670E-01  0.16049E-01  0.19538E-01  0.28088E-01  0.41406E-01
  0.58976E-01  0.80075E-01  0.10382E+00  0.12919E+00  0.15510E+00  0.18042E+00
  0.20406E+00  0.22498E+00  0.24229E+00  0.25522E+00  0.26321E+00  0.26590E+00
  0.11893E+02  0.47072E+01
  0.39598E+02  0.39326E+02  0.38510E+02  0.37188E+02  0.35410E+02  0.33245E+02
  0.30775E+02  0.28087E+02  0.25273E+02  0.22421E+02  0.19614E+02  0.14410E+02
  0.10074E+02  0.67837E+01  0.45049E+01  0.30586E+01  0.22028E+01  0.17045E+01
  0.13851E+01  0.11368E+01  0.91320E+00  0.70891E+00  0.53602E+00  0.40700E+00
  0.32597E+00  0.28750E+00  0.27979E+00  0.28925E+00  0.30408E+00  0.31613E+00
  0.32113E+00  0.31788E+00  0.30711E+00  0.29044E+00  0.26959E+00  0.24601E+00
  0.22069E+00  0.19425E+00  0.16709E+00  0.13956E+00  0.11218E+00  0.85667E-01
  0.60993E-01  0.39268E-01  0.21604E-01  0.89581E-02  0.19922E-02  0.98955E-03
  0.58303E-02  0.16025E-01  0.30788E-01  0.49131E-01  0.69960E-01  0.92156E-01
  0.11464E+00  0.13641E+00  0.15659E+00  0.17440E+00  0.18919E+00  0.20046E+00
  0.20782E+00  0.21102E+00  0.20998E+00  0.20474E+00  0.19553E+00  0.18270E+00
  0.16680E+00  0.14848E+00  0.12852E+00  0.10782E+00  0.87288E-01  0.67899E-01
  0.50589E-01  0.36242E-01  0.25646E-01  0.19467E-01  0.18216E-01  0.22231E-01
  0.31668E-01  0.46490E-01  0.66473E-01  0.91211E-01  0.12014E+00  0.15253E+00
  0.18755E+00  0.22426E+00  0.26167E+00  0.29874E+00  0.33443E+00  0.36774E+00
  0.39772E+00  0.42352E+00  0.44440E+00  0.45976E+00  0.46916E+00  0.47231E+00
  0.77587E+01  0.72151E+01
  0.44395E+02  0.43953E+02  0.42640E+02  0.40537E+02  0.37763E+02  0.34468E+02
  0.30826E+02  0.27011E+02  0.23196E+02  0.19530E+02  0.16135E+02  0.10480E+02
  0.65209E+01  0.40908E+01  0.27639E+01  0.20761E+01  0.16714E+01  0.13530E+01
  0.10557E+01  0.78643E+00  0.57035E+00  0.42065E+00  0.33236E+00  0.28890E+00
  0.27135E+00  0.26453E+00  0.25900E+00  0.25052E+00  0.23838E+00  0.22367E+00
  0.20783E+00  0.19184E+00  0.17581E+00  0.15925E+00  0.14159E+00  0.12258E+00
  0.10261E+00  0.82598E-01  0.63694E-01  0.47002E-01  0.33326E-01  0.23091E-01
  0.16381E-01  0.13044E-01  0.12809E-01  0.15369E-01  0.20417E-01  0.27651E-01
  0.36739E-01  0.47294E-01  0.58851E-01  0.70869E-01  0.82755E-01  0.93900E-01
  0.10373E+00  0.11175E+00  0.11756E+00  0.12091E+00  0.12167E+00  0.11985E+00
  0.11555E+00  0.10899E+00  0.10047E+00  0.90360E-01  0.79088E-01  0.67135E-01
  0.55022E-01  0.43302E-01  0.32543E-01  0.23314E-01  0.16172E-01  0.11637E-01
  0.10179E-01  0.12195E-01  0.17993E-01  0.27784E-01  0.41663E-01  0.59613E-01
  0.81496E-01  0.10706E+00  0.13593E+00  0.16765E+00  0.20166E+00  0.23731E+00
  0.27393E+00  0.31076E+00  0.34706E+00  0.38206E+00  0.41501E+00  0.44519E+00
  0.47196E+00  0.49472E+00  0.51297E+00  0.52630E+00  0.53442E+00  0.53714E+00
  0.61888E+01  0.90454E+01
  0.48610E+02  0.47986E+02  0.46144E+02  0.43228E+02  0.39449E+02  0.35069E+02
  0.30371E+02  0.25633E+02  0.21100E+02  0.16964E+02  0.13357E+02  0.79332E+01
  0.47163E+01  0.30660E+01  0.22594E+01  0.17796E+01  0.13845E+01  0.10247E+01
  0.72712E+00  0.51578E+00  0.38788E+00  0.32141E+00  0.29006E+00  0.27296E+00
  0.25770E+00  0.23954E+00  0.21884E+00  0.19802E+00  0.17903E+00  0.16218E+00
  0.14651E+00  0.13083E+00  0.11456E+00  0.98032E-01  0.82116E-01  0.67738E-01
  0.55504E-01  0.45599E-01  0.37887E-01  0.32097E-01  0.27990E-01  0.25439E-01
  0.24423E-01  0.24952E-01  0.26986E-01  0.30374E-01  0.34853E-01  0.40080E-01
  0.45681E-01  0.51307E-01  0.56653E-01  0.61469E-01  0.65549E-01  0.68716E-01
  0.70816E-01  0.71715E-01  0.71310E-01  0.69538E-01  0.66398E-01  0.61954E-01
  0.56345E-01  0.49782E-01  0.42534E-01  0.34921E-01  0.27297E-01  0.20034E-01
  0.13509E-01  0.80958E-02  0.41536E-02  0.20179E-02  0.19945E-02  0.43508E-02
  0.93086E-02  0.17036E-01  0.27642E-01  0.41169E-01  0.57590E-01  0.76804E-01
  0.98638E-01  0.12285E+00  0.14912E+00  0.17707E+00  0.20628E+00  0.23628E+00
  0.26655E+00  0.29656E+00  0.32578E+00  0.35367E+00  0.37970E+00  0.40339E+00
  0.42427E+00  0.44194E+00  0.45607E+00  0.46636E+00  0.47262E+00  0.47472E+00
  0.53094E+01  0.10543E+02
  0.52299E+02  0.51484E+02  0.49089E+02  0.45342E+02  0.40569E+02  0.35167E+02
  0.29545E+02  0.24078E+02  0.19070E+02  0.14727E+02  0.11153E+02  0.62751E+01
  0.37726E+01  0.26096E+01  0.19793E+01  0.14946E+01  0.10723E+01  0.74046E+00
  0.51980E+00  0.39588E+00  0.33521E+00  0.30480E+00  0.28199E+00  0.25653E+00
  0.22783E+00  0.19967E+00  0.17528E+00  0.15518E+00  0.13786E+00  0.12168E+00
  0.10601E+00  0.91242E-01  0.78129E-01  0.67160E-01  0.58321E-01  0.51208E-01
  0.45320E-01  0.40324E-01  0.36151E-01  0.32923E-01  0.30796E-01  0.29827E-01
  0.29928E-01  0.30902E-01  0.32514E-01  0.34547E-01  0.36830E-01  0.39226E-01
  0.41606E-01  0.43831E-01  0.45742E-01  0.47174E-01  0.47975E-01  0.48029E-01
  0.47270E-01  0.45684E-01  0.43306E-01  0.40203E-01  0.36472E-01  0.32228E-01
  0.27609E-01  0.22772E-01  0.17896E-01  0.13182E-01  0.88505E-02  0.51373E-02
  0.22844E-02  0.53184E-03  0.10769E-03  0.12199E-02  0.40490E-02  0.87425E-02
  0.15410E-01  0.24120E-01  0.34898E-01  0.47722E-01  0.62526E-01  0.79199E-01
  0.97585E-01  0.11748E+00  0.13865E+00  0.16082E+00  0.18366E+00  0.20684E+00
  0.23002E+00  0.25281E+00  0.27485E+00  0.29576E+00  0.31519E+00  0.33279E+00
  0.34826E+00  0.36133E+00  0.37175E+00  0.37933E+00  0.38394E+00  0.38549E+00
  0.47184E+01  0.11864E+02
  0.55529E+02  0.54514E+02  0.51551E+02  0.46966E+02  0.41226E+02  0.34879E+02
  0.28464E+02  0.22447E+02  0.17165E+02  0.12807E+02  0.94166E+01  0.51805E+01
  0.32332E+01  0.23145E+01  0.17100E+01  0.12089E+01  0.81974E+00  0.56524E+00
  0.42628E+00  0.35994E+00  0.32484E+00  0.29443E+00  0.25945E+00  0.22264E+00
  0.18977E+00  0.16350E+00  0.14265E+00  0.12480E+00  0.10855E+00  0.93855E-01
  0.81287E-01  0.71147E-01  0.63140E-01  0.56577E-01  0.50824E-01  0.45608E-01
  0.41025E-01  0.37320E-01  0.34646E-01  0.32961E-01  0.32075E-01  0.31754E-01
  0.31813E-01  0.32145E-01  0.32691E-01  0.33400E-01  0.34189E-01  0.34946E-01
  0.35547E-01  0.35885E-01  0.35885E-01  0.35506E-01  0.34730E-01  0.33548E-01
  0.31956E-01  0.29958E-01  0.27566E-01  0.24819E-01  0.21780E-01  0.18541E-01
  0.15219E-01  0.11951E-01  0.88835E-02  0.61685E-02  0.39583E-02  0.24028E-02
  0.16473E-02  0.18310E-02  0.30835E-02  0.55222E-02  0.92483E-02  0.14342E-01
  0.20860E-01  0.28831E-01  0.38250E-01  0.49083E-01  0.61265E-01  0.74695E-01
  0.89244E-01  0.10476E+00  0.12105E+00  0.13791E+00  0.15512E+00  0.17244E+00
  0.18962E+00  0.20641E+00  0.22254E+00  0.23777E+00  0.25185E+00  0.26457E+00
  0.27572E+00  0.28511E+00  0.29258E+00  0.29801E+00  0.30130E+00  0.30240E+00
  0.42807E+01  0.13077E+02
  0.58373E+02  0.57153E+02  0.53610E+02  0.48189E+02  0.41518E+02  0.34307E+02
  0.27228E+02  0.20820E+02  0.15425E+02  0.11184E+02  0.80575E+01  0.44403E+01
  0.28757E+01  0.20575E+01  0.14488E+01  0.97239E+00  0.65332E+00  0.47692E+00
  0.39318E+00  0.34963E+00  0.31177E+00  0.26860E+00  0.22484E+00  0.18780E+00
  0.15959E+00  0.13779E+00  0.11942E+00  0.10319E+00  0.89243E-01  0.77977E-01
  0.69178E-01  0.62056E-01  0.55804E-01  0.50078E-01  0.45009E-01  0.40882E-01
  0.37814E-01  0.35666E-01  0.34150E-01  0.33002E-01  0.32083E-01  0.31369E-01
  0.30878E-01  0.30597E-01  0.30459E-01  0.30368E-01  0.30232E-01  0.29990E-01
  0.29608E-01  0.29064E-01  0.28333E-01  0.27384E-01  0.26189E-01  0.24730E-01
  0.23013E-01  0.21068E-01  0.18944E-01  0.16706E-01  0.14423E-01  0.12167E-01
  0.10013E-01  0.80436E-02  0.63445E-02  0.50100E-02  0.41391E-02  0.38321E-02
  0.41866E-02  0.52931E-02  0.72313E-02  0.10068E-01  0.13854E-01  0.18626E-01
  0.24401E-01  0.31182E-01  0.38949E-01  0.47667E-01  0.57277E-01  0.67703E-01
  0.78849E-01  0.90601E-01  0.10283E+00  0.11538E+00  0.12810E+00  0.14083E+00
  0.15338E+00  0.16559E+00  0.17727E+00  0.18826E+00  0.19838E+00  0.20750E+00
  0.21547E+00  0.22218E+00  0.22751E+00  0.23138E+00  0.23372E+00  0.23451E+00
  0.39377E+01  0.14216E+02
  0.60900E+02  0.59470E+02  0.55340E+02  0.49090E+02  0.41526E+02  0.33535E+02
  0.25912E+02  0.19249E+02  0.13866E+02  0.98278E+01  0.69966E+01  0.39196E+01
  0.25982E+01  0.18162E+01  0.12202E+01  0.80041E+00  0.55648E+00  0.43837E+00
  0.38088E+00  0.33593E+00  0.28566E+00  0.23486E+00  0.19274E+00  0.16173E+00
  0.13851E+00  0.11932E+00  0.10266E+00  0.88711E-01  0.77687E-01  0.69045E-01
  0.61799E-01  0.55289E-01  0.49487E-01  0.44687E-01  0.41040E-01  0.38370E-01
  0.36310E-01  0.34540E-01  0.32933E-01  0.31523E-01  0.30379E-01  0.29507E-01
  0.28833E-01  0.28251E-01  0.27680E-01  0.27077E-01  0.26429E-01  0.25724E-01
  0.24935E-01  0.24031E-01  0.22984E-01  0.21788E-01  0.20456E-01  0.19012E-01
  0.17485E-01  0.15901E-01  0.14286E-01  0.12670E-01  0.11092E-01  0.96023E-02
  0.82611E-02  0.71357E-02  0.62952E-02  0.58068E-02  0.57337E-02  0.61347E-02
  0.70638E-02  0.85702E-02  0.10697E-01  0.13481E-01  0.16948E-01  0.21117E-01
  0.25992E-01  0.31564E-01  0.37809E-01  0.44693E-01  0.52167E-01  0.60169E-01
  0.68624E-01  0.77448E-01  0.86547E-01  0.95818E-01  0.10515E+00  0.11443E+00
  0.12354E+00  0.13236E+00  0.14077E+00  0.14866E+00  0.15593E+00  0.16245E+00
  0.16814E+00  0.17291E+00  0.17669E+00  0.17944E+00  0.18110E+00  0.18166E+00
  0.36587E+01  0.15301E+02
  0.63162E+02  0.61518E+02  0.56796E+02  0.49728E+02  0.41316E+02  0.32625E+02
  0.24569E+02  0.17766E+02  0.12488E+02  0.87019E+01  0.61670E+01  0.35333E+01
  0.23588E+01  0.15957E+01  0.10368E+01  0.68532E+00  0.50492E+00  0.42158E+00
  0.36810E+00  0.31179E+00  0.25338E+00  0.20439E+00  0.16905E+00  0.14357E+00
  0.12306E+00  0.10540E+00  0.90685E-01  0.79117E-01  0.70002E-01  0.62282E-01
  0.55431E-01  0.49576E-01  0.44969E-01  0.41537E-01  0.38880E-01  0.36572E-01
  0.34417E-01  0.32460E-01  0.30816E-01  0.29515E-01  0.28469E-01  0.27550E-01
  0.26665E-01  0.25781E-01  0.24906E-01  0.24039E-01  0.23161E-01  0.22241E-01
  0.21256E-01  0.20204E-01  0.19094E-01  0.17940E-01  0.16749E-01  0.15526E-01
  0.14277E-01  0.13020E-01  0.11784E-01  0.10608E-01  0.95347E-02  0.86079E-02
  0.78673E-02  0.73502E-02  0.70932E-02  0.71336E-02  0.75095E-02  0.82587E-02
  0.94167E-02  0.11015E-01  0.13078E-01  0.15625E-01  0.18664E-01  0.22199E-01
  0.26222E-01  0.30722E-01  0.35675E-01  0.41052E-01  0.46814E-01  0.52915E-01
  0.59300E-01  0.65908E-01  0.72671E-01  0.79514E-01  0.86360E-01  0.93130E-01
  0.99740E-01  0.10611E+00  0.11216E+00  0.11781E+00  0.12299E+00  0.12764E+00
  0.13168E+00  0.13506E+00  0.13773E+00  0.13967E+00  0.14084E+00  0.14123E+00
  0.34256E+01  0.16342E+02
  0.65205E+02  0.63344E+02  0.58027E+02  0.50154E+02  0.40939E+02  0.31627E+02
  0.23237E+02  0.16389E+02  0.11282E+02  0.77713E+01  0.55144E+01  0.32299E+01
  0.21431E+01  0.14033E+01  0.89785E+00  0.61245E+00  0.47842E+00  0.40928E+00
  0.34761E+00  0.28156E+00  0.22348E+00  0.18147E+00  0.15244E+00  0.12999E+00
  0.11079E+00  0.94657E-01  0.81957E-01  0.71999E-01  0.63653E-01  0.56397E-01
  0.50376E-01  0.45741E-01  0.42237E-01  0.39344E-01  0.36681E-01  0.34203E-01
  0.32054E-01  0.30323E-01  0.28937E-01  0.27735E-01  0.26589E-01  0.25463E-01
  0.24380E-01  0.23360E-01  0.22389E-01  0.21431E-01  0.20458E-01  0.19463E-01
  0.18452E-01  0.17433E-01  0.16404E-01  0.15361E-01  0.14307E-01  0.13257E-01
  0.12235E-01  0.11268E-01  0.10384E-01  0.96035E-02  0.89446E-02  0.84274E-02
  0.80756E-02  0.79176E-02  0.79834E-02  0.83027E-02  0.89016E-02  0.98022E-02
  0.11022E-01  0.12574E-01  0.14468E-01  0.16711E-01  0.19304E-01  0.22244E-01
  0.25523E-01  0.29127E-01  0.33036E-01  0.37227E-01  0.41666E-01  0.46319E-01
  0.51144E-01  0.56095E-01  0.61125E-01  0.66182E-01  0.71214E-01  0.76168E-01
  0.80985E-01  0.85610E-01  0.89988E-01  0.94065E-01  0.97795E-01  0.10113E+00
  0.10403E+00  0.10645E+00  0.10837E+00  0.10976E+00  0.11060E+00  0.11088E+00
  0.32271E+01  0.17347E+02
  0.78851E+02  0.74706E+02  0.63471E+02  0.48517E+02  0.33614E+02  0.21479E+02
  0.13111E+02  0.80814E+01  0.53150E+01  0.37886E+01  0.28449E+01  0.16627E+01
  0.10016E+01  0.68880E+00  0.52540E+00  0.38818E+00  0.28125E+00  0.21715E+00
  0.17579E+00  0.14082E+00  0.11263E+00  0.92944E-01  0.78627E-01  0.67048E-01
  0.57834E-01  0.50643E-01  0.44727E-01  0.39819E-01  0.35874E-01  0.32559E-01
  0.29559E-01  0.26918E-01  0.24727E-01  0.22848E-01  0.21098E-01  0.19476E-01
  0.18061E-01  0.16836E-01  0.15714E-01  0.14661E-01  0.13701E-01  0.12851E-01
  0.12089E-01  0.11388E-01  0.10746E-01  0.10169E-01  0.96547E-02  0.91950E-02
  0.87873E-02  0.84327E-02  0.81300E-02  0.78746E-02  0.76637E-02  0.74983E-02
  0.73813E-02  0.73122E-02  0.72866E-02  0.73006E-02  0.73529E-02  0.74444E-02
  0.75760E-02  0.77464E-02  0.79517E-02  0.81881E-02  0.84537E-02  0.87479E-02
  0.90686E-02  0.94129E-02  0.97786E-02  0.10164E-01  0.10565E-01  0.10978E-01
  0.11402E-01  0.11832E-01  0.12267E-01  0.12703E-01  0.13138E-01  0.13568E-01
  0.13992E-01  0.14408E-01  0.14813E-01  0.15204E-01  0.15577E-01  0.15933E-01
  0.16268E-01  0.16581E-01  0.16869E-01  0.17131E-01  0.17366E-01  0.17572E-01
  0.17748E-01  0.17894E-01  0.18007E-01  0.18089E-01  0.18137E-01  0.18154E-01
  0.21390E+01  0.26172E+02
  0.86898E+02  0.80365E+02  0.63540E+02  0.43334E+02  0.26078E+02  0.14590E+02
  0.82873E+01  0.51836E+01  0.35902E+01  0.26214E+01  0.19441E+01  0.11137E+01
  0.73449E+00  0.50975E+00  0.34682E+00  0.25501E+00  0.19600E+00  0.14785E+00
  0.11522E+00  0.93698E-01  0.76529E-01  0.63454E-01  0.53974E-01  0.46409E-01
  0.40285E-01  0.35350E-01  0.31218E-01  0.27795E-01  0.24905E-01  0.22348E-01
  0.20162E-01  0.18317E-01  0.16661E-01  0.15180E-01  0.13919E-01  0.12816E-01
  0.11808E-01  0.10917E-01  0.10148E-01  0.94617E-02  0.88369E-02  0.82848E-02
  0.78013E-02  0.73685E-02  0.69806E-02  0.66385E-02  0.63378E-02  0.60721E-02
  0.58381E-02  0.56337E-02  0.54563E-02  0.53033E-02  0.51730E-02  0.50638E-02
  0.49735E-02  0.49004E-02  0.48437E-02  0.48024E-02  0.47752E-02  0.47598E-02
  0.47554E-02  0.47616E-02  0.47774E-02  0.48022E-02  0.48356E-02  0.48754E-02
  0.49203E-02  0.49716E-02  0.50290E-02  0.50897E-02  0.51530E-02  0.52192E-02
  0.52877E-02  0.53576E-02  0.54287E-02  0.55015E-02  0.55746E-02  0.56452E-02
  0.57134E-02  0.57814E-02  0.58478E-02  0.59113E-02  0.59733E-02  0.60331E-02
  0.60880E-02  0.61385E-02  0.61867E-02  0.62324E-02  0.62725E-02  0.63051E-02
  0.63331E-02  0.63585E-02  0.63776E-02  0.63874E-02  0.63912E-02  0.63923E-02
  0.16591E+01  0.33741E+02
  0.92607E+02  0.83644E+02  0.61683E+02  0.37826E+02  0.20258E+02  0.10517E+02
  0.60168E+01  0.39439E+01  0.27928E+01  0.20233E+01  0.14812E+01  0.87825E+00
  0.56958E+00  0.37204E+00  0.26680E+00  0.19430E+00  0.14250E+00  0.11101E+00
  0.87283E-01  0.69910E-01  0.57943E-01  0.48405E-01  0.41031E-01  0.35301E-01
  0.30577E-01  0.26710E-01  0.23469E-01  0.20761E-01  0.18462E-01  0.16461E-01
  0.14777E-01  0.13322E-01  0.12035E-01  0.10941E-01  0.99870E-02  0.91352E-02
  0.84008E-02  0.77604E-02  0.71848E-02  0.66796E-02  0.62397E-02  0.58452E-02
  0.54936E-02  0.51849E-02  0.49094E-02  0.46626E-02  0.44436E-02  0.42490E-02
  0.40759E-02  0.39216E-02  0.37846E-02  0.36631E-02  0.35554E-02  0.34600E-02
  0.33756E-02  0.33016E-02  0.32366E-02  0.31798E-02  0.31311E-02  0.30894E-02
  0.30536E-02  0.30229E-02  0.29973E-02  0.29770E-02  0.29612E-02  0.29496E-02
  0.29399E-02  0.29325E-02  0.29293E-02  0.29287E-02  0.29300E-02  0.29337E-02
  0.29382E-02  0.29432E-02  0.29500E-02  0.29585E-02  0.29670E-02  0.29753E-02
  0.29859E-02  0.29971E-02  0.30065E-02  0.30160E-02  0.30261E-02  0.30358E-02
  0.30449E-02  0.30528E-02  0.30604E-02  0.30680E-02  0.30757E-02  0.30832E-02
  0.30873E-02  0.30907E-02  0.30969E-02  0.31001E-02  0.30986E-02  0.30973E-02
  0.13774E+01  0.40642E+02
  0.97016E+02  0.85607E+02  0.58993E+02  0.32780E+02  0.16026E+02  0.81090E+01
  0.48211E+01  0.32608E+01  0.23049E+01  0.16432E+01  0.12018E+01  0.72003E+00
  0.44664E+00  0.30339E+00  0.21251E+00  0.15158E+00  0.11499E+00  0.87607E-01
  0.69452E-01  0.56321E-01  0.46186E-01  0.38781E-01  0.32783E-01  0.28032E-01
  0.24184E-01  0.20997E-01  0.18345E-01  0.16121E-01  0.14252E-01  0.12645E-01
  0.11294E-01  0.10130E-01  0.91191E-02  0.82617E-02  0.75095E-02  0.68551E-02
  0.62914E-02  0.57921E-02  0.53554E-02  0.49722E-02  0.46294E-02  0.43286E-02
  0.40628E-02  0.38253E-02  0.36146E-02  0.34264E-02  0.32576E-02  0.31057E-02
  0.29694E-02  0.28469E-02  0.27372E-02  0.26387E-02  0.25496E-02  0.24696E-02
  0.23976E-02  0.23325E-02  0.22737E-02  0.22205E-02  0.21724E-02  0.21290E-02
  0.20901E-02  0.20551E-02  0.20228E-02  0.19940E-02  0.19693E-02  0.19463E-02
  0.19251E-02  0.19065E-02  0.18895E-02  0.18751E-02  0.18626E-02  0.18505E-02
  0.18392E-02  0.18297E-02  0.18216E-02  0.18153E-02  0.18089E-02  0.18029E-02
  0.17990E-02  0.17946E-02  0.17896E-02  0.17862E-02  0.17845E-02  0.17828E-02
  0.17800E-02  0.17790E-02  0.17786E-02  0.17765E-02  0.17754E-02  0.17754E-02
  0.17745E-02  0.17743E-02  0.17736E-02  0.17703E-02  0.17724E-02  0.17766E-02
  0.11882E+01  0.47114E+02
  0.10060E+03  0.86744E+02  0.55951E+02  0.28395E+02  0.12994E+02  0.66309E+01
  0.41044E+01  0.28076E+01  0.19521E+01  0.13760E+01  0.10145E+01  0.59493E+00
  0.37348E+00  0.25280E+00  0.17297E+00  0.12683E+00  0.93891E-01  0.72796E-01
  0.57570E-01  0.46464E-01  0.38327E-01  0.31860E-01  0.26915E-01  0.22875E-01
  0.19623E-01  0.16946E-01  0.14728E-01  0.12873E-01  0.11327E-01  0.10012E-01
  0.89030E-02  0.79596E-02  0.71463E-02  0.64551E-02  0.58537E-02  0.53346E-02
  0.48828E-02  0.44867E-02  0.41413E-02  0.38377E-02  0.35686E-02  0.33316E-02
  0.31209E-02  0.29322E-02  0.27635E-02  0.26143E-02  0.24791E-02  0.23571E-02
  0.22487E-02  0.21504E-02  0.20606E-02  0.19800E-02  0.19071E-02  0.18392E-02
  0.17781E-02  0.17227E-02  0.16719E-02  0.16256E-02  0.15834E-02  0.15444E-02
  0.15084E-02  0.14755E-02  0.14451E-02  0.14173E-02  0.13917E-02  0.13684E-02
  0.13469E-02  0.13263E-02  0.13083E-02  0.12917E-02  0.12758E-02  0.12613E-02
  0.12474E-02  0.12352E-02  0.12241E-02  0.12133E-02  0.12039E-02  0.11953E-02
  0.11863E-02  0.11787E-02  0.11721E-02  0.11660E-02  0.11606E-02  0.11557E-02
  0.11510E-02  0.11471E-02  0.11431E-02  0.11394E-02  0.11386E-02  0.11351E-02
  0.11328E-02  0.11333E-02  0.11306E-02  0.11288E-02  0.11306E-02  0.11325E-02
  0.10503E+01  0.53297E+02
  0.10361E+03  0.87324E+02  0.52802E+02  0.24674E+02  0.10821E+02  0.56754E+01
  0.36209E+01  0.24614E+01  0.16772E+01  0.11818E+01  0.87382E+00  0.50472E+00
  0.32255E+00  0.21175E+00  0.14819E+00  0.10661E+00  0.79955E-01  0.61725E-01
  0.48755E-01  0.39425E-01  0.32238E-01  0.26823E-01  0.22466E-01  0.19038E-01
  0.16231E-01  0.13952E-01  0.12070E-01  0.10510E-01  0.92085E-02  0.81185E-02
  0.71961E-02  0.64187E-02  0.57511E-02  0.51837E-02  0.46931E-02  0.42689E-02
  0.39013E-02  0.35811E-02  0.32996E-02  0.30533E-02  0.28358E-02  0.26417E-02
  0.24705E-02  0.23168E-02  0.21814E-02  0.20589E-02  0.19481E-02  0.18490E-02
  0.17584E-02  0.16760E-02  0.16032E-02  0.15357E-02  0.14733E-02  0.14179E-02
  0.13664E-02  0.13189E-02  0.12757E-02  0.12358E-02  0.11985E-02  0.11647E-02
  0.11341E-02  0.11051E-02  0.10780E-02  0.10531E-02  0.10301E-02  0.10084E-02
  0.98838E-03  0.96991E-03  0.95288E-03  0.93682E-03  0.92207E-03  0.90839E-03
  0.89535E-03  0.88356E-03  0.87232E-03  0.86204E-03  0.85249E-03  0.84344E-03
  0.83541E-03  0.82750E-03  0.82028E-03  0.81427E-03  0.80820E-03  0.80259E-03
  0.79829E-03  0.79363E-03  0.79000E-03  0.78667E-03  0.78390E-03  0.78174E-03
  0.77928E-03  0.77882E-03  0.77732E-03  0.77564E-03  0.77596E-03  0.77534E-03
  0.94469E+00  0.59258E+02
  0.10620E+03  0.87496E+02  0.49673E+02  0.21555E+02  0.92468E+01  0.50223E+01
  0.32573E+01  0.21741E+01  0.14610E+01  0.10344E+01  0.76184E+00  0.44112E+00
  0.27944E+00  0.18325E+00  0.12815E+00  0.91952E-01  0.69273E-01  0.53168E-01
  0.42138E-01  0.33792E-01  0.27657E-01  0.22820E-01  0.19079E-01  0.16056E-01
  0.13646E-01  0.11674E-01  0.10065E-01  0.87371E-02  0.76333E-02  0.67146E-02
  0.59398E-02  0.52872E-02  0.47312E-02  0.42572E-02  0.38487E-02  0.34981E-02
  0.31928E-02  0.29267E-02  0.26938E-02  0.24886E-02  0.23072E-02  0.21474E-02
  0.20060E-02  0.18783E-02  0.17647E-02  0.16613E-02  0.15686E-02  0.14868E-02
  0.14105E-02  0.13431E-02  0.12803E-02  0.12218E-02  0.11714E-02  0.11229E-02
  0.10788E-02  0.10392E-02  0.10016E-02  0.96723E-03  0.93664E-03  0.90669E-03
  0.87901E-03  0.85434E-03  0.83131E-03  0.80925E-03  0.78897E-03  0.77092E-03
  0.75339E-03  0.73673E-03  0.72143E-03  0.70754E-03  0.69438E-03  0.68181E-03
  0.67025E-03  0.65973E-03  0.64997E-03  0.64079E-03  0.63219E-03  0.62416E-03
  0.61690E-03  0.61020E-03  0.60396E-03  0.59831E-03  0.59281E-03  0.58783E-03
  0.58310E-03  0.57918E-03  0.57533E-03  0.57230E-03  0.56990E-03  0.56731E-03
  0.56580E-03  0.56456E-03  0.56302E-03  0.56278E-03  0.56209E-03  0.56038E-03
  0.86102E+00  0.65016E+02
  0.10848E+03  0.87374E+02  0.46643E+02  0.18957E+02  0.80905E+01  0.45494E+01
  0.29580E+01  0.19299E+01  0.12912E+01  0.91754E+00  0.67260E+00  0.39248E+00
  0.24400E+00  0.16218E+00  0.11156E+00  0.81169E-01  0.60368E-01  0.46729E-01
  0.36638E-01  0.29465E-01  0.23899E-01  0.19701E-01  0.16358E-01  0.13732E-01
  0.11613E-01  0.99098E-02  0.85187E-02  0.73769E-02  0.64332E-02  0.56473E-02
  0.49897E-02  0.44344E-02  0.39642E-02  0.35630E-02  0.32186E-02  0.29220E-02
  0.26627E-02  0.24387E-02  0.22414E-02  0.20705E-02  0.19168E-02  0.17815E-02
  0.16598E-02  0.15517E-02  0.14565E-02  0.13685E-02  0.12919E-02  0.12198E-02
  0.11546E-02  0.10974E-02  0.10426E-02  0.99512E-03  0.95029E-03  0.90919E-03
  0.87274E-03  0.83736E-03  0.80461E-03  0.77605E-03  0.74801E-03  0.72331E-03
  0.70043E-03  0.67822E-03  0.65803E-03  0.64022E-03  0.62214E-03  0.60505E-03
  0.59034E-03  0.57702E-03  0.56340E-03  0.55116E-03  0.54018E-03  0.52965E-03
  0.51953E-03  0.50980E-03  0.50106E-03  0.49303E-03  0.48596E-03  0.47895E-03
  0.47241E-03  0.46652E-03  0.46126E-03  0.45660E-03  0.45233E-03  0.44827E-03
  0.44436E-03  0.44075E-03  0.43746E-03  0.43447E-03  0.43177E-03  0.42951E-03
  0.42769E-03  0.42637E-03  0.42549E-03  0.42487E-03  0.42447E-03  0.42476E-03
  0.79292E+00  0.70600E+02
  0.11051E+03  0.87030E+02  0.43753E+02  0.16798E+02  0.72257E+01  0.41857E+01
  0.26960E+01  0.17236E+01  0.11562E+01  0.82238E+00  0.60157E+00  0.35156E+00
  0.21681E+00  0.14406E+00  0.99172E-01  0.71784E-01  0.53651E-01  0.41143E-01
  0.32371E-01  0.25790E-01  0.20934E-01  0.17125E-01  0.14198E-01  0.11863E-01
  0.10010E-01  0.85171E-02  0.73055E-02  0.63147E-02  0.54985E-02  0.48205E-02
  0.42546E-02  0.37768E-02  0.33734E-02  0.30294E-02  0.27334E-02  0.24796E-02
  0.22576E-02  0.20653E-02  0.18966E-02  0.17490E-02  0.16170E-02  0.15013E-02
  0.13967E-02  0.13042E-02  0.12219E-02  0.11467E-02  0.10800E-02  0.10169E-02
  0.96232E-03  0.91137E-03  0.86605E-03  0.82486E-03  0.78425E-03  0.75004E-03
  0.71736E-03  0.68701E-03  0.66080E-03  0.63400E-03  0.61108E-03  0.58975E-03
  0.56854E-03  0.54954E-03  0.53343E-03  0.51646E-03  0.50137E-03  0.48811E-03
  0.47520E-03  0.46192E-03  0.45090E-03  0.44069E-03  0.43077E-03  0.42085E-03
  0.41309E-03  0.40556E-03  0.39825E-03  0.39084E-03  0.38442E-03  0.37835E-03
  0.37343E-03  0.36839E-03  0.36322E-03  0.35877E-03  0.35455E-03  0.35101E-03
  0.34803E-03  0.34554E-03  0.34303E-03  0.34114E-03  0.33878E-03  0.33679E-03
  0.33509E-03  0.33333E-03  0.33239E-03  0.33170E-03  0.33125E-03  0.33211E-03
  0.73599E+00  0.76061E+02
  0.11821E+03  0.83326E+02  0.31784E+02  0.10357E+02  0.50283E+01  0.29914E+01
  0.17460E+01  0.11069E+01  0.75586E+00  0.53373E+00  0.38979E+00  0.22184E+00
  0.13590E+00  0.89136E-01  0.61224E-01  0.43717E-01  0.32368E-01  0.24526E-01
  0.18924E-01  0.14880E-01  0.11871E-01  0.95905E-02  0.78511E-02  0.64999E-02
  0.54367E-02  0.45978E-02  0.39230E-02  0.33754E-02  0.29276E-02  0.25575E-02
  0.22488E-02  0.19896E-02  0.17704E-02  0.15836E-02  0.14236E-02  0.12848E-02
  0.11653E-02  0.10606E-02  0.96808E-03  0.88805E-03  0.81614E-03  0.75355E-03
  0.69656E-03  0.64570E-03  0.60132E-03  0.56012E-03  0.52485E-03  0.48959E-03
  0.46127E-03  0.43334E-03  0.40981E-03  0.38564E-03  0.36585E-03  0.34614E-03
  0.33054E-03  0.31331E-03  0.29983E-03  0.28622E-03  0.27255E-03  0.26270E-03
  0.25137E-03  0.24215E-03  0.23351E-03  0.22419E-03  0.21705E-03  0.20928E-03
  0.20294E-03  0.19733E-03  0.19103E-03  0.18563E-03  0.18170E-03  0.17657E-03
  0.17116E-03  0.16812E-03  0.16464E-03  0.16050E-03  0.15745E-03  0.15525E-03
  0.15277E-03  0.15023E-03  0.14716E-03  0.14453E-03  0.14302E-03  0.14206E-03
  0.14042E-03  0.13858E-03  0.13679E-03  0.13507E-03  0.13493E-03  0.13396E-03
  0.13402E-03  0.13297E-03  0.13356E-03  0.13303E-03  0.13413E-03  0.13042E-03
  0.55044E+00  0.10170E+03
  0.12362E+03  0.78157E+02  0.23611E+02  0.76207E+01  0.40219E+01  0.21777E+01
  0.12604E+01  0.81686E+00  0.54983E+00  0.38617E+00  0.27902E+00  0.15651E+00
  0.95194E-01  0.61689E-01  0.41963E-01  0.29687E-01  0.21682E-01  0.16240E-01
  0.12413E-01  0.96601E-02  0.76419E-02  0.61421E-02  0.50055E-02  0.41291E-02
  0.34454E-02  0.29050E-02  0.24718E-02  0.21212E-02  0.18348E-02  0.15989E-02
  0.14019E-02  0.12359E-02  0.10956E-02  0.97634E-03  0.87416E-03  0.78602E-03
  0.70952E-03  0.64317E-03  0.58502E-03  0.53361E-03  0.48894E-03  0.44884E-03
  0.41326E-03  0.38208E-03  0.35376E-03  0.32782E-03  0.30620E-03  0.28509E-03
  0.26681E-03  0.25023E-03  0.23404E-03  0.22197E-03  0.20841E-03  0.19739E-03
  0.18617E-03  0.17754E-03  0.16839E-03  0.16043E-03  0.15288E-03  0.14620E-03
  0.13967E-03  0.13473E-03  0.12833E-03  0.12458E-03  0.11853E-03  0.11533E-03
  0.11129E-03  0.10732E-03  0.10504E-03  0.10083E-03  0.98008E-04  0.95615E-04
  0.93032E-04  0.90693E-04  0.88946E-04  0.86863E-04  0.84451E-04  0.83428E-04
  0.82081E-04  0.80047E-04  0.78235E-04  0.77670E-04  0.76549E-04  0.76074E-04
  0.74745E-04  0.73216E-04  0.72555E-04  0.72643E-04  0.71765E-04  0.71698E-04
  0.71099E-04  0.70348E-04  0.70896E-04  0.69079E-04  0.70969E-04  0.65093E-04
  0.44601E+00  0.12551E+03
  0.12776E+03  0.72592E+02  0.18187E+02  0.62780E+01  0.32598E+01  0.16626E+01
  0.99558E+00  0.63414E+00  0.42545E+00  0.29638E+00  0.21266E+00  0.11781E+00
  0.70807E-01  0.45414E-01  0.30627E-01  0.21492E-01  0.15551E-01  0.11558E-01
  0.87805E-02  0.68014E-02  0.53635E-02  0.42971E-02  0.34907E-02  0.28771E-02
  0.23942E-02  0.20148E-02  0.17101E-02  0.14633E-02  0.12626E-02  0.10975E-02
  0.96014E-03  0.84352E-03  0.74508E-03  0.66154E-03  0.59056E-03  0.52941E-03
  0.47633E-03  0.43033E-03  0.39019E-03  0.35500E-03  0.32401E-03  0.29685E-03
  0.27270E-03  0.25093E-03  0.23167E-03  0.21489E-03  0.19948E-03  0.18541E-03
  0.17341E-03  0.16209E-03  0.15153E-03  0.14280E-03  0.13403E-03  0.12672E-03
  0.12008E-03  0.11309E-03  0.10770E-03  0.10201E-03  0.97727E-04  0.92697E-04
  0.88854E-04  0.84973E-04  0.81365E-04  0.78367E-04  0.75212E-04  0.72381E-04
  0.69914E-04  0.67413E-04  0.65705E-04  0.63184E-04  0.61651E-04  0.59760E-04
  0.57233E-04  0.57089E-04  0.55287E-04  0.53794E-04  0.52658E-04  0.52077E-04
  0.50079E-04  0.49331E-04  0.49027E-04  0.48360E-04  0.47059E-04  0.46005E-04
  0.46327E-04  0.45835E-04  0.45132E-04  0.44443E-04  0.44068E-04  0.43794E-04
  0.43350E-04  0.43957E-04  0.42934E-04  0.43084E-04  0.43961E-04  0.41440E-04
  0.37750E+00  0.14829E+03
  0.13115E+03  0.67101E+02  0.14593E+02  0.54656E+01  0.26386E+01  0.13549E+01
  0.81276E+00  0.51237E+00  0.34234E+00  0.23623E+00  0.16808E+00  0.91950E-01
  0.54795E-01  0.34909E-01  0.23390E-01  0.16298E-01  0.11727E-01  0.86692E-02
  0.65616E-02  0.50709E-02  0.39910E-02  0.31911E-02  0.25904E-02  0.21263E-02
  0.17674E-02  0.14853E-02  0.12561E-02  0.10732E-02  0.92366E-03  0.80012E-03
  0.69897E-03  0.61238E-03  0.53945E-03  0.47846E-03  0.42567E-03  0.38024E-03
  0.34123E-03  0.30766E-03  0.27855E-03  0.25296E-03  0.23034E-03  0.21044E-03
  0.19297E-03  0.17738E-03  0.16348E-03  0.15120E-03  0.14032E-03  0.13036E-03
  0.12133E-03  0.11332E-03  0.10616E-03  0.99516E-04  0.93372E-04  0.88266E-04
  0.83179E-04  0.78574E-04  0.74926E-04  0.70617E-04  0.67369E-04  0.64373E-04
  0.61054E-04  0.58762E-04  0.55746E-04  0.53954E-04  0.51595E-04  0.49970E-04
  0.47687E-04  0.46445E-04  0.44455E-04  0.43462E-04  0.41657E-04  0.40802E-04
  0.39614E-04  0.38321E-04  0.37786E-04  0.36271E-04  0.35846E-04  0.35451E-04
  0.34238E-04  0.33620E-04  0.32915E-04  0.32548E-04  0.31910E-04  0.31242E-04
  0.31294E-04  0.30836E-04  0.30467E-04  0.30228E-04  0.29503E-04  0.29313E-04
  0.29607E-04  0.29147E-04  0.28673E-04  0.29390E-04  0.29205E-04  0.27651E-04
  0.32815E+00  0.17059E+03