  0.79063E+01  0.78970E+01  0.78691E+01  0.78226E+01  0.77582E+01  0.76761E+01
  0.75770E+01  0.74617E+01  0.73310E+01  0.71859E+01  0.70274E+01  0.66748E+01
  0.62833E+01  0.58633E+01  0.54258E+01  0.49816E+01  0.45410E+01  0.41133E+01
  0.37067E+01  0.33280E+01  0.29821E+01  0.26723E+01  0.24004E+01  0.21664E+01
  0.19686E+01  0.18044E+01  0.16699E+01  0.15605E+01  0.14713E+01  0.13971E+01
  0.13329E+01  0.12741E+01  0.12167E+01  0.11574E+01  0.10940E+01  0.10251E+01
  0.95018E+00  0.86978E+00  0.78518E+00  0.69832E+00  0.61166E+00  0.52798E+00
  0.45017E+00  0.38106E+00  0.32325E+00  0.27891E+00  0.24966E+00  0.23651E+00
  0.23973E+00  0.25885E+00  0.29271E+00  0.33944E+00  0.39663E+00  0.46136E+00
  0.53040E+00  0.60033E+00  0.66773E+00  0.72934E+00  0.78221E+00  0.82385E+00
  0.85237E+00  0.86660E+00  0.86612E+00  0.85136E+00  0.82356E+00  0.78476E+00
  0.73777E+00  0.68602E+00  0.63348E+00  0.58451E+00  0.54368E+00  0.51559E+00
  0.50472E+00  0.51520E+00  0.55066E+00  0.61408E+00  0.70763E+00  0.83256E+00
  0.98913E+00  0.11765E+01  0.13929E+01  0.16353E+01  0.18998E+01  0.21818E+01
  0.24756E+01  0.27751E+01  0.30738E+01  0.33648E+01  0.36414E+01  0.38968E+01
  0.41248E+01  0.43198E+01  0.44769E+01  0.45921E+01  0.46624E+01  0.46859E+01
  0.15409E+02  0.15083E+01
  0.24502E+02  0.24455E+02  0.24311E+02  0.24075E+02  0.23747E+02  0.23332E+02
  0.22836E+02  0.22262E+02  0.21619E+02  0.20913E+02  0.20151E+02  0.18494E+02
  0.16715E+02  0.14881E+02  0.13055E+02  0.11292E+02  0.96380E+01  0.81268E+01
  0.67805E+01  0.56092E+01  0.46128E+01  0.37826E+01  0.31033E+01  0.25559E+01
  0.21193E+01  0.17727E+01  0.14967E+01  0.12749E+01  0.10940E+01  0.94410E+00
  0.81859E+00  0.71342E+00  0.62653E+00  0.55718E+00  0.50521E+00  0.47050E+00
  0.45253E+00  0.45016E+00  0.46152E+00  0.48406E+00  0.51469E+00  0.55006E+00
  0.58674E+00  0.62154E+00  0.65165E+00  0.67488E+00  0.68968E+00  0.69523E+00
  0.69137E+00  0.67853E+00  0.65762E+00  0.62991E+00  0.59683E+00  0.55991E+00
  0.52061E+00  0.48023E+00  0.43987E+00  0.40039E+00  0.36237E+00  0.32617E+00
  0.29192E+00  0.25962E+00  0.22915E+00  0.20033E+00  0.17301E+00  0.14708E+00
  0.12251E+00  0.99368E-01  0.77865E-01  0.58306E-01  0.41104E-01  0.26745E-01
  0.15766E-01  0.87122E-02  0.61053E-02  0.84031E-02  0.15966E-01  0.29028E-01
  0.47668E-01  0.71801E-01  0.10116E+00  0.13530E+00  0.17361E+00  0.21530E+00
  0.25947E+00  0.30510E+00  0.35107E+00  0.39625E+00  0.43948E+00  0.47962E+00
  0.51562E+00  0.54651E+00  0.57145E+00  0.58978E+00  0.60098E+00  0.60473E+00
  0.16642E+02  0.13965E+01
  0.28276E+02  0.28199E+02  0.27967E+02  0.27585E+02  0.27060E+02  0.26400E+02
  0.25615E+02  0.24719E+02  0.23726E+02  0.22650E+02  0.21509E+02  0.19093E+02
  0.16607E+02  0.14169E+02  0.11877E+02  0.98038E+01  0.79925E+01  0.64601E+01
  0.51999E+01  0.41869E+01  0.33849E+01  0.27529E+01  0.22506E+01  0.18431E+01
  0.15033E+01  0.12127E+01  0.96116E+00  0.74509E+00  0.56528E+00  0.42461E+00
  0.32591E+00  0.27036E+00  0.25657E+00  0.28025E+00  0.33448E+00  0.41041E+00
  0.49816E+00  0.58781E+00  0.67033E+00  0.73825E+00  0.78616E+00  0.81090E+00
  0.81149E+00  0.78896E+00  0.74590E+00  0.68607E+00  0.61390E+00  0.53408E+00
  0.45115E+00  0.36921E+00  0.29176E+00  0.22150E+00  0.16036E+00  0.10946E+00
  0.69206E-01  0.39383E-01  0.19271E-01  0.77672E-02  0.35128E-02  0.50066E-02
  0.10707E-01  0.19120E-01  0.28870E-01  0.38754E-01  0.47780E-01  0.55196E-01
  0.60500E-01  0.63443E-01  0.64016E-01  0.62438E-01  0.59127E-01  0.54670E-01
  0.49788E-01  0.45288E-01  0.42027E-01  0.40862E-01  0.42605E-01  0.47978E-01
  0.57573E-01  0.71815E-01  0.90935E-01  0.11494E+00  0.14362E+00  0.17653E+00
  0.21299E+00  0.25213E+00  0.29292E+00  0.33417E+00  0.37464E+00  0.41303E+00
  0.44808E+00  0.47860E+00  0.50353E+00  0.52201E+00  0.53336E+00  0.53718E+00
  0.13905E+02  0.16714E+01
  0.31032E+02  0.30920E+02  0.30584E+02  0.30031E+02  0.29274E+02  0.28329E+02
  0.27217E+02  0.25960E+02  0.24583E+02  0.23114E+02  0.21580E+02  0.18424E+02
  0.15320E+02  0.12435E+02  0.98890E+01  0.77471E+01  0.60234E+01  0.46897E+01
  0.36890E+01  0.29494E+01  0.23980E+01  0.19711E+01  0.16203E+01  0.13148E+01
  0.10400E+01  0.79383E+00  0.58166E+00  0.41165E+00  0.29066E+00  0.22170E+00
  0.20280E+00  0.22723E+00  0.28464E+00  0.36272E+00  0.44887E+00  0.53172E+00
  0.60213E+00  0.65379E+00  0.68327E+00  0.68977E+00  0.67464E+00  0.64076E+00
  0.59191E+00  0.53229E+00  0.46605E+00  0.39701E+00  0.32847E+00  0.26316E+00
  0.20318E+00  0.15006E+00  0.10484E+00  0.68108E-01  0.40076E-01  0.20650E-01
  0.94700E-02  0.59509E-02  0.93153E-02  0.18620E-01  0.32786E-01  0.50623E-01
  0.70869E-01  0.92230E-01  0.11342E+00  0.13322E+00  0.15051E+00  0.16435E+00
  0.17399E+00  0.17896E+00  0.17901E+00  0.17423E+00  0.16496E+00  0.15183E+00
  0.13569E+00  0.11759E+00  0.98717E-01  0.80318E-01  0.63647E-01  0.49888E-01
  0.40091E-01  0.35113E-01  0.35571E-01  0.41804E-01  0.53857E-01  0.71474E-01
  0.94110E-01  0.12095E+00  0.15097E+00  0.18295E+00  0.21556E+00  0.24743E+00
  0.27718E+00  0.30353E+00  0.32533E+00  0.34163E+00  0.35170E+00  0.35510E+00
  0.11873E+02  0.19575E+01
  0.39608E+02  0.39333E+02  0.38509E+02  0.37173E+02  0.35379E+02  0.33198E+02
  0.30712E+02  0.28011E+02  0.25189E+02  0.22336E+02  0.19536E+02  0.14371E+02
  0.10103E+02  0.68974E+01  0.47031E+01  0.33241E+01  0.25062E+01  0.20118E+01
  0.16652E+01  0.13666E+01  0.10811E+01  0.81371E+00  0.58499E+00  0.41223E+00
  0.30108E+00  0.24516E+00  0.23031E+00  0.24015E+00  0.26038E+00  0.28091E+00
  0.29617E+00  0.30419E+00  0.30523E+00  0.30054E+00  0.29151E+00  0.27912E+00
  0.26384E+00  0.24571E+00  0.22460E+00  0.20044E+00  0.17350E+00  0.14448E+00
  0.11454E+00  0.85210E-01  0.58162E-01  0.35010E-01  0.17108E-01  0.54052E-02
  0.37647E-03  0.20237E-02  0.99313E-02  0.23354E-01  0.41315E-01  0.62698E-01
  0.86330E-01  0.11103E+00  0.13567E+00  0.15918E+00  0.18059E+00  0.19904E+00
  0.21380E+00  0.22429E+00  0.23007E+00  0.23093E+00  0.22681E+00  0.21788E+00
  0.20451E+00  0.18729E+00  0.16698E+00  0.14449E+00  0.12086E+00  0.97212E-01
  0.74693E-01  0.54432E-01  0.37490E-01  0.24811E-01  0.17185E-01  0.15212E-01
  0.19277E-01  0.29536E-01  0.45911E-01  0.68088E-01  0.95536E-01  0.12752E+00
  0.16314E+00  0.20133E+00  0.24096E+00  0.28080E+00  0.31961E+00  0.35618E+00
  0.38935E+00  0.41807E+00  0.44143E+00  0.45866E+00  0.46923E+00  0.47278E+00
  0.80082E+01  0.29021E+01
  0.45413E+02  0.44957E+02  0.43604E+02  0.41437E+02  0.38579E+02  0.35190E+02
  0.31447E+02  0.27534E+02  0.23627E+02  0.19881E+02  0.16422E+02  0.10685E+02
  0.67014E+01  0.42770E+01  0.29600E+01  0.22674E+01  0.18380E+01  0.14801E+01
  0.11386E+01  0.83004E+00  0.58491E+00  0.41740E+00  0.32039E+00  0.27415E+00
  0.25696E+00  0.25193E+00  0.24897E+00  0.24385E+00  0.23611E+00  0.22692E+00
  0.21751E+00  0.20831E+00  0.19869E+00  0.18745E+00  0.17344E+00  0.15614E+00
  0.13594E+00  0.11398E+00  0.91792E-01  0.70856E-01  0.52343E-01  0.36987E-01
  0.25125E-01  0.16817E-01  0.11981E-01  0.10484E-01  0.12177E-01  0.16894E-01
  0.24407E-01  0.34387E-01  0.46379E-01  0.59796E-01  0.73945E-01  0.88078E-01
  0.10145E+00  0.11336E+00  0.12323E+00  0.13060E+00  0.13515E+00  0.13674E+00
  0.13532E+00  0.13102E+00  0.12405E+00  0.11473E+00  0.10347E+00  0.90764E-01
  0.77170E-01  0.63304E-01  0.49819E-01  0.37391E-01  0.26700E-01  0.18400E-01
  0.13102E-01  0.11346E-01  0.13580E-01  0.20141E-01  0.31241E-01  0.46954E-01
  0.67213E-01  0.91810E-01  0.12040E+00  0.15250E+00  0.18752E+00  0.22476E+00
  0.26346E+00  0.30277E+00  0.34183E+00  0.37976E+00  0.41567E+00  0.44873E+00
  0.47817E+00  0.50328E+00  0.52346E+00  0.53824E+00  0.54724E+00  0.55026E+00
  0.64125E+01  0.36243E+01
  0.50059E+02  0.49412E+02  0.47501E+02  0.44476E+02  0.40559E+02  0.36024E+02
  0.31167E+02  0.26277E+02  0.21608E+02  0.17359E+02  0.13664E+02  0.81368E+01
  0.48858E+01  0.32283E+01  0.24097E+01  0.19025E+01  0.14699E+01  0.10740E+01
  0.74959E+00  0.52301E+00  0.38895E+00  0.32138E+00  0.29078E+00  0.27468E+00
  0.26042E+00  0.24371E+00  0.22540E+00  0.20795E+00  0.19284E+00  0.17969E+00
  0.16685E+00  0.15270E+00  0.13665E+00  0.11924E+00  0.10167E+00  0.85174E-01
  0.70529E-01  0.58017E-01  0.47555E-01  0.38934E-01  0.32014E-01  0.26804E-01
  0.23427E-01  0.22026E-01  0.22648E-01  0.25187E-01  0.29377E-01  0.34842E-01
  0.41160E-01  0.47918E-01  0.54749E-01  0.61334E-01  0.67393E-01  0.72667E-01
  0.76914E-01  0.79904E-01  0.81439E-01  0.81367E-01  0.79607E-01  0.76162E-01
  0.71129E-01  0.64695E-01  0.57128E-01  0.48767E-01  0.39999E-01  0.31247E-01
  0.22948E-01  0.15543E-01  0.94636E-02  0.51217E-02  0.28982E-02  0.31349E-02
  0.61242E-02  0.12099E-01  0.21227E-01  0.33597E-01  0.49222E-01  0.68027E-01
  0.89852E-01  0.11445E+00  0.14150E+00  0.17061E+00  0.20129E+00  0.23304E+00
  0.26529E+00  0.29744E+00  0.32888E+00  0.35902E+00  0.38724E+00  0.41299E+00
  0.43575E+00  0.45505E+00  0.47049E+00  0.48176E+00  0.48861E+00  0.49091E+00
  0.55068E+01  0.42203E+01
  0.54031E+02  0.53182E+02  0.50690E+02  0.46791E+02  0.41832E+02  0.36224E+02
  0.30397E+02  0.24742E+02  0.19574E+02  0.15105E+02  0.11441E+02  0.64684E+01
  0.39377E+01  0.27592E+01  0.21011E+01  0.15782E+01  0.11200E+01  0.76370E+00
  0.53108E+00  0.40378E+00  0.34351E+00  0.31409E+00  0.29178E+00  0.26665E+00
  0.23881E+00  0.21231E+00  0.19005E+00  0.17181E+00  0.15549E+00  0.13927E+00
  0.12272E+00  0.10660E+00  0.91954E-01  0.79406E-01  0.68931E-01  0.60073E-01
  0.52323E-01  0.45411E-01  0.39385E-01  0.34490E-01  0.30971E-01  0.28923E-01
  0.28259E-01  0.28768E-01  0.30205E-01  0.32350E-01  0.35030E-01  0.38095E-01
  0.41388E-01  0.44719E-01  0.47863E-01  0.50579E-01  0.52644E-01  0.53880E-01
  0.54170E-01  0.53463E-01  0.51766E-01  0.49125E-01  0.45625E-01  0.41371E-01
  0.36500E-01  0.31171E-01  0.25576E-01  0.19937E-01  0.14503E-01  0.95479E-02
  0.53561E-02  0.22158E-02  0.40536E-03  0.18275E-03  0.17767E-02  0.53795E-02
  0.11141E-01  0.19163E-01  0.29498E-01  0.42145E-01  0.57051E-01  0.74108E-01
  0.93157E-01  0.11399E+00  0.13633E+00  0.15990E+00  0.18433E+00  0.20926E+00
  0.23429E+00  0.25900E+00  0.28297E+00  0.30579E+00  0.32703E+00  0.34632E+00
  0.36330E+00  0.37766E+00  0.38912E+00  0.39747E+00  0.40255E+00  0.40425E+00
  0.49009E+01  0.47421E+01
  0.57499E+02  0.56441E+02  0.53351E+02  0.48573E+02  0.42599E+02  0.35999E+02
  0.29342E+02  0.23111E+02  0.17657E+02  0.13170E+02  0.96943E+01  0.53770E+01
  0.34019E+01  0.24547E+01  0.18096E+01  0.12679E+01  0.85026E+00  0.58200E+00
  0.43938E+00  0.37356E+00  0.33933E+00  0.30893E+00  0.27365E+00  0.23700E+00
  0.20493E+00  0.17953E+00  0.15895E+00  0.14051E+00  0.12302E+00  0.10685E+00
  0.92869E-01  0.81441E-01  0.72169E-01  0.64256E-01  0.57047E-01  0.50350E-01
  0.44379E-01  0.39468E-01  0.35801E-01  0.33328E-01  0.31839E-01  0.31101E-01
  0.30945E-01  0.31280E-01  0.32047E-01  0.33171E-01  0.34523E-01  0.35939E-01
  0.37247E-01  0.38304E-01  0.39012E-01  0.39309E-01  0.39159E-01  0.38529E-01
  0.37390E-01  0.35717E-01  0.33502E-01  0.30765E-01  0.27563E-01  0.23993E-01
  0.20182E-01  0.16284E-01  0.12469E-01  0.89129E-02  0.57952E-02  0.32949E-02
  0.15878E-02  0.84487E-03  0.12283E-02  0.28879E-02  0.59560E-02  0.10542E-01
  0.16729E-01  0.24564E-01  0.34063E-01  0.45199E-01  0.57912E-01  0.72099E-01
  0.87623E-01  0.10431E+00  0.12196E+00  0.14034E+00  0.15920E+00  0.17826E+00
  0.19724E+00  0.21584E+00  0.23376E+00  0.25073E+00  0.26645E+00  0.28067E+00
  0.29315E+00  0.30368E+00  0.31206E+00  0.31815E+00  0.32186E+00  0.32309E+00
  0.44544E+01  0.52174E+01
  0.60565E+02  0.59291E+02  0.55591E+02  0.49934E+02  0.42981E+02  0.35475E+02
  0.28121E+02  0.21480E+02  0.15907E+02  0.11540E+02  0.83346E+01  0.46455E+01
  0.30463E+01  0.21856E+01  0.15292E+01  0.10157E+01  0.67690E+00  0.49424E+00
  0.41045E+00  0.36765E+00  0.32942E+00  0.28528E+00  0.24094E+00  0.20390E+00
  0.17564E+00  0.15317E+00  0.13345E+00  0.11560E+00  0.10017E+00  0.87666E-01
  0.77755E-01  0.69478E-01  0.61970E-01  0.54960E-01  0.48704E-01  0.43566E-01
  0.39673E-01  0.36853E-01  0.34797E-01  0.33247E-01  0.32083E-01  0.31292E-01
  0.30880E-01  0.30799E-01  0.30943E-01  0.31186E-01  0.31425E-01  0.31592E-01
  0.31647E-01  0.31552E-01  0.31258E-01  0.30702E-01  0.29826E-01  0.28592E-01
  0.26993E-01  0.25054E-01  0.22827E-01  0.20379E-01  0.17782E-01  0.15117E-01
  0.12464E-01  0.99178E-02  0.75794E-02  0.55629E-02  0.39900E-02  0.29860E-02
  0.26742E-02  0.31705E-02  0.45795E-02  0.69902E-02  0.10475E-01  0.15087E-01
  0.20862E-01  0.27811E-01  0.35928E-01  0.45178E-01  0.55506E-01  0.66830E-01
  0.79047E-01  0.92028E-01  0.10562E+00  0.11967E+00  0.13397E+00  0.14835E+00
  0.16259E+00  0.17648E+00  0.18981E+00  0.20238E+00  0.21400E+00  0.22448E+00
  0.23366E+00  0.24138E+00  0.24753E+00  0.25200E+00  0.25471E+00  0.25562E+00
  0.41053E+01  0.56611E+01
  0.63303E+02  0.61807E+02  0.57489E+02  0.50960E+02  0.43067E+02  0.34740E+02
  0.26815E+02  0.19905E+02  0.14341E+02  0.10182E+02  0.72782E+01  0.41324E+01
  0.27653E+01  0.19295E+01  0.12847E+01  0.83442E+00  0.57838E+00  0.45837E+00
  0.40150E+00  0.35603E+00  0.30420E+00  0.25207E+00  0.20926E+00  0.17762E+00
  0.15321E+00  0.13234E+00  0.11396E+00  0.98577E-01  0.86411E-01  0.76702E-01
  0.68305E-01  0.60582E-01  0.53638E-01  0.47874E-01  0.43457E-01  0.40168E-01
  0.37596E-01  0.35418E-01  0.33525E-01  0.31960E-01  0.30776E-01  0.29946E-01
  0.29369E-01  0.28930E-01  0.28550E-01  0.28190E-01  0.27828E-01  0.27428E-01
  0.26936E-01  0.26293E-01  0.25455E-01  0.24410E-01  0.23169E-01  0.21754E-01
  0.20189E-01  0.18497E-01  0.16697E-01  0.14818E-01  0.12903E-01  0.11010E-01
  0.92114E-02  0.75886E-02  0.62264E-02  0.52081E-02  0.46138E-02  0.45196E-02
  0.49981E-02  0.61172E-02  0.79387E-02  0.10517E-01  0.13895E-01  0.18105E-01
  0.23163E-01  0.29067E-01  0.35797E-01  0.43320E-01  0.51583E-01  0.60518E-01
  0.70041E-01  0.80052E-01  0.90442E-01  0.10109E+00  0.11186E+00  0.12262E+00
  0.13322E+00  0.14352E+00  0.15338E+00  0.16265E+00  0.17120E+00  0.17889E+00
  0.18562E+00  0.19126E+00  0.19575E+00  0.19900E+00  0.20098E+00  0.20164E+00
  0.38214E+01  0.60816E+01
  0.65766E+02  0.64045E+02  0.59102E+02  0.51710E+02  0.42923E+02  0.33859E+02
  0.25476E+02  0.18416E+02  0.12958E+02  0.90567E+01  0.64537E+01  0.37494E+01
  0.25171E+01  0.16934E+01  0.10889E+01  0.71447E+00  0.52764E+00  0.44419E+00
  0.39037E+00  0.33212E+00  0.27162E+00  0.22129E+00  0.18491E+00  0.15799E+00
  0.13563E+00  0.11619E+00  0.10005E+00  0.87353E-01  0.77151E-01  0.68252E-01
  0.60216E-01  0.53326E-01  0.47907E-01  0.43849E-01  0.40682E-01  0.37947E-01
  0.35456E-01  0.33270E-01  0.31497E-01  0.30137E-01  0.29080E-01  0.28192E-01
  0.27387E-01  0.26639E-01  0.25941E-01  0.25268E-01  0.24577E-01  0.23820E-01
  0.22971E-01  0.22027E-01  0.21000E-01  0.19894E-01  0.18708E-01  0.17436E-01
  0.16078E-01  0.14652E-01  0.13189E-01  0.11737E-01  0.10344E-01  0.90628E-02
  0.79400E-02  0.70226E-02  0.63589E-02  0.59996E-02  0.59977E-02  0.64064E-02
  0.72764E-02  0.86534E-02  0.10575E-01  0.13071E-01  0.16161E-01  0.19854E-01
  0.24153E-01  0.29049E-01  0.34523E-01  0.40544E-01  0.47071E-01  0.54052E-01
  0.61424E-01  0.69113E-01  0.77036E-01  0.85103E-01  0.93219E-01  0.10128E+00
  0.10919E+00  0.11684E+00  0.12412E+00  0.13095E+00  0.13723E+00  0.14286E+00
  0.14778E+00  0.15189E+00  0.15515E+00  0.15751E+00  0.15894E+00  0.15942E+00
  0.35841E+01  0.64844E+01
  0.67999E+02  0.66048E+02  0.60477E+02  0.52235E+02  0.42600E+02  0.32881E+02
  0.24143E+02  0.17032E+02  0.11747E+02  0.81268E+01  0.58049E+01  0.34443E+01
  0.22892E+01  0.14866E+01  0.94118E+00  0.63971E+00  0.50281E+00  0.43349E+00
  0.36996E+00  0.30113E+00  0.24096E+00  0.19754E+00  0.16694E+00  0.14256E+00
  0.12148E+00  0.10387E+00  0.90005E-01  0.78918E-01  0.69356E-01  0.60923E-01
  0.53931E-01  0.48575E-01  0.44521E-01  0.41169E-01  0.38116E-01  0.35334E-01
  0.32978E-01  0.31118E-01  0.29654E-01  0.28412E-01  0.27271E-01  0.26200E-01
  0.25212E-01  0.24305E-01  0.23444E-01  0.22583E-01  0.21697E-01  0.20782E-01
  0.19842E-01  0.18875E-01  0.17867E-01  0.16803E-01  0.15685E-01  0.14527E-01
  0.13358E-01  0.12210E-01  0.11110E-01  0.10081E-01  0.91475E-02  0.83338E-02
  0.76728E-02  0.72027E-02  0.69644E-02  0.69978E-02  0.73396E-02  0.80218E-02
  0.90722E-02  0.10514E-01  0.12369E-01  0.14651E-01  0.17371E-01  0.20532E-01
  0.24130E-01  0.28153E-01  0.32583E-01  0.37392E-01  0.42544E-01  0.47996E-01
  0.53698E-01  0.59596E-01  0.65628E-01  0.71732E-01  0.77840E-01  0.83883E-01
  0.89788E-01  0.95480E-01  0.10089E+00  0.10594E+00  0.11058E+00  0.11473E+00
  0.11835E+00  0.12139E+00  0.12379E+00  0.12553E+00  0.12658E+00  0.12693E+00
  0.33816E+01  0.68727E+01
  0.83037E+02  0.78664E+02  0.66816E+02  0.51061E+02  0.35382E+02  0.22640E+02
  0.13872E+02  0.86074E+01  0.57039E+01  0.40852E+01  0.30672E+01  0.17724E+01
  0.10543E+01  0.72528E+00  0.55616E+00  0.41147E+00  0.29885E+00  0.23193E+00
  0.18828E+00  0.15098E+00  0.12087E+00  0.99518E-01  0.83636E-01  0.70835E-01
  0.60793E-01  0.52933E-01  0.46424E-01  0.41097E-01  0.36913E-01  0.33427E-01
  0.30274E-01  0.27525E-01  0.25280E-01  0.23369E-01  0.21591E-01  0.19948E-01
  0.18519E-01  0.17281E-01  0.16144E-01  0.15075E-01  0.14098E-01  0.13225E-01
  0.12434E-01  0.11702E-01  0.11031E-01  0.10422E-01  0.98701E-02  0.93704E-02
  0.89237E-02  0.85327E-02  0.81951E-02  0.79055E-02  0.76617E-02  0.74671E-02
  0.73264E-02  0.72397E-02  0.72024E-02  0.72111E-02  0.72652E-02  0.73666E-02
  0.75170E-02  0.77153E-02  0.79579E-02  0.82410E-02  0.85631E-02  0.89233E-02
  0.93194E-02  0.97486E-02  0.10208E-01  0.10695E-01  0.11206E-01  0.11737E-01
  0.12285E-01  0.12844E-01  0.13413E-01  0.13988E-01  0.14563E-01  0.15137E-01
  0.15705E-01  0.16264E-01  0.16809E-01  0.17338E-01  0.17847E-01  0.18332E-01
  0.18791E-01  0.19219E-01  0.19616E-01  0.19979E-01  0.20304E-01  0.20590E-01
  0.20834E-01  0.21036E-01  0.21195E-01  0.21310E-01  0.21378E-01  0.21401E-01
  0.22609E+01  0.10279E+02
  0.91931E+02  0.85016E+02  0.67216E+02  0.45860E+02  0.27647E+02  0.15538E+02
  0.88925E+01  0.56011E+01  0.38859E+01  0.28249E+01  0.20784E+01  0.11742E+01
  0.77488E+00  0.53795E+00  0.36544E+00  0.26981E+00  0.20803E+00  0.15702E+00
  0.12221E+00  0.98909E-01  0.80324E-01  0.66241E-01  0.55955E-01  0.47829E-01
  0.41387E-01  0.36208E-01  0.31892E-01  0.28385E-01  0.25444E-01  0.22834E-01
  0.20620E-01  0.18765E-01  0.17092E-01  0.15591E-01  0.14316E-01  0.13197E-01
  0.12170E-01  0.11261E-01  0.10474E-01  0.97673E-02  0.91241E-02  0.85540E-02
  0.80519E-02  0.76018E-02  0.71990E-02  0.68430E-02  0.65291E-02  0.62522E-02
  0.60097E-02  0.57991E-02  0.56173E-02  0.54618E-02  0.53317E-02  0.52255E-02
  0.51404E-02  0.50747E-02  0.50280E-02  0.49993E-02  0.49869E-02  0.49884E-02
  0.50026E-02  0.50294E-02  0.50678E-02  0.51170E-02  0.51764E-02  0.52435E-02
  0.53168E-02  0.53976E-02  0.54854E-02  0.55772E-02  0.56721E-02  0.57702E-02
  0.58707E-02  0.59725E-02  0.60753E-02  0.61793E-02  0.62830E-02  0.63837E-02
  0.64814E-02  0.65776E-02  0.66712E-02  0.67609E-02  0.68476E-02  0.69305E-02
  0.70074E-02  0.70786E-02  0.71455E-02  0.72076E-02  0.72625E-02  0.73089E-02
  0.73485E-02  0.73825E-02  0.74085E-02  0.74244E-02  0.74325E-02  0.74350E-02
  0.17604E+01  0.13202E+02
  0.98244E+02  0.88737E+02  0.65458E+02  0.40191E+02  0.21606E+02  0.11299E+02
  0.65148E+01  0.42785E+01  0.30136E+01  0.21632E+01  0.15700E+01  0.92663E+00
  0.59980E+00  0.39046E+00  0.28118E+00  0.20509E+00  0.15029E+00  0.11676E+00
  0.91331E-01  0.72744E-01  0.59905E-01  0.49813E-01  0.42097E-01  0.36118E-01
  0.31270E-01  0.27329E-01  0.24022E-01  0.21291E-01  0.18971E-01  0.16943E-01
  0.15244E-01  0.13771E-01  0.12461E-01  0.11348E-01  0.10375E-01  0.95016E-02
  0.87475E-02  0.80882E-02  0.74942E-02  0.69720E-02  0.65163E-02  0.61075E-02
  0.57433E-02  0.54228E-02  0.51370E-02  0.48818E-02  0.46554E-02  0.44548E-02
  0.42769E-02  0.41193E-02  0.39803E-02  0.38576E-02  0.37499E-02  0.36556E-02
  0.35734E-02  0.35027E-02  0.34418E-02  0.33900E-02  0.33473E-02  0.33122E-02
  0.32834E-02  0.32601E-02  0.32426E-02  0.32310E-02  0.32247E-02  0.32230E-02
  0.32232E-02  0.32258E-02  0.32332E-02  0.32435E-02  0.32557E-02  0.32703E-02
  0.32855E-02  0.33012E-02  0.33187E-02  0.33377E-02  0.33566E-02  0.33750E-02
  0.33954E-02  0.34163E-02  0.34349E-02  0.34531E-02  0.34715E-02  0.34891E-02
  0.35057E-02  0.35204E-02  0.35344E-02  0.35480E-02  0.35609E-02  0.35730E-02
  0.35811E-02  0.35879E-02  0.35966E-02  0.36016E-02  0.36013E-02  0.36005E-02
  0.14650E+01  0.15864E+02
  0.10312E+03  0.91006E+02  0.62754E+02  0.34950E+02  0.17186E+02  0.87734E+01
  0.52413E+01  0.35315E+01  0.24725E+01  0.17458E+01  0.12704E+01  0.75893E+00
  0.46774E+00  0.31855E+00  0.22339E+00  0.15915E+00  0.12045E+00  0.91302E-01
  0.71983E-01  0.58073E-01  0.47469E-01  0.39757E-01  0.33596E-01  0.28745E-01
  0.24824E-01  0.21607E-01  0.18919E-01  0.16669E-01  0.14777E-01  0.13140E-01
  0.11766E-01  0.10575E-01  0.95361E-02  0.86548E-02  0.78778E-02  0.72000E-02
  0.66155E-02  0.60963E-02  0.56414E-02  0.52419E-02  0.48842E-02  0.45699E-02
  0.42922E-02  0.40442E-02  0.38241E-02  0.36278E-02  0.34520E-02  0.32943E-02
  0.31530E-02  0.30267E-02  0.29137E-02  0.28127E-02  0.27221E-02  0.26411E-02
  0.25684E-02  0.25036E-02  0.24456E-02  0.23934E-02  0.23469E-02  0.23059E-02
  0.22696E-02  0.22375E-02  0.22077E-02  0.21820E-02  0.21616E-02  0.21423E-02
  0.21248E-02  0.21102E-02  0.20973E-02  0.20874E-02  0.20797E-02  0.20719E-02
  0.20648E-02  0.20596E-02  0.20561E-02  0.20544E-02  0.20524E-02  0.20505E-02
  0.20509E-02  0.20503E-02  0.20486E-02  0.20488E-02  0.20507E-02  0.20523E-02
  0.20526E-02  0.20546E-02  0.20570E-02  0.20572E-02  0.20581E-02  0.20600E-02
  0.20606E-02  0.20615E-02  0.20615E-02  0.20582E-02  0.20609E-02  0.20658E-02
  0.12660E+01  0.18357E+02
  0.10709E+03  0.92364E+02  0.59639E+02  0.30371E+02  0.14007E+02  0.72093E+01
  0.44645E+01  0.30288E+01  0.20831E+01  0.14577E+01  0.10720E+01  0.62406E+00
  0.39074E+00  0.26508E+00  0.18109E+00  0.13263E+00  0.97718E-01  0.75401E-01
  0.59369E-01  0.47785E-01  0.39359E-01  0.32736E-01  0.27682E-01  0.23585E-01
  0.20285E-01  0.17568E-01  0.15319E-01  0.13425E-01  0.11847E-01  0.10497E-01
  0.93542E-02  0.83796E-02  0.75348E-02  0.68163E-02  0.61889E-02  0.56458E-02
  0.51729E-02  0.47565E-02  0.43942E-02  0.40744E-02  0.37916E-02  0.35418E-02
  0.33202E-02  0.31216E-02  0.29444E-02  0.27875E-02  0.26457E-02  0.25183E-02
  0.24047E-02  0.23023E-02  0.22092E-02  0.21257E-02  0.20501E-02  0.19810E-02
  0.19186E-02  0.18621E-02  0.18110E-02  0.17645E-02  0.17221E-02  0.16833E-02
  0.16483E-02  0.16165E-02  0.15867E-02  0.15600E-02  0.15360E-02  0.15145E-02
  0.14943E-02  0.14746E-02  0.14586E-02  0.14443E-02  0.14301E-02  0.14171E-02
  0.14048E-02  0.13945E-02  0.13857E-02  0.13765E-02  0.13693E-02  0.13623E-02
  0.13547E-02  0.13484E-02  0.13435E-02  0.13391E-02  0.13353E-02  0.13320E-02
  0.13282E-02  0.13258E-02  0.13223E-02  0.13197E-02  0.13200E-02  0.13171E-02
  0.13149E-02  0.13167E-02  0.13138E-02  0.13118E-02  0.13148E-02  0.13159E-02
  0.11207E+01  0.20737E+02
  0.11044E+03  0.93104E+02  0.56381E+02  0.26471E+02  0.11717E+02  0.61878E+01
  0.39323E+01  0.26440E+01  0.17836E+01  0.12506E+01  0.92176E+00  0.52739E+00
  0.33755E+00  0.22130E+00  0.15483E+00  0.11098E+00  0.82887E-01  0.63738E-01
  0.50222E-01  0.40575E-01  0.33205E-01  0.27672E-01  0.23244E-01  0.19754E-01
  0.16903E-01  0.14574E-01  0.12650E-01  0.11045E-01  0.97020E-02  0.85727E-02
  0.76121E-02  0.68013E-02  0.61013E-02  0.55060E-02  0.49895E-02  0.45421E-02
  0.41540E-02  0.38153E-02  0.35177E-02  0.32569E-02  0.30268E-02  0.28213E-02
  0.26402E-02  0.24779E-02  0.23347E-02  0.22056E-02  0.20890E-02  0.19847E-02
  0.18897E-02  0.18037E-02  0.17274E-02  0.16572E-02  0.15928E-02  0.15352E-02
  0.14820E-02  0.14334E-02  0.13891E-02  0.13483E-02  0.13108E-02  0.12767E-02
  0.12453E-02  0.12163E-02  0.11896E-02  0.11648E-02  0.11417E-02  0.11206E-02
  0.11014E-02  0.10831E-02  0.10664E-02  0.10506E-02  0.10370E-02  0.10241E-02
  0.10111E-02  0.99986E-03  0.98917E-03  0.97979E-03  0.97108E-03  0.96254E-03
  0.95515E-03  0.94737E-03  0.94051E-03  0.93549E-03  0.92998E-03  0.92483E-03
  0.92142E-03  0.91692E-03  0.91361E-03  0.91040E-03  0.90778E-03  0.90588E-03
  0.90335E-03  0.90380E-03  0.90230E-03  0.90014E-03  0.90093E-03  0.90010E-03
  0.10092E+01  0.23029E+02
  0.11331E+03  0.93392E+02  0.53126E+02  0.23192E+02  0.10051E+02  0.54818E+01
  0.35283E+01  0.23267E+01  0.15506E+01  0.10933E+01  0.80090E+00  0.46045E+00
  0.29196E+00  0.19119E+00  0.13356E+00  0.95456E-01  0.71673E-01  0.54875E-01
  0.43459E-01  0.34881E-01  0.28602E-01  0.23672E-01  0.19856E-01  0.16775E-01
  0.14303E-01  0.12280E-01  0.10616E-01  0.92402E-02  0.80888E-02  0.71294E-02
  0.63153E-02  0.56286E-02  0.50415E-02  0.45403E-02  0.41074E-02  0.37356E-02
  0.34115E-02  0.31288E-02  0.28814E-02  0.26633E-02  0.24706E-02  0.23009E-02
  0.21510E-02  0.20157E-02  0.18954E-02  0.17862E-02  0.16884E-02  0.16020E-02
  0.15220E-02  0.14512E-02  0.13854E-02  0.13246E-02  0.12716E-02  0.12214E-02
  0.11756E-02  0.11344E-02  0.10958E-02  0.10604E-02  0.10285E-02  0.99805E-03
  0.96996E-03  0.94450E-03  0.92085E-03  0.89868E-03  0.87831E-03  0.85945E-03
  0.84181E-03  0.82530E-03  0.81004E-03  0.79570E-03  0.78235E-03  0.77019E-03
  0.75883E-03  0.74808E-03  0.73815E-03  0.72905E-03  0.72066E-03  0.71276E-03
  0.70580E-03  0.69888E-03  0.69229E-03  0.68694E-03  0.68147E-03  0.67674E-03
  0.67206E-03  0.66860E-03  0.66451E-03  0.66161E-03  0.65944E-03  0.65617E-03
  0.65500E-03  0.65405E-03  0.65200E-03  0.65233E-03  0.65123E-03  0.64765E-03
  0.92077E+00  0.25240E+02
  0.11584E+03  0.93354E+02  0.49961E+02  0.20454E+02  0.88216E+01  0.49649E+01
  0.31945E+01  0.20595E+01  0.13686E+01  0.96757E+00  0.70446E+00  0.40973E+00
  0.25436E+00  0.16911E+00  0.11599E+00  0.84172E-01  0.62432E-01  0.48290E-01
  0.37888E-01  0.30528E-01  0.24839E-01  0.20546E-01  0.17128E-01  0.14430E-01
  0.12248E-01  0.10481E-01  0.90331E-02  0.78384E-02  0.68480E-02  0.60196E-02
  0.53250E-02  0.47362E-02  0.42372E-02  0.38107E-02  0.34443E-02  0.31284E-02
  0.28520E-02  0.26133E-02  0.24033E-02  0.22213E-02  0.20579E-02  0.19141E-02
  0.17848E-02  0.16701E-02  0.15692E-02  0.14762E-02  0.13951E-02  0.13190E-02
  0.12504E-02  0.11900E-02  0.11327E-02  0.10828E-02  0.10359E-02  0.99297E-03
  0.95466E-03  0.91789E-03  0.88396E-03  0.85393E-03  0.82505E-03  0.79925E-03
  0.77534E-03  0.75252E-03  0.73167E-03  0.71280E-03  0.69437E-03  0.67711E-03
  0.66174E-03  0.64756E-03  0.63392E-03  0.62134E-03  0.60975E-03  0.59883E-03
  0.58843E-03  0.57875E-03  0.56970E-03  0.56161E-03  0.55381E-03  0.54690E-03
  0.54036E-03  0.53436E-03  0.52900E-03  0.52397E-03  0.51953E-03  0.51507E-03
  0.51150E-03  0.50759E-03  0.50426E-03  0.50134E-03  0.49835E-03  0.49658E-03
  0.49450E-03  0.49286E-03  0.49223E-03  0.49115E-03  0.49068E-03  0.49307E-03
  0.84872E+00  0.27383E+02
  0.11810E+03  0.93067E+02  0.46932E+02  0.18174E+02  0.78969E+01  0.45634E+01
  0.29031E+01  0.18355E+01  0.12237E+01  0.86460E+00  0.62836E+00  0.36687E+00
  0.22578E+00  0.15007E+00  0.10302E+00  0.74409E-01  0.55548E-01  0.42611E-01
  0.33587E-01  0.26837E-01  0.21861E-01  0.17958E-01  0.14943E-01  0.12532E-01
  0.10607E-01  0.90488E-02  0.77783E-02  0.67348E-02  0.58725E-02  0.51534E-02
  0.45526E-02  0.40435E-02  0.36138E-02  0.32469E-02  0.29310E-02  0.26600E-02
  0.24229E-02  0.22177E-02  0.20378E-02  0.18805E-02  0.17399E-02  0.16169E-02
  0.15057E-02  0.14075E-02  0.13203E-02  0.12406E-02  0.11700E-02  0.11034E-02
  0.10456E-02  0.99193E-03  0.94412E-03  0.90059E-03  0.85809E-03  0.82192E-03
  0.78760E-03  0.75583E-03  0.72806E-03  0.70023E-03  0.67604E-03  0.65354E-03
  0.63152E-03  0.61168E-03  0.59439E-03  0.57689E-03  0.56111E-03  0.54696E-03
  0.53333E-03  0.51986E-03  0.50812E-03  0.49726E-03  0.48686E-03  0.47693E-03
  0.46840E-03  0.46040E-03  0.45266E-03  0.44522E-03  0.43839E-03  0.43220E-03
  0.42658E-03  0.42124E-03  0.41613E-03  0.41136E-03  0.40714E-03  0.40338E-03
  0.40020E-03  0.39731E-03  0.39493E-03  0.39242E-03  0.39037E-03  0.38828E-03
  0.38637E-03  0.38499E-03  0.38369E-03  0.38288E-03  0.38268E-03  0.38135E-03
  0.78841E+00  0.29478E+02
  0.12668E+03  0.89411E+02  0.34319E+02  0.11331E+02  0.55084E+01  0.32314E+01
  0.18619E+01  0.11699E+01  0.79135E+00  0.55666E+00  0.40614E+00  0.23099E+00
  0.14158E+00  0.92939E-01  0.63872E-01  0.45677E-01  0.33919E-01  0.25798E-01
  0.19990E-01  0.15783E-01  0.12638E-01  0.10241E-01  0.84036E-02  0.69697E-02
  0.58377E-02  0.49409E-02  0.42184E-02  0.36314E-02  0.31509E-02  0.27535E-02
  0.24221E-02  0.21445E-02  0.19091E-02  0.17086E-02  0.15374E-02  0.13887E-02
  0.12610E-02  0.11490E-02  0.10498E-02  0.96443E-03  0.88747E-03  0.82071E-03
  0.75964E-03  0.70514E-03  0.65777E-03  0.61361E-03  0.57595E-03  0.53797E-03
  0.50771E-03  0.47774E-03  0.45250E-03  0.42642E-03  0.40511E-03  0.38391E-03
  0.36711E-03  0.34856E-03  0.33397E-03  0.31925E-03  0.30452E-03  0.29377E-03
  0.28158E-03  0.27155E-03  0.26211E-03  0.25206E-03  0.24421E-03  0.23584E-03
  0.22894E-03  0.22277E-03  0.21597E-03  0.21010E-03  0.20564E-03  0.20009E-03
  0.19435E-03  0.19087E-03  0.18703E-03  0.18262E-03  0.17929E-03  0.17677E-03
  0.17403E-03  0.17120E-03  0.16793E-03  0.16513E-03  0.16339E-03  0.16218E-03
  0.16041E-03  0.15844E-03  0.15652E-03  0.15477E-03  0.15441E-03  0.15349E-03
  0.15343E-03  0.15253E-03  0.15299E-03  0.15258E-03  0.15344E-03  0.15049E-03
  0.59144E+00  0.39295E+02
  0.13273E+03  0.84083E+02  0.25651E+02  0.83853E+01  0.43842E+01  0.23349E+01
  0.13358E+01  0.85619E+00  0.57381E+00  0.40221E+00  0.29053E+00  0.16346E+00
  0.99714E-01  0.64777E-01  0.44183E-01  0.31365E-01  0.23004E-01  0.17302E-01
  0.13273E-01  0.10359E-01  0.82123E-02  0.66103E-02  0.53923E-02  0.44513E-02
  0.37159E-02  0.31343E-02  0.26682E-02  0.22910E-02  0.19829E-02  0.17290E-02
  0.15174E-02  0.13392E-02  0.11884E-02  0.10602E-02  0.95067E-03  0.85583E-03
  0.77343E-03  0.70230E-03  0.63978E-03  0.58420E-03  0.53619E-03  0.49286E-03
  0.45446E-03  0.42089E-03  0.39017E-03  0.36189E-03  0.33874E-03  0.31567E-03
  0.29582E-03  0.27778E-03  0.25999E-03  0.24711E-03  0.23218E-03  0.22017E-03
  0.20782E-03  0.19847E-03  0.18842E-03  0.17968E-03  0.17137E-03  0.16404E-03
  0.15688E-03  0.15149E-03  0.14440E-03  0.14027E-03  0.13357E-03  0.13006E-03
  0.12562E-03  0.12127E-03  0.11875E-03  0.11408E-03  0.11094E-03  0.10829E-03
  0.10543E-03  0.10288E-03  0.10094E-03  0.98620E-04  0.95972E-04  0.94818E-04
  0.93300E-04  0.91047E-04  0.89053E-04  0.88399E-04  0.87199E-04  0.86635E-04
  0.85169E-04  0.83519E-04  0.82788E-04  0.82862E-04  0.81975E-04  0.81871E-04
  0.81212E-04  0.80416E-04  0.80926E-04  0.79057E-04  0.80882E-04  0.75022E-04
  0.48028E+00  0.48390E+02
  0.13737E+03  0.78273E+02  0.19871E+02  0.69160E+01  0.35325E+01  0.17736E+01
  0.10482E+01  0.66284E+00  0.44360E+00  0.30903E+00  0.22235E+00  0.12378E+00
  0.74671E-01  0.48053E-01  0.32524E-01  0.22916E-01  0.16645E-01  0.12411E-01
  0.94508E-02  0.73327E-02  0.57886E-02  0.46410E-02  0.37722E-02  0.31100E-02
  0.25896E-02  0.21805E-02  0.18522E-02  0.15865E-02  0.13703E-02  0.11922E-02
  0.10441E-02  0.91872E-03  0.81278E-03  0.72283E-03  0.64605E-03  0.57979E-03
  0.52246E-03  0.47270E-03  0.42940E-03  0.39086E-03  0.35716E-03  0.32792E-03
  0.30164E-03  0.27768E-03  0.25665E-03  0.23854E-03  0.22162E-03  0.20608E-03
  0.19308E-03  0.18062E-03  0.16888E-03  0.15943E-03  0.14970E-03  0.14174E-03
  0.13447E-03  0.12659E-03  0.12074E-03  0.11440E-03  0.10979E-03  0.10412E-03
  0.99903E-04  0.95604E-04  0.91601E-04  0.88312E-04  0.84779E-04  0.81637E-04
  0.78922E-04  0.76139E-04  0.74291E-04  0.71431E-04  0.69763E-04  0.67641E-04
  0.64761E-04  0.64716E-04  0.62692E-04  0.61017E-04  0.59775E-04  0.59131E-04
  0.56831E-04  0.56027E-04  0.55747E-04  0.54994E-04  0.53502E-04  0.52339E-04
  0.52768E-04  0.52244E-04  0.51426E-04  0.50610E-04  0.50156E-04  0.49833E-04
  0.49346E-04  0.50043E-04  0.48940E-04  0.49154E-04  0.50139E-04  0.47313E-04
  0.40726E+00  0.57066E+02
  0.14119E+03  0.72501E+02  0.16023E+02  0.60111E+01  0.28452E+01  0.14385E+01
  0.85240E+00  0.53523E+00  0.35724E+00  0.24733E+00  0.17648E+00  0.97133E-01
  0.58140E-01  0.37182E-01  0.25009E-01  0.17489E-01  0.12622E-01  0.93507E-02
  0.70875E-02  0.54822E-02  0.43175E-02  0.34540E-02  0.28053E-02  0.23044E-02
  0.19170E-02  0.16125E-02  0.13654E-02  0.11680E-02  0.10065E-02  0.87314E-03
  0.76349E-03  0.66997E-03  0.59109E-03  0.52481E-03  0.46766E-03  0.41844E-03
  0.37612E-03  0.33953E-03  0.30760E-03  0.27957E-03  0.25490E-03  0.23331E-03
  0.21422E-03  0.19706E-03  0.18164E-03  0.16814E-03  0.15636E-03  0.14536E-03
  0.13532E-03  0.12646E-03  0.11864E-03  0.11131E-03  0.10437E-03  0.98854E-04
  0.93187E-04  0.88079E-04  0.84221E-04  0.79199E-04  0.75696E-04  0.72445E-04
  0.68621E-04  0.66191E-04  0.62683E-04  0.60853E-04  0.58173E-04  0.56440E-04
  0.53767E-04  0.52491E-04  0.50187E-04  0.49195E-04  0.47074E-04  0.46190E-04
  0.44838E-04  0.43354E-04  0.42853E-04  0.41062E-04  0.40676E-04  0.40295E-04
  0.38826E-04  0.38133E-04  0.37360E-04  0.36973E-04  0.36217E-04  0.35457E-04
  0.35622E-04  0.35135E-04  0.34702E-04  0.34396E-04  0.33518E-04  0.33317E-04
  0.33715E-04  0.33192E-04  0.32660E-04  0.33586E-04  0.33349E-04  0.31424E-04
  0.35454E+00  0.65551E+02