  0.74598E+01  0.74532E+01  0.74331E+01  0.73997E+01  0.73532E+01  0.72940E+01
  0.72224E+01  0.71388E+01  0.70438E+01  0.69379E+01  0.68217E+01  0.65615E+01
  0.62690E+01  0.59508E+01  0.56136E+01  0.52641E+01  0.49088E+01  0.45538E+01
  0.42046E+01  0.38658E+01  0.35413E+01  0.32342E+01  0.29463E+01  0.26790E+01
  0.24326E+01  0.22067E+01  0.20005E+01  0.18127E+01  0.16416E+01  0.14855E+01
  0.13426E+01  0.12113E+01  0.10901E+01  0.97784E+00  0.87362E+00  0.77693E+00
  0.68757E+00  0.60561E+00  0.53137E+00  0.46534E+00  0.40810E+00  0.36023E+00
  0.32222E+00  0.29445E+00  0.27706E+00  0.26992E+00  0.27262E+00  0.28443E+00
  0.30429E+00  0.33090E+00  0.36266E+00  0.39783E+00  0.43452E+00  0.47081E+00
  0.50483E+00  0.53483E+00  0.55928E+00  0.57694E+00  0.58693E+00  0.58879E+00
  0.58250E+00  0.56852E+00  0.54781E+00  0.52177E+00  0.49226E+00  0.46149E+00
  0.43201E+00  0.40659E+00  0.38815E+00  0.37963E+00  0.38393E+00  0.40375E+00
  0.44154E+00  0.49935E+00  0.57879E+00  0.68090E+00  0.80616E+00  0.95436E+00
  0.11247E+01  0.13156E+01  0.15249E+01  0.17498E+01  0.19869E+01  0.22325E+01
  0.24823E+01  0.27317E+01  0.29761E+01  0.32107E+01  0.34309E+01  0.36321E+01
  0.38102E+01  0.39614E+01  0.40825E+01  0.41709E+01  0.42247E+01  0.42428E+01
  0.14934E+02  0.12072E+01
  0.21911E+02  0.21870E+02  0.21749E+02  0.21549E+02  0.21271E+02  0.20919E+02
  0.20498E+02  0.20010E+02  0.19463E+02  0.18861E+02  0.18211E+02  0.16792E+02
  0.15261E+02  0.13674E+02  0.12083E+02  0.10535E+02  0.90702E+01  0.77182E+01
  0.65000E+01  0.54269E+01  0.45014E+01  0.37189E+01  0.30689E+01  0.25372E+01
  0.21072E+01  0.17620E+01  0.14850E+01  0.12618E+01  0.10801E+01  0.93000E+00
  0.80441E+00  0.69838E+00  0.60886E+00  0.53420E+00  0.47359E+00  0.42668E+00
  0.39317E+00  0.37254E+00  0.36390E+00  0.36596E+00  0.37702E+00  0.39508E+00
  0.41795E+00  0.44345E+00  0.46948E+00  0.49416E+00  0.51594E+00  0.53363E+00
  0.54640E+00  0.55382E+00  0.55573E+00  0.55230E+00  0.54387E+00  0.53091E+00
  0.51398E+00  0.49365E+00  0.47049E+00  0.44500E+00  0.41764E+00  0.38878E+00
  0.35878E+00  0.32791E+00  0.29645E+00  0.26468E+00  0.23288E+00  0.20139E+00
  0.17057E+00  0.14084E+00  0.11266E+00  0.86527E-01  0.62967E-01  0.42510E-01
  0.25673E-01  0.12933E-01  0.47087E-02  0.13329E-02  0.30366E-02  0.99303E-02
  0.21992E-01  0.39059E-01  0.60828E-01  0.86852E-01  0.11656E+00  0.14925E+00
  0.18413E+00  0.22033E+00  0.25693E+00  0.29297E+00  0.32750E+00  0.35959E+00
  0.38839E+00  0.41311E+00  0.43308E+00  0.44775E+00  0.45671E+00  0.45972E+00
  0.15443E+02  0.11675E+01
  0.25240E+02  0.25176E+02  0.24985E+02  0.24670E+02  0.24235E+02  0.23688E+02
  0.23037E+02  0.22293E+02  0.21465E+02  0.20566E+02  0.19608E+02  0.17570E+02
  0.15453E+02  0.13352E+02  0.11348E+02  0.95034E+01  0.78583E+01  0.64326E+01
  0.52273E+01  0.42289E+01  0.34140E+01  0.27539E+01  0.22192E+01  0.17830E+01
  0.14232E+01  0.11232E+01  0.87239E+00  0.66458E+00  0.49712E+00  0.36916E+00
  0.28028E+00  0.22934E+00  0.21378E+00  0.22932E+00  0.27012E+00  0.32910E+00
  0.39861E+00  0.47101E+00  0.53931E+00  0.59766E+00  0.64165E+00  0.66850E+00
  0.67704E+00  0.66757E+00  0.64160E+00  0.60157E+00  0.55053E+00  0.49182E+00
  0.42876E+00  0.36452E+00  0.30184E+00  0.24302E+00  0.18978E+00  0.14331E+00
  0.10427E+00  0.72842E-01  0.48796E-01  0.31580E-01  0.20395E-01  0.14278E-01
  0.12178E-01  0.13025E-01  0.15790E-01  0.19535E-01  0.23456E-01  0.26913E-01
  0.29447E-01  0.30800E-01  0.30906E-01  0.29893E-01  0.28064E-01  0.25875E-01
  0.23904E-01  0.22818E-01  0.23332E-01  0.26169E-01  0.32013E-01  0.41470E-01
  0.55027E-01  0.73020E-01  0.95599E-01  0.12272E+00  0.15411E+00  0.18931E+00
  0.22764E+00  0.26824E+00  0.31008E+00  0.35204E+00  0.39291E+00  0.43147E+00
  0.46652E+00  0.49692E+00  0.52169E+00  0.54001E+00  0.55125E+00  0.55503E+00
  0.12975E+02  0.13896E+01
  0.26448E+02  0.26359E+02  0.26093E+02  0.25656E+02  0.25057E+02  0.24307E+02
  0.23424E+02  0.22423E+02  0.21324E+02  0.20148E+02  0.18915E+02  0.16364E+02
  0.13826E+02  0.11435E+02  0.92861E+01  0.74366E+01  0.59044E+01  0.46755E+01
  0.37128E+01  0.29671E+01  0.23864E+01  0.19241E+01  0.15432E+01  0.12190E+01
  0.93819E+00  0.69625E+00  0.49444E+00  0.33634E+00  0.22496E+00  0.16085E+00
  0.14123E+00  0.16004E+00  0.20864E+00  0.27696E+00  0.35466E+00  0.43225E+00
  0.50183E+00  0.55758E+00  0.59589E+00  0.61521E+00  0.61577E+00  0.59913E+00
  0.56779E+00  0.52475E+00  0.47323E+00  0.41635E+00  0.35702E+00  0.29779E+00
  0.24084E+00  0.18793E+00  0.14043E+00  0.99362E-01  0.65384E-01  0.38861E-01
  0.19863E-01  0.81992E-02  0.34343E-02  0.49136E-02  0.11789E-01  0.23054E-01
  0.37578E-01  0.54160E-01  0.71573E-01  0.88626E-01  0.10422E+00  0.11738E+00
  0.12736E+00  0.13361E+00  0.13586E+00  0.13410E+00  0.12858E+00  0.11984E+00
  0.10861E+00  0.95799E-01  0.82460E-01  0.69697E-01  0.58619E-01  0.50269E-01
  0.45568E-01  0.45261E-01  0.49870E-01  0.59671E-01  0.74665E-01  0.94584E-01
  0.11890E+00  0.14683E+00  0.17742E+00  0.20953E+00  0.24192E+00  0.27332E+00
  0.30247E+00  0.32816E+00  0.34936E+00  0.36516E+00  0.37491E+00  0.37820E+00
  0.10857E+02  0.16605E+01
  0.32142E+02  0.31930E+02  0.31295E+02  0.30265E+02  0.28880E+02  0.27193E+02
  0.25265E+02  0.23166E+02  0.20965E+02  0.18730E+02  0.16526E+02  0.12422E+02
  0.89724E+01  0.63169E+01  0.44328E+01  0.31861E+01  0.23943E+01  0.18816E+01
  0.15138E+01  0.12104E+01  0.93822E+00  0.69499E+00  0.49140E+00  0.33778E+00
  0.23723E+00  0.18464E+00  0.16921E+00  0.17810E+00  0.19951E+00  0.22447E+00
  0.24725E+00  0.26497E+00  0.27673E+00  0.28273E+00  0.28357E+00  0.27981E+00
  0.27175E+00  0.25942E+00  0.24275E+00  0.22176E+00  0.19681E+00  0.16863E+00
  0.13842E+00  0.10772E+00  0.78279E-01  0.51797E-01  0.29794E-01  0.13438E-01
  0.34678E-02  0.17308E-03  0.34238E-02  0.12735E-01  0.27344E-01  0.46295E-01
  0.68503E-01  0.92822E-01  0.11808E+00  0.14314E+00  0.16691E+00  0.18835E+00
  0.20657E+00  0.22080E+00  0.23042E+00  0.23501E+00  0.23438E+00  0.22854E+00
  0.21773E+00  0.20244E+00  0.18336E+00  0.16137E+00  0.13748E+00  0.11284E+00
  0.88635E-01  0.66060E-01  0.46264E-01  0.30296E-01  0.19061E-01  0.13282E-01
  0.13470E-01  0.19899E-01  0.32601E-01  0.51357E-01  0.75711E-01  0.10499E+00
  0.13830E+00  0.17463E+00  0.21279E+00  0.25155E+00  0.28962E+00  0.32572E+00
  0.35864E+00  0.38726E+00  0.41060E+00  0.42787E+00  0.43848E+00  0.44205E+00
  0.71023E+01  0.25385E+01
  0.36581E+02  0.36231E+02  0.35191E+02  0.33525E+02  0.31323E+02  0.28705E+02
  0.25805E+02  0.22762E+02  0.19708E+02  0.16762E+02  0.14021E+02  0.94067E+01
  0.61082E+01  0.40085E+01  0.27884E+01  0.20931E+01  0.16476E+01  0.12966E+01
  0.98568E+00  0.71636E+00  0.50503E+00  0.35959E+00  0.27405E+00  0.23320E+00
  0.21969E+00  0.21907E+00  0.22181E+00  0.22312E+00  0.22168E+00  0.21803E+00
  0.21315E+00  0.20750E+00  0.20069E+00  0.19179E+00  0.17981E+00  0.16428E+00
  0.14548E+00  0.12441E+00  0.10244E+00  0.80994E-01  0.61293E-01  0.44195E-01
  0.30212E-01  0.19596E-01  0.12434E-01  0.87344E-02  0.84589E-02  0.11522E-01
  0.17757E-01  0.26884E-01  0.38477E-01  0.51970E-01  0.66674E-01  0.81824E-01
  0.96630E-01  0.11034E+00  0.12228E+00  0.13189E+00  0.13876E+00  0.14261E+00
  0.14330E+00  0.14085E+00  0.13540E+00  0.12719E+00  0.11661E+00  0.10412E+00
  0.90271E-01  0.75702E-01  0.61098E-01  0.47180E-01  0.34683E-01  0.24329E-01
  0.16798E-01  0.12706E-01  0.12577E-01  0.16820E-01  0.25717E-01  0.39406E-01
  0.57875E-01  0.80957E-01  0.10834E+00  0.13956E+00  0.17402E+00  0.21104E+00
  0.24980E+00  0.28944E+00  0.32904E+00  0.36766E+00  0.40438E+00  0.43830E+00
  0.46857E+00  0.49446E+00  0.51530E+00  0.53057E+00  0.53989E+00  0.54302E+00
  0.56689E+01  0.31804E+01
  0.40225E+02  0.39729E+02  0.38262E+02  0.35937E+02  0.32921E+02  0.29417E+02
  0.25650E+02  0.21837E+02  0.18171E+02  0.14806E+02  0.11849E+02  0.73278E+01
  0.45473E+01  0.30279E+01  0.22148E+01  0.17034E+01  0.12967E+01  0.94691E+00
  0.66711E+00  0.47119E+00  0.35354E+00  0.29369E+00  0.26763E+00  0.25576E+00
  0.24606E+00  0.23385E+00  0.21937E+00  0.20480E+00  0.19172E+00  0.18006E+00
  0.16854E+00  0.15575E+00  0.14105E+00  0.12478E+00  0.10792E+00  0.91578E-01
  0.76548E-01  0.63220E-01  0.51656E-01  0.41786E-01  0.33575E-01  0.27105E-01
  0.22551E-01  0.20097E-01  0.19835E-01  0.21708E-01  0.25493E-01  0.30845E-01
  0.37351E-01  0.44587E-01  0.52153E-01  0.59682E-01  0.66838E-01  0.73306E-01
  0.78787E-01  0.83002E-01  0.85706E-01  0.86705E-01  0.85882E-01  0.83206E-01
  0.78743E-01  0.72658E-01  0.65203E-01  0.56711E-01  0.47570E-01  0.38217E-01
  0.29110E-01  0.20722E-01  0.13520E-01  0.79567E-02  0.44565E-02  0.34040E-02
  0.51327E-02  0.99143E-02  0.17949E-01  0.29357E-01  0.44172E-01  0.62339E-01
  0.83709E-01  0.10804E+00  0.13501E+00  0.16421E+00  0.19516E+00  0.22732E+00
  0.26011E+00  0.29290E+00  0.32506E+00  0.35594E+00  0.38492E+00  0.41140E+00
  0.43484E+00  0.45474E+00  0.47067E+00  0.48230E+00  0.48938E+00  0.49175E+00
  0.48745E+01  0.36987E+01
  0.43393E+02  0.42742E+02  0.40830E+02  0.37834E+02  0.34012E+02  0.29675E+02
  0.25144E+02  0.20717E+02  0.16636E+02  0.13068E+02  0.10098E+02  0.59464E+01
  0.36981E+01  0.25615E+01  0.19053E+01  0.14144E+01  0.10087E+01  0.69912E+00
  0.49531E+00  0.38149E+00  0.32683E+00  0.30065E+00  0.28148E+00  0.25964E+00
  0.23474E+00  0.21042E+00  0.18956E+00  0.17232E+00  0.15700E+00  0.14190E+00
  0.12643E+00  0.11109E+00  0.96755E-01  0.84036E-01  0.73019E-01  0.63403E-01
  0.54812E-01  0.47060E-01  0.40228E-01  0.34578E-01  0.30370E-01  0.27730E-01
  0.26608E-01  0.26825E-01  0.28150E-01  0.30362E-01  0.33271E-01  0.36703E-01
  0.40476E-01  0.44379E-01  0.48163E-01  0.51569E-01  0.54348E-01  0.56294E-01
  0.57260E-01  0.57163E-01  0.55981E-01  0.53739E-01  0.50502E-01  0.46369E-01
  0.41471E-01  0.35975E-01  0.30079E-01  0.24018E-01  0.18057E-01  0.12486E-01
  0.76107E-02  0.37397E-02  0.11747E-02  0.19787E-03  0.10621E-02  0.39830E-02
  0.91321E-02  0.16631E-01  0.26549E-01  0.38896E-01  0.53627E-01  0.70639E-01
  0.89770E-01  0.11081E+00  0.13348E+00  0.15747E+00  0.18242E+00  0.20794E+00
  0.23361E+00  0.25900E+00  0.28366E+00  0.30716E+00  0.32907E+00  0.34898E+00
  0.36651E+00  0.38135E+00  0.39319E+00  0.40183E+00  0.40708E+00  0.40884E+00
  0.43485E+01  0.41460E+01
  0.46195E+02  0.45383E+02  0.43012E+02  0.39338E+02  0.34729E+02  0.29615E+02
  0.24423E+02  0.19523E+02  0.15187E+02  0.11568E+02  0.87102E+01  0.50205E+01
  0.31976E+01  0.22641E+01  0.16467E+01  0.11594E+01  0.79240E+00  0.55447E+00
  0.42469E+00  0.36306E+00  0.33069E+00  0.30236E+00  0.26956E+00  0.23515E+00
  0.20460E+00  0.18016E+00  0.16040E+00  0.14288E+00  0.12629E+00  0.11075E+00
  0.96943E-01  0.85257E-01  0.75449E-01  0.66894E-01  0.59057E-01  0.51786E-01
  0.45287E-01  0.39876E-01  0.35746E-01  0.32871E-01  0.31073E-01  0.30138E-01
  0.29898E-01  0.30255E-01  0.31139E-01  0.32464E-01  0.34095E-01  0.35858E-01
  0.37569E-01  0.39067E-01  0.40231E-01  0.40975E-01  0.41238E-01  0.40971E-01
  0.40129E-01  0.38679E-01  0.36606E-01  0.33928E-01  0.30700E-01  0.27016E-01
  0.23007E-01  0.18832E-01  0.14667E-01  0.10701E-01  0.71271E-02  0.41395E-02
  0.19314E-02  0.69049E-03  0.59568E-03  0.18123E-02  0.44872E-02  0.87430E-02
  0.14673E-01  0.22336E-01  0.31752E-01  0.42905E-01  0.55732E-01  0.70134E-01
  0.85972E-01  0.10307E+00  0.12121E+00  0.14015E+00  0.15963E+00  0.17937E+00
  0.19905E+00  0.21837E+00  0.23701E+00  0.25467E+00  0.27106E+00  0.28589E+00
  0.29891E+00  0.30990E+00  0.31865E+00  0.32502E+00  0.32888E+00  0.33018E+00
  0.39628E+01  0.45496E+01
  0.48695E+02  0.47718E+02  0.44877E+02  0.40524E+02  0.35152E+02  0.29322E+02
  0.23568E+02  0.18319E+02  0.13854E+02  0.10293E+02  0.76142E+01  0.43816E+01
  0.28595E+01  0.20188E+01  0.14122E+01  0.95474E+00  0.65179E+00  0.48392E+00
  0.40380E+00  0.36163E+00  0.32456E+00  0.28246E+00  0.24015E+00  0.20445E+00
  0.17703E+00  0.15530E+00  0.13636E+00  0.11912E+00  0.10390E+00  0.91181E-01
  0.80784E-01  0.71942E-01  0.63925E-01  0.56490E-01  0.49854E-01  0.44345E-01
  0.40086E-01  0.36932E-01  0.34605E-01  0.32866E-01  0.31598E-01  0.30778E-01
  0.30403E-01  0.30420E-01  0.30721E-01  0.31174E-01  0.31663E-01  0.32105E-01
  0.32443E-01  0.32624E-01  0.32587E-01  0.32262E-01  0.31583E-01  0.30505E-01
  0.29015E-01  0.27132E-01  0.24901E-01  0.22386E-01  0.19661E-01  0.16807E-01
  0.13915E-01  0.11085E-01  0.84282E-02  0.60683E-02  0.41373E-02  0.27719E-02
  0.21070E-02  0.22704E-02  0.33782E-02  0.55318E-02  0.88145E-02  0.13289E-01
  0.18998E-01  0.25960E-01  0.34171E-01  0.43601E-01  0.54193E-01  0.65865E-01
  0.78506E-01  0.91983E-01  0.10614E+00  0.12080E+00  0.13577E+00  0.15084E+00
  0.16578E+00  0.18039E+00  0.19442E+00  0.20768E+00  0.21994E+00  0.23100E+00
  0.24069E+00  0.24886E+00  0.25536E+00  0.26009E+00  0.26297E+00  0.26393E+00
  0.36615E+01  0.49239E+01
  0.50944E+02  0.49797E+02  0.46479E+02  0.41449E+02  0.35342E+02  0.28859E+02
  0.22635E+02  0.17143E+02  0.12649E+02  0.92159E+01  0.67471E+01  0.39207E+01
  0.25962E+01  0.17969E+01  0.12106E+01  0.80555E+00  0.56990E+00  0.45460E+00
  0.39738E+00  0.35205E+00  0.30189E+00  0.25181E+00  0.21040E+00  0.17955E+00
  0.15579E+00  0.13551E+00  0.11748E+00  0.10205E+00  0.89500E-01  0.79260E-01
  0.70380E-01  0.62285E-01  0.55038E-01  0.48972E-01  0.44235E-01  0.40633E-01
  0.37796E-01  0.35424E-01  0.33410E-01  0.31784E-01  0.30587E-01  0.29786E-01
  0.29280E-01  0.28950E-01  0.28711E-01  0.28513E-01  0.28322E-01  0.28095E-01
  0.27772E-01  0.27288E-01  0.26596E-01  0.25672E-01  0.24521E-01  0.23158E-01
  0.21602E-01  0.19873E-01  0.17994E-01  0.15995E-01  0.13922E-01  0.11837E-01
  0.98164E-02  0.79478E-02  0.63220E-02  0.50305E-02  0.41622E-02  0.38029E-02
  0.40350E-02  0.49357E-02  0.65761E-02  0.90185E-02  0.12314E-01  0.16501E-01
  0.21600E-01  0.27614E-01  0.34527E-01  0.42304E-01  0.50894E-01  0.60225E-01
  0.70208E-01  0.80739E-01  0.91700E-01  0.10296E+00  0.11438E+00  0.12580E+00
  0.13707E+00  0.14804E+00  0.15855E+00  0.16844E+00  0.17757E+00  0.18580E+00
  0.19299E+00  0.19903E+00  0.20383E+00  0.20731E+00  0.20943E+00  0.21014E+00
  0.34165E+01  0.52771E+01
  0.52980E+02  0.51658E+02  0.47858E+02  0.42157E+02  0.35347E+02  0.28273E+02
  0.21664E+02  0.16020E+02  0.11572E+02  0.83101E+01  0.60567E+01  0.35698E+01
  0.23704E+01  0.15971E+01  0.10478E+01  0.70425E+00  0.52613E+00  0.44209E+00
  0.38708E+00  0.32985E+00  0.27147E+00  0.22277E+00  0.18723E+00  0.16086E+00
  0.13893E+00  0.11967E+00  0.10335E+00  0.90204E-01  0.79486E-01  0.70178E-01
  0.61848E-01  0.54698E-01  0.48993E-01  0.44629E-01  0.41184E-01  0.38237E-01
  0.35609E-01  0.33342E-01  0.31522E-01  0.30143E-01  0.29095E-01  0.28247E-01
  0.27511E-01  0.26851E-01  0.26253E-01  0.25689E-01  0.25110E-01  0.24464E-01
  0.23721E-01  0.22870E-01  0.21913E-01  0.20853E-01  0.19684E-01  0.18399E-01
  0.17001E-01  0.15506E-01  0.13946E-01  0.12368E-01  0.10823E-01  0.93659E-02
  0.80484E-02  0.69239E-02  0.60471E-02  0.54759E-02  0.52704E-02  0.54911E-02
  0.61956E-02  0.74366E-02  0.92589E-02  0.11698E-01  0.14779E-01  0.18518E-01
  0.22919E-01  0.27976E-01  0.33672E-01  0.39976E-01  0.46844E-01  0.54222E-01
  0.62043E-01  0.70228E-01  0.78686E-01  0.87321E-01  0.96027E-01  0.10469E+00
  0.11321E+00  0.12146E+00  0.12933E+00  0.13672E+00  0.14351E+00  0.14962E+00
  0.15495E+00  0.15942E+00  0.16296E+00  0.16552E+00  0.16708E+00  0.16759E+00
  0.32113E+01  0.56143E+01
  0.54834E+02  0.53335E+02  0.49048E+02  0.42685E+02  0.35205E+02  0.27600E+02
  0.20684E+02  0.14964E+02  0.10618E+02  0.75494E+01  0.55019E+01  0.32879E+01
  0.21685E+01  0.14227E+01  0.92255E+00  0.63888E+00  0.50324E+00  0.43137E+00
  0.36755E+00  0.30069E+00  0.24252E+00  0.20013E+00  0.17001E+00  0.14594E+00
  0.12495E+00  0.10711E+00  0.92772E-01  0.81186E-01  0.71252E-01  0.62553E-01
  0.55306E-01  0.49656E-01  0.45302E-01  0.41702E-01  0.38481E-01  0.35597E-01
  0.33175E-01  0.31264E-01  0.29766E-01  0.28516E-01  0.27394E-01  0.26364E-01
  0.25432E-01  0.24589E-01  0.23798E-01  0.23011E-01  0.22198E-01  0.21349E-01
  0.20464E-01  0.19535E-01  0.18549E-01  0.17490E-01  0.16357E-01  0.15165E-01
  0.13938E-01  0.12709E-01  0.11506E-01  0.10354E-01  0.92804E-02  0.83146E-02
  0.74935E-02  0.68596E-02  0.64583E-02  0.63345E-02  0.65302E-02  0.70832E-02
  0.80272E-02  0.93917E-02  0.11202E-01  0.13479E-01  0.16237E-01  0.19481E-01
  0.23211E-01  0.27416E-01  0.32078E-01  0.37169E-01  0.42652E-01  0.48479E-01
  0.54599E-01  0.60949E-01  0.67465E-01  0.74076E-01  0.80707E-01  0.87281E-01
  0.93717E-01  0.99931E-01  0.10584E+00  0.11138E+00  0.11646E+00  0.12102E+00
  0.12499E+00  0.12832E+00  0.13096E+00  0.13287E+00  0.13403E+00  0.13442E+00
  0.30359E+01  0.59386E+01
  0.67485E+02  0.64109E+02  0.54932E+02  0.42643E+02  0.30265E+02  0.20014E+02
  0.12755E+02  0.82135E+01  0.55725E+01  0.40249E+01  0.30300E+01  0.17732E+01
  0.10699E+01  0.73353E+00  0.55679E+00  0.41299E+00  0.30313E+00  0.23650E+00
  0.19214E+00  0.15446E+00  0.12400E+00  0.10211E+00  0.85685E-01  0.72422E-01
  0.61970E-01  0.53786E-01  0.47066E-01  0.41587E-01  0.37261E-01  0.33669E-01
  0.30466E-01  0.27692E-01  0.25417E-01  0.23480E-01  0.21695E-01  0.20057E-01
  0.18630E-01  0.17388E-01  0.16249E-01  0.15180E-01  0.14202E-01  0.13323E-01
  0.12523E-01  0.11783E-01  0.11100E-01  0.10478E-01  0.99119E-02  0.93966E-02
  0.89333E-02  0.85246E-02  0.81689E-02  0.78616E-02  0.76014E-02  0.73917E-02
  0.72371E-02  0.71379E-02  0.70908E-02  0.70931E-02  0.71448E-02  0.72478E-02
  0.74036E-02  0.76115E-02  0.78684E-02  0.81711E-02  0.85185E-02  0.89097E-02
  0.93423E-02  0.98132E-02  0.10320E-01  0.10859E-01  0.11427E-01  0.12020E-01
  0.12633E-01  0.13263E-01  0.13906E-01  0.14557E-01  0.15212E-01  0.15866E-01
  0.16517E-01  0.17157E-01  0.17784E-01  0.18394E-01  0.18982E-01  0.19545E-01
  0.20077E-01  0.20575E-01  0.21038E-01  0.21461E-01  0.21841E-01  0.22176E-01
  0.22462E-01  0.22699E-01  0.22886E-01  0.23021E-01  0.23101E-01  0.23128E-01
  0.20571E+01  0.87643E+01
  0.75069E+02  0.69714E+02  0.55858E+02  0.39048E+02  0.24430E+02  0.14395E+02
  0.86148E+01  0.55701E+01  0.39006E+01  0.28493E+01  0.21071E+01  0.11964E+01
  0.78177E+00  0.54086E+00  0.37093E+00  0.27480E+00  0.21183E+00  0.16054E+00
  0.12517E+00  0.10105E+00  0.81886E-01  0.67364E-01  0.56715E-01  0.48343E-01
  0.41729E-01  0.36440E-01  0.32064E-01  0.28510E-01  0.25539E-01  0.22926E-01
  0.20711E-01  0.18850E-01  0.17178E-01  0.15683E-01  0.14407E-01  0.13285E-01
  0.12258E-01  0.11347E-01  0.10555E-01  0.98438E-02  0.91967E-02  0.86218E-02
  0.81136E-02  0.76579E-02  0.72502E-02  0.68894E-02  0.65708E-02  0.62900E-02
  0.60444E-02  0.58315E-02  0.56484E-02  0.54928E-02  0.53635E-02  0.52591E-02
  0.51770E-02  0.51159E-02  0.50750E-02  0.50532E-02  0.50488E-02  0.50594E-02
  0.50840E-02  0.51225E-02  0.51734E-02  0.52361E-02  0.53098E-02  0.53920E-02
  0.54813E-02  0.55788E-02  0.56838E-02  0.57932E-02  0.59059E-02  0.60220E-02
  0.61407E-02  0.62608E-02  0.63819E-02  0.65040E-02  0.66253E-02  0.67432E-02
  0.68578E-02  0.69704E-02  0.70797E-02  0.71845E-02  0.72854E-02  0.73817E-02
  0.74714E-02  0.75546E-02  0.76323E-02  0.77040E-02  0.77675E-02  0.78216E-02
  0.78678E-02  0.79072E-02  0.79373E-02  0.79566E-02  0.79667E-02  0.79699E-02
  0.16136E+01  0.11173E+02
  0.80491E+02  0.73110E+02  0.54913E+02  0.34856E+02  0.19686E+02  0.10876E+02
  0.65105E+01  0.43364E+01  0.30684E+01  0.22076E+01  0.16029E+01  0.93824E+00
  0.60489E+00  0.39691E+00  0.28587E+00  0.20884E+00  0.15363E+00  0.11908E+00
  0.92970E-01  0.73897E-01  0.60623E-01  0.50279E-01  0.42405E-01  0.36323E-01
  0.31420E-01  0.27448E-01  0.24134E-01  0.21397E-01  0.19077E-01  0.17055E-01
  0.15356E-01  0.13883E-01  0.12576E-01  0.11460E-01  0.10483E-01  0.96087E-02
  0.88510E-02  0.81867E-02  0.75892E-02  0.70631E-02  0.66023E-02  0.61897E-02
  0.58224E-02  0.54987E-02  0.52101E-02  0.49528E-02  0.47248E-02  0.45229E-02
  0.43441E-02  0.41863E-02  0.40475E-02  0.39256E-02  0.38191E-02  0.37264E-02
  0.36463E-02  0.35784E-02  0.35208E-02  0.34725E-02  0.34335E-02  0.34027E-02
  0.33785E-02  0.33600E-02  0.33475E-02  0.33412E-02  0.33405E-02  0.33446E-02
  0.33507E-02  0.33593E-02  0.33728E-02  0.33892E-02  0.34076E-02  0.34286E-02
  0.34502E-02  0.34721E-02  0.34955E-02  0.35203E-02  0.35449E-02  0.35690E-02
  0.35951E-02  0.36214E-02  0.36450E-02  0.36682E-02  0.36913E-02  0.37134E-02
  0.37341E-02  0.37525E-02  0.37699E-02  0.37865E-02  0.38024E-02  0.38171E-02
  0.38276E-02  0.38362E-02  0.38462E-02  0.38524E-02  0.38531E-02  0.38527E-02
  0.13496E+01  0.13359E+02
  0.84700E+02  0.75274E+02  0.53107E+02  0.30855E+02  0.16106E+02  0.86870E+01
  0.53288E+01  0.36137E+01  0.25310E+01  0.17844E+01  0.12940E+01  0.76658E+00
  0.47498E+00  0.32362E+00  0.22724E+00  0.16242E+00  0.12257E+00  0.92814E-01
  0.72943E-01  0.58657E-01  0.47863E-01  0.40009E-01  0.33784E-01  0.28899E-01
  0.24964E-01  0.21743E-01  0.19057E-01  0.16809E-01  0.14917E-01  0.13281E-01
  0.11904E-01  0.10711E-01  0.96684E-02  0.87809E-02  0.79989E-02  0.73163E-02
  0.67253E-02  0.62013E-02  0.57418E-02  0.53370E-02  0.49753E-02  0.46572E-02
  0.43758E-02  0.41247E-02  0.39020E-02  0.37032E-02  0.35255E-02  0.33663E-02
  0.32239E-02  0.30967E-02  0.29832E-02  0.28819E-02  0.27914E-02  0.27108E-02
  0.26385E-02  0.25745E-02  0.25177E-02  0.24666E-02  0.24215E-02  0.23822E-02
  0.23479E-02  0.23177E-02  0.22897E-02  0.22662E-02  0.22482E-02  0.22313E-02
  0.22161E-02  0.22040E-02  0.21936E-02  0.21864E-02  0.21814E-02  0.21762E-02
  0.21716E-02  0.21689E-02  0.21680E-02  0.21690E-02  0.21696E-02  0.21701E-02
  0.21728E-02  0.21744E-02  0.21748E-02  0.21770E-02  0.21810E-02  0.21846E-02
  0.21866E-02  0.21904E-02  0.21943E-02  0.21958E-02  0.21979E-02  0.22010E-02
  0.22024E-02  0.22040E-02  0.22045E-02  0.22016E-02  0.22044E-02  0.22092E-02
  0.11707E+01  0.15401E+02
  0.88136E+02  0.76659E+02  0.50894E+02  0.27281E+02  0.13456E+02  0.72779E+01
  0.45810E+01  0.31097E+01  0.21326E+01  0.14872E+01  0.10882E+01  0.63240E+00
  0.39706E+00  0.26914E+00  0.18456E+00  0.13483E+00  0.99271E-01  0.76342E-01
  0.59958E-01  0.48177E-01  0.39621E-01  0.32950E-01  0.27861E-01  0.23756E-01
  0.20453E-01  0.17737E-01  0.15487E-01  0.13591E-01  0.12009E-01  0.10653E-01
  0.95048E-02  0.85224E-02  0.76709E-02  0.69441E-02  0.63096E-02  0.57599E-02
  0.52799E-02  0.48584E-02  0.44897E-02  0.41651E-02  0.38774E-02  0.36235E-02
  0.33982E-02  0.31965E-02  0.30163E-02  0.28569E-02  0.27129E-02  0.25836E-02
  0.24686E-02  0.23649E-02  0.22709E-02  0.21866E-02  0.21104E-02  0.20410E-02
  0.19785E-02  0.19220E-02  0.18710E-02  0.18248E-02  0.17828E-02  0.17445E-02
  0.17104E-02  0.16793E-02  0.16503E-02  0.16244E-02  0.16016E-02  0.15811E-02
  0.15620E-02  0.15431E-02  0.15283E-02  0.15154E-02  0.15022E-02  0.14905E-02
  0.14791E-02  0.14702E-02  0.14624E-02  0.14547E-02  0.14485E-02  0.14428E-02
  0.14360E-02  0.14309E-02  0.14268E-02  0.14233E-02  0.14206E-02  0.14180E-02
  0.14154E-02  0.14134E-02  0.14109E-02  0.14085E-02  0.14097E-02  0.14068E-02
  0.14052E-02  0.14073E-02  0.14046E-02  0.14026E-02  0.14057E-02  0.14084E-02
  0.10394E+01  0.17346E+02
  0.91036E+02  0.77510E+02  0.48506E+02  0.24179E+02  0.11495E+02  0.63259E+01
  0.40513E+01  0.27140E+01  0.18232E+01  0.12729E+01  0.93454E+00  0.53576E+00
  0.34240E+00  0.22513E+00  0.15738E+00  0.11270E+00  0.83956E-01  0.64395E-01
  0.50664E-01  0.40880E-01  0.33456E-01  0.27885E-01  0.23449E-01  0.19952E-01
  0.17099E-01  0.14766E-01  0.12836E-01  0.11223E-01  0.98713E-02  0.87321E-02
  0.77622E-02  0.69410E-02  0.62321E-02  0.56275E-02  0.51029E-02  0.46478E-02
  0.42526E-02  0.39079E-02  0.36043E-02  0.33385E-02  0.31037E-02  0.28940E-02
  0.27095E-02  0.25439E-02  0.23980E-02  0.22664E-02  0.21475E-02  0.20415E-02
  0.19450E-02  0.18577E-02  0.17802E-02  0.17090E-02  0.16440E-02  0.15857E-02
  0.15322E-02  0.14832E-02  0.14387E-02  0.13979E-02  0.13604E-02  0.13264E-02
  0.12950E-02  0.12663E-02  0.12399E-02  0.12155E-02  0.11926E-02  0.11720E-02
  0.11534E-02  0.11355E-02  0.11191E-02  0.11038E-02  0.10908E-02  0.10785E-02
  0.10658E-02  0.10551E-02  0.10448E-02  0.10360E-02  0.10279E-02  0.10199E-02
  0.10130E-02  0.10055E-02  0.99891E-03  0.99444E-03  0.98934E-03  0.98462E-03
  0.98174E-03  0.97744E-03  0.97433E-03  0.97132E-03  0.96887E-03  0.96716E-03
  0.96474E-03  0.96547E-03  0.96399E-03  0.96185E-03  0.96282E-03  0.96198E-03
  0.93812E+00  0.19218E+02
  0.93532E+02  0.77969E+02  0.46069E+02  0.21528E+02  0.10031E+02  0.56472E+01
  0.36375E+01  0.23847E+01  0.15827E+01  0.11111E+01  0.81255E+00  0.46767E+00
  0.29621E+00  0.19443E+00  0.13555E+00  0.96796E-01  0.72454E-01  0.55414E-01
  0.43823E-01  0.35182E-01  0.28854E-01  0.23910E-01  0.20082E-01  0.16996E-01
  0.14515E-01  0.12482E-01  0.10807E-01  0.94190E-02  0.82554E-02  0.72835E-02
  0.64576E-02  0.57599E-02  0.51623E-02  0.46518E-02  0.42101E-02  0.38311E-02
  0.34997E-02  0.32112E-02  0.29579E-02  0.27352E-02  0.25381E-02  0.23647E-02
  0.22115E-02  0.20731E-02  0.19504E-02  0.18388E-02  0.17392E-02  0.16510E-02
  0.15696E-02  0.14973E-02  0.14307E-02  0.13689E-02  0.13151E-02  0.12642E-02
  0.12180E-02  0.11762E-02  0.11373E-02  0.11017E-02  0.10694E-02  0.10389E-02
  0.10108E-02  0.98521E-03  0.96149E-03  0.93942E-03  0.91916E-03  0.90016E-03
  0.88266E-03  0.86636E-03  0.85132E-03  0.83693E-03  0.82374E-03  0.81181E-03
  0.80074E-03  0.79000E-03  0.78022E-03  0.77120E-03  0.76309E-03  0.75534E-03
  0.74866E-03  0.74175E-03  0.73518E-03  0.73003E-03  0.72464E-03  0.72019E-03
  0.71558E-03  0.71245E-03  0.70823E-03  0.70559E-03  0.70333E-03  0.70011E-03
  0.69886E-03  0.69825E-03  0.69577E-03  0.69669E-03  0.69505E-03  0.69173E-03
  0.85759E+00  0.21023E+02
  0.95728E+02  0.78141E+02  0.43663E+02  0.19278E+02  0.89232E+01  0.51355E+01
  0.32895E+01  0.21078E+01  0.13952E+01  0.98298E+00  0.71544E+00  0.41562E+00
  0.25835E+00  0.17166E+00  0.11771E+00  0.85175E-01  0.63117E-01  0.48738E-01
  0.38253E-01  0.30824E-01  0.25113E-01  0.20800E-01  0.17373E-01  0.14661E-01
  0.12466E-01  0.10684E-01  0.92209E-02  0.80110E-02  0.70060E-02  0.61640E-02
  0.54565E-02  0.48564E-02  0.43468E-02  0.39111E-02  0.35363E-02  0.32132E-02
  0.29300E-02  0.26858E-02  0.24707E-02  0.22845E-02  0.21170E-02  0.19699E-02
  0.18375E-02  0.17203E-02  0.16171E-02  0.15220E-02  0.14392E-02  0.13616E-02
  0.12917E-02  0.12301E-02  0.11718E-02  0.11209E-02  0.10732E-02  0.10297E-02
  0.99073E-03  0.95346E-03  0.91911E-03  0.88865E-03  0.85950E-03  0.83335E-03
  0.80918E-03  0.78624E-03  0.76521E-03  0.74603E-03  0.72756E-03  0.71032E-03
  0.69478E-03  0.68038E-03  0.66683E-03  0.65423E-03  0.64250E-03  0.63152E-03
  0.62112E-03  0.61154E-03  0.60247E-03  0.59439E-03  0.58641E-03  0.57958E-03
  0.57312E-03  0.56712E-03  0.56178E-03  0.55667E-03  0.55220E-03  0.54767E-03
  0.54426E-03  0.54033E-03  0.53703E-03  0.53415E-03  0.53111E-03  0.52953E-03
  0.52734E-03  0.52556E-03  0.52501E-03  0.52372E-03  0.52325E-03  0.52629E-03
  0.79175E+00  0.22771E+02
  0.97688E+02  0.78095E+02  0.41333E+02  0.17376E+02  0.80705E+01  0.47271E+01
  0.29841E+01  0.18767E+01  0.12465E+01  0.87855E+00  0.63840E+00  0.37188E+00
  0.22936E+00  0.15221E+00  0.10444E+00  0.75275E-01  0.56134E-01  0.43053E-01
  0.33938E-01  0.27153E-01  0.22146E-01  0.18228E-01  0.15195E-01  0.12766E-01
  0.10823E-01  0.92462E-02  0.79579E-02  0.68975E-02  0.60195E-02  0.52862E-02
  0.46725E-02  0.41521E-02  0.37123E-02  0.33367E-02  0.30129E-02  0.27353E-02
  0.24921E-02  0.22817E-02  0.20973E-02  0.19361E-02  0.17920E-02  0.16659E-02
  0.15521E-02  0.14516E-02  0.13624E-02  0.12809E-02  0.12087E-02  0.11406E-02
  0.10817E-02  0.10269E-02  0.97811E-03  0.93373E-03  0.89050E-03  0.85363E-03
  0.81870E-03  0.78640E-03  0.75807E-03  0.72988E-03  0.70526E-03  0.68235E-03
  0.66008E-03  0.63997E-03  0.62231E-03  0.60464E-03  0.58864E-03  0.57421E-03
  0.56036E-03  0.54686E-03  0.53491E-03  0.52385E-03  0.51332E-03  0.50342E-03
  0.49465E-03  0.48647E-03  0.47862E-03  0.47121E-03  0.46428E-03  0.45806E-03
  0.45222E-03  0.44679E-03  0.44175E-03  0.43690E-03  0.43270E-03  0.42888E-03
  0.42562E-03  0.42260E-03  0.42025E-03  0.41754E-03  0.41561E-03  0.41351E-03
  0.41156E-03  0.41034E-03  0.40891E-03  0.40807E-03  0.40792E-03  0.40589E-03
  0.73648E+00  0.24480E+02
  0.10514E+03  0.75858E+02  0.31373E+02  0.11444E+02  0.57352E+01  0.33246E+01
  0.19058E+01  0.11934E+01  0.80471E+00  0.56493E+00  0.41166E+00  0.23425E+00
  0.14365E+00  0.94208E-01  0.64742E-01  0.46334E-01  0.34430E-01  0.26226E-01
  0.20366E-01  0.16112E-01  0.12925E-01  0.10493E-01  0.86218E-02  0.71585E-02
  0.60014E-02  0.50826E-02  0.43414E-02  0.37389E-02  0.32450E-02  0.28365E-02
  0.24957E-02  0.22104E-02  0.19682E-02  0.17620E-02  0.15860E-02  0.14332E-02
  0.13021E-02  0.11870E-02  0.10850E-02  0.99734E-03  0.91833E-03  0.84980E-03
  0.78699E-03  0.73103E-03  0.68245E-03  0.63710E-03  0.59842E-03  0.55935E-03
  0.52827E-03  0.49747E-03  0.47152E-03  0.44469E-03  0.42277E-03  0.40095E-03
  0.38363E-03  0.36457E-03  0.34953E-03  0.33434E-03  0.31918E-03  0.30806E-03
  0.29550E-03  0.28513E-03  0.27538E-03  0.26503E-03  0.25690E-03  0.24827E-03
  0.24108E-03  0.23470E-03  0.22771E-03  0.22163E-03  0.21697E-03  0.21126E-03
  0.20536E-03  0.20166E-03  0.19768E-03  0.19319E-03  0.18971E-03  0.18703E-03
  0.18420E-03  0.18127E-03  0.17793E-03  0.17504E-03  0.17319E-03  0.17188E-03
  0.17004E-03  0.16801E-03  0.16607E-03  0.16431E-03  0.16384E-03  0.16292E-03
  0.16281E-03  0.16197E-03  0.16236E-03  0.16200E-03  0.16281E-03  0.16019E-03
  0.55480E+00  0.32497E+02
  0.11038E+03  0.72048E+02  0.24279E+02  0.87034E+01  0.45400E+01  0.23945E+01
  0.13659E+01  0.87108E+00  0.58236E+00  0.40775E+00  0.29460E+00  0.16592E+00
  0.10127E+00  0.65830E-01  0.44956E-01  0.31967E-01  0.23489E-01  0.17702E-01
  0.13605E-01  0.10636E-01  0.84445E-02  0.68037E-02  0.55537E-02  0.45869E-02
  0.38307E-02  0.32320E-02  0.27521E-02  0.23636E-02  0.20463E-02  0.17848E-02
  0.15669E-02  0.13835E-02  0.12283E-02  0.10963E-02  0.98368E-03  0.88602E-03
  0.80117E-03  0.72800E-03  0.66364E-03  0.60633E-03  0.55692E-03  0.51223E-03
  0.47264E-03  0.43806E-03  0.40636E-03  0.37711E-03  0.35325E-03  0.32940E-03
  0.30888E-03  0.29021E-03  0.27175E-03  0.25850E-03  0.24301E-03  0.23057E-03
  0.21775E-03  0.20807E-03  0.19763E-03  0.18857E-03  0.17992E-03  0.17231E-03
  0.16487E-03  0.15927E-03  0.15189E-03  0.14758E-03  0.14063E-03  0.13697E-03
  0.13235E-03  0.12783E-03  0.12518E-03  0.12032E-03  0.11705E-03  0.11429E-03
  0.11132E-03  0.10863E-03  0.10662E-03  0.10421E-03  0.10146E-03  0.10022E-03
  0.98638E-04  0.96299E-04  0.94224E-04  0.93501E-04  0.92282E-04  0.91678E-04
  0.90156E-04  0.88439E-04  0.87687E-04  0.87737E-04  0.86841E-04  0.86715E-04
  0.86054E-04  0.85243E-04  0.85724E-04  0.83868E-04  0.85631E-04  0.79811E-04
  0.45165E+00  0.39918E+02
  0.11437E+03  0.67706E+02  0.19398E+02  0.72357E+01  0.36355E+01  0.18195E+01
  0.10688E+01  0.67327E+00  0.44987E+00  0.31339E+00  0.22563E+00  0.12583E+00
  0.76034E-01  0.49008E-01  0.33228E-01  0.23459E-01  0.17074E-01  0.12752E-01
  0.97246E-02  0.75531E-02  0.59670E-02  0.47867E-02  0.38922E-02  0.32099E-02
  0.26735E-02  0.22517E-02  0.19133E-02  0.16395E-02  0.14167E-02  0.12332E-02
  0.10804E-02  0.95126E-03  0.84213E-03  0.74945E-03  0.67023E-03  0.60184E-03
  0.54270E-03  0.49135E-03  0.44669E-03  0.40676E-03  0.37192E-03  0.34176E-03
  0.31456E-03  0.28969E-03  0.26790E-03  0.24918E-03  0.23163E-03  0.21546E-03
  0.20200E-03  0.18906E-03  0.17683E-03  0.16703E-03  0.15690E-03  0.14865E-03
  0.14108E-03  0.13284E-03  0.12676E-03  0.12014E-03  0.11538E-03  0.10942E-03
  0.10505E-03  0.10055E-03  0.96398E-04  0.92944E-04  0.89271E-04  0.85969E-04
  0.83152E-04  0.80234E-04  0.78318E-04  0.75320E-04  0.73565E-04  0.71364E-04
  0.68334E-04  0.68304E-04  0.66195E-04  0.64440E-04  0.63139E-04  0.62463E-04
  0.60044E-04  0.59196E-04  0.58918E-04  0.58136E-04  0.56570E-04  0.55364E-04
  0.55813E-04  0.55275E-04  0.54427E-04  0.53563E-04  0.53058E-04  0.52714E-04
  0.52199E-04  0.52916E-04  0.51802E-04  0.52052E-04  0.53045E-04  0.50131E-04
  0.38387E+00  0.46967E+02
  0.11763E+03  0.63298E+02  0.16047E+02  0.62762E+01  0.29234E+01  0.14737E+01
  0.86711E+00  0.54329E+00  0.36232E+00  0.25108E+00  0.17942E+00  0.99012E-01
  0.59385E-01  0.38045E-01  0.25639E-01  0.17964E-01  0.12986E-01  0.96335E-02
  0.73088E-02  0.56570E-02  0.44571E-02  0.35669E-02  0.28977E-02  0.23811E-02
  0.19815E-02  0.16673E-02  0.14126E-02  0.12089E-02  0.10424E-02  0.90486E-03
  0.79159E-03  0.69510E-03  0.61370E-03  0.54518E-03  0.48615E-03  0.43531E-03
  0.39157E-03  0.35368E-03  0.32056E-03  0.29148E-03  0.26593E-03  0.24358E-03
  0.22378E-03  0.20595E-03  0.18989E-03  0.17586E-03  0.16365E-03  0.15219E-03
  0.14172E-03  0.13248E-03  0.12436E-03  0.11673E-03  0.10945E-03  0.10373E-03
  0.97804E-04  0.92489E-04  0.88510E-04  0.83190E-04  0.79563E-04  0.76179E-04
  0.72161E-04  0.69650E-04  0.65935E-04  0.64062E-04  0.61252E-04  0.59463E-04
  0.56623E-04  0.55320E-04  0.52883E-04  0.51875E-04  0.49638E-04  0.48721E-04
  0.47303E-04  0.45726E-04  0.45233E-04  0.43345E-04  0.42945E-04  0.42571E-04
  0.41003E-04  0.40265E-04  0.39467E-04  0.39071E-04  0.38269E-04  0.37453E-04
  0.37661E-04  0.37172E-04  0.36709E-04  0.36373E-04  0.35426E-04  0.35224E-04
  0.35652E-04  0.35106E-04  0.34569E-04  0.35558E-04  0.35317E-04  0.33248E-04
  0.33500E+00  0.53818E+02