  0.45318E+01  0.45270E+01  0.45123E+01  0.44880E+01  0.44542E+01  0.44110E+01
  0.43587E+01  0.42975E+01  0.42279E+01  0.41501E+01  0.40646E+01  0.38723E+01
  0.36549E+01  0.34168E+01  0.31627E+01  0.28974E+01  0.26257E+01  0.23523E+01
  0.20817E+01  0.18179E+01  0.15649E+01  0.13257E+01  0.11032E+01  0.89969E+00
  0.71677E+00  0.55566E+00  0.41706E+00  0.30120E+00  0.20793E+00  0.13670E+00
  0.86689E-01  0.56783E-01  0.45668E-01  0.51850E-01  0.73697E-01  0.10947E+00
  0.15734E+00  0.21542E+00  0.28177E+00  0.35441E+00  0.43135E+00  0.51058E+00
  0.59010E+00  0.66793E+00  0.74214E+00  0.81087E+00  0.87233E+00  0.92490E+00
  0.96709E+00  0.99765E+00  0.10155E+01  0.10200E+01  0.10106E+01  0.98732E+00
  0.95034E+00  0.90037E+00  0.83848E+00  0.76613E+00  0.68517E+00  0.59783E+00
  0.50665E+00  0.41447E+00  0.32436E+00  0.23955E+00  0.16340E+00  0.99251E-01
  0.50420E-01  0.20059E-01  0.11102E-01  0.26170E-01  0.67497E-01  0.13686E+00
  0.23553E+00  0.36417E+00  0.52289E+00  0.71111E+00  0.92763E+00  0.11706E+01
  0.14376E+01  0.17254E+01  0.20306E+01  0.23490E+01  0.26761E+01  0.30072E+01
  0.33371E+01  0.36607E+01  0.39728E+01  0.42682E+01  0.45422E+01  0.47900E+01
  0.50074E+01  0.51908E+01  0.53368E+01  0.54429E+01  0.55074E+01  0.55290E+01
  0.11463E+02  0.13590E+01
  0.99561E+01  0.99354E+01  0.98727E+01  0.97691E+01  0.96259E+01  0.94448E+01
  0.92280E+01  0.89783E+01  0.86985E+01  0.83921E+01  0.80625E+01  0.73491E+01
  0.65895E+01  0.58150E+01  0.50552E+01  0.43359E+01  0.36783E+01  0.30978E+01
  0.26040E+01  0.22004E+01  0.18850E+01  0.16514E+01  0.14895E+01  0.13868E+01
  0.13296E+01  0.13042E+01  0.12977E+01  0.12988E+01  0.12984E+01  0.12894E+01
  0.12676E+01  0.12307E+01  0.11785E+01  0.11125E+01  0.10352E+01  0.94989E+00
  0.86032E+00  0.77009E+00  0.68255E+00  0.60053E+00  0.52624E+00  0.46121E+00
  0.40628E+00  0.36169E+00  0.32710E+00  0.30175E+00  0.28458E+00  0.27428E+00
  0.26946E+00  0.26873E+00  0.27074E+00  0.27426E+00  0.27822E+00  0.28175E+00
  0.28416E+00  0.28497E+00  0.28388E+00  0.28076E+00  0.27564E+00  0.26869E+00
  0.26019E+00  0.25049E+00  0.24003E+00  0.22928E+00  0.21872E+00  0.20886E+00
  0.20019E+00  0.19315E+00  0.18817E+00  0.18561E+00  0.18579E+00  0.18894E+00
  0.19523E+00  0.20475E+00  0.21752E+00  0.23347E+00  0.25246E+00  0.27429E+00
  0.29869E+00  0.32532E+00  0.35378E+00  0.38366E+00  0.41448E+00  0.44575E+00
  0.47696E+00  0.50759E+00  0.53715E+00  0.56512E+00  0.59105E+00  0.61449E+00
  0.63504E+00  0.65236E+00  0.66614E+00  0.67616E+00  0.68224E+00  0.68427E+00
  0.10019E+02  0.15549E+01
  0.14946E+02  0.14906E+02  0.14786E+02  0.14588E+02  0.14315E+02  0.13973E+02
  0.13565E+02  0.13099E+02  0.12582E+02  0.12021E+02  0.11426E+02  0.10165E+02
  0.88658E+01  0.75925E+01  0.63989E+01  0.53266E+01  0.44027E+01  0.36395E+01
  0.30359E+01  0.25795E+01  0.22498E+01  0.20218E+01  0.18685E+01  0.17643E+01
  0.16869E+01  0.16186E+01  0.15466E+01  0.14637E+01  0.13669E+01  0.12566E+01
  0.11362E+01  0.10100E+01  0.88327E+00  0.76070E+00  0.64636E+00  0.54324E+00
  0.45320E+00  0.37700E+00  0.31450E+00  0.26483E+00  0.22666E+00  0.19841E+00
  0.17841E+00  0.16504E+00  0.15684E+00  0.15254E+00  0.15108E+00  0.15162E+00
  0.15347E+00  0.15612E+00  0.15917E+00  0.16231E+00  0.16529E+00  0.16792E+00
  0.17004E+00  0.17151E+00  0.17223E+00  0.17212E+00  0.17111E+00  0.16918E+00
  0.16632E+00  0.16255E+00  0.15792E+00  0.15253E+00  0.14647E+00  0.13988E+00
  0.13291E+00  0.12571E+00  0.11847E+00  0.11136E+00  0.10455E+00  0.98215E-01
  0.92509E-01  0.87570E-01  0.83518E-01  0.80445E-01  0.78418E-01  0.77474E-01
  0.77620E-01  0.78831E-01  0.81054E-01  0.84205E-01  0.88177E-01  0.92838E-01
  0.98036E-01  0.10361E+00  0.10937E+00  0.11515E+00  0.12077E+00  0.12605E+00
  0.13082E+00  0.13494E+00  0.13829E+00  0.14076E+00  0.14227E+00  0.14278E+00
  0.95812E+01  0.16260E+01
  0.18859E+02  0.18797E+02  0.18613E+02  0.18309E+02  0.17892E+02  0.17371E+02
  0.16756E+02  0.16058E+02  0.15291E+02  0.14468E+02  0.13604E+02  0.11812E+02
  0.10025E+02  0.83391E+01  0.68266E+01  0.55337E+01  0.44788E+01  0.36566E+01
  0.30427E+01  0.26008E+01  0.22891E+01  0.20666E+01  0.18975E+01  0.17538E+01
  0.16165E+01  0.14751E+01  0.13261E+01  0.11710E+01  0.10146E+01  0.86248E+00
  0.72016E+00  0.59195E+00  0.48055E+00  0.38701E+00  0.31096E+00  0.25101E+00
  0.20508E+00  0.17087E+00  0.14607E+00  0.12861E+00  0.11673E+00  0.10902E+00
  0.10444E+00  0.10220E+00  0.10174E+00  0.10265E+00  0.10461E+00  0.10736E+00
  0.11067E+00  0.11431E+00  0.11805E+00  0.12167E+00  0.12495E+00  0.12768E+00
  0.12969E+00  0.13083E+00  0.13100E+00  0.13013E+00  0.12819E+00  0.12520E+00
  0.12121E+00  0.11631E+00  0.11061E+00  0.10426E+00  0.97381E-01  0.90146E-01
  0.82705E-01  0.75211E-01  0.67806E-01  0.60622E-01  0.53775E-01  0.47362E-01
  0.41465E-01  0.36144E-01  0.31443E-01  0.27386E-01  0.23981E-01  0.21219E-01
  0.19080E-01  0.17527E-01  0.16517E-01  0.15995E-01  0.15903E-01  0.16176E-01
  0.16746E-01  0.17546E-01  0.18508E-01  0.19567E-01  0.20661E-01  0.21734E-01
  0.22734E-01  0.23615E-01  0.24341E-01  0.24881E-01  0.25214E-01  0.25326E-01
  0.89134E+01  0.17478E+01
  0.28443E+02  0.28281E+02  0.27798E+02  0.27011E+02  0.25949E+02  0.24646E+02
  0.23148E+02  0.21500E+02  0.19753E+02  0.17957E+02  0.16158E+02  0.12718E+02
  0.96946E+01  0.72328E+01  0.53616E+01  0.40212E+01  0.31007E+01  0.24753E+01
  0.20343E+01  0.16960E+01  0.14111E+01  0.11568E+01  0.92752E+00  0.72563E+00
  0.55503E+00  0.41736E+00  0.31112E+00  0.23225E+00  0.17545E+00  0.13526E+00
  0.10696E+00  0.86872E-01  0.72456E-01  0.62118E-01  0.54959E-01  0.50497E-01
  0.48434E-01  0.48487E-01  0.50298E-01  0.53411E-01  0.57309E-01  0.61470E-01
  0.65429E-01  0.68824E-01  0.71416E-01  0.73090E-01  0.73832E-01  0.73701E-01
  0.72796E-01  0.71233E-01  0.69126E-01  0.66572E-01  0.63655E-01  0.60439E-01
  0.56976E-01  0.53312E-01  0.49488E-01  0.45547E-01  0.41535E-01  0.37501E-01
  0.33497E-01  0.29575E-01  0.25790E-01  0.22190E-01  0.18819E-01  0.15714E-01
  0.12904E-01  0.10411E-01  0.82441E-02  0.64081E-02  0.48985E-02  0.37050E-02
  0.28122E-02  0.22008E-02  0.18485E-02  0.17312E-02  0.18239E-02  0.21010E-02
  0.25370E-02  0.31066E-02  0.37853E-02  0.45490E-02  0.53745E-02  0.62398E-02
  0.71235E-02  0.80053E-02  0.88661E-02  0.96882E-02  0.10455E-01  0.11151E-01
  0.11764E-01  0.12282E-01  0.12694E-01  0.12995E-01  0.13177E-01  0.13238E-01
  0.66093E+01  0.23571E+01
  0.33340E+02  0.33069E+02  0.32262E+02  0.30963E+02  0.29234E+02  0.27159E+02
  0.24830E+02  0.22349E+02  0.19812E+02  0.17309E+02  0.14918E+02  0.10696E+02
  0.74170E+01  0.50945E+01  0.35653E+01  0.25965E+01  0.19710E+01  0.15324E+01
  0.11921E+01  0.91198E+00  0.68137E+00  0.49849E+00  0.36072E+00  0.26195E+00
  0.19375E+00  0.14740E+00  0.11543E+00  0.92385E-01  0.74893E-01  0.61241E-01
  0.50796E-01  0.43396E-01  0.38881E-01  0.36881E-01  0.36804E-01  0.37964E-01
  0.39739E-01  0.41665E-01  0.43471E-01  0.45043E-01  0.46363E-01  0.47449E-01
  0.48312E-01  0.48931E-01  0.49263E-01  0.49246E-01  0.48824E-01  0.47963E-01
  0.46657E-01  0.44936E-01  0.42857E-01  0.40493E-01  0.37927E-01  0.35237E-01
  0.32492E-01  0.29745E-01  0.27039E-01  0.24402E-01  0.21857E-01  0.19420E-01
  0.17108E-01  0.14936E-01  0.12923E-01  0.11086E-01  0.94444E-02  0.80170E-02
  0.68200E-02  0.58668E-02  0.51669E-02  0.47256E-02  0.45435E-02  0.46170E-02
  0.49382E-02  0.54960E-02  0.62761E-02  0.72617E-02  0.84335E-02  0.97705E-02
  0.11250E-01  0.12847E-01  0.14537E-01  0.16294E-01  0.18089E-01  0.19897E-01
  0.21688E-01  0.23436E-01  0.25113E-01  0.26694E-01  0.28153E-01  0.29469E-01
  0.30619E-01  0.31587E-01  0.32357E-01  0.32916E-01  0.33255E-01  0.33369E-01
  0.51972E+01  0.29975E+01
  0.36333E+02  0.35949E+02  0.34811E+02  0.32997E+02  0.30620E+02  0.27824E+02
  0.24767E+02  0.21607E+02  0.18492E+02  0.15544E+02  0.12856E+02  0.84677E+01
  0.54425E+01  0.35513E+01  0.24301E+01  0.17506E+01  0.12958E+01  0.95737E+00
  0.69471E+00  0.49538E+00  0.35180E+00  0.25382E+00  0.18927E+00  0.14659E+00
  0.11670E+00  0.93787E-01  0.75041E-01  0.59685E-01  0.47809E-01  0.39457E-01
  0.34248E-01  0.31452E-01  0.30259E-01  0.30012E-01  0.30300E-01  0.30918E-01
  0.31781E-01  0.32834E-01  0.33993E-01  0.35139E-01  0.36132E-01  0.36848E-01
  0.37210E-01  0.37194E-01  0.36828E-01  0.36165E-01  0.35266E-01  0.34181E-01
  0.32941E-01  0.31561E-01  0.30042E-01  0.28386E-01  0.26598E-01  0.24694E-01
  0.22700E-01  0.20651E-01  0.18590E-01  0.16558E-01  0.14595E-01  0.12735E-01
  0.11010E-01  0.94453E-02  0.80624E-02  0.68813E-02  0.59202E-02  0.51960E-02
  0.47243E-02  0.45185E-02  0.45898E-02  0.49454E-02  0.55884E-02  0.65173E-02
  0.77255E-02  0.92016E-02  0.10929E-01  0.12889E-01  0.15055E-01  0.17401E-01
  0.19896E-01  0.22509E-01  0.25205E-01  0.27949E-01  0.30706E-01  0.33439E-01
  0.36112E-01  0.38691E-01  0.41142E-01  0.43431E-01  0.45530E-01  0.47409E-01
  0.49043E-01  0.50412E-01  0.51495E-01  0.52279E-01  0.52753E-01  0.52912E-01
  0.42943E+01  0.36278E+01
  0.38404E+02  0.37905E+02  0.36432E+02  0.34109E+02  0.31111E+02  0.27655E+02
  0.23973E+02  0.20282E+02  0.16773E+02  0.13586E+02  0.10812E+02  0.66133E+01
  0.40244E+01  0.25630E+01  0.17421E+01  0.12344E+01  0.87969E+00  0.61887E+00
  0.43190E+00  0.30532E+00  0.22392E+00  0.17216E+00  0.13715E+00  0.11039E+00
  0.87893E-01  0.68880E-01  0.53786E-01  0.42825E-01  0.35510E-01  0.30904E-01
  0.28069E-01  0.26333E-01  0.25333E-01  0.24916E-01  0.24997E-01  0.25467E-01
  0.26168E-01  0.26926E-01  0.27600E-01  0.28116E-01  0.28459E-01  0.28648E-01
  0.28707E-01  0.28639E-01  0.28427E-01  0.28040E-01  0.27446E-01  0.26627E-01
  0.25585E-01  0.24343E-01  0.22936E-01  0.21404E-01  0.19783E-01  0.18105E-01
  0.16397E-01  0.14682E-01  0.12981E-01  0.11321E-01  0.97331E-02  0.82490E-02
  0.69040E-02  0.57323E-02  0.47662E-02  0.40336E-02  0.35583E-02  0.33588E-02
  0.34491E-02  0.38390E-02  0.45344E-02  0.55374E-02  0.68464E-02  0.84555E-02
  0.10355E-01  0.12531E-01  0.14965E-01  0.17634E-01  0.20512E-01  0.23568E-01
  0.26767E-01  0.30073E-01  0.33448E-01  0.36852E-01  0.40244E-01  0.43584E-01
  0.46832E-01  0.49948E-01  0.52894E-01  0.55635E-01  0.58137E-01  0.60370E-01
  0.62307E-01  0.63924E-01  0.65201E-01  0.66122E-01  0.66679E-01  0.66865E-01
  0.36730E+01  0.42414E+01
  0.39968E+02  0.39352E+02  0.37544E+02  0.34720E+02  0.31131E+02  0.27077E+02
  0.22865E+02  0.18772E+02  0.15017E+02  0.11745E+02  0.90230E+01  0.51902E+01
  0.30525E+01  0.19298E+01  0.13029E+01  0.90080E+00  0.62003E+00  0.42614E+00
  0.29975E+00  0.22155E+00  0.17286E+00  0.13905E+00  0.11164E+00  0.87882E-01
  0.68101E-01  0.53026E-01  0.42447E-01  0.35332E-01  0.30483E-01  0.27014E-01
  0.24472E-01  0.22705E-01  0.21651E-01  0.21202E-01  0.21179E-01  0.21395E-01
  0.21712E-01  0.22065E-01  0.22430E-01  0.22794E-01  0.23127E-01  0.23376E-01
  0.23482E-01  0.23399E-01  0.23104E-01  0.22603E-01  0.21918E-01  0.21074E-01
  0.20092E-01  0.18984E-01  0.17757E-01  0.16419E-01  0.14984E-01  0.13476E-01
  0.11928E-01  0.10378E-01  0.88661E-02  0.74291E-02  0.61022E-02  0.49169E-02
  0.39023E-02  0.30855E-02  0.24921E-02  0.21462E-02  0.20700E-02  0.22822E-02
  0.27976E-02  0.36261E-02  0.47722E-02  0.62353E-02  0.80096E-02  0.10085E-01
  0.12446E-01  0.15073E-01  0.17945E-01  0.21036E-01  0.24318E-01  0.27760E-01
  0.31326E-01  0.34981E-01  0.38686E-01  0.42401E-01  0.46087E-01  0.49703E-01
  0.53209E-01  0.56565E-01  0.59732E-01  0.62674E-01  0.65357E-01  0.67749E-01
  0.69823E-01  0.71552E-01  0.72917E-01  0.73901E-01  0.74495E-01  0.74693E-01
  0.32204E+01  0.48375E+01
  0.41225E+02  0.40491E+02  0.38348E+02  0.35032E+02  0.30882E+02  0.26287E+02
  0.21634E+02  0.17249E+02  0.13366E+02  0.10117E+02  0.75315E+01  0.41294E+01
  0.23875E+01  0.15082E+01  0.10064E+01  0.67873E+00  0.45869E+00  0.31805E+00
  0.23331E+00  0.18202E+00  0.14659E+00  0.11737E+00  0.91870E-01  0.70998E-01
  0.55497E-01  0.44732E-01  0.37261E-01  0.31741E-01  0.27394E-01  0.23971E-01
  0.21463E-01  0.19822E-01  0.18880E-01  0.18417E-01  0.18254E-01  0.18286E-01
  0.18462E-01  0.18741E-01  0.19065E-01  0.19363E-01  0.19565E-01  0.19633E-01
  0.19552E-01  0.19330E-01  0.18976E-01  0.18490E-01  0.17864E-01  0.17087E-01
  0.16155E-01  0.15077E-01  0.13876E-01  0.12584E-01  0.11234E-01  0.98589E-02
  0.84882E-02  0.71491E-02  0.58692E-02  0.46775E-02  0.36048E-02  0.26828E-02
  0.19426E-02  0.14127E-02  0.11184E-02  0.10805E-02  0.13157E-02  0.18367E-02
  0.26528E-02  0.37701E-02  0.51908E-02  0.69137E-02  0.89332E-02  0.11240E-01
  0.13819E-01  0.16653E-01  0.19717E-01  0.22985E-01  0.26426E-01  0.30008E-01
  0.33697E-01  0.37455E-01  0.41245E-01  0.45027E-01  0.48762E-01  0.52411E-01
  0.55938E-01  0.59305E-01  0.62474E-01  0.65413E-01  0.68087E-01  0.70469E-01
  0.72531E-01  0.74248E-01  0.75601E-01  0.76576E-01  0.77164E-01  0.77359E-01
  0.28762E+01  0.54163E+01
  0.42281E+02  0.41428E+02  0.38949E+02  0.35152E+02  0.30470E+02  0.25391E+02
  0.20375E+02  0.15789E+02  0.11870E+02  0.87174E+01  0.63155E+01  0.33447E+01
  0.19239E+01  0.12143E+01  0.79824E+00  0.52919E+00  0.35849E+00  0.25692E+00
  0.19765E+00  0.15855E+00  0.12685E+00  0.99170E-01  0.76643E-01  0.60110E-01
  0.48652E-01  0.40471E-01  0.34073E-01  0.28771E-01  0.24494E-01  0.21317E-01
  0.19164E-01  0.17794E-01  0.16951E-01  0.16454E-01  0.16213E-01  0.16177E-01
  0.16285E-01  0.16461E-01  0.16628E-01  0.16741E-01  0.16779E-01  0.16736E-01
  0.16604E-01  0.16361E-01  0.15985E-01  0.15455E-01  0.14769E-01  0.13942E-01
  0.12995E-01  0.11955E-01  0.10842E-01  0.96749E-02  0.84713E-02  0.72524E-02
  0.60450E-02  0.48800E-02  0.37901E-02  0.28072E-02  0.19605E-02  0.12766E-02
  0.77915E-03  0.48996E-03  0.42908E-03  0.61470E-03  0.10624E-02  0.17842E-02
  0.27883E-02  0.40787E-02  0.56547E-02  0.75117E-02  0.96408E-02  0.12029E-01
  0.14662E-01  0.17521E-01  0.20585E-01  0.23828E-01  0.27224E-01  0.30742E-01
  0.34351E-01  0.38016E-01  0.41703E-01  0.45373E-01  0.48992E-01  0.52522E-01
  0.55927E-01  0.59172E-01  0.62220E-01  0.65040E-01  0.67601E-01  0.69879E-01
  0.71850E-01  0.73494E-01  0.74792E-01  0.75730E-01  0.76297E-01  0.76486E-01
  0.26056E+01  0.59789E+01
  0.43194E+02  0.42221E+02  0.39406E+02  0.35139E+02  0.29955E+02  0.24443E+02
  0.19134E+02  0.14426E+02  0.10539E+02  0.75319E+01  0.53336E+01  0.27617E+01
  0.15910E+01  0.10008E+01  0.64879E+00  0.42775E+00  0.29574E+00  0.22084E+00
  0.17503E+00  0.14004E+00  0.10966E+00  0.84738E-01  0.66438E-01  0.53787E-01
  0.44642E-01  0.37272E-01  0.31002E-01  0.25891E-01  0.22079E-01  0.19441E-01
  0.17660E-01  0.16433E-01  0.15585E-01  0.15040E-01  0.14753E-01  0.14655E-01
  0.14659E-01  0.14698E-01  0.14734E-01  0.14745E-01  0.14713E-01  0.14607E-01
  0.14394E-01  0.14052E-01  0.13577E-01  0.12980E-01  0.12276E-01  0.11478E-01
  0.10593E-01  0.96306E-02  0.86013E-02  0.75257E-02  0.64305E-02  0.53451E-02
  0.42983E-02  0.33163E-02  0.24233E-02  0.16426E-02  0.99732E-03  0.51051E-03
  0.20472E-03  0.10063E-03  0.21604E-03  0.56533E-03  0.11594E-02  0.20059E-02
  0.31095E-02  0.44720E-02  0.60925E-02  0.79671E-02  0.10089E-01  0.12446E-01
  0.15024E-01  0.17803E-01  0.20764E-01  0.23881E-01  0.27129E-01  0.30478E-01
  0.33899E-01  0.37360E-01  0.40830E-01  0.44276E-01  0.47664E-01  0.50963E-01
  0.54141E-01  0.57164E-01  0.60002E-01  0.62625E-01  0.65006E-01  0.67121E-01
  0.68950E-01  0.70477E-01  0.71685E-01  0.72558E-01  0.73086E-01  0.73263E-01
  0.23870E+01  0.65264E+01
  0.43998E+02  0.42904E+02  0.39756E+02  0.35029E+02  0.29371E+02  0.23475E+02
  0.17938E+02  0.13170E+02  0.93676E+01  0.65348E+01  0.45435E+01  0.23239E+01
  0.13444E+01  0.84102E+00  0.53994E+00  0.35833E+00  0.25555E+00  0.19728E+00
  0.15729E+00  0.12362E+00  0.95472E-01  0.74504E-01  0.60058E-01  0.49702E-01
  0.41303E-01  0.34049E-01  0.28075E-01  0.23594E-01  0.20444E-01  0.18230E-01
  0.16597E-01  0.15373E-01  0.14508E-01  0.13962E-01  0.13656E-01  0.13494E-01
  0.13406E-01  0.13353E-01  0.13309E-01  0.13242E-01  0.13114E-01  0.12896E-01
  0.12578E-01  0.12162E-01  0.11655E-01  0.11061E-01  0.10378E-01  0.96059E-02
  0.87535E-02  0.78385E-02  0.68851E-02  0.59178E-02  0.49584E-02  0.40263E-02
  0.31407E-02  0.23226E-02  0.15943E-02  0.97907E-03  0.49948E-03  0.17600E-03
  0.26444E-04  0.66029E-04  0.30795E-03  0.76375E-03  0.14430E-02  0.23525E-02
  0.34962E-02  0.48746E-02  0.64849E-02  0.83210E-02  0.10374E-01  0.12632E-01
  0.15081E-01  0.17705E-01  0.20484E-01  0.23395E-01  0.26416E-01  0.29522E-01
  0.32688E-01  0.35887E-01  0.39087E-01  0.42258E-01  0.45370E-01  0.48394E-01
  0.51301E-01  0.54062E-01  0.56650E-01  0.59041E-01  0.61211E-01  0.63137E-01
  0.64799E-01  0.66181E-01  0.67271E-01  0.68060E-01  0.68540E-01  0.68700E-01
  0.22065E+01  0.70602E+01
  0.49082E+02  0.46752E+02  0.40368E+02  0.31672E+02  0.22686E+02  0.14982E+02
  0.92993E+01  0.56011E+01  0.34169E+01  0.21939E+01  0.15031E+01  0.80859E+00
  0.47288E+00  0.30280E+00  0.21677E+00  0.16083E+00  0.12012E+00  0.93596E-01
  0.75677E-01  0.60885E-01  0.48544E-01  0.39497E-01  0.32973E-01  0.27658E-01
  0.23212E-01  0.19835E-01  0.17364E-01  0.15394E-01  0.13742E-01  0.12438E-01
  0.11448E-01  0.10645E-01  0.99475E-02  0.93445E-02  0.88249E-02  0.83544E-02
  0.79071E-02  0.74755E-02  0.70546E-02  0.66362E-02  0.62179E-02  0.58033E-02
  0.53942E-02  0.49886E-02  0.45871E-02  0.41968E-02  0.38253E-02  0.34754E-02
  0.31477E-02  0.28460E-02  0.25771E-02  0.23471E-02  0.21598E-02  0.20180E-02
  0.19246E-02  0.18827E-02  0.18964E-02  0.19691E-02  0.21027E-02  0.22981E-02
  0.25565E-02  0.28789E-02  0.32653E-02  0.37153E-02  0.42278E-02  0.48012E-02
  0.54334E-02  0.61217E-02  0.68625E-02  0.76522E-02  0.84869E-02  0.93617E-02
  0.10271E-01  0.11209E-01  0.12171E-01  0.13150E-01  0.14139E-01  0.15132E-01
  0.16121E-01  0.17102E-01  0.18066E-01  0.19007E-01  0.19915E-01  0.20785E-01
  0.21615E-01  0.22397E-01  0.23121E-01  0.23783E-01  0.24379E-01  0.24908E-01
  0.25362E-01  0.25737E-01  0.26032E-01  0.26244E-01  0.26369E-01  0.26410E-01
  0.13109E+01  0.11884E+02
  0.51876E+02  0.48292E+02  0.38928E+02  0.27336E+02  0.16951E+02  0.95656E+01
  0.51915E+01  0.29187E+01  0.17950E+01  0.12075E+01  0.85901E+00  0.46836E+00
  0.28787E+00  0.19861E+00  0.14257E+00  0.10813E+00  0.84986E-01  0.66419E-01
  0.52728E-01  0.42982E-01  0.35051E-01  0.28744E-01  0.24147E-01  0.20521E-01
  0.17528E-01  0.15258E-01  0.13508E-01  0.12036E-01  0.10839E-01  0.98883E-02
  0.90720E-02  0.83520E-02  0.77320E-02  0.71813E-02  0.66744E-02  0.62106E-02
  0.57850E-02  0.53898E-02  0.50231E-02  0.46833E-02  0.43675E-02  0.40761E-02
  0.38100E-02  0.35675E-02  0.33472E-02  0.31511E-02  0.29795E-02  0.28311E-02
  0.27064E-02  0.26056E-02  0.25279E-02  0.24742E-02  0.24451E-02  0.24396E-02
  0.24574E-02  0.24984E-02  0.25618E-02  0.26480E-02  0.27570E-02  0.28877E-02
  0.30392E-02  0.32108E-02  0.34015E-02  0.36104E-02  0.38364E-02  0.40784E-02
  0.43351E-02  0.46049E-02  0.48865E-02  0.51787E-02  0.54799E-02  0.57882E-02
  0.61021E-02  0.64195E-02  0.67389E-02  0.70590E-02  0.73776E-02  0.76926E-02
  0.80025E-02  0.83059E-02  0.86010E-02  0.88856E-02  0.91582E-02  0.94181E-02
  0.96625E-02  0.98895E-02  0.10100E-01  0.10293E-01  0.10465E-01  0.10614E-01
  0.10744E-01  0.10852E-01  0.10936E-01  0.10995E-01  0.11027E-01  0.11037E-01
  0.96243E+00  0.16187E+02
  0.53768E+02  0.48930E+02  0.36868E+02  0.23276E+02  0.12680E+02  0.63585E+01
  0.32572E+01  0.18665E+01  0.12055E+01  0.83384E+00  0.59322E+00  0.32955E+00
  0.21437E+00  0.15016E+00  0.11235E+00  0.86199E-01  0.66659E-01  0.53034E-01
  0.42376E-01  0.34093E-01  0.28057E-01  0.23221E-01  0.19467E-01  0.16671E-01
  0.14393E-01  0.12597E-01  0.11201E-01  0.10017E-01  0.90359E-02  0.82218E-02
  0.75016E-02  0.68730E-02  0.63234E-02  0.58286E-02  0.53861E-02  0.49898E-02
  0.46319E-02  0.43099E-02  0.40201E-02  0.37600E-02  0.35278E-02  0.33203E-02
  0.31363E-02  0.29747E-02  0.28332E-02  0.27108E-02  0.26066E-02  0.25189E-02
  0.24477E-02  0.23918E-02  0.23494E-02  0.23207E-02  0.23054E-02  0.23031E-02
  0.23117E-02  0.23301E-02  0.23594E-02  0.23994E-02  0.24481E-02  0.25052E-02
  0.25712E-02  0.26458E-02  0.27274E-02  0.28146E-02  0.29070E-02  0.30045E-02
  0.31079E-02  0.32158E-02  0.33263E-02  0.34392E-02  0.35544E-02  0.36711E-02
  0.37893E-02  0.39083E-02  0.40271E-02  0.41450E-02  0.42615E-02  0.43759E-02
  0.44876E-02  0.45963E-02  0.47014E-02  0.48025E-02  0.48991E-02  0.49907E-02
  0.50767E-02  0.51567E-02  0.52303E-02  0.52970E-02  0.53566E-02  0.54089E-02
  0.54530E-02  0.54892E-02  0.55182E-02  0.55389E-02  0.55504E-02  0.55540E-02
  0.77079E+00  0.20211E+02
  0.55182E+02  0.49098E+02  0.34616E+02  0.19739E+02  0.96036E+01  0.44628E+01
  0.22885E+01  0.13736E+01  0.91274E+00  0.62910E+00  0.44543E+00  0.25999E+00
  0.17404E+00  0.12588E+00  0.94652E-01  0.72330E-01  0.56700E-01  0.44516E-01
  0.35541E-01  0.28763E-01  0.23465E-01  0.19581E-01  0.16502E-01  0.14136E-01
  0.12310E-01  0.10801E-01  0.96008E-02  0.85913E-02  0.77307E-02  0.70051E-02
  0.63645E-02  0.58096E-02  0.53240E-02  0.48913E-02  0.45098E-02  0.41712E-02
  0.38709E-02  0.36048E-02  0.33694E-02  0.31610E-02  0.29768E-02  0.28147E-02
  0.26721E-02  0.25472E-02  0.24389E-02  0.23446E-02  0.22637E-02  0.21951E-02
  0.21363E-02  0.20881E-02  0.20500E-02  0.20205E-02  0.19974E-02  0.19823E-02
  0.19756E-02  0.19729E-02  0.19760E-02  0.19859E-02  0.20000E-02  0.20176E-02
  0.20387E-02  0.20648E-02  0.20962E-02  0.21290E-02  0.21624E-02  0.21998E-02
  0.22406E-02  0.22824E-02  0.23258E-02  0.23692E-02  0.24132E-02  0.24594E-02
  0.25062E-02  0.25529E-02  0.25987E-02  0.26438E-02  0.26889E-02  0.27336E-02
  0.27770E-02  0.28197E-02  0.28616E-02  0.29011E-02  0.29380E-02  0.29728E-02
  0.30056E-02  0.30358E-02  0.30635E-02  0.30890E-02  0.31117E-02  0.31315E-02
  0.31486E-02  0.31627E-02  0.31742E-02  0.31827E-02  0.31875E-02  0.31890E-02
  0.64783E+00  0.24047E+02
  0.56309E+02  0.48991E+02  0.32350E+02  0.16744E+02  0.74091E+01  0.33179E+01
  0.17587E+01  0.10957E+01  0.72884E+00  0.49737E+00  0.35735E+00  0.21881E+00
  0.15022E+00  0.11004E+00  0.82548E-01  0.63557E-01  0.49153E-01  0.38656E-01
  0.30730E-01  0.24763E-01  0.20355E-01  0.16926E-01  0.14382E-01  0.12344E-01
  0.10754E-01  0.94605E-02  0.83797E-02  0.74874E-02  0.67148E-02  0.60609E-02
  0.54918E-02  0.49963E-02  0.45651E-02  0.41862E-02  0.38542E-02  0.35624E-02
  0.33061E-02  0.30803E-02  0.28814E-02  0.27063E-02  0.25521E-02  0.24161E-02
  0.22969E-02  0.21915E-02  0.20983E-02  0.20182E-02  0.19471E-02  0.18844E-02
  0.18318E-02  0.17863E-02  0.17459E-02  0.17132E-02  0.16867E-02  0.16618E-02
  0.16431E-02  0.16297E-02  0.16186E-02  0.16117E-02  0.16089E-02  0.16086E-02
  0.16085E-02  0.16116E-02  0.16189E-02  0.16268E-02  0.16350E-02  0.16448E-02
  0.16574E-02  0.16732E-02  0.16865E-02  0.17001E-02  0.17163E-02  0.17331E-02
  0.17508E-02  0.17672E-02  0.17832E-02  0.17999E-02  0.18159E-02  0.18322E-02
  0.18496E-02  0.18660E-02  0.18814E-02  0.18961E-02  0.19099E-02  0.19231E-02
  0.19357E-02  0.19475E-02  0.19590E-02  0.19694E-02  0.19774E-02  0.19861E-02
  0.19934E-02  0.19982E-02  0.20038E-02  0.20079E-02  0.20087E-02  0.20085E-02
  0.56152E+00  0.27743E+02
  0.57248E+02  0.48708E+02  0.30152E+02  0.14241E+02  0.58419E+01  0.26027E+01
  0.14384E+01  0.91102E+00  0.59862E+00  0.41007E+00  0.30272E+00  0.19195E+00
  0.13417E+00  0.98385E-01  0.74139E-01  0.56501E-01  0.43611E-01  0.34091E-01
  0.27023E-01  0.21838E-01  0.17909E-01  0.15005E-01  0.12720E-01  0.10966E-01
  0.95278E-02  0.83736E-02  0.74006E-02  0.65886E-02  0.58968E-02  0.53020E-02
  0.47913E-02  0.43481E-02  0.39653E-02  0.36311E-02  0.33397E-02  0.30850E-02
  0.28616E-02  0.26653E-02  0.24928E-02  0.23410E-02  0.22070E-02  0.20884E-02
  0.19839E-02  0.18907E-02  0.18090E-02  0.17364E-02  0.16712E-02  0.16149E-02
  0.15638E-02  0.15183E-02  0.14801E-02  0.14454E-02  0.14134E-02  0.13882E-02
  0.13648E-02  0.13443E-02  0.13274E-02  0.13132E-02  0.12993E-02  0.12891E-02
  0.12829E-02  0.12757E-02  0.12693E-02  0.12660E-02  0.12647E-02  0.12629E-02
  0.12607E-02  0.12624E-02  0.12646E-02  0.12675E-02  0.12683E-02  0.12708E-02
  0.12762E-02  0.12805E-02  0.12850E-02  0.12887E-02  0.12924E-02  0.12971E-02
  0.13016E-02  0.13076E-02  0.13128E-02  0.13161E-02  0.13202E-02  0.13242E-02
  0.13270E-02  0.13314E-02  0.13353E-02  0.13391E-02  0.13426E-02  0.13453E-02
  0.13484E-02  0.13489E-02  0.13511E-02  0.13533E-02  0.13534E-02  0.13535E-02
  0.49728E+00  0.31328E+02
  0.58045E+02  0.48300E+02  0.28056E+02  0.12162E+02  0.47154E+01  0.21374E+01
  0.12241E+01  0.77375E+00  0.50366E+00  0.35179E+00  0.26668E+00  0.17294E+00
  0.12214E+00  0.89700E-01  0.67298E-01  0.50918E-01  0.39139E-01  0.30420E-01
  0.24150E-01  0.19470E-01  0.16054E-01  0.13424E-01  0.11424E-01  0.98107E-02
  0.85322E-02  0.74659E-02  0.65904E-02  0.58459E-02  0.52183E-02  0.46790E-02
  0.42194E-02  0.38229E-02  0.34800E-02  0.31821E-02  0.29235E-02  0.26971E-02
  0.24999E-02  0.23268E-02  0.21747E-02  0.20405E-02  0.19215E-02  0.18161E-02
  0.17227E-02  0.16390E-02  0.15651E-02  0.14982E-02  0.14386E-02  0.13863E-02
  0.13377E-02  0.12959E-02  0.12574E-02  0.12212E-02  0.11924E-02  0.11635E-02
  0.11382E-02  0.11169E-02  0.10962E-02  0.10778E-02  0.10638E-02  0.10482E-02
  0.10345E-02  0.10243E-02  0.10150E-02  0.10051E-02  0.99648E-03  0.99204E-03
  0.98580E-03  0.97953E-03  0.97453E-03  0.97233E-03  0.96951E-03  0.96540E-03
  0.96230E-03  0.96138E-03  0.96054E-03  0.95960E-03  0.95819E-03  0.95737E-03
  0.95622E-03  0.95701E-03  0.95823E-03  0.95784E-03  0.95814E-03  0.95751E-03
  0.95754E-03  0.95646E-03  0.95749E-03  0.95744E-03  0.95762E-03  0.95974E-03
  0.95968E-03  0.95953E-03  0.96169E-03  0.96034E-03  0.96211E-03  0.96627E-03
  0.44744E+00  0.34817E+02
  0.58744E+02  0.47811E+02  0.26085E+02  0.10442E+02  0.38972E+01  0.18203E+01
  0.10667E+01  0.66623E+00  0.43473E+00  0.31191E+00  0.24117E+00  0.15861E+00
  0.11271E+00  0.82714E-01  0.61500E-01  0.46375E-01  0.35342E-01  0.27504E-01
  0.21749E-01  0.17616E-01  0.14491E-01  0.12157E-01  0.10311E-01  0.88606E-02
  0.76744E-02  0.67097E-02  0.59012E-02  0.52244E-02  0.46494E-02  0.41617E-02
  0.37446E-02  0.33871E-02  0.30787E-02  0.28113E-02  0.25801E-02  0.23781E-02
  0.22026E-02  0.20474E-02  0.19110E-02  0.17904E-02  0.16836E-02  0.15889E-02
  0.15042E-02  0.14284E-02  0.13611E-02  0.12995E-02  0.12458E-02  0.11956E-02
  0.11506E-02  0.11111E-02  0.10733E-02  0.10411E-02  0.10106E-02  0.98293E-03
  0.95920E-03  0.93574E-03  0.91386E-03  0.89653E-03  0.87797E-03  0.86297E-03
  0.84943E-03  0.83553E-03  0.82334E-03  0.81408E-03  0.80316E-03  0.79211E-03
  0.78463E-03  0.77870E-03  0.77048E-03  0.76409E-03  0.75948E-03  0.75473E-03
  0.74982E-03  0.74429E-03  0.74018E-03  0.73635E-03  0.73485E-03  0.73099E-03
  0.72755E-03  0.72506E-03  0.72283E-03  0.72172E-03  0.72062E-03  0.72002E-03
  0.71767E-03  0.71685E-03  0.71573E-03  0.71416E-03  0.71368E-03  0.71108E-03
  0.71087E-03  0.71146E-03  0.71000E-03  0.71172E-03  0.71125E-03  0.70612E-03
  0.40761E+00  0.38219E+02
  0.59367E+02  0.47261E+02  0.24242E+02  0.90200E+01  0.32950E+01  0.15931E+01
  0.94208E+00  0.58096E+00  0.38480E+00  0.28341E+00  0.22175E+00  0.14739E+00
  0.10503E+00  0.76702E-01  0.56645E-01  0.42408E-01  0.32246E-01  0.24993E-01
  0.19822E-01  0.16019E-01  0.13223E-01  0.11055E-01  0.93845E-02  0.80379E-02
  0.69526E-02  0.60578E-02  0.53144E-02  0.46920E-02  0.41681E-02  0.37245E-02
  0.33452E-02  0.30223E-02  0.27430E-02  0.25017E-02  0.22936E-02  0.21113E-02
  0.19531E-02  0.18135E-02  0.16904E-02  0.15814E-02  0.14846E-02  0.13986E-02
  0.13214E-02  0.12523E-02  0.11905E-02  0.11342E-02  0.10843E-02  0.10374E-02
  0.99649E-03  0.95836E-03  0.92419E-03  0.89372E-03  0.86318E-03  0.83810E-03
  0.81377E-03  0.79101E-03  0.77232E-03  0.75187E-03  0.73554E-03  0.72022E-03
  0.70435E-03  0.69054E-03  0.67996E-03  0.66727E-03  0.65635E-03  0.64785E-03
  0.63916E-03  0.62864E-03  0.62171E-03  0.61499E-03  0.60837E-03  0.60022E-03
  0.59621E-03  0.59159E-03  0.58686E-03  0.58117E-03  0.57704E-03  0.57280E-03
  0.57094E-03  0.56784E-03  0.56368E-03  0.56085E-03  0.55769E-03  0.55548E-03
  0.55383E-03  0.55308E-03  0.55069E-03  0.55133E-03  0.54846E-03  0.54746E-03
  0.54660E-03  0.54406E-03  0.54468E-03  0.54409E-03  0.54365E-03  0.54964E-03
  0.37496E+00  0.41547E+02
  0.61722E+02  0.44036E+02  0.16868E+02  0.48253E+01  0.18618E+01  0.99411E+00
  0.56279E+00  0.36346E+00  0.26801E+00  0.20680E+00  0.16565E+00  0.11292E+00
  0.78674E-01  0.55437E-01  0.39719E-01  0.29112E-01  0.21938E-01  0.16966E-01
  0.13421E-01  0.10832E-01  0.88811E-02  0.73753E-02  0.61952E-02  0.52532E-02
  0.44932E-02  0.38790E-02  0.33720E-02  0.29533E-02  0.26040E-02  0.23113E-02
  0.20636E-02  0.18508E-02  0.16717E-02  0.15171E-02  0.13816E-02  0.12646E-02
  0.11608E-02  0.10705E-02  0.99134E-03  0.92002E-03  0.85686E-03  0.80017E-03
  0.74964E-03  0.70395E-03  0.66260E-03  0.62501E-03  0.59137E-03  0.55995E-03
  0.53227E-03  0.50610E-03  0.48305E-03  0.46070E-03  0.44125E-03  0.42230E-03
  0.40640E-03  0.38981E-03  0.37609E-03  0.36265E-03  0.34924E-03  0.33890E-03
  0.32748E-03  0.31798E-03  0.30911E-03  0.29960E-03  0.29226E-03  0.28419E-03
  0.27734E-03  0.27146E-03  0.26486E-03  0.25903E-03  0.25488E-03  0.24949E-03
  0.24355E-03  0.24025E-03  0.23657E-03  0.23203E-03  0.22857E-03  0.22619E-03
  0.22361E-03  0.22094E-03  0.21756E-03  0.21467E-03  0.21309E-03  0.21209E-03
  0.21022E-03  0.20824E-03  0.20619E-03  0.20405E-03  0.20412E-03  0.20271E-03
  0.20274E-03  0.20119E-03  0.20204E-03  0.20099E-03  0.20253E-03  0.19752E-03
  0.27218E+00  0.57237E+02
  0.63383E+02  0.40582E+02  0.11975E+02  0.30938E+01  0.13395E+01  0.68997E+00
  0.40668E+00  0.28837E+00  0.21640E+00  0.17095E+00  0.13818E+00  0.91726E-01
  0.61614E-01  0.42190E-01  0.29706E-01  0.21599E-01  0.16200E-01  0.12480E-01
  0.98235E-02  0.78708E-02  0.63992E-02  0.52725E-02  0.43931E-02  0.36981E-02
  0.31442E-02  0.26971E-02  0.23307E-02  0.20299E-02  0.17815E-02  0.15743E-02
  0.13987E-02  0.12488E-02  0.11216E-02  0.10121E-02  0.91635E-03  0.83441E-03
  0.76258E-03  0.69826E-03  0.64196E-03  0.59279E-03  0.54819E-03  0.50885E-03
  0.47333E-03  0.44123E-03  0.41262E-03  0.38684E-03  0.36319E-03  0.34191E-03
  0.32257E-03  0.30498E-03  0.28862E-03  0.27417E-03  0.26030E-03  0.24807E-03
  0.23636E-03  0.22621E-03  0.21629E-03  0.20737E-03  0.19901E-03  0.19145E-03
  0.18415E-03  0.17810E-03  0.17129E-03  0.16644E-03  0.16015E-03  0.15601E-03
  0.15133E-03  0.14677E-03  0.14366E-03  0.13915E-03  0.13584E-03  0.13293E-03
  0.12989E-03  0.12701E-03  0.12476E-03  0.12236E-03  0.11965E-03  0.11818E-03
  0.11649E-03  0.11417E-03  0.11211E-03  0.11125E-03  0.10988E-03  0.10917E-03
  0.10763E-03  0.10586E-03  0.10506E-03  0.10502E-03  0.10396E-03  0.10378E-03
  0.10312E-03  0.10234E-03  0.10302E-03  0.10120E-03  0.10325E-03  0.96458E-04
  0.21700E+00  0.71790E+02
  0.64620E+02  0.37191E+02  0.87661E+01  0.22888E+01  0.10339E+01  0.52255E+00
  0.33852E+00  0.24420E+00  0.18741E+00  0.14847E+00  0.11817E+00  0.75906E-01
  0.49545E-01  0.33305E-01  0.23231E-01  0.16810E-01  0.12551E-01  0.96188E-02
  0.75233E-02  0.59865E-02  0.48357E-02  0.39582E-02  0.32784E-02  0.27501E-02
  0.23252E-02  0.19865E-02  0.17096E-02  0.14821E-02  0.12957E-02  0.11408E-02
  0.10106E-02  0.89769E-03  0.80164E-03  0.71927E-03  0.64947E-03  0.58883E-03
  0.53491E-03  0.48774E-03  0.44578E-03  0.41031E-03  0.37788E-03  0.34819E-03
  0.32238E-03  0.29975E-03  0.27899E-03  0.25993E-03  0.24316E-03  0.22811E-03
  0.21413E-03  0.20156E-03  0.19015E-03  0.17964E-03  0.17004E-03  0.16126E-03
  0.15335E-03  0.14590E-03  0.13922E-03  0.13284E-03  0.12726E-03  0.12180E-03
  0.11703E-03  0.11245E-03  0.10820E-03  0.10442E-03  0.10077E-03  0.97366E-04
  0.94296E-04  0.91312E-04  0.88926E-04  0.86156E-04  0.84049E-04  0.81833E-04
  0.79226E-04  0.78306E-04  0.76308E-04  0.74576E-04  0.73099E-04  0.72144E-04
  0.70144E-04  0.69066E-04  0.68374E-04  0.67525E-04  0.66217E-04  0.65068E-04
  0.65039E-04  0.64398E-04  0.63673E-04  0.62958E-04  0.62468E-04  0.62071E-04
  0.61516E-04  0.61907E-04  0.60918E-04  0.60981E-04  0.61746E-04  0.59789E-04
  0.18172E+00  0.85726E+02
  0.65619E+02  0.33997E+02  0.66531E+01  0.18502E+01  0.81922E+00  0.43528E+00
  0.29566E+00  0.21590E+00  0.16747E+00  0.13052E+00  0.10273E+00  0.63823E-01
  0.40735E-01  0.27061E-01  0.18768E-01  0.13522E-01  0.10050E-01  0.76568E-02
  0.59555E-02  0.47138E-02  0.37890E-02  0.30873E-02  0.25486E-02  0.21249E-02
  0.17917E-02  0.15260E-02  0.13070E-02  0.11307E-02  0.98487E-03  0.86292E-03
  0.76259E-03  0.67497E-03  0.60065E-03  0.53835E-03  0.48323E-03  0.43528E-03
  0.39374E-03  0.35801E-03  0.32711E-03  0.29957E-03  0.27468E-03  0.25222E-03
  0.23262E-03  0.21546E-03  0.20027E-03  0.18628E-03  0.17328E-03  0.16197E-03
  0.15179E-03  0.14255E-03  0.13397E-03  0.12619E-03  0.11937E-03  0.11287E-03
  0.10699E-03  0.10153E-03  0.96539E-04  0.92123E-04  0.87912E-04  0.84053E-04
  0.80459E-04  0.77259E-04  0.74137E-04  0.71432E-04  0.68750E-04  0.66462E-04
  0.64091E-04  0.62183E-04  0.60075E-04  0.58454E-04  0.56599E-04  0.55239E-04
  0.53821E-04  0.52373E-04  0.51365E-04  0.49902E-04  0.49056E-04  0.48308E-04
  0.47154E-04  0.46346E-04  0.45472E-04  0.44890E-04  0.44202E-04  0.43466E-04
  0.43210E-04  0.42647E-04  0.42214E-04  0.41919E-04  0.41252E-04  0.40964E-04
  0.41046E-04  0.40630E-04  0.40223E-04  0.40672E-04  0.40582E-04  0.39563E-04
  0.15675E+00  0.99382E+02