  0.29174E+01  0.29123E+01  0.28972E+01  0.28721E+01  0.28373E+01  0.27931E+01
  0.27400E+01  0.26784E+01  0.26090E+01  0.25323E+01  0.24492E+01  0.22666E+01
  0.20678E+01  0.18597E+01  0.16494E+01  0.14438E+01  0.12490E+01  0.10706E+01
  0.91280E+00  0.77892E+00  0.67082E+00  0.58912E+00  0.53313E+00  0.50105E+00
  0.49003E+00  0.49645E+00  0.51613E+00  0.54454E+00  0.57712E+00  0.60948E+00
  0.63764E+00  0.65820E+00  0.66853E+00  0.66684E+00  0.65222E+00  0.62469E+00
  0.58511E+00  0.53511E+00  0.47698E+00  0.41347E+00  0.34768E+00  0.28281E+00
  0.22203E+00  0.16825E+00  0.12404E+00  0.91417E-01  0.71778E-01  0.65840E-01
  0.73598E-01  0.94333E-01  0.12666E+00  0.16859E+00  0.21767E+00  0.27107E+00
  0.32577E+00  0.37870E+00  0.42690E+00  0.46770E+00  0.49885E+00  0.51865E+00
  0.52606E+00  0.52080E+00  0.50338E+00  0.47510E+00  0.43809E+00  0.39518E+00
  0.34987E+00  0.30621E+00  0.26865E+00  0.24186E+00  0.23060E+00  0.23950E+00
  0.27290E+00  0.33464E+00  0.42793E+00  0.55518E+00  0.71788E+00  0.91648E+00
  0.11504E+01  0.14178E+01  0.17159E+01  0.20407E+01  0.23873E+01  0.27500E+01
  0.31222E+01  0.34967E+01  0.38662E+01  0.42229E+01  0.45593E+01  0.48681E+01
  0.51423E+01  0.53758E+01  0.55632E+01  0.57004E+01  0.57839E+01  0.58119E+01
  0.87274E+01  0.16370E+01
  0.16401E+02  0.16366E+02  0.16261E+02  0.16087E+02  0.15847E+02  0.15544E+02
  0.15181E+02  0.14764E+02  0.14297E+02  0.13786E+02  0.13238E+02  0.12055E+02
  0.10800E+02  0.95253E+01  0.82797E+01  0.71039E+01  0.60300E+01  0.50800E+01
  0.42655E+01  0.35885E+01  0.30423E+01  0.26139E+01  0.22855E+01  0.20374E+01
  0.18490E+01  0.17015E+01  0.15785E+01  0.14673E+01  0.13589E+01  0.12479E+01
  0.11326E+01  0.10137E+01  0.89391E+00  0.77719E+00  0.66774E+00  0.56956E+00
  0.48592E+00  0.41905E+00  0.37006E+00  0.33889E+00  0.32450E+00  0.32506E+00
  0.33819E+00  0.36123E+00  0.39144E+00  0.42624E+00  0.46331E+00  0.50067E+00
  0.53673E+00  0.57029E+00  0.60043E+00  0.62654E+00  0.64816E+00  0.66499E+00
  0.67676E+00  0.68324E+00  0.68422E+00  0.67947E+00  0.66878E+00  0.65199E+00
  0.62903E+00  0.59994E+00  0.56492E+00  0.52437E+00  0.47892E+00  0.42939E+00
  0.37685E+00  0.32258E+00  0.26800E+00  0.21469E+00  0.16430E+00  0.11848E+00
  0.78849E-01  0.46903E-01  0.23967E-01  0.11135E-01  0.92200E-02  0.18719E-01
  0.39785E-01  0.72209E-01  0.11543E+00  0.16852E+00  0.23026E+00  0.29912E+00
  0.37332E+00  0.45091E+00  0.52980E+00  0.60785E+00  0.68289E+00  0.75284E+00
  0.81574E+00  0.86983E+00  0.91357E+00  0.94573E+00  0.96540E+00  0.97200E+00
  0.13608E+02  0.10499E+01
  0.19643E+02  0.19587E+02  0.19420E+02  0.19144E+02  0.18765E+02  0.18290E+02
  0.17727E+02  0.17087E+02  0.16380E+02  0.15619E+02  0.14815E+02  0.13131E+02
  0.11426E+02  0.97865E+01  0.82813E+01  0.69566E+01  0.58353E+01  0.49181E+01
  0.41879E+01  0.36148E+01  0.31626E+01  0.27941E+01  0.24765E+01  0.21841E+01
  0.19007E+01  0.16191E+01  0.13405E+01  0.10716E+01  0.82279E+00  0.60513E+00
  0.42827E+00  0.29879E+00  0.21933E+00  0.18837E+00  0.20063E+00  0.24787E+00
  0.32001E+00  0.40625E+00  0.49615E+00  0.58050E+00  0.65189E+00  0.70512E+00
  0.73720E+00  0.74727E+00  0.73626E+00  0.70653E+00  0.66142E+00  0.60480E+00
  0.54075E+00  0.47318E+00  0.40558E+00  0.34092E+00  0.28151E+00  0.22895E+00
  0.18420E+00  0.14761E+00  0.11901E+00  0.97802E-01  0.83070E-01  0.73685E-01
  0.68405E-01  0.65964E-01  0.65154E-01  0.64892E-01  0.64275E-01  0.62622E-01
  0.59501E-01  0.54747E-01  0.48464E-01  0.41010E-01  0.32982E-01  0.25180E-01
  0.18563E-01  0.14199E-01  0.13211E-01  0.16706E-01  0.25722E-01  0.41157E-01
  0.63716E-01  0.93853E-01  0.13173E+00  0.17720E+00  0.22976E+00  0.28859E+00
  0.35253E+00  0.42014E+00  0.48972E+00  0.55941E+00  0.62722E+00  0.69113E+00
  0.74917E+00  0.79950E+00  0.84048E+00  0.87077E+00  0.88936E+00  0.89561E+00
  0.11818E+02  0.12088E+01
  0.22607E+02  0.22521E+02  0.22265E+02  0.21845E+02  0.21271E+02  0.20556E+02
  0.19717E+02  0.18773E+02  0.17744E+02  0.16652E+02  0.15520E+02  0.13219E+02
  0.11000E+02  0.89892E+01  0.72697E+01  0.58777E+01  0.48069E+01  0.40172E+01
  0.34477E+01  0.30299E+01  0.26996E+01  0.24052E+01  0.21130E+01  0.18074E+01
  0.14889E+01  0.11694E+01  0.86675E+00  0.59963E+00  0.38351E+00  0.22801E+00
  0.13590E+00  0.10345E+00  0.12171E+00  0.17845E+00  0.26000E+00  0.35303E+00
  0.44582E+00  0.52911E+00  0.59637E+00  0.64380E+00  0.66995E+00  0.67530E+00
  0.66169E+00  0.63183E+00  0.58892E+00  0.53627E+00  0.47710E+00  0.41439E+00
  0.35081E+00  0.28863E+00  0.22981E+00  0.17591E+00  0.12817E+00  0.87503E-01
  0.54505E-01  0.29456E-01  0.12336E-01  0.28345E-02  0.36200E-03  0.40785E-02
  0.12928E-01  0.25687E-01  0.41021E-01  0.57556E-01  0.73946E-01  0.88954E-01
  0.10152E+00  0.11082E+00  0.11631E+00  0.11781E+00  0.11542E+00  0.10961E+00
  0.10114E+00  0.91024E-01  0.80484E-01  0.70849E-01  0.63485E-01  0.59710E-01
  0.60704E-01  0.67437E-01  0.80601E-01  0.10056E+00  0.12733E+00  0.16053E+00
  0.19946E+00  0.24303E+00  0.28992E+00  0.33855E+00  0.38720E+00  0.43406E+00
  0.47736E+00  0.51541E+00  0.54672E+00  0.57003E+00  0.58440E+00  0.58925E+00
  0.10323E+02  0.13839E+01
  0.34042E+02  0.33801E+02  0.33084E+02  0.31921E+02  0.30362E+02  0.28468E+02
  0.26314E+02  0.23980E+02  0.21548E+02  0.19099E+02  0.16705E+02  0.12322E+02
  0.87490E+01  0.61120E+01  0.43463E+01  0.32622E+01  0.26253E+01  0.22232E+01
  0.19058E+01  0.15953E+01  0.12734E+01  0.95713E+00  0.67505E+00  0.44993E+00
  0.29126E+00  0.19529E+00  0.14955E+00  0.13842E+00  0.14748E+00  0.16590E+00
  0.18691E+00  0.20714E+00  0.22546E+00  0.24178E+00  0.25624E+00  0.26862E+00
  0.27818E+00  0.28377E+00  0.28405E+00  0.27784E+00  0.26449E+00  0.24401E+00
  0.21724E+00  0.18569E+00  0.15139E+00  0.11662E+00  0.83640E-01  0.54454E-01
  0.30682E-01  0.13468E-01  0.34585E-02  0.83938E-03  0.53909E-02  0.16556E-01
  0.33509E-01  0.55216E-01  0.80493E-01  0.10805E+00  0.13654E+00  0.16462E+00
  0.19095E+00  0.21432E+00  0.23360E+00  0.24789E+00  0.25649E+00  0.25896E+00
  0.25515E+00  0.24522E+00  0.22963E+00  0.20913E+00  0.18471E+00  0.15760E+00
  0.12914E+00  0.10081E+00  0.74074E-01  0.50368E-01  0.31000E-01  0.17101E-01
  0.95702E-02  0.90307E-02  0.15805E-01  0.29896E-01  0.50989E-01  0.78464E-01
  0.11142E+00  0.14871E+00  0.18900E+00  0.23080E+00  0.27256E+00  0.31270E+00
  0.34970E+00  0.38213E+00  0.40876E+00  0.42855E+00  0.44074E+00  0.44485E+00
  0.74763E+01  0.19109E+01
  0.40713E+02  0.40304E+02  0.39090E+02  0.37146E+02  0.34585E+02  0.31550E+02
  0.28203E+02  0.24709E+02  0.21227E+02  0.17895E+02  0.14826E+02  0.97573E+01
  0.62576E+01  0.41365E+01  0.29766E+01  0.23429E+01  0.19180E+01  0.15411E+01
  0.11749E+01  0.84298E+00  0.57772E+00  0.39338E+00  0.28287E+00  0.22671E+00
  0.20336E+00  0.19583E+00  0.19376E+00  0.19257E+00  0.19152E+00  0.19151E+00
  0.19339E+00  0.19697E+00  0.20079E+00  0.20266E+00  0.20048E+00  0.19295E+00
  0.17990E+00  0.16222E+00  0.14142E+00  0.11917E+00  0.96975E-01  0.75957E-01
  0.56899E-01  0.40324E-01  0.26615E-01  0.16104E-01  0.90986E-02  0.58659E-02
  0.65754E-02  0.11240E-01  0.19668E-01  0.31448E-01  0.45957E-01  0.62411E-01
  0.79920E-01  0.97556E-01  0.11441E+00  0.12967E+00  0.14259E+00  0.15261E+00
  0.15929E+00  0.16236E+00  0.16171E+00  0.15737E+00  0.14955E+00  0.13862E+00
  0.12506E+00  0.10952E+00  0.92728E-01  0.75522E-01  0.58794E-01  0.43465E-01
  0.30449E-01  0.20613E-01  0.14746E-01  0.13520E-01  0.17462E-01  0.26932E-01
  0.42101E-01  0.62946E-01  0.89241E-01  0.12057E+00  0.15632E+00  0.19572E+00
  0.23785E+00  0.28169E+00  0.32612E+00  0.36998E+00  0.41209E+00  0.45132E+00
  0.48658E+00  0.51689E+00  0.54140E+00  0.55942E+00  0.57044E+00  0.57414E+00
  0.60984E+01  0.23427E+01
  0.45421E+02  0.44835E+02  0.43104E+02  0.40367E+02  0.36824E+02  0.32726E+02
  0.28342E+02  0.23932E+02  0.19727E+02  0.15906E+02  0.12588E+02  0.76323E+01
  0.47135E+01  0.32045E+01  0.24254E+01  0.19112E+01  0.14619E+01  0.10538E+01
  0.72305E+00  0.49355E+00  0.35812E+00  0.29015E+00  0.26010E+00  0.24547E+00
  0.23368E+00  0.22060E+00  0.20728E+00  0.19622E+00  0.18857E+00  0.18327E+00
  0.17790E+00  0.17022E+00  0.15922E+00  0.14531E+00  0.12973E+00  0.11381E+00
  0.98463E-01  0.84089E-01  0.70720E-01  0.58298E-01  0.46882E-01  0.36739E-01
  0.28294E-01  0.21995E-01  0.18180E-01  0.16988E-01  0.18339E-01  0.21981E-01
  0.27551E-01  0.34648E-01  0.42858E-01  0.51777E-01  0.60997E-01  0.70102E-01
  0.78661E-01  0.86243E-01  0.92433E-01  0.96864E-01  0.99249E-01  0.99400E-01
  0.97252E-01  0.92861E-01  0.86408E-01  0.78185E-01  0.68578E-01  0.58048E-01
  0.47113E-01  0.36330E-01  0.26273E-01  0.17518E-01  0.10626E-01  0.61255E-02
  0.44962E-02  0.61527E-02  0.11429E-01  0.20566E-01  0.33700E-01  0.50855E-01
  0.71937E-01  0.96736E-01  0.12492E+00  0.15607E+00  0.18963E+00  0.22499E+00
  0.26146E+00  0.29830E+00  0.33473E+00  0.36997E+00  0.40324E+00  0.43380E+00
  0.46096E+00  0.48410E+00  0.50267E+00  0.51626E+00  0.52454E+00  0.52732E+00
  0.52660E+01  0.27130E+01
  0.49245E+02  0.48474E+02  0.46210E+02  0.42670E+02  0.38169E+02  0.33085E+02
  0.27805E+02  0.22687E+02  0.18015E+02  0.13978E+02  0.10670E+02  0.61759E+01
  0.38644E+01  0.27486E+01  0.20889E+01  0.15534E+01  0.10893E+01  0.73385E+00
  0.50479E+00  0.38145E+00  0.32488E+00  0.29876E+00  0.27940E+00  0.25724E+00
  0.23291E+00  0.21076E+00  0.19344E+00  0.18012E+00  0.16811E+00  0.15519E+00
  0.14088E+00  0.12607E+00  0.11197E+00  0.99277E-01  0.87978E-01  0.77604E-01
  0.67683E-01  0.58066E-01  0.48994E-01  0.40934E-01  0.34338E-01  0.29468E-01
  0.26360E-01  0.24895E-01  0.24897E-01  0.26198E-01  0.28658E-01  0.32138E-01
  0.36452E-01  0.41352E-01  0.46522E-01  0.51611E-01  0.56268E-01  0.60187E-01
  0.63125E-01  0.64913E-01  0.65449E-01  0.64688E-01  0.62633E-01  0.59333E-01
  0.54881E-01  0.49418E-01  0.43136E-01  0.36279E-01  0.29141E-01  0.22058E-01
  0.15396E-01  0.95380E-02  0.48672E-02  0.17529E-02  0.53662E-03  0.15207E-02
  0.49581E-02  0.11045E-01  0.19912E-01  0.31623E-01  0.46170E-01  0.63471E-01
  0.83374E-01  0.10565E+00  0.13001E+00  0.15611E+00  0.18352E+00  0.21180E+00
  0.24045E+00  0.26897E+00  0.29682E+00  0.32347E+00  0.34841E+00  0.37115E+00
  0.39123E+00  0.40826E+00  0.42188E+00  0.43181E+00  0.43786E+00  0.43988E+00
  0.47021E+01  0.30383E+01
  0.52536E+02  0.51573E+02  0.48761E+02  0.44415E+02  0.38984E+02  0.32990E+02
  0.26949E+02  0.21299E+02  0.16357E+02  0.12295E+02  0.91446E+01  0.52141E+01
  0.33743E+01  0.24451E+01  0.17890E+01  0.12413E+01  0.82558E+00  0.56254E+00
  0.42556E+00  0.36479E+00  0.33455E+00  0.30710E+00  0.27435E+00  0.24055E+00
  0.21181E+00  0.18979E+00  0.17201E+00  0.15548E+00  0.13902E+00  0.12326E+00
  0.10927E+00  0.97478E-01  0.87420E-01  0.78240E-01  0.69310E-01  0.60570E-01
  0.52413E-01  0.45332E-01  0.39622E-01  0.35294E-01  0.32187E-01  0.30120E-01
  0.28981E-01  0.28728E-01  0.29332E-01  0.30705E-01  0.32684E-01  0.35043E-01
  0.37546E-01  0.39986E-01  0.42202E-01  0.44070E-01  0.45489E-01  0.46358E-01
  0.46578E-01  0.46058E-01  0.44731E-01  0.42572E-01  0.39608E-01  0.35920E-01
  0.31638E-01  0.26933E-01  0.22002E-01  0.17063E-01  0.12344E-01  0.80825E-02
  0.45168E-02  0.18848E-02  0.41783E-03  0.33484E-03  0.18353E-02  0.50921E-02
  0.10244E-01  0.17390E-01  0.26582E-01  0.37827E-01  0.51078E-01  0.66240E-01
  0.83166E-01  0.10166E+00  0.12150E+00  0.14239E+00  0.16403E+00  0.18609E+00
  0.20821E+00  0.23002E+00  0.25115E+00  0.27124E+00  0.28993E+00  0.30688E+00
  0.32180E+00  0.33440E+00  0.34445E+00  0.35177E+00  0.35622E+00  0.35771E+00
  0.42872E+01  0.33324E+01
  0.55443E+02  0.54282E+02  0.50912E+02  0.45761E+02  0.39432E+02  0.32607E+02
  0.25926E+02  0.19896E+02  0.14838E+02  0.10874E+02  0.79577E+01  0.45689E+01
  0.30447E+01  0.21805E+01  0.15137E+01  0.99901E+00  0.66424E+00  0.48715E+00
  0.40873E+00  0.37005E+00  0.33445E+00  0.29219E+00  0.24990E+00  0.21522E+00
  0.18913E+00  0.16807E+00  0.14890E+00  0.13099E+00  0.11520E+00  0.10217E+00
  0.91501E-01  0.82119E-01  0.73157E-01  0.64467E-01  0.56475E-01  0.49672E-01
  0.44239E-01  0.40018E-01  0.36717E-01  0.34119E-01  0.32158E-01  0.30857E-01
  0.30226E-01  0.30192E-01  0.30610E-01  0.31320E-01  0.32193E-01  0.33141E-01
  0.34097E-01  0.34980E-01  0.35691E-01  0.36107E-01  0.36114E-01  0.35627E-01
  0.34603E-01  0.33044E-01  0.30984E-01  0.28481E-01  0.25608E-01  0.22445E-01
  0.19086E-01  0.15643E-01  0.12242E-01  0.90329E-02  0.61761E-02  0.38420E-02
  0.22018E-02  0.14209E-02  0.16525E-02  0.30333E-02  0.56796E-02  0.96850E-02
  0.15118E-01  0.22020E-01  0.30404E-01  0.40249E-01  0.51504E-01  0.64086E-01
  0.77876E-01  0.92727E-01  0.10846E+00  0.12487E+00  0.14173E+00  0.15880E+00
  0.17581E+00  0.19250E+00  0.20861E+00  0.22386E+00  0.23800E+00  0.25080E+00
  0.26204E+00  0.27151E+00  0.27907E+00  0.28456E+00  0.28790E+00  0.28901E+00
  0.39639E+01  0.36042E+01
  0.58052E+02  0.56688E+02  0.52751E+02  0.46799E+02  0.39610E+02  0.32030E+02
  0.24822E+02  0.18539E+02  0.13481E+02  0.96939E+01  0.70383E+01  0.41151E+01
  0.27813E+01  0.19325E+01  0.12793E+01  0.82907E+00  0.57684E+00  0.46175E+00
  0.40900E+00  0.36588E+00  0.31526E+00  0.26438E+00  0.22315E+00  0.19284E+00
  0.16900E+00  0.14793E+00  0.12892E+00  0.11281E+00  0.99848E-01  0.89138E-01
  0.79448E-01  0.70215E-01  0.61720E-01  0.54504E-01  0.48780E-01  0.44312E-01
  0.40679E-01  0.37584E-01  0.34963E-01  0.32884E-01  0.31394E-01  0.30435E-01
  0.29877E-01  0.29595E-01  0.29511E-01  0.29581E-01  0.29762E-01  0.29979E-01
  0.30128E-01  0.30105E-01  0.29834E-01  0.29279E-01  0.28432E-01  0.27304E-01
  0.25900E-01  0.24228E-01  0.22296E-01  0.20127E-01  0.17766E-01  0.15281E-01
  0.12761E-01  0.10310E-01  0.80374E-02  0.60559E-02  0.44762E-02  0.34077E-02
  0.29575E-02  0.32290E-02  0.43190E-02  0.63155E-02  0.92939E-02  0.13313E-01
  0.18412E-01  0.24607E-01  0.31891E-01  0.40236E-01  0.49587E-01  0.59868E-01
  0.70981E-01  0.82806E-01  0.95205E-01  0.10803E+00  0.12110E+00  0.13424E+00
  0.14728E+00  0.16000E+00  0.17223E+00  0.18378E+00  0.19447E+00  0.20411E+00
  0.21256E+00  0.21967E+00  0.22532E+00  0.22943E+00  0.23193E+00  0.23276E+00
  0.37015E+01  0.38596E+01
  0.60417E+02  0.58846E+02  0.54334E+02  0.47590E+02  0.39578E+02  0.31320E+02
  0.23686E+02  0.17258E+02  0.12283E+02  0.87178E+01  0.63215E+01  0.37731E+01
  0.25463E+01  0.17058E+01  0.10935E+01  0.71872E+00  0.53507E+00  0.45547E+00
  0.40391E+00  0.34635E+00  0.28630E+00  0.23685E+00  0.20127E+00  0.17445E+00
  0.15146E+00  0.13104E+00  0.11394E+00  0.10026E+00  0.88888E-01  0.78576E-01
  0.69020E-01  0.60694E-01  0.54018E-01  0.48864E-01  0.44716E-01  0.41109E-01
  0.37891E-01  0.35150E-01  0.32987E-01  0.31371E-01  0.30169E-01  0.29244E-01
  0.28524E-01  0.27980E-01  0.27585E-01  0.27277E-01  0.26972E-01  0.26594E-01
  0.26104E-01  0.25491E-01  0.24753E-01  0.23881E-01  0.22850E-01  0.21637E-01
  0.20229E-01  0.18638E-01  0.16899E-01  0.15062E-01  0.13188E-01  0.11337E-01
  0.95701E-02  0.79513E-02  0.65484E-02  0.54355E-02  0.46916E-02  0.43969E-02
  0.46296E-02  0.54621E-02  0.69576E-02  0.91685E-02  0.12135E-01  0.15887E-01
  0.20440E-01  0.25798E-01  0.31946E-01  0.38859E-01  0.46490E-01  0.54781E-01
  0.63654E-01  0.73019E-01  0.82768E-01  0.92784E-01  0.10294E+00  0.11310E+00
  0.12313E+00  0.13288E+00  0.14222E+00  0.15100E+00  0.15911E+00  0.16640E+00
  0.17278E+00  0.17813E+00  0.18238E+00  0.18547E+00  0.18734E+00  0.18796E+00
  0.34823E+01  0.41027E+01
  0.62577E+02  0.60794E+02  0.55704E+02  0.48178E+02  0.39383E+02  0.30519E+02
  0.22551E+02  0.16066E+02  0.11236E+02  0.79113E+01  0.57562E+01  0.34965E+01
  0.23290E+01  0.15076E+01  0.95398E+00  0.65157E+00  0.51720E+00  0.45016E+00
  0.38703E+00  0.31785E+00  0.25783E+00  0.21481E+00  0.18408E+00  0.15882E+00
  0.13653E+00  0.11775E+00  0.10276E+00  0.90382E-01  0.79320E-01  0.69353E-01
  0.60991E-01  0.54488E-01  0.49451E-01  0.45221E-01  0.41397E-01  0.37987E-01
  0.35156E-01  0.32946E-01  0.31227E-01  0.29820E-01  0.28615E-01  0.27588E-01
  0.26734E-01  0.26015E-01  0.25363E-01  0.24717E-01  0.24048E-01  0.23352E-01
  0.22624E-01  0.21840E-01  0.20966E-01  0.19969E-01  0.18842E-01  0.17597E-01
  0.16265E-01  0.14877E-01  0.13464E-01  0.12051E-01  0.10667E-01  0.93475E-02
  0.81383E-02  0.70942E-02  0.62738E-02  0.57357E-02  0.55354E-02  0.57246E-02
  0.63509E-02  0.74584E-02  0.90869E-02  0.11271E-01  0.14036E-01  0.17399E-01
  0.21366E-01  0.25932E-01  0.31082E-01  0.36787E-01  0.43005E-01  0.49683E-01
  0.56760E-01  0.64162E-01  0.71811E-01  0.79620E-01  0.87496E-01  0.95344E-01
  0.10306E+00  0.11054E+00  0.11768E+00  0.12439E+00  0.13056E+00  0.13611E+00
  0.14096E+00  0.14503E+00  0.14826E+00  0.15060E+00  0.15202E+00  0.15250E+00
  0.32950E+01  0.43358E+01
  0.77460E+02  0.73433E+02  0.62522E+02  0.48012E+02  0.33563E+02  0.21796E+02
  0.13656E+02  0.87088E+01  0.59155E+01  0.43015E+01  0.32504E+01  0.18822E+01
  0.11181E+01  0.77014E+00  0.59215E+00  0.43976E+00  0.32245E+00  0.25326E+00
  0.20734E+00  0.16751E+00  0.13514E+00  0.11157E+00  0.93449E-01  0.78770E-01
  0.67312E-01  0.58241E-01  0.50654E-01  0.44505E-01  0.39748E-01  0.35807E-01
  0.32268E-01  0.29228E-01  0.26778E-01  0.24711E-01  0.22811E-01  0.21078E-01
  0.19581E-01  0.18280E-01  0.17087E-01  0.15974E-01  0.14956E-01  0.14035E-01
  0.13187E-01  0.12399E-01  0.11673E-01  0.11005E-01  0.10386E-01  0.98125E-02
  0.92912E-02  0.88265E-02  0.84145E-02  0.80489E-02  0.77294E-02  0.74625E-02
  0.72552E-02  0.71087E-02  0.70194E-02  0.69853E-02  0.70083E-02  0.70917E-02
  0.72384E-02  0.74486E-02  0.77199E-02  0.80504E-02  0.84394E-02  0.88862E-02
  0.93892E-02  0.99457E-02  0.10553E-01  0.11207E-01  0.11905E-01  0.12641E-01
  0.13412E-01  0.14211E-01  0.15034E-01  0.15875E-01  0.16729E-01  0.17589E-01
  0.18449E-01  0.19303E-01  0.20142E-01  0.20964E-01  0.21763E-01  0.22531E-01
  0.23260E-01  0.23946E-01  0.24584E-01  0.25171E-01  0.25701E-01  0.26168E-01
  0.26568E-01  0.26900E-01  0.27164E-01  0.27354E-01  0.27468E-01  0.27505E-01
  0.22468E+01  0.63585E+01
  0.86443E+02  0.80044E+02  0.63565E+02  0.43774E+02  0.26846E+02  0.15508E+02
  0.91814E+01  0.59458E+01  0.41844E+01  0.30561E+01  0.22476E+01  0.12623E+01
  0.83109E+00  0.57671E+00  0.39356E+00  0.29342E+00  0.22801E+00  0.17338E+00
  0.13556E+00  0.10946E+00  0.88533E-01  0.72648E-01  0.60828E-01  0.51551E-01
  0.44337E-01  0.38536E-01  0.33735E-01  0.29917E-01  0.26752E-01  0.23955E-01
  0.21614E-01  0.19671E-01  0.17922E-01  0.16358E-01  0.15031E-01  0.13864E-01
  0.12794E-01  0.11844E-01  0.11016E-01  0.10269E-01  0.95899E-02  0.89840E-02
  0.84445E-02  0.79594E-02  0.75255E-02  0.71398E-02  0.67968E-02  0.64939E-02
  0.62298E-02  0.60012E-02  0.58045E-02  0.56377E-02  0.55010E-02  0.53930E-02
  0.53106E-02  0.52522E-02  0.52178E-02  0.52063E-02  0.52160E-02  0.52440E-02
  0.52891E-02  0.53514E-02  0.54295E-02  0.55226E-02  0.56297E-02  0.57479E-02
  0.58758E-02  0.60139E-02  0.61611E-02  0.63147E-02  0.64732E-02  0.66361E-02
  0.68022E-02  0.69703E-02  0.71395E-02  0.73091E-02  0.74773E-02  0.76423E-02
  0.78035E-02  0.79609E-02  0.81134E-02  0.82603E-02  0.84008E-02  0.85342E-02
  0.86595E-02  0.87764E-02  0.88843E-02  0.89823E-02  0.90700E-02  0.91468E-02
  0.92122E-02  0.92657E-02  0.93072E-02  0.93371E-02  0.93550E-02  0.93608E-02
  0.17678E+01  0.80815E+01
  0.92872E+02  0.84044E+02  0.62409E+02  0.38875E+02  0.21458E+02  0.11655E+02
  0.69598E+01  0.46572E+01  0.32973E+01  0.23618E+01  0.17055E+01  0.10002E+01
  0.64532E+00  0.42093E+00  0.30558E+00  0.22433E+00  0.16529E+00  0.12839E+00
  0.10005E+00  0.79256E-01  0.64669E-01  0.53365E-01  0.44803E-01  0.38170E-01
  0.32915E-01  0.28689E-01  0.25157E-01  0.22294E-01  0.19874E-01  0.17759E-01
  0.16002E-01  0.14478E-01  0.13120E-01  0.11967E-01  0.10956E-01  0.10046E-01
  0.92586E-02  0.85669E-02  0.79432E-02  0.73932E-02  0.69105E-02  0.64780E-02
  0.60928E-02  0.57526E-02  0.54496E-02  0.51802E-02  0.49417E-02  0.47310E-02
  0.45452E-02  0.43824E-02  0.42402E-02  0.41163E-02  0.40097E-02  0.39183E-02
  0.38411E-02  0.37778E-02  0.37260E-02  0.36850E-02  0.36548E-02  0.36335E-02
  0.36197E-02  0.36123E-02  0.36121E-02  0.36191E-02  0.36323E-02  0.36510E-02
  0.36721E-02  0.36961E-02  0.37256E-02  0.37582E-02  0.37928E-02  0.38301E-02
  0.38678E-02  0.39058E-02  0.39453E-02  0.39859E-02  0.40260E-02  0.40653E-02
  0.41058E-02  0.41460E-02  0.41834E-02  0.42196E-02  0.42549E-02  0.42884E-02
  0.43199E-02  0.43487E-02  0.43755E-02  0.44006E-02  0.44239E-02  0.44449E-02
  0.44613E-02  0.44750E-02  0.44880E-02  0.44966E-02  0.44996E-02  0.45002E-02
  0.14815E+01  0.96431E+01
  0.97870E+02  0.86588E+02  0.60253E+02  0.34237E+02  0.17447E+02  0.93019E+01
  0.57223E+01  0.38929E+01  0.27202E+01  0.19086E+01  0.13815E+01  0.82033E+00
  0.50398E+00  0.34522E+00  0.24337E+00  0.17410E+00  0.13163E+00  0.99373E-01
  0.77778E-01  0.62218E-01  0.50523E-01  0.42019E-01  0.35364E-01  0.30176E-01
  0.26013E-01  0.22657E-01  0.19851E-01  0.17520E-01  0.15569E-01  0.13872E-01
  0.12454E-01  0.11220E-01  0.10138E-01  0.92203E-02  0.84072E-02  0.76961E-02
  0.70808E-02  0.65331E-02  0.60522E-02  0.56287E-02  0.52500E-02  0.49164E-02
  0.46215E-02  0.43585E-02  0.41251E-02  0.39173E-02  0.37318E-02  0.35662E-02
  0.34188E-02  0.32877E-02  0.31712E-02  0.30675E-02  0.29762E-02  0.28952E-02
  0.28231E-02  0.27605E-02  0.27056E-02  0.26570E-02  0.26150E-02  0.25797E-02
  0.25498E-02  0.25243E-02  0.25009E-02  0.24825E-02  0.24708E-02  0.24598E-02
  0.24506E-02  0.24447E-02  0.24408E-02  0.24404E-02  0.24424E-02  0.24439E-02
  0.24459E-02  0.24499E-02  0.24558E-02  0.24636E-02  0.24707E-02  0.24776E-02
  0.24865E-02  0.24939E-02  0.24999E-02  0.25075E-02  0.25167E-02  0.25253E-02
  0.25320E-02  0.25401E-02  0.25480E-02  0.25532E-02  0.25586E-02  0.25642E-02
  0.25680E-02  0.25713E-02  0.25731E-02  0.25711E-02  0.25743E-02  0.25790E-02
  0.12871E+01  0.11100E+02
  0.10196E+03  0.88213E+02  0.57628E+02  0.30124E+02  0.14517E+02  0.78075E+01
  0.49385E+01  0.33564E+01  0.22930E+01  0.15936E+01  0.11668E+01  0.67399E+00
  0.42208E+00  0.28766E+00  0.19715E+00  0.14438E+00  0.10594E+00  0.81165E-01
  0.63419E-01  0.50713E-01  0.41529E-01  0.34446E-01  0.29060E-01  0.24770E-01
  0.21325E-01  0.18507E-01  0.16186E-01  0.14222E-01  0.12594E-01  0.11190E-01
  0.10000E-01  0.89822E-02  0.80948E-02  0.73385E-02  0.66753E-02  0.60997E-02
  0.55972E-02  0.51537E-02  0.47668E-02  0.44249E-02  0.41223E-02  0.38549E-02
  0.36175E-02  0.34052E-02  0.32160E-02  0.30481E-02  0.28972E-02  0.27621E-02
  0.26416E-02  0.25334E-02  0.24362E-02  0.23490E-02  0.22702E-02  0.21999E-02
  0.21365E-02  0.20793E-02  0.20284E-02  0.19826E-02  0.19408E-02  0.19036E-02
  0.18713E-02  0.18423E-02  0.18147E-02  0.17911E-02  0.17708E-02  0.17533E-02
  0.17365E-02  0.17197E-02  0.17081E-02  0.16986E-02  0.16884E-02  0.16795E-02
  0.16711E-02  0.16652E-02  0.16612E-02  0.16563E-02  0.16535E-02  0.16505E-02
  0.16463E-02  0.16437E-02  0.16424E-02  0.16417E-02  0.16415E-02  0.16416E-02
  0.16408E-02  0.16411E-02  0.16398E-02  0.16393E-02  0.16418E-02  0.16404E-02
  0.16393E-02  0.16427E-02  0.16403E-02  0.16385E-02  0.16426E-02  0.16441E-02
  0.11441E+01  0.12488E+02
  0.10541E+03  0.89208E+02  0.54809E+02  0.26581E+02  0.12375E+02  0.68062E+01
  0.43814E+01  0.29332E+01  0.19619E+01  0.13676E+01  0.10031E+01  0.56911E+00
  0.36521E+00  0.23990E+00  0.16809E+00  0.12008E+00  0.89140E-01  0.68047E-01
  0.53289E-01  0.42837E-01  0.34972E-01  0.29102E-01  0.24475E-01  0.20833E-01
  0.17886E-01  0.15468E-01  0.13478E-01  0.11809E-01  0.10408E-01  0.92260E-02
  0.82146E-02  0.73589E-02  0.66156E-02  0.59822E-02  0.54302E-02  0.49508E-02
  0.45339E-02  0.41693E-02  0.38486E-02  0.35671E-02  0.33184E-02  0.30967E-02
  0.29009E-02  0.27259E-02  0.25713E-02  0.24322E-02  0.23070E-02  0.21951E-02
  0.20938E-02  0.20026E-02  0.19211E-02  0.18469E-02  0.17798E-02  0.17191E-02
  0.16641E-02  0.16141E-02  0.15686E-02  0.15271E-02  0.14899E-02  0.14559E-02
  0.14239E-02  0.13958E-02  0.13704E-02  0.13467E-02  0.13243E-02  0.13048E-02
  0.12880E-02  0.12709E-02  0.12554E-02  0.12411E-02  0.12301E-02  0.12194E-02
  0.12074E-02  0.11981E-02  0.11892E-02  0.11821E-02  0.11756E-02  0.11688E-02
  0.11632E-02  0.11565E-02  0.11511E-02  0.11482E-02  0.11444E-02  0.11408E-02
  0.11393E-02  0.11357E-02  0.11333E-02  0.11307E-02  0.11288E-02  0.11275E-02
  0.11254E-02  0.11271E-02  0.11259E-02  0.11234E-02  0.11248E-02  0.11238E-02
  0.10337E+01  0.13821E+02
  0.10839E+03  0.89741E+02  0.51943E+02  0.23574E+02  0.10793E+02  0.60957E+01
  0.39440E+01  0.25794E+01  0.17049E+01  0.11953E+01  0.87019E+00  0.49702E+00
  0.31568E+00  0.20696E+00  0.14440E+00  0.10270E+00  0.76596E-01  0.58303E-01
  0.45951E-01  0.36800E-01  0.30145E-01  0.24986E-01  0.21003E-01  0.17812E-01
  0.15242E-01  0.13143E-01  0.11403E-01  0.99645E-02  0.87504E-02  0.77367E-02
  0.68704E-02  0.61374E-02  0.55077E-02  0.49685E-02  0.45013E-02  0.40991E-02
  0.37479E-02  0.34410E-02  0.31721E-02  0.29349E-02  0.27253E-02  0.25407E-02
  0.23775E-02  0.22306E-02  0.21000E-02  0.19819E-02  0.18763E-02  0.17828E-02
  0.16971E-02  0.16208E-02  0.15507E-02  0.14866E-02  0.14296E-02  0.13770E-02
  0.13291E-02  0.12856E-02  0.12457E-02  0.12093E-02  0.11757E-02  0.11450E-02
  0.11169E-02  0.10907E-02  0.10667E-02  0.10450E-02  0.10251E-02  0.10055E-02
  0.98841E-03  0.97288E-03  0.95837E-03  0.94399E-03  0.93101E-03  0.92015E-03
  0.90977E-03  0.89930E-03  0.88969E-03  0.88132E-03  0.87387E-03  0.86678E-03
  0.86082E-03  0.85408E-03  0.84749E-03  0.84305E-03  0.83816E-03  0.83431E-03
  0.83022E-03  0.82780E-03  0.82373E-03  0.82126E-03  0.81957E-03  0.81555E-03
  0.81499E-03  0.81456E-03  0.81197E-03  0.81318E-03  0.81161E-03  0.80558E-03
  0.94590E+00  0.15104E+02
  0.11101E+03  0.89935E+02  0.49123E+02  0.21041E+02  0.96073E+01  0.55609E+01
  0.35736E+01  0.22807E+01  0.15044E+01  0.10566E+01  0.76367E+00  0.44249E+00
  0.27457E+00  0.18273E+00  0.12489E+00  0.90140E-01  0.66471E-01  0.51171E-01
  0.40054E-01  0.32241E-01  0.26275E-01  0.21786E-01  0.18236E-01  0.15426E-01
  0.13153E-01  0.11301E-01  0.97791E-02  0.85144E-02  0.74621E-02  0.65765E-02
  0.58309E-02  0.51958E-02  0.46559E-02  0.41931E-02  0.37945E-02  0.34500E-02
  0.31481E-02  0.28871E-02  0.26577E-02  0.24587E-02  0.22801E-02  0.21229E-02
  0.19818E-02  0.18568E-02  0.17467E-02  0.16460E-02  0.15576E-02  0.14755E-02
  0.14016E-02  0.13362E-02  0.12752E-02  0.12213E-02  0.11714E-02  0.11259E-02
  0.10848E-02  0.10463E-02  0.10109E-02  0.97891E-03  0.94920E-03  0.92203E-03
  0.89693E-03  0.87371E-03  0.85229E-03  0.83213E-03  0.81370E-03  0.79679E-03
  0.78081E-03  0.76567E-03  0.75257E-03  0.73996E-03  0.72785E-03  0.71679E-03
  0.70648E-03  0.69741E-03  0.68833E-03  0.68054E-03  0.67195E-03  0.66555E-03
  0.65941E-03  0.65353E-03  0.64830E-03  0.64294E-03  0.63848E-03  0.63367E-03
  0.63092E-03  0.62689E-03  0.62379E-03  0.62119E-03  0.61800E-03  0.61712E-03
  0.61470E-03  0.61257E-03  0.61229E-03  0.61049E-03  0.60991E-03  0.61539E-03
  0.87406E+00  0.16345E+02
  0.11335E+03  0.89871E+02  0.46401E+02  0.18913E+02  0.87015E+01  0.51339E+01
  0.32458E+01  0.20311E+01  0.13444E+01  0.94222E+00  0.67988E+00  0.39603E+00
  0.24343E+00  0.16173E+00  0.11057E+00  0.79426E-01  0.59020E-01  0.45144E-01
  0.35545E-01  0.28437E-01  0.23221E-01  0.19155E-01  0.16008E-01  0.13490E-01
  0.11468E-01  0.98239E-02  0.84757E-02  0.73617E-02  0.64367E-02  0.56606E-02
  0.50104E-02  0.44563E-02  0.39883E-02  0.35876E-02  0.32416E-02  0.29446E-02
  0.26841E-02  0.24588E-02  0.22614E-02  0.20888E-02  0.19347E-02  0.17997E-02
  0.16781E-02  0.15708E-02  0.14756E-02  0.13890E-02  0.13120E-02  0.12400E-02
  0.11773E-02  0.11194E-02  0.10677E-02  0.10206E-02  0.97560E-03  0.93647E-03
  0.89988E-03  0.86622E-03  0.83611E-03  0.80718E-03  0.78126E-03  0.75721E-03
  0.73444E-03  0.71370E-03  0.69476E-03  0.67693E-03  0.66044E-03  0.64517E-03
  0.63076E-03  0.61752E-03  0.60498E-03  0.59340E-03  0.58260E-03  0.57310E-03
  0.56356E-03  0.55502E-03  0.54690E-03  0.53979E-03  0.53262E-03  0.52651E-03
  0.51997E-03  0.51438E-03  0.50969E-03  0.50466E-03  0.50068E-03  0.49671E-03
  0.49332E-03  0.48986E-03  0.48776E-03  0.48434E-03  0.48294E-03  0.48086E-03
  0.47876E-03  0.47816E-03  0.47634E-03  0.47539E-03  0.47558E-03  0.47075E-03
  0.81371E+00  0.17557E+02
  0.12230E+03  0.87186E+02  0.34858E+02  0.12388E+02  0.62535E+01  0.36411E+01
  0.20725E+01  0.12888E+01  0.86118E+00  0.60187E+00  0.43774E+00  0.24815E+00
  0.15184E+00  0.99484E-01  0.68235E-01  0.48770E-01  0.36260E-01  0.27665E-01
  0.21537E-01  0.17094E-01  0.13760E-01  0.11207E-01  0.92358E-02  0.76872E-02
  0.64581E-02  0.54773E-02  0.46842E-02  0.40378E-02  0.35070E-02  0.30669E-02
  0.26998E-02  0.23927E-02  0.21313E-02  0.19087E-02  0.17191E-02  0.15544E-02
  0.14135E-02  0.12896E-02  0.11797E-02  0.10856E-02  0.10007E-02  0.92724E-03
  0.85976E-03  0.79964E-03  0.74756E-03  0.69893E-03  0.65745E-03  0.61558E-03
  0.58223E-03  0.54928E-03  0.52135E-03  0.49264E-03  0.46899E-03  0.44569E-03
  0.42689E-03  0.40660E-03  0.39027E-03  0.37393E-03  0.35784E-03  0.34558E-03
  0.33222E-03  0.32095E-03  0.31032E-03  0.29935E-03  0.29038E-03  0.28122E-03
  0.27342E-03  0.26636E-03  0.25895E-03  0.25240E-03  0.24702E-03  0.24095E-03
  0.23489E-03  0.23057E-03  0.22617E-03  0.22153E-03  0.21775E-03  0.21462E-03
  0.21147E-03  0.20824E-03  0.20480E-03  0.20184E-03  0.19966E-03  0.19796E-03
  0.19599E-03  0.19390E-03  0.19191E-03  0.19021E-03  0.18937E-03  0.18856E-03
  0.18819E-03  0.18763E-03  0.18772E-03  0.18757E-03  0.18789E-03  0.18683E-03
  0.61503E+00  0.23229E+02
  0.12862E+03  0.82649E+02  0.26749E+02  0.94585E+01  0.49946E+01  0.26202E+01
  0.14804E+01  0.93444E+00  0.62106E+00  0.43294E+00  0.31183E+00  0.17537E+00
  0.10705E+00  0.69599E-01  0.47551E-01  0.33860E-01  0.24949E-01  0.18869E-01
  0.14554E-01  0.11416E-01  0.90894E-02  0.73402E-02  0.60021E-02  0.49636E-02
  0.41489E-02  0.35027E-02  0.29843E-02  0.25643E-02  0.22210E-02  0.19380E-02
  0.17023E-02  0.15043E-02  0.13365E-02  0.11939E-02  0.10725E-02  0.96696E-03
  0.87521E-03  0.79647E-03  0.72707E-03  0.66498E-03  0.61176E-03  0.56341E-03
  0.52067E-03  0.48338E-03  0.44900E-03  0.41718E-03  0.39156E-03  0.36557E-03
  0.34330E-03  0.32298E-03  0.30284E-03  0.28855E-03  0.27165E-03  0.25806E-03
  0.24405E-03  0.23348E-03  0.22207E-03  0.21213E-03  0.20265E-03  0.19428E-03
  0.18617E-03  0.17996E-03  0.17194E-03  0.16706E-03  0.15956E-03  0.15541E-03
  0.15037E-03  0.14547E-03  0.14238E-03  0.13715E-03  0.13351E-03  0.13041E-03
  0.12714E-03  0.12422E-03  0.12194E-03  0.11926E-03  0.11633E-03  0.11484E-03
  0.11302E-03  0.11052E-03  0.10830E-03  0.10739E-03  0.10608E-03  0.10530E-03
  0.10367E-03  0.10193E-03  0.10107E-03  0.10100E-03  0.10014E-03  0.99908E-04
  0.99193E-04  0.98382E-04  0.98676E-04  0.96995E-04  0.98358E-04  0.93511E-04
  0.50186E+00  0.28467E+02
  0.13348E+03  0.77499E+02  0.21245E+02  0.79215E+01  0.40112E+01  0.19846E+01
  0.11527E+01  0.71965E+00  0.47813E+00  0.33188E+00  0.23890E+00  0.13326E+00
  0.80608E-01  0.52034E-01  0.35354E-01  0.25037E-01  0.18287E-01  0.13707E-01
  0.10486E-01  0.81651E-02  0.64624E-02  0.51908E-02  0.42248E-02  0.34857E-02
  0.29050E-02  0.24476E-02  0.20810E-02  0.17845E-02  0.15429E-02  0.13439E-02
  0.11782E-02  0.10387E-02  0.92082E-03  0.82068E-03  0.73472E-03  0.66041E-03
  0.59640E-03  0.54078E-03  0.49256E-03  0.44878E-03  0.41088E-03  0.37839E-03
  0.34878E-03  0.32143E-03  0.29765E-03  0.27741E-03  0.25816E-03  0.24032E-03
  0.22570E-03  0.21146E-03  0.19792E-03  0.18726E-03  0.17605E-03  0.16705E-03
  0.15873E-03  0.14951E-03  0.14285E-03  0.13552E-03  0.13033E-03  0.12367E-03
  0.11883E-03  0.11386E-03  0.10925E-03  0.10543E-03  0.10132E-03  0.97672E-04
  0.94547E-04  0.91317E-04  0.89174E-04  0.85832E-04  0.83876E-04  0.81410E-04
  0.78084E-04  0.77994E-04  0.75674E-04  0.73730E-04  0.72295E-04  0.71467E-04
  0.68821E-04  0.67884E-04  0.67560E-04  0.66653E-04  0.64933E-04  0.63650E-04
  0.64102E-04  0.63523E-04  0.62562E-04  0.61575E-04  0.60980E-04  0.60575E-04
  0.60047E-04  0.60772E-04  0.59702E-04  0.60003E-04  0.61002E-04  0.58074E-04
  0.42727E+00  0.33437E+02
  0.13747E+03  0.72282E+02  0.17520E+02  0.69203E+01  0.32211E+01  0.16023E+01
  0.93149E+00  0.57914E+00  0.38414E+00  0.26604E+00  0.18997E+00  0.10507E+00
  0.63190E-01  0.40596E-01  0.27446E-01  0.19299E-01  0.13999E-01  0.10416E-01
  0.79204E-02  0.61402E-02  0.48430E-02  0.38786E-02  0.31525E-02  0.25921E-02
  0.21582E-02  0.18168E-02  0.15410E-02  0.13199E-02  0.11392E-02  0.99002E-03
  0.86668E-03  0.76218E-03  0.67391E-03  0.59925E-03  0.53524E-03  0.48012E-03
  0.43262E-03  0.39128E-03  0.35491E-03  0.32301E-03  0.29514E-03  0.27087E-03
  0.24924E-03  0.22959E-03  0.21179E-03  0.19635E-03  0.18310E-03  0.17042E-03
  0.15878E-03  0.14855E-03  0.13965E-03  0.13124E-03  0.12302E-03  0.11680E-03
  0.11021E-03  0.10430E-03  0.10003E-03  0.93915E-04  0.89966E-04  0.86265E-04
  0.81674E-04  0.78958E-04  0.74714E-04  0.72749E-04  0.69582E-04  0.67620E-04
  0.64364E-04  0.62969E-04  0.60208E-04  0.59152E-04  0.56584E-04  0.55589E-04
  0.53976E-04  0.52203E-04  0.51698E-04  0.49551E-04  0.49152E-04  0.48742E-04
  0.46922E-04  0.46088E-04  0.45220E-04  0.44777E-04  0.43847E-04  0.42954E-04
  0.43241E-04  0.42725E-04  0.42181E-04  0.41742E-04  0.40668E-04  0.40448E-04
  0.40943E-04  0.40364E-04  0.39803E-04  0.40942E-04  0.40643E-04  0.38337E-04
  0.37328E+00  0.38274E+02