  0.54713E+01  0.54667E+01  0.54527E+01  0.54293E+01  0.53969E+01  0.53555E+01
  0.53053E+01  0.52466E+01  0.51797E+01  0.51050E+01  0.50229E+01  0.48379E+01
  0.46287E+01  0.43992E+01  0.41539E+01  0.38973E+01  0.36339E+01  0.33683E+01
  0.31046E+01  0.28467E+01  0.25983E+01  0.23621E+01  0.21409E+01  0.19366E+01
  0.17504E+01  0.15834E+01  0.14358E+01  0.13074E+01  0.11976E+01  0.11053E+01
  0.10293E+01  0.96784E+00  0.91926E+00  0.88161E+00  0.85293E+00  0.83126E+00
  0.81469E+00  0.80142E+00  0.78980E+00  0.77835E+00  0.76577E+00  0.75099E+00
  0.73315E+00  0.71162E+00  0.68600E+00  0.65608E+00  0.62188E+00  0.58360E+00
  0.54160E+00  0.49642E+00  0.44869E+00  0.39921E+00  0.34882E+00  0.29846E+00
  0.24911E+00  0.20179E+00  0.15751E+00  0.11729E+00  0.82116E-01  0.52933E-01
  0.30625E-01  0.16005E-01  0.97965E-02  0.12629E-01  0.25021E-01  0.47374E-01
  0.79965E-01  0.12294E+00  0.17632E+00  0.23997E+00  0.31363E+00  0.39690E+00
  0.48926E+00  0.59004E+00  0.69847E+00  0.81365E+00  0.93459E+00  0.10602E+01
  0.11893E+01  0.13206E+01  0.14530E+01  0.15849E+01  0.17152E+01  0.18425E+01
  0.19654E+01  0.20826E+01  0.21929E+01  0.22952E+01  0.23882E+01  0.24710E+01
  0.25426E+01  0.26024E+01  0.26496E+01  0.26836E+01  0.27042E+01  0.27111E+01
  0.11924E+02  0.12331E+01
  0.10221E+02  0.10207E+02  0.10165E+02  0.10095E+02  0.99981E+01  0.98752E+01
  0.97274E+01  0.95561E+01  0.93628E+01  0.91494E+01  0.89178E+01  0.84078E+01
  0.78499E+01  0.72612E+01  0.66584E+01  0.60567E+01  0.54692E+01  0.49066E+01
  0.43768E+01  0.38851E+01  0.34342E+01  0.30247E+01  0.26554E+01  0.23238E+01
  0.20268E+01  0.17606E+01  0.15218E+01  0.13071E+01  0.11137E+01  0.93943E+00
  0.78263E+00  0.64224E+00  0.51759E+00  0.40833E+00  0.31426E+00  0.23522E+00
  0.17099E+00  0.12117E+00  0.85162E-01  0.62137E-01  0.51031E-01  0.50571E-01
  0.59322E-01  0.75731E-01  0.98183E-01  0.12506E+00  0.15479E+00  0.18588E+00
  0.21698E+00  0.24689E+00  0.27458E+00  0.29919E+00  0.32008E+00  0.33675E+00
  0.34891E+00  0.35641E+00  0.35925E+00  0.35757E+00  0.35162E+00  0.34174E+00
  0.32836E+00  0.31197E+00  0.29310E+00  0.27234E+00  0.25026E+00  0.22747E+00
  0.20456E+00  0.18209E+00  0.16061E+00  0.14063E+00  0.12259E+00  0.10691E+00
  0.93918E-01  0.83885E-01  0.77005E-01  0.73398E-01  0.73104E-01  0.76082E-01
  0.82217E-01  0.91316E-01  0.10312E+00  0.11730E+00  0.13347E+00  0.15121E+00
  0.17005E+00  0.18951E+00  0.20907E+00  0.22824E+00  0.24651E+00  0.26342E+00
  0.27854E+00  0.29148E+00  0.30191E+00  0.30955E+00  0.31421E+00  0.31578E+00
  0.99084E+01  0.14840E+01
  0.12630E+02  0.12604E+02  0.12527E+02  0.12400E+02  0.12225E+02  0.12003E+02
  0.11739E+02  0.11435E+02  0.11095E+02  0.10724E+02  0.10326E+02  0.94677E+01
  0.85579E+01  0.76328E+01  0.67241E+01  0.58580E+01  0.50539E+01  0.43242E+01
  0.36747E+01  0.31057E+01  0.26131E+01  0.21903E+01  0.18287E+01  0.15199E+01
  0.12556E+01  0.10289E+01  0.83415E+00  0.66696E+00  0.52422E+00  0.40372E+00
  0.30381E+00  0.22316E+00  0.16050E+00  0.11443E+00  0.83411E-01  0.65670E-01
  0.59280E-01  0.62215E-01  0.72438E-01  0.87981E-01  0.10702E+00  0.12795E+00
  0.14939E+00  0.17022E+00  0.18959E+00  0.20689E+00  0.22173E+00  0.23391E+00
  0.24338E+00  0.25021E+00  0.25453E+00  0.25654E+00  0.25644E+00  0.25443E+00
  0.25071E+00  0.24542E+00  0.23870E+00  0.23063E+00  0.22130E+00  0.21075E+00
  0.19905E+00  0.18624E+00  0.17242E+00  0.15768E+00  0.14218E+00  0.12610E+00
  0.10968E+00  0.93211E-01  0.76999E-01  0.61400E-01  0.46787E-01  0.33543E-01
  0.22044E-01  0.12648E-01  0.56751E-02  0.13970E-02  0.21510E-04  0.16821E-02
  0.64289E-02  0.14222E-01  0.24931E-01  0.38333E-01  0.54117E-01  0.71893E-01
  0.91200E-01  0.11152E+00  0.13230E+00  0.15296E+00  0.17290E+00  0.19156E+00
  0.20839E+00  0.22289E+00  0.23465E+00  0.24330E+00  0.24860E+00  0.25038E+00
  0.81871E+01  0.17960E+01
  0.14301E+02  0.14265E+02  0.14157E+02  0.13980E+02  0.13735E+02  0.13428E+02
  0.13063E+02  0.12646E+02  0.12185E+02  0.11685E+02  0.11154E+02  0.10031E+02
  0.88711E+01  0.77260E+01  0.66367E+01  0.56320E+01  0.47293E+01  0.39349E+01
  0.32466E+01  0.26567E+01  0.21543E+01  0.17276E+01  0.13659E+01  0.10601E+01
  0.80312E+00  0.58981E+00  0.41634E+00  0.27966E+00  0.17696E+00  0.10527E+00
  0.61258E-01  0.41159E-01  0.40874E-01  0.56124E-01  0.82650E-01  0.11640E+00
  0.15371E+00  0.19136E+00  0.22673E+00  0.25777E+00  0.28301E+00  0.30154E+00
  0.31295E+00  0.31727E+00  0.31489E+00  0.30647E+00  0.29290E+00  0.27520E+00
  0.25442E+00  0.23164E+00  0.20786E+00  0.18400E+00  0.16082E+00  0.13896E+00
  0.11888E+00  0.10089E+00  0.85145E-01  0.71661E-01  0.60340E-01  0.50988E-01
  0.43345E-01  0.37110E-01  0.31969E-01  0.27623E-01  0.23806E-01  0.20309E-01
  0.16994E-01  0.13803E-01  0.10767E-01  0.79975E-02  0.56884E-02  0.40998E-02
  0.35436E-02  0.43643E-02  0.69169E-02  0.11544E-01  0.18552E-01  0.28190E-01
  0.40629E-01  0.55945E-01  0.74108E-01  0.94972E-01  0.11828E+00  0.14364E+00
  0.17059E+00  0.19854E+00  0.22686E+00  0.25483E+00  0.28174E+00  0.30686E+00
  0.32950E+00  0.34900E+00  0.36480E+00  0.37643E+00  0.38355E+00  0.38595E+00
  0.74499E+01  0.19737E+01
  0.12757E+02  0.12692E+02  0.12497E+02  0.12181E+02  0.11753E+02  0.11229E+02
  0.10626E+02  0.99631E+01  0.92603E+01  0.85370E+01  0.78112E+01  0.64143E+01
  0.51663E+01  0.41162E+01  0.32702E+01  0.26041E+01  0.20797E+01  0.16579E+01
  0.13079E+01  0.10102E+01  0.75545E+00  0.54063E+00  0.36556E+00  0.22999E+00
  0.13215E+00  0.68491E-01  0.34081E-01  0.23299E-01  0.30444E-01  0.50207E-01
  0.77966E-01  0.10993E+00  0.14312E+00  0.17533E+00  0.20489E+00  0.23052E+00
  0.25117E+00  0.26597E+00  0.27420E+00  0.27535E+00  0.26929E+00  0.25626E+00
  0.23697E+00  0.21252E+00  0.18436E+00  0.15415E+00  0.12359E+00  0.94332E-01
  0.67850E-01  0.45369E-01  0.27819E-01  0.15819E-01  0.96774E-02  0.94065E-02
  0.14747E-01  0.25197E-01  0.40039E-01  0.58382E-01  0.79195E-01  0.10135E+00
  0.12369E+00  0.14503E+00  0.16428E+00  0.18044E+00  0.19268E+00  0.20037E+00
  0.20311E+00  0.20075E+00  0.19340E+00  0.18144E+00  0.16545E+00  0.14625E+00
  0.12480E+00  0.10216E+00  0.79486E-01  0.57907E-01  0.38515E-01  0.22297E-01
  0.10090E-01  0.25449E-02  0.92316E-04  0.29263E-02  0.10994E-01  0.24001E-01
  0.41419E-01  0.62516E-01  0.86390E-01  0.11200E+00  0.13824E+00  0.16395E+00
  0.18799E+00  0.20931E+00  0.22696E+00  0.24016E+00  0.24832E+00  0.25107E+00
  0.44895E+01  0.32752E+01
  0.13714E+02  0.13609E+02  0.13294E+02  0.12788E+02  0.12117E+02  0.11313E+02
  0.10414E+02  0.94597E+01  0.84876E+01  0.75315E+01  0.66200E+01  0.50088E+01
  0.37397E+01  0.28017E+01  0.21273E+01  0.16346E+01  0.12564E+01  0.95104E+00
  0.69950E+00  0.49576E+00  0.33834E+00  0.22502E+00  0.15110E+00  0.10954E+00
  0.92070E-01  0.90460E-01  0.97662E-01  0.10858E+00  0.12029E+00  0.13158E+00
  0.14223E+00  0.15215E+00  0.16094E+00  0.16775E+00  0.17155E+00  0.17144E+00
  0.16697E+00  0.15820E+00  0.14565E+00  0.13014E+00  0.11266E+00  0.94148E-01
  0.75514E-01  0.57559E-01  0.41011E-01  0.26539E-01  0.14758E-01  0.62127E-02
  0.13425E-02  0.43735E-03  0.35977E-02  0.10710E-01  0.21442E-01  0.35266E-01
  0.51486E-01  0.69296E-01  0.87820E-01  0.10617E+00  0.12348E+00  0.13896E+00
  0.15190E+00  0.16172E+00  0.16797E+00  0.17038E+00  0.16884E+00  0.16341E+00
  0.15434E+00  0.14205E+00  0.12714E+00  0.11031E+00  0.92425E-01  0.74392E-01
  0.57178E-01  0.41750E-01  0.29035E-01  0.19881E-01  0.15017E-01  0.15024E-01
  0.20306E-01  0.31070E-01  0.47312E-01  0.68817E-01  0.95157E-01  0.12571E+00
  0.15968E+00  0.19611E+00  0.23394E+00  0.27204E+00  0.30921E+00  0.34430E+00
  0.37618E+00  0.40382E+00  0.42631E+00  0.44293E+00  0.45313E+00  0.45656E+00
  0.34518E+01  0.42598E+01
  0.14930E+02  0.14781E+02  0.14337E+02  0.13631E+02  0.12709E+02  0.11630E+02
  0.10455E+02  0.92464E+01  0.80605E+01  0.69422E+01  0.59237E+01  0.42501E+01
  0.30558E+01  0.22404E+01  0.16740E+01  0.12547E+01  0.92565E+00  0.66415E+00
  0.46388E+00  0.32147E+00  0.23055E+00  0.18071E+00  0.15907E+00  0.15291E+00
  0.15234E+00  0.15180E+00  0.14980E+00  0.14718E+00  0.14517E+00  0.14411E+00
  0.14330E+00  0.14156E+00  0.13788E+00  0.13178E+00  0.12338E+00  0.11314E+00
  0.10162E+00  0.89342E-01  0.76673E-01  0.63934E-01  0.51458E-01  0.39660E-01
  0.29033E-01  0.20098E-01  0.13320E-01  0.90392E-02  0.74262E-02  0.84826E-02
  0.12065E-01  0.17920E-01  0.25718E-01  0.35070E-01  0.45545E-01  0.56669E-01
  0.67939E-01  0.78827E-01  0.88809E-01  0.97387E-01  0.10412E+00  0.10866E+00
  0.11074E+00  0.11025E+00  0.10718E+00  0.10166E+00  0.93947E-01  0.84397E-01
  0.73470E-01  0.61705E-01  0.49699E-01  0.38090E-01  0.27536E-01  0.18690E-01
  0.12176E-01  0.85684E-02  0.83684E-02  0.11984E-01  0.19712E-01  0.31727E-01
  0.48066E-01  0.68627E-01  0.93169E-01  0.12131E+00  0.15254E+00  0.18625E+00
  0.22170E+00  0.25811E+00  0.29461E+00  0.33034E+00  0.36441E+00  0.39596E+00
  0.42419E+00  0.44836E+00  0.46786E+00  0.48217E+00  0.49091E+00  0.49384E+00
  0.29742E+01  0.49438E+01
  0.16086E+02  0.15890E+02  0.15311E+02  0.14400E+02  0.13228E+02  0.11884E+02
  0.10459E+02  0.90377E+01  0.76910E+01  0.64696E+01  0.54026E+01  0.37538E+01
  0.26580E+01  0.19336E+01  0.14226E+01  0.10350E+01  0.73514E+00  0.51297E+00
  0.36258E+00  0.27329E+00  0.22850E+00  0.20915E+00  0.19905E+00  0.18886E+00
  0.17634E+00  0.16345E+00  0.15255E+00  0.14438E+00  0.13801E+00  0.13192E+00
  0.12499E+00  0.11689E+00  0.10783E+00  0.98263E-01  0.88472E-01  0.78558E-01
  0.68534E-01  0.58489E-01  0.48690E-01  0.39551E-01  0.31524E-01  0.24979E-01
  0.20142E-01  0.17094E-01  0.15809E-01  0.16206E-01  0.18175E-01  0.21576E-01
  0.26230E-01  0.31899E-01  0.38282E-01  0.45027E-01  0.51757E-01  0.58101E-01
  0.63717E-01  0.68314E-01  0.71655E-01  0.73567E-01  0.73937E-01  0.72713E-01
  0.69910E-01  0.65609E-01  0.59964E-01  0.53195E-01  0.45593E-01  0.37503E-01
  0.29322E-01  0.21478E-01  0.14417E-01  0.85871E-02  0.44187E-02  0.23118E-02
  0.26213E-02  0.56442E-02  0.11609E-01  0.20665E-01  0.32882E-01  0.48239E-01
  0.66626E-01  0.87846E-01  0.11162E+00  0.13757E+00  0.16528E+00  0.19425E+00
  0.22393E+00  0.25374E+00  0.28309E+00  0.31137E+00  0.33797E+00  0.36235E+00
  0.38396E+00  0.40234E+00  0.41708E+00  0.42785E+00  0.43442E+00  0.43661E+00
  0.26790E+01  0.54887E+01
  0.17173E+02  0.16928E+02  0.16208E+02  0.15087E+02  0.13667E+02  0.12071E+02
  0.10420E+02  0.88220E+01  0.73570E+01  0.60752E+01  0.49962E+01  0.34092E+01
  0.23996E+01  0.17307E+01  0.12470E+01  0.88102E+00  0.61260E+00  0.43317E+00
  0.32871E+00  0.27661E+00  0.25122E+00  0.23267E+00  0.21213E+00  0.19002E+00
  0.17011E+00  0.15466E+00  0.14312E+00  0.13356E+00  0.12430E+00  0.11469E+00
  0.10490E+00  0.95328E-01  0.86122E-01  0.77163E-01  0.68279E-01  0.59487E-01
  0.51049E-01  0.43347E-01  0.36709E-01  0.31307E-01  0.27162E-01  0.24222E-01
  0.22428E-01  0.21744E-01  0.22145E-01  0.23572E-01  0.25906E-01  0.28963E-01
  0.32515E-01  0.36319E-01  0.40143E-01  0.43772E-01  0.47012E-01  0.49685E-01
  0.51625E-01  0.52688E-01  0.52761E-01  0.51776E-01  0.49720E-01  0.46635E-01
  0.42622E-01  0.37833E-01  0.32466E-01  0.26752E-01  0.20949E-01  0.15335E-01
  0.10200E-01  0.58381E-02  0.25401E-02  0.58600E-03  0.23467E-03  0.17158E-02
  0.52216E-02  0.10899E-01  0.18845E-01  0.29099E-01  0.41641E-01  0.56393E-01
  0.73216E-01  0.91917E-01  0.11225E+00  0.13391E+00  0.15657E+00  0.17986E+00
  0.20336E+00  0.22667E+00  0.24937E+00  0.27104E+00  0.29127E+00  0.30968E+00
  0.32591E+00  0.33965E+00  0.35063E+00  0.35864E+00  0.36351E+00  0.36514E+00
  0.24692E+01  0.59551E+01
  0.18189E+02  0.17892E+02  0.17027E+02  0.15693E+02  0.14028E+02  0.12194E+02
  0.10342E+02  0.85981E+01  0.70494E+01  0.57382E+01  0.46696E+01  0.31556E+01
  0.22117E+01  0.15751E+01  0.11090E+01  0.76687E+00  0.53459E+00  0.39679E+00
  0.32627E+00  0.28998E+00  0.26220E+00  0.23253E+00  0.20265E+00  0.17738E+00
  0.15850E+00  0.14439E+00  0.13240E+00  0.12089E+00  0.10960E+00  0.98948E-01
  0.89176E-01  0.80122E-01  0.71466E-01  0.63101E-01  0.55221E-01  0.48150E-01
  0.42111E-01  0.37131E-01  0.33105E-01  0.29911E-01  0.27502E-01  0.25895E-01
  0.25116E-01  0.25138E-01  0.25867E-01  0.27157E-01  0.28849E-01  0.30793E-01
  0.32855E-01  0.34900E-01  0.36789E-01  0.38378E-01  0.39525E-01  0.40110E-01
  0.40051E-01  0.39300E-01  0.37851E-01  0.35732E-01  0.32995E-01  0.29723E-01
  0.26019E-01  0.22011E-01  0.17852E-01  0.13715E-01  0.97943E-02  0.62933E-02
  0.34215E-02  0.13846E-02  0.37813E-03  0.58093E-03  0.21500E-02  0.52155E-02
  0.98775E-02  0.16203E-01  0.24222E-01  0.33930E-01  0.45278E-01  0.58182E-01
  0.72516E-01  0.88118E-01  0.10479E+00  0.12231E+00  0.14042E+00  0.15884E+00
  0.17728E+00  0.19544E+00  0.21301E+00  0.22970E+00  0.24521E+00  0.25927E+00
  0.27162E+00  0.28206E+00  0.29039E+00  0.29645E+00  0.30014E+00  0.30138E+00
  0.23074E+01  0.63726E+01
  0.19135E+02  0.18785E+02  0.17771E+02  0.16222E+02  0.14318E+02  0.12259E+02
  0.10228E+02  0.83683E+01  0.67639E+01  0.54455E+01  0.44001E+01  0.29578E+01
  0.20611E+01  0.14446E+01  0.99582E+00  0.68226E+00  0.48788E+00  0.38431E+00
  0.33121E+00  0.29355E+00  0.25555E+00  0.21834E+00  0.18761E+00  0.16517E+00
  0.14853E+00  0.13437E+00  0.12093E+00  0.10822E+00  0.96742E-01  0.86579E-01
  0.77352E-01  0.68721E-01  0.60705E-01  0.53563E-01  0.47488E-01  0.42445E-01
  0.38239E-01  0.34686E-01  0.31728E-01  0.29410E-01  0.27788E-01  0.26847E-01
  0.26497E-01  0.26612E-01  0.27074E-01  0.27791E-01  0.28680E-01  0.29653E-01
  0.30602E-01  0.31413E-01  0.31981E-01  0.32226E-01  0.32095E-01  0.31555E-01
  0.30588E-01  0.29187E-01  0.27360E-01  0.25132E-01  0.22553E-01  0.19698E-01
  0.16664E-01  0.13570E-01  0.10544E-01  0.77246E-02  0.52520E-02  0.32677E-02
  0.19112E-02  0.13168E-02  0.16108E-02  0.29076E-02  0.53062E-02  0.88862E-02
  0.13704E-01  0.19792E-01  0.27152E-01  0.35762E-01  0.45567E-01  0.56489E-01
  0.68418E-01  0.81222E-01  0.94743E-01  0.10881E+00  0.12322E+00  0.13777E+00
  0.15224E+00  0.16641E+00  0.18006E+00  0.19298E+00  0.20494E+00  0.21576E+00
  0.22524E+00  0.23323E+00  0.23959E+00  0.24421E+00  0.24701E+00  0.24795E+00
  0.21761E+01  0.67572E+01
  0.20015E+02  0.19611E+02  0.18445E+02  0.16680E+02  0.14542E+02  0.12274E+02
  0.10088E+02  0.81359E+01  0.64982E+01  0.51882E+01  0.41729E+01  0.27951E+01
  0.19320E+01  0.13309E+01  0.90232E+00  0.62110E+00  0.46196E+00  0.38083E+00
  0.33054E+00  0.28428E+00  0.23927E+00  0.20198E+00  0.17506E+00  0.15553E+00
  0.13918E+00  0.12386E+00  0.10965E+00  0.97151E-01  0.86349E-01  0.76730E-01
  0.67958E-01  0.60110E-01  0.53399E-01  0.47837E-01  0.43196E-01  0.39201E-01
  0.35725E-01  0.32806E-01  0.30519E-01  0.28866E-01  0.27751E-01  0.27046E-01
  0.26648E-01  0.26495E-01  0.26544E-01  0.26736E-01  0.26993E-01  0.27228E-01
  0.27365E-01  0.27348E-01  0.27139E-01  0.26703E-01  0.26008E-01  0.25027E-01
  0.23747E-01  0.22174E-01  0.20337E-01  0.18281E-01  0.16070E-01  0.13772E-01
  0.11466E-01  0.92349E-02  0.71679E-02  0.53612E-02  0.39157E-02  0.29337E-02
  0.25155E-02  0.27561E-02  0.37413E-02  0.55446E-02  0.82259E-02  0.11830E-01
  0.16384E-01  0.21900E-01  0.28369E-01  0.35763E-01  0.44034E-01  0.53113E-01
  0.62916E-01  0.73335E-01  0.84248E-01  0.95519E-01  0.10700E+00  0.11853E+00
  0.12995E+00  0.14109E+00  0.15178E+00  0.16186E+00  0.17118E+00  0.17959E+00
  0.18695E+00  0.19313E+00  0.19804E+00  0.20161E+00  0.20377E+00  0.20450E+00
  0.20656E+01  0.71185E+01
  0.20835E+02  0.20375E+02  0.19054E+02  0.17075E+02  0.14711E+02  0.12248E+02
  0.99263E+01  0.79048E+01  0.62517E+01  0.49606E+01  0.39778E+01  0.26557E+01
  0.18171E+01  0.12304E+01  0.82583E+00  0.57829E+00  0.44774E+00  0.37670E+00
  0.32092E+00  0.26739E+00  0.22178E+00  0.18870E+00  0.16546E+00  0.14672E+00
  0.12942E+00  0.11350E+00  0.99689E-01  0.87993E-01  0.77789E-01  0.68687E-01
  0.60753E-01  0.54125E-01  0.48673E-01  0.44056E-01  0.40004E-01  0.36474E-01
  0.33549E-01  0.31265E-01  0.29534E-01  0.28208E-01  0.27169E-01  0.26366E-01
  0.25781E-01  0.25385E-01  0.25119E-01  0.24911E-01  0.24698E-01  0.24438E-01
  0.24098E-01  0.23647E-01  0.23048E-01  0.22272E-01  0.21299E-01  0.20131E-01
  0.18784E-01  0.17283E-01  0.15660E-01  0.13949E-01  0.12192E-01  0.10436E-01
  0.87392E-02  0.71696E-02  0.58001E-02  0.47060E-02  0.39615E-02  0.36374E-02
  0.38011E-02  0.45150E-02  0.58351E-02  0.78097E-02  0.10478E-01  0.13866E-01
  0.17990E-01  0.22848E-01  0.28429E-01  0.34703E-01  0.41628E-01  0.49144E-01
  0.57176E-01  0.65640E-01  0.74442E-01  0.83478E-01  0.92633E-01  0.10179E+00
  0.11082E+00  0.11960E+00  0.12800E+00  0.13591E+00  0.14319E+00  0.14976E+00
  0.15549E+00  0.16032E+00  0.16415E+00  0.16693E+00  0.16861E+00  0.16917E+00
  0.19705E+01  0.74620E+01
  0.26787E+02  0.25722E+02  0.22798E+02  0.18800E+02  0.14621E+02  0.10945E+02
  0.80858E+01  0.60324E+01  0.46031E+01  0.35889E+01  0.28302E+01  0.17499E+01
  0.10755E+01  0.71906E+00  0.53004E+00  0.39589E+00  0.29965E+00  0.24009E+00
  0.19897E+00  0.16352E+00  0.13414E+00  0.11206E+00  0.94764E-01  0.80288E-01
  0.68489E-01  0.59105E-01  0.51449E-01  0.45188E-01  0.40164E-01  0.36013E-01
  0.32423E-01  0.29370E-01  0.26860E-01  0.24734E-01  0.22828E-01  0.21121E-01
  0.19642E-01  0.18351E-01  0.17172E-01  0.16075E-01  0.15069E-01  0.14153E-01
  0.13306E-01  0.12513E-01  0.11769E-01  0.11075E-01  0.10428E-01  0.98223E-02
  0.92597E-02  0.87430E-02  0.82715E-02  0.78442E-02  0.74629E-02  0.71322E-02
  0.68576E-02  0.66430E-02  0.64891E-02  0.63964E-02  0.63685E-02  0.64103E-02
  0.65254E-02  0.67151E-02  0.69807E-02  0.73233E-02  0.77436E-02  0.82425E-02
  0.88194E-02  0.94725E-02  0.10199E-01  0.10997E-01  0.11862E-01  0.12790E-01
  0.13776E-01  0.14813E-01  0.15894E-01  0.17013E-01  0.18161E-01  0.19331E-01
  0.20512E-01  0.21696E-01  0.22871E-01  0.24030E-01  0.25164E-01  0.26263E-01
  0.27313E-01  0.28307E-01  0.29238E-01  0.30098E-01  0.30876E-01  0.31565E-01
  0.32158E-01  0.32652E-01  0.33041E-01  0.33323E-01  0.33495E-01  0.33553E-01
  0.14169E+01  0.10377E+02
  0.30576E+02  0.28856E+02  0.24339E+02  0.18670E+02  0.13426E+02  0.94311E+01
  0.67270E+01  0.49625E+01  0.37592E+01  0.28678E+01  0.21707E+01  0.12372E+01
  0.78145E+00  0.53484E+00  0.37616E+00  0.28438E+00  0.22274E+00  0.17311E+00
  0.13759E+00  0.11183E+00  0.90841E-01  0.74558E-01  0.62327E-01  0.52665E-01
  0.45025E-01  0.38964E-01  0.34031E-01  0.30046E-01  0.26758E-01  0.23944E-01
  0.21585E-01  0.19609E-01  0.17863E-01  0.16322E-01  0.15000E-01  0.13833E-01
  0.12773E-01  0.11831E-01  0.11001E-01  0.10252E-01  0.95697E-02  0.89572E-02
  0.84087E-02  0.79134E-02  0.74669E-02  0.70678E-02  0.67121E-02  0.63971E-02
  0.61205E-02  0.58804E-02  0.56752E-02  0.55031E-02  0.53627E-02  0.52537E-02
  0.51745E-02  0.51237E-02  0.51012E-02  0.51055E-02  0.51340E-02  0.51864E-02
  0.52616E-02  0.53586E-02  0.54766E-02  0.56139E-02  0.57688E-02  0.59396E-02
  0.61245E-02  0.63232E-02  0.65352E-02  0.67567E-02  0.69850E-02  0.72204E-02
  0.74614E-02  0.77055E-02  0.79523E-02  0.82004E-02  0.84468E-02  0.86897E-02
  0.89281E-02  0.91611E-02  0.93874E-02  0.96055E-02  0.98143E-02  0.10013E-01
  0.10200E-01  0.10375E-01  0.10536E-01  0.10683E-01  0.10814E-01  0.10930E-01
  0.11028E-01  0.11110E-01  0.11173E-01  0.11219E-01  0.11247E-01  0.11256E-01
  0.11480E+01  0.12809E+02
  0.33366E+02  0.30965E+02  0.24924E+02  0.17944E+02  0.12170E+02  0.82650E+01
  0.58445E+01  0.42910E+01  0.31810E+01  0.23298E+01  0.16927E+01  0.96286E+00
  0.61298E+00  0.41081E+00  0.29953E+00  0.22293E+00  0.16798E+00  0.13130E+00
  0.10284E+00  0.81607E-01  0.66326E-01  0.54469E-01  0.45473E-01  0.38568E-01
  0.33085E-01  0.28711E-01  0.25137E-01  0.22221E-01  0.19784E-01  0.17696E-01
  0.15944E-01  0.14430E-01  0.13100E-01  0.11958E-01  0.10957E-01  0.10064E-01
  0.92834E-02  0.85936E-02  0.79736E-02  0.74248E-02  0.69397E-02  0.65054E-02
  0.61190E-02  0.57766E-02  0.54717E-02  0.52013E-02  0.49626E-02  0.47524E-02
  0.45683E-02  0.44082E-02  0.42704E-02  0.41527E-02  0.40533E-02  0.39705E-02
  0.39039E-02  0.38532E-02  0.38156E-02  0.37898E-02  0.37759E-02  0.37730E-02
  0.37794E-02  0.37934E-02  0.38153E-02  0.38450E-02  0.38823E-02  0.39259E-02
  0.39726E-02  0.40227E-02  0.40784E-02  0.41376E-02  0.41992E-02  0.42636E-02
  0.43288E-02  0.43937E-02  0.44591E-02  0.45247E-02  0.45892E-02  0.46529E-02
  0.47175E-02  0.47804E-02  0.48394E-02  0.48961E-02  0.49512E-02  0.50033E-02
  0.50519E-02  0.50964E-02  0.51374E-02  0.51751E-02  0.52098E-02  0.52412E-02
  0.52670E-02  0.52883E-02  0.53069E-02  0.53198E-02  0.53256E-02  0.53270E-02
  0.98137E+00  0.14983E+02
  0.35574E+02  0.32478E+02  0.25008E+02  0.17031E+02  0.11073E+02  0.74090E+01
  0.52285E+01  0.37814E+01  0.27037E+01  0.19055E+01  0.13662E+01  0.78975E+00
  0.49546E+00  0.34080E+00  0.24323E+00  0.17762E+00  0.13476E+00  0.10237E+00
  0.79957E-01  0.63620E-01  0.51409E-01  0.42499E-01  0.35580E-01  0.30230E-01
  0.25995E-01  0.22587E-01  0.19790E-01  0.17474E-01  0.15536E-01  0.13874E-01
  0.12473E-01  0.11258E-01  0.10199E-01  0.92889E-02  0.84857E-02  0.77828E-02
  0.71678E-02  0.66234E-02  0.61443E-02  0.57193E-02  0.53411E-02  0.50072E-02
  0.47110E-02  0.44476E-02  0.42142E-02  0.40065E-02  0.38220E-02  0.36583E-02
  0.35131E-02  0.33850E-02  0.32721E-02  0.31729E-02  0.30865E-02  0.30114E-02
  0.29455E-02  0.28900E-02  0.28429E-02  0.28023E-02  0.27691E-02  0.27429E-02
  0.27232E-02  0.27075E-02  0.26944E-02  0.26869E-02  0.26862E-02  0.26866E-02
  0.26882E-02  0.26938E-02  0.27012E-02  0.27125E-02  0.27263E-02  0.27388E-02
  0.27524E-02  0.27673E-02  0.27845E-02  0.28031E-02  0.28207E-02  0.28379E-02
  0.28562E-02  0.28732E-02  0.28877E-02  0.29038E-02  0.29215E-02  0.29376E-02
  0.29519E-02  0.29664E-02  0.29808E-02  0.29910E-02  0.30008E-02  0.30112E-02
  0.30179E-02  0.30249E-02  0.30288E-02  0.30293E-02  0.30335E-02  0.30369E-02
  0.86518E+00  0.16995E+02
  0.37402E+02  0.33603E+02  0.24804E+02  0.16093E+02  0.10164E+02  0.67669E+01
  0.47481E+01  0.33420E+01  0.22993E+01  0.15890E+01  0.11464E+01  0.66200E+00
  0.41965E+00  0.28694E+00  0.20100E+00  0.14769E+00  0.10911E+00  0.83316E-01
  0.64785E-01  0.51531E-01  0.41933E-01  0.34622E-01  0.29103E-01  0.24748E-01
  0.21294E-01  0.18492E-01  0.16189E-01  0.14262E-01  0.12653E-01  0.11276E-01
  0.10105E-01  0.90974E-02  0.82219E-02  0.74674E-02  0.68080E-02  0.62339E-02
  0.57297E-02  0.52869E-02  0.48966E-02  0.45521E-02  0.42470E-02  0.39766E-02
  0.37375E-02  0.35237E-02  0.33327E-02  0.31639E-02  0.30123E-02  0.28769E-02
  0.27570E-02  0.26498E-02  0.25538E-02  0.24681E-02  0.23913E-02  0.23234E-02
  0.22628E-02  0.22087E-02  0.21613E-02  0.21192E-02  0.20814E-02  0.20483E-02
  0.20208E-02  0.19965E-02  0.19738E-02  0.19552E-02  0.19406E-02  0.19285E-02
  0.19172E-02  0.19055E-02  0.18994E-02  0.18956E-02  0.18911E-02  0.18879E-02
  0.18847E-02  0.18843E-02  0.18854E-02  0.18861E-02  0.18887E-02  0.18914E-02
  0.18921E-02  0.18942E-02  0.18971E-02  0.19002E-02  0.19040E-02  0.19079E-02
  0.19113E-02  0.19151E-02  0.19172E-02  0.19188E-02  0.19241E-02  0.19242E-02
  0.19252E-02  0.19302E-02  0.19285E-02  0.19272E-02  0.19313E-02  0.19344E-02
  0.77798E+00  0.18900E+02
  0.38960E+02  0.34454E+02  0.24426E+02  0.15197E+02  0.94185E+01  0.62618E+01
  0.43348E+01  0.29483E+01  0.19699E+01  0.13591E+01  0.98747E+00  0.56803E+00
  0.36384E+00  0.24335E+00  0.17176E+00  0.12344E+00  0.91513E-01  0.69513E-01
  0.54161E-01  0.43266E-01  0.35176E-01  0.29167E-01  0.24493E-01  0.20850E-01
  0.17919E-01  0.15535E-01  0.13570E-01  0.11928E-01  0.10548E-01  0.93782E-02
  0.83777E-02  0.75236E-02  0.67836E-02  0.61475E-02  0.55930E-02  0.51098E-02
  0.46876E-02  0.43197E-02  0.39928E-02  0.37073E-02  0.34537E-02  0.32275E-02
  0.30285E-02  0.28501E-02  0.26924E-02  0.25510E-02  0.24235E-02  0.23104E-02
  0.22079E-02  0.21159E-02  0.20338E-02  0.19595E-02  0.18925E-02  0.18324E-02
  0.17782E-02  0.17293E-02  0.16851E-02  0.16452E-02  0.16099E-02  0.15778E-02
  0.15478E-02  0.15220E-02  0.14992E-02  0.14779E-02  0.14580E-02  0.14414E-02
  0.14277E-02  0.14133E-02  0.14007E-02  0.13891E-02  0.13813E-02  0.13737E-02
  0.13645E-02  0.13578E-02  0.13517E-02  0.13474E-02  0.13439E-02  0.13400E-02
  0.13373E-02  0.13329E-02  0.13295E-02  0.13291E-02  0.13274E-02  0.13261E-02
  0.13268E-02  0.13248E-02  0.13237E-02  0.13229E-02  0.13220E-02  0.13221E-02
  0.13206E-02  0.13232E-02  0.13218E-02  0.13203E-02  0.13216E-02  0.13221E-02
  0.70948E+00  0.20725E+02
  0.40309E+02  0.35096E+02  0.23942E+02  0.14371E+02  0.88055E+01  0.58418E+01
  0.39583E+01  0.26004E+01  0.17111E+01  0.11879E+01  0.86435E+00  0.49848E+00
  0.31705E+00  0.21137E+00  0.14784E+00  0.10558E+00  0.78264E-01  0.59361E-01
  0.46472E-01  0.37080E-01  0.30262E-01  0.25056E-01  0.21068E-01  0.17898E-01
  0.15359E-01  0.13285E-01  0.11571E-01  0.10145E-01  0.89433E-02  0.79311E-02
  0.70664E-02  0.63295E-02  0.56951E-02  0.51494E-02  0.46750E-02  0.42662E-02
  0.39066E-02  0.35934E-02  0.33165E-02  0.30734E-02  0.28581E-02  0.26684E-02
  0.25004E-02  0.23490E-02  0.22151E-02  0.20937E-02  0.19856E-02  0.18897E-02
  0.18017E-02  0.17237E-02  0.16525E-02  0.15875E-02  0.15299E-02  0.14768E-02
  0.14288E-02  0.13854E-02  0.13458E-02  0.13099E-02  0.12768E-02  0.12471E-02
  0.12200E-02  0.11949E-02  0.11719E-02  0.11516E-02  0.11332E-02  0.11147E-02
  0.10990E-02  0.10852E-02  0.10724E-02  0.10592E-02  0.10478E-02  0.10386E-02
  0.10300E-02  0.10210E-02  0.10129E-02  0.10057E-02  0.99974E-03  0.99416E-03
  0.98989E-03  0.98441E-03  0.97893E-03  0.97550E-03  0.97151E-03  0.96918E-03
  0.96625E-03  0.96503E-03  0.96154E-03  0.96001E-03  0.95874E-03  0.95549E-03
  0.95526E-03  0.95515E-03  0.95203E-03  0.95435E-03  0.95212E-03  0.94640E-03
  0.65417E+00  0.22478E+02
  0.41502E+02  0.35583E+02  0.23398E+02  0.13622E+02  0.82948E+01  0.54736E+01
  0.36085E+01  0.23021E+01  0.15098E+01  0.10544E+01  0.76597E+00  0.44382E+00
  0.27861E+00  0.18653E+00  0.12834E+00  0.92204E-01  0.67836E-01  0.51852E-01
  0.40460E-01  0.32432E-01  0.26407E-01  0.21899E-01  0.18369E-01  0.15585E-01
  0.13338E-01  0.11506E-01  0.99953E-02  0.87371E-02  0.76839E-02  0.67949E-02
  0.60418E-02  0.53986E-02  0.48482E-02  0.43760E-02  0.39665E-02  0.36135E-02
  0.33017E-02  0.30336E-02  0.27954E-02  0.25898E-02  0.24044E-02  0.22417E-02
  0.20954E-02  0.19658E-02  0.18521E-02  0.17473E-02  0.16564E-02  0.15716E-02
  0.14956E-02  0.14283E-02  0.13656E-02  0.13104E-02  0.12594E-02  0.12132E-02
  0.11715E-02  0.11326E-02  0.10971E-02  0.10650E-02  0.10354E-02  0.10084E-02
  0.98357E-03  0.96080E-03  0.93984E-03  0.92010E-03  0.90227E-03  0.88625E-03
  0.87084E-03  0.85628E-03  0.84394E-03  0.83215E-03  0.82076E-03  0.81035E-03
  0.80083E-03  0.79269E-03  0.78473E-03  0.77742E-03  0.76931E-03  0.76369E-03
  0.75840E-03  0.75313E-03  0.74856E-03  0.74382E-03  0.73961E-03  0.73541E-03
  0.73306E-03  0.72970E-03  0.72692E-03  0.72490E-03  0.72206E-03  0.72169E-03
  0.71955E-03  0.71719E-03  0.71738E-03  0.71455E-03  0.71481E-03  0.72022E-03
  0.60833E+00  0.24171E+02
  0.42569E+02  0.35948E+02  0.22822E+02  0.12951E+02  0.78612E+01  0.51367E+01
  0.32848E+01  0.20523E+01  0.13510E+01  0.94624E+00  0.68622E+00  0.39798E+00
  0.24832E+00  0.16531E+00  0.11346E+00  0.81124E-01  0.60010E-01  0.45711E-01
  0.35843E-01  0.28645E-01  0.23385E-01  0.19336E-01  0.16207E-01  0.13711E-01
  0.11706E-01  0.10070E-01  0.87238E-02  0.76063E-02  0.66728E-02  0.58869E-02
  0.52238E-02  0.46581E-02  0.41768E-02  0.37643E-02  0.34066E-02  0.30993E-02
  0.28288E-02  0.25947E-02  0.23889E-02  0.22094E-02  0.20489E-02  0.19083E-02
  0.17814E-02  0.16697E-02  0.15707E-02  0.14805E-02  0.14006E-02  0.13258E-02
  0.12610E-02  0.12012E-02  0.11477E-02  0.10993E-02  0.10532E-02  0.10131E-02
  0.97571E-03  0.94136E-03  0.91072E-03  0.88149E-03  0.85525E-03  0.83095E-03
  0.80825E-03  0.78754E-03  0.76851E-03  0.75087E-03  0.73456E-03  0.71932E-03
  0.70510E-03  0.69235E-03  0.68003E-03  0.66861E-03  0.65814E-03  0.64914E-03
  0.63970E-03  0.63130E-03  0.62346E-03  0.61684E-03  0.61009E-03  0.60429E-03
  0.59776E-03  0.59237E-03  0.58815E-03  0.58352E-03  0.57988E-03  0.57604E-03
  0.57272E-03  0.56935E-03  0.56744E-03  0.56386E-03  0.56275E-03  0.56087E-03
  0.55907E-03  0.55886E-03  0.55685E-03  0.55603E-03  0.55629E-03  0.55063E-03
  0.56937E+00  0.25825E+02
  0.46623E+02  0.36581E+02  0.19954E+02  0.10529E+02  0.62982E+01  0.37040E+01
  0.21142E+01  0.13152E+01  0.87835E+00  0.61145E+00  0.44346E+00  0.25302E+00
  0.15555E+00  0.10164E+00  0.69575E-01  0.49659E-01  0.36833E-01  0.28112E-01
  0.21954E-01  0.17491E-01  0.14144E-01  0.11581E-01  0.95905E-02  0.80184E-02
  0.67637E-02  0.57556E-02  0.49357E-02  0.42642E-02  0.37102E-02  0.32496E-02
  0.28643E-02  0.25412E-02  0.22656E-02  0.20308E-02  0.18308E-02  0.16567E-02
  0.15082E-02  0.13774E-02  0.12611E-02  0.11621E-02  0.10728E-02  0.99531E-03
  0.92390E-03  0.86077E-03  0.80629E-03  0.75516E-03  0.71154E-03  0.66756E-03
  0.63245E-03  0.59781E-03  0.56854E-03  0.53850E-03  0.51370E-03  0.48914E-03
  0.46938E-03  0.44820E-03  0.43096E-03  0.41385E-03  0.39700E-03  0.38396E-03
  0.36991E-03  0.35805E-03  0.34690E-03  0.33538E-03  0.32594E-03  0.31630E-03
  0.30785E-03  0.30038E-03  0.29274E-03  0.28577E-03  0.27995E-03  0.27364E-03
  0.26733E-03  0.26253E-03  0.25788E-03  0.25313E-03  0.24904E-03  0.24557E-03
  0.24221E-03  0.23882E-03  0.23535E-03  0.23228E-03  0.22984E-03  0.22781E-03
  0.22570E-03  0.22358E-03  0.22159E-03  0.21989E-03  0.21883E-03  0.21794E-03
  0.21744E-03  0.21696E-03  0.21691E-03  0.21679E-03  0.21695E-03  0.21650E-03
  0.43783E+00  0.33584E+02
  0.49433E+02  0.36168E+02  0.17559E+02  0.90612E+01  0.51072E+01  0.26838E+01
  0.15256E+01  0.95886E+00  0.63350E+00  0.44077E+00  0.31806E+00  0.17943E+00
  0.10952E+00  0.71151E-01  0.48622E-01  0.34665E-01  0.25605E-01  0.19438E-01
  0.15067E-01  0.11885E-01  0.95131E-02  0.77167E-02  0.63326E-02  0.52528E-02
  0.44012E-02  0.37225E-02  0.31756E-02  0.27316E-02  0.23682E-02  0.20680E-02
  0.18178E-02  0.16077E-02  0.14298E-02  0.12785E-02  0.11497E-02  0.10377E-02
  0.94054E-03  0.85710E-03  0.78361E-03  0.71788E-03  0.66153E-03  0.61018E-03
  0.56475E-03  0.52535E-03  0.48906E-03  0.45526E-03  0.42784E-03  0.40022E-03
  0.37657E-03  0.35493E-03  0.33347E-03  0.31828E-03  0.30012E-03  0.28559E-03
  0.27063E-03  0.25931E-03  0.24705E-03  0.23640E-03  0.22615E-03  0.21718E-03
  0.20845E-03  0.20171E-03  0.19310E-03  0.18772E-03  0.17972E-03  0.17520E-03
  0.16978E-03  0.16443E-03  0.16093E-03  0.15538E-03  0.15146E-03  0.14811E-03
  0.14457E-03  0.14124E-03  0.13871E-03  0.13589E-03  0.13279E-03  0.13100E-03
  0.12902E-03  0.12634E-03  0.12396E-03  0.12283E-03  0.12145E-03  0.12056E-03
  0.11883E-03  0.11690E-03  0.11599E-03  0.11585E-03  0.11495E-03  0.11462E-03
  0.11393E-03  0.11314E-03  0.11341E-03  0.11189E-03  0.11306E-03  0.10816E-03
  0.36083E+00  0.40751E+02
  0.51514E+02  0.35279E+02  0.15712E+02  0.80029E+01  0.41017E+01  0.20564E+01
  0.11904E+01  0.73769E+00  0.48802E+00  0.33867E+00  0.24378E+00  0.13639E+00
  0.82676E-01  0.53464E-01  0.36403E-01  0.25871E-01  0.18986E-01  0.14304E-01
  0.10999E-01  0.86054E-02  0.68376E-02  0.55096E-02  0.44950E-02  0.37152E-02
  0.31003E-02  0.26146E-02  0.22247E-02  0.19092E-02  0.16522E-02  0.14403E-02
  0.12638E-02  0.11154E-02  0.99013E-03  0.88366E-03  0.79217E-03  0.71314E-03
  0.64507E-03  0.58589E-03  0.53454E-03  0.48790E-03  0.44751E-03  0.41284E-03
  0.38120E-03  0.35193E-03  0.32641E-03  0.30471E-03  0.28405E-03  0.26482E-03
  0.24905E-03  0.23376E-03  0.21917E-03  0.20767E-03  0.19560E-03  0.18581E-03
  0.17675E-03  0.16674E-03  0.15947E-03  0.15151E-03  0.14582E-03  0.13853E-03
  0.13333E-03  0.12787E-03  0.12294E-03  0.11865E-03  0.11427E-03  0.11017E-03
  0.10677E-03  0.10317E-03  0.10082E-03  0.97203E-04  0.94929E-04  0.92311E-04
  0.88692E-04  0.88519E-04  0.86055E-04  0.83912E-04  0.82284E-04  0.81339E-04
  0.78473E-04  0.77332E-04  0.76930E-04  0.75994E-04  0.74181E-04  0.72818E-04
  0.73204E-04  0.72594E-04  0.71653E-04  0.70570E-04  0.69809E-04  0.69306E-04
  0.68651E-04  0.69334E-04  0.68277E-04  0.68636E-04  0.69658E-04  0.66983E-04
  0.30960E+00  0.47494E+02
  0.53158E+02  0.34190E+02  0.14306E+02  0.71090E+01  0.33149E+01  0.16688E+01
  0.96032E+00  0.59314E+00  0.39235E+00  0.27159E+00  0.19450E+00  0.10801E+00
  0.65165E-01  0.41979E-01  0.28485E-01  0.20126E-01  0.14676E-01  0.10976E-01
  0.83843E-02  0.65229E-02  0.51586E-02  0.41396E-02  0.33689E-02  0.27732E-02
  0.23111E-02  0.19467E-02  0.16527E-02  0.14169E-02  0.12243E-02  0.10653E-02
  0.93355E-03  0.82220E-03  0.72821E-03  0.64846E-03  0.58015E-03  0.52137E-03
  0.47061E-03  0.42632E-03  0.38733E-03  0.35309E-03  0.32314E-03  0.29712E-03
  0.27384E-03  0.25262E-03  0.23337E-03  0.21671E-03  0.20234E-03  0.18859E-03
  0.17601E-03  0.16481E-03  0.15515E-03  0.14601E-03  0.13703E-03  0.13024E-03
  0.12295E-03  0.11660E-03  0.11195E-03  0.10516E-03  0.10084E-03  0.96737E-04
  0.91780E-04  0.88790E-04  0.84070E-04  0.81876E-04  0.78426E-04  0.76309E-04
  0.72672E-04  0.71141E-04  0.68072E-04  0.66898E-04  0.64137E-04  0.62988E-04
  0.61231E-04  0.59193E-04  0.58649E-04  0.56373E-04  0.55825E-04  0.55412E-04
  0.53437E-04  0.52440E-04  0.51507E-04  0.51038E-04  0.50012E-04  0.48953E-04
  0.49286E-04  0.48771E-04  0.48175E-04  0.47709E-04  0.46467E-04  0.46215E-04
  0.46728E-04  0.46126E-04  0.45622E-04  0.46795E-04  0.46573E-04  0.44295E-04
  0.27248E+00  0.53965E+02