  0.12559E+01  0.12535E+01  0.12461E+01  0.12339E+01  0.12171E+01  0.11956E+01
  0.11699E+01  0.11400E+01  0.11064E+01  0.10693E+01  0.10292E+01  0.94096E+00
  0.84513E+00  0.74508E+00  0.64427E+00  0.54600E+00  0.45327E+00  0.36867E+00
  0.29424E+00  0.23144E+00  0.18110E+00  0.14340E+00  0.11791E+00  0.10368E+00
  0.99284E-01  0.10294E+00  0.11265E+00  0.12630E+00  0.14179E+00  0.15715E+00
  0.17066E+00  0.18087E+00  0.18675E+00  0.18765E+00  0.18335E+00  0.17400E+00
  0.16016E+00  0.14268E+00  0.12263E+00  0.10126E+00  0.79895E-01  0.59827E-01
  0.42261E-01  0.28229E-01  0.18534E-01  0.13699E-01  0.13943E-01  0.19169E-01
  0.28972E-01  0.42663E-01  0.59315E-01  0.77812E-01  0.96918E-01  0.11535E+00
  0.13184E+00  0.14525E+00  0.15460E+00  0.15916E+00  0.15850E+00  0.15253E+00
  0.14155E+00  0.12624E+00  0.10767E+00  0.87277E-01  0.66847E-01  0.48443E-01
  0.34356E-01  0.27026E-01  0.28965E-01  0.42665E-01  0.70506E-01  0.11467E+00
  0.17705E+00  0.25917E+00  0.36211E+00  0.48645E+00  0.63224E+00  0.79894E+00
  0.98541E+00  0.11899E+01  0.14102E+01  0.16435E+01  0.18864E+01  0.21353E+01
  0.23863E+01  0.26349E+01  0.28770E+01  0.31080E+01  0.33238E+01  0.35203E+01
  0.36935E+01  0.38403E+01  0.39576E+01  0.40431E+01  0.40951E+01  0.41125E+01
  0.43407E+01  0.49778E+01
  0.96400E+01  0.96154E+01  0.95411E+01  0.94186E+01  0.92494E+01  0.90361E+01
  0.87816E+01  0.84895E+01  0.81638E+01  0.78090E+01  0.74297E+01  0.66179E+01
  0.57690E+01  0.49230E+01  0.41162E+01  0.33793E+01  0.27355E+01  0.21999E+01
  0.17789E+01  0.14710E+01  0.12678E+01  0.11551E+01  0.11152E+01  0.11283E+01
  0.11745E+01  0.12351E+01  0.12938E+01  0.13377E+01  0.13577E+01  0.13483E+01
  0.13077E+01  0.12374E+01  0.11409E+01  0.10241E+01  0.89341E+00  0.75599E+00
  0.61870E+00  0.48781E+00  0.36863E+00  0.26533E+00  0.18087E+00  0.11700E+00
  0.74319E-01  0.52460E-01  0.50213E-01  0.65713E-01  0.96607E-01  0.14021E+00
  0.19365E+00  0.25400E+00  0.31833E+00  0.38386E+00  0.44797E+00  0.50828E+00
  0.56267E+00  0.60936E+00  0.64686E+00  0.67408E+00  0.69025E+00  0.69502E+00
  0.68837E+00  0.67066E+00  0.64259E+00  0.60519E+00  0.55977E+00  0.50788E+00
  0.45126E+00  0.39183E+00  0.33155E+00  0.27245E+00  0.21649E+00  0.16555E+00
  0.12138E+00  0.85498E-01  0.59191E-01  0.43456E-01  0.38977E-01  0.46101E-01
  0.64830E-01  0.94818E-01  0.13538E+00  0.18553E+00  0.24398E+00  0.30920E+00
  0.37944E+00  0.45281E+00  0.52732E+00  0.60093E+00  0.67162E+00  0.73743E+00
  0.79655E+00  0.84734E+00  0.88838E+00  0.91854E+00  0.93698E+00  0.94317E+00
  0.93012E+01  0.23230E+01
  0.13582E+02  0.13543E+02  0.13424E+02  0.13229E+02  0.12960E+02  0.12624E+02
  0.12226E+02  0.11773E+02  0.11273E+02  0.10736E+02  0.10170E+02  0.89870E+01
  0.77952E+01  0.66571E+01  0.56222E+01  0.47235E+01  0.39772E+01  0.33829E+01
  0.29270E+01  0.25865E+01  0.23333E+01  0.21384E+01  0.19757E+01  0.18244E+01
  0.16703E+01  0.15061E+01  0.13309E+01  0.11485E+01  0.96590E+00  0.79129E+00
  0.63262E+00  0.49632E+00  0.38657E+00  0.30498E+00  0.25072E+00  0.22094E+00
  0.21134E+00  0.21688E+00  0.23234E+00  0.25292E+00  0.27459E+00  0.29430E+00
  0.31009E+00  0.32099E+00  0.32695E+00  0.32855E+00  0.32685E+00  0.32312E+00
  0.31868E+00  0.31474E+00  0.31223E+00  0.31182E+00  0.31381E+00  0.31814E+00
  0.32447E+00  0.33217E+00  0.34041E+00  0.34823E+00  0.35460E+00  0.35852E+00
  0.35903E+00  0.35535E+00  0.34685E+00  0.33319E+00  0.31425E+00  0.29023E+00
  0.26163E+00  0.22923E+00  0.19412E+00  0.15760E+00  0.12121E+00  0.86619E-01
  0.55598E-01  0.29926E-01  0.11323E-01  0.13742E-02  0.14501E-02  0.12638E-01
  0.35677E-01  0.70913E-01  0.11826E+00  0.17717E+00  0.24666E+00  0.32529E+00
  0.41124E+00  0.50234E+00  0.59613E+00  0.68999E+00  0.78118E+00  0.86697E+00
  0.94473E+00  0.10120E+01  0.10668E+01  0.11072E+01  0.11319E+01  0.11403E+01
  0.95518E+01  0.22621E+01
  0.13939E+02  0.13887E+02  0.13730E+02  0.13473E+02  0.13122E+02  0.12687E+02
  0.12177E+02  0.11605E+02  0.10984E+02  0.10328E+02  0.96517E+01  0.82902E+01
  0.69983E+01  0.58515E+01  0.48964E+01  0.41479E+01  0.35935E+01  0.31993E+01
  0.29198E+01  0.27067E+01  0.25167E+01  0.23178E+01  0.20912E+01  0.18322E+01
  0.15473E+01  0.12507E+01  0.96056E+00  0.69473E+00  0.46795E+00  0.28996E+00
  0.16483E+00  0.91262E-01  0.63633E-01  0.73375E-01  0.11046E+00  0.16473E+00
  0.22688E+00  0.28918E+00  0.34572E+00  0.39253E+00  0.42732E+00  0.44929E+00
  0.45870E+00  0.45661E+00  0.44456E+00  0.42433E+00  0.39779E+00  0.36675E+00
  0.33293E+00  0.29787E+00  0.26295E+00  0.22935E+00  0.19803E+00  0.16978E+00
  0.14515E+00  0.12449E+00  0.10792E+00  0.95332E-01  0.86431E-01  0.80721E-01
  0.77556E-01  0.76180E-01  0.75780E-01  0.75548E-01  0.74741E-01  0.72746E-01
  0.69133E-01  0.63704E-01  0.56519E-01  0.47917E-01  0.38503E-01  0.29133E-01
  0.20869E-01  0.14921E-01  0.12583E-01  0.15152E-01  0.23847E-01  0.39734E-01
  0.63647E-01  0.96127E-01  0.13737E+00  0.18721E+00  0.24505E+00  0.30996E+00
  0.38060E+00  0.45533E+00  0.53224E+00  0.60924E+00  0.68410E+00  0.75460E+00
  0.81857E+00  0.87399E+00  0.91909E+00  0.95240E+00  0.97284E+00  0.97971E+00
  0.81121E+01  0.26635E+01
  0.22297E+02  0.22138E+02  0.21662E+02  0.20891E+02  0.19858E+02  0.18607E+02
  0.17188E+02  0.15654E+02  0.14063E+02  0.12467E+02  0.10916E+02  0.81074E+01
  0.58607E+01  0.42477E+01  0.32090E+01  0.26029E+01  0.22615E+01  0.20376E+01
  0.18308E+01  0.15941E+01  0.13230E+01  0.10379E+01  0.76650E+00  0.53185E+00
  0.34638E+00  0.21196E+00  0.12288E+00  0.69840E-01  0.43120E-01  0.34592E-01
  0.38449E-01  0.51089E-01  0.70534E-01  0.95705E-01  0.12574E+00  0.15950E+00
  0.19526E+00  0.23073E+00  0.26323E+00  0.29002E+00  0.30874E+00  0.31768E+00
  0.31607E+00  0.30411E+00  0.28287E+00  0.25412E+00  0.22006E+00  0.18311E+00
  0.14565E+00  0.10987E+00  0.77656E-01  0.50530E-01  0.29619E-01  0.15653E-01
  0.89780E-02  0.95709E-02  0.17068E-01  0.30790E-01  0.49781E-01  0.72848E-01
  0.98613E-01  0.12558E+00  0.15221E+00  0.17697E+00  0.19846E+00  0.21545E+00
  0.22695E+00  0.23230E+00  0.23118E+00  0.22361E+00  0.21002E+00  0.19114E+00
  0.16803E+00  0.14198E+00  0.11446E+00  0.87012E-01  0.61207E-01  0.38524E-01
  0.20288E-01  0.75998E-02  0.12757E-02  0.18071E-02  0.93354E-02  0.23644E-01
  0.44170E-01  0.70031E-01  0.10007E+00  0.13291E+00  0.16704E+00  0.20084E+00
  0.23273E+00  0.26120E+00  0.28488E+00  0.30266E+00  0.31368E+00  0.31740E+00
  0.58094E+01  0.37193E+01
  0.28572E+02  0.28289E+02  0.27448E+02  0.26103E+02  0.24332E+02  0.22234E+02
  0.19921E+02  0.17510E+02  0.15109E+02  0.12814E+02  0.10702E+02  0.72178E+01
  0.48124E+01  0.33463E+01  0.25271E+01  0.20545E+01  0.17129E+01  0.13963E+01
  0.10833E+01  0.79407E+00  0.55406E+00  0.37579E+00  0.25648E+00  0.18372E+00
  0.14247E+00  0.11968E+00  0.10648E+00  0.98291E-01  0.93902E-01  0.94007E-01
  0.99603E-01  0.11079E+00  0.12629E+00  0.14366E+00  0.16003E+00  0.17293E+00
  0.18074E+00  0.18287E+00  0.17956E+00  0.17152E+00  0.15962E+00  0.14472E+00
  0.12757E+00  0.10883E+00  0.89223E-01  0.69515E-01  0.50596E-01  0.33434E-01
  0.19009E-01  0.82208E-02  0.17963E-02  0.20954E-03  0.36381E-02  0.11951E-01
  0.24726E-01  0.41293E-01  0.60786E-01  0.82199E-01  0.10445E+00  0.12642E+00
  0.14702E+00  0.16525E+00  0.18020E+00  0.19112E+00  0.19746E+00  0.19888E+00
  0.19527E+00  0.18680E+00  0.17388E+00  0.15714E+00  0.13746E+00  0.11588E+00
  0.93609E-01  0.71904E-01  0.52069E-01  0.35363E-01  0.22950E-01  0.15838E-01
  0.14827E-01  0.20475E-01  0.33056E-01  0.52553E-01  0.78642E-01  0.11071E+00
  0.14786E+00  0.18898E+00  0.23273E+00  0.27764E+00  0.32216E+00  0.36471E+00
  0.40377E+00  0.43791E+00  0.46588E+00  0.48663E+00  0.49941E+00  0.50371E+00
  0.49044E+01  0.44056E+01
  0.32444E+02  0.32035E+02  0.30826E+02  0.28913E+02  0.26438E+02  0.23575E+02
  0.20511E+02  0.17429E+02  0.14488E+02  0.11811E+02  0.94815E+01  0.59798E+01
  0.38778E+01  0.27426E+01  0.21100E+01  0.16654E+01  0.12753E+01  0.92480E+00
  0.63885E+00  0.43377E+00  0.30492E+00  0.23360E+00  0.19767E+00  0.17862E+00
  0.16481E+00  0.15165E+00  0.13971E+00  0.13147E+00  0.12852E+00  0.13026E+00
  0.13438E+00  0.13822E+00  0.13991E+00  0.13883E+00  0.13526E+00  0.12983E+00
  0.12304E+00  0.11504E+00  0.10571E+00  0.94940E-01  0.82758E-01  0.69515E-01
  0.55852E-01  0.42584E-01  0.30541E-01  0.20442E-01  0.12818E-01  0.79975E-02
  0.61381E-02  0.72614E-02  0.11281E-01  0.18014E-01  0.27174E-01  0.38367E-01
  0.51088E-01  0.64734E-01  0.78626E-01  0.92048E-01  0.10429E+00  0.11471E+00
  0.12272E+00  0.12790E+00  0.12995E+00  0.12875E+00  0.12432E+00  0.11687E+00
  0.10677E+00  0.94517E-01  0.80748E-01  0.66201E-01  0.51692E-01  0.38088E-01
  0.26269E-01  0.17097E-01  0.11378E-01  0.98265E-02  0.13035E-01  0.21446E-01
  0.35324E-01  0.54746E-01  0.79584E-01  0.10951E+00  0.14400E+00  0.18233E+00
  0.22364E+00  0.26691E+00  0.31103E+00  0.35481E+00  0.39705E+00  0.43655E+00
  0.47218E+00  0.50289E+00  0.52779E+00  0.54612E+00  0.55735E+00  0.56112E+00
  0.42875E+01  0.50396E+01
  0.35339E+02  0.34799E+02  0.33214E+02  0.30736E+02  0.27583E+02  0.24021E+02
  0.20319E+02  0.16726E+02  0.13439E+02  0.10591E+02  0.82430E+01  0.50080E+01
  0.32761E+01  0.23743E+01  0.18024E+01  0.13367E+01  0.94036E+00  0.63597E+00
  0.43405E+00  0.31949E+00  0.26350E+00  0.23700E+00  0.21901E+00  0.19988E+00
  0.17946E+00  0.16175E+00  0.14969E+00  0.14291E+00  0.13883E+00  0.13484E+00
  0.12970E+00  0.12353E+00  0.11700E+00  0.11055E+00  0.10406E+00  0.97026E-01
  0.88925E-01  0.79571E-01  0.69235E-01  0.58523E-01  0.48133E-01  0.38655E-01
  0.30481E-01  0.23833E-01  0.18845E-01  0.15624E-01  0.14269E-01  0.14851E-01
  0.17367E-01  0.21699E-01  0.27608E-01  0.34746E-01  0.42694E-01  0.51000E-01
  0.59217E-01  0.66924E-01  0.73734E-01  0.79306E-01  0.83347E-01  0.85619E-01
  0.85959E-01  0.84282E-01  0.80603E-01  0.75035E-01  0.67802E-01  0.59227E-01
  0.49727E-01  0.39795E-01  0.29981E-01  0.20871E-01  0.13062E-01  0.71382E-02
  0.36545E-02  0.31090E-02  0.59270E-02  0.12442E-01  0.22884E-01  0.37364E-01
  0.55871E-01  0.78265E-01  0.10428E+00  0.13352E+00  0.16550E+00  0.19959E+00
  0.23512E+00  0.27132E+00  0.30740E+00  0.34252E+00  0.37587E+00  0.40665E+00
  0.43412E+00  0.45758E+00  0.47648E+00  0.49032E+00  0.49877E+00  0.50160E+00
  0.38486E+01  0.56142E+01
  0.37742E+02  0.37068E+02  0.35099E+02  0.32055E+02  0.28250E+02  0.24048E+02
  0.19808E+02  0.15835E+02  0.12347E+02  0.94648E+01  0.72101E+01  0.43310E+01
  0.28977E+01  0.21109E+01  0.15405E+01  0.10724E+01  0.71807E+00  0.48827E+00
  0.36320E+00  0.30533E+00  0.27722E+00  0.25376E+00  0.22637E+00  0.19833E+00
  0.17542E+00  0.15961E+00  0.14874E+00  0.13963E+00  0.13051E+00  0.12136E+00
  0.11288E+00  0.10540E+00  0.98532E-01  0.91473E-01  0.83607E-01  0.74877E-01
  0.65734E-01  0.56812E-01  0.48603E-01  0.41339E-01  0.35065E-01  0.29783E-01
  0.25555E-01  0.22513E-01  0.20794E-01  0.20471E-01  0.21500E-01  0.23736E-01
  0.26967E-01  0.30956E-01  0.35471E-01  0.40280E-01  0.45144E-01  0.49807E-01
  0.53998E-01  0.57447E-01  0.59906E-01  0.61174E-01  0.61118E-01  0.59679E-01
  0.56879E-01  0.52813E-01  0.47642E-01  0.41586E-01  0.34914E-01  0.27938E-01
  0.21007E-01  0.14493E-01  0.87844E-02  0.42730E-02  0.13402E-02  0.34301E-03
  0.16010E-02  0.53828E-02  0.11895E-01  0.21275E-01  0.33580E-01  0.48788E-01
  0.66790E-01  0.87398E-01  0.11034E+00  0.13528E+00  0.16180E+00  0.18944E+00
  0.21768E+00  0.24599E+00  0.27381E+00  0.30057E+00  0.32572E+00  0.34874E+00
  0.36912E+00  0.38644E+00  0.40032E+00  0.41046E+00  0.41663E+00  0.41870E+00
  0.35224E+01  0.61342E+01
  0.39839E+02  0.39026E+02  0.36667E+02  0.33061E+02  0.28628E+02  0.23844E+02
  0.19152E+02  0.14907E+02  0.11328E+02  0.85018E+01  0.63951E+01  0.38653E+01
  0.26345E+01  0.18898E+01  0.13165E+01  0.87756E+00  0.58675E+00  0.42657E+00
  0.35275E+00  0.31708E+00  0.28652E+00  0.25082E+00  0.21533E+00  0.18717E+00
  0.16758E+00  0.15321E+00  0.14061E+00  0.12854E+00  0.11747E+00  0.10799E+00
  0.99826E-01  0.92090E-01  0.83987E-01  0.75400E-01  0.66806E-01  0.58803E-01
  0.51717E-01  0.45540E-01  0.40108E-01  0.35325E-01  0.31247E-01  0.28029E-01
  0.25806E-01  0.24611E-01  0.24376E-01  0.24979E-01  0.26296E-01  0.28219E-01
  0.30637E-01  0.33409E-01  0.36348E-01  0.39232E-01  0.41833E-01  0.43943E-01
  0.45399E-01  0.46085E-01  0.45933E-01  0.44912E-01  0.43025E-01  0.40304E-01
  0.36817E-01  0.32671E-01  0.28016E-01  0.23040E-01  0.17969E-01  0.13056E-01
  0.85718E-02  0.47922E-02  0.19906E-02  0.42737E-03  0.34157E-03  0.19442E-02
  0.54114E-02  0.10879E-01  0.18437E-01  0.28125E-01  0.39932E-01  0.53789E-01
  0.69575E-01  0.87116E-01  0.10618E+00  0.12651E+00  0.14778E+00  0.16965E+00
  0.19174E+00  0.21367E+00  0.23504E+00  0.25544E+00  0.27451E+00  0.29187E+00
  0.30718E+00  0.32015E+00  0.33051E+00  0.33807E+00  0.34266E+00  0.34420E+00
  0.32686E+01  0.66104E+01
  0.41720E+02  0.40766E+02  0.38011E+02  0.33846E+02  0.28812E+02  0.23498E+02
  0.18435E+02  0.14006E+02  0.10416E+02  0.77006E+01  0.57620E+01  0.35337E+01
  0.24258E+01  0.16930E+01  0.11333E+01  0.74385E+00  0.51762E+00  0.40960E+00
  0.35979E+00  0.32165E+00  0.27811E+00  0.23468E+00  0.20038E+00  0.17664E+00
  0.15917E+00  0.14392E+00  0.12970E+00  0.11711E+00  0.10655E+00  0.97377E-01
  0.88549E-01  0.79582E-01  0.70798E-01  0.62815E-01  0.55959E-01  0.50110E-01
  0.44948E-01  0.40265E-01  0.36087E-01  0.32582E-01  0.29884E-01  0.28004E-01
  0.26860E-01  0.26354E-01  0.26417E-01  0.27005E-01  0.28052E-01  0.29443E-01
  0.31019E-01  0.32605E-01  0.34046E-01  0.35225E-01  0.36058E-01  0.36475E-01
  0.36415E-01  0.35818E-01  0.34640E-01  0.32865E-01  0.30511E-01  0.27636E-01
  0.24338E-01  0.20741E-01  0.16995E-01  0.13265E-01  0.97229E-02  0.65519E-02
  0.39374E-02  0.20654E-02  0.11171E-02  0.12629E-02  0.26569E-02  0.54308E-02
  0.96878E-02  0.15499E-01  0.22900E-01  0.31890E-01  0.42428E-01  0.54436E-01
  0.67800E-01  0.82366E-01  0.97950E-01  0.11434E+00  0.13130E+00  0.14856E+00
  0.16585E+00  0.18289E+00  0.19939E+00  0.21507E+00  0.22965E+00  0.24288E+00
  0.25451E+00  0.26433E+00  0.27216E+00  0.27786E+00  0.28133E+00  0.28248E+00
  0.30637E+01  0.70525E+01
  0.43434E+02  0.42335E+02  0.39180E+02  0.34461E+02  0.28852E+02  0.23063E+02
  0.17697E+02  0.13157E+02  0.96150E+01  0.70399E+01  0.52689E+01  0.32826E+01
  0.22440E+01  0.15188E+01  0.99018E+00  0.65757E+00  0.48661E+00  0.40985E+00
  0.36219E+00  0.31148E+00  0.25929E+00  0.21716E+00  0.18821E+00  0.16753E+00
  0.14990E+00  0.13364E+00  0.11937E+00  0.10746E+00  0.97100E-01  0.87241E-01
  0.77655E-01  0.68870E-01  0.61396E-01  0.55212E-01  0.49896E-01  0.45060E-01
  0.40621E-01  0.36740E-01  0.33578E-01  0.31152E-01  0.29361E-01  0.28093E-01
  0.27292E-01  0.26939E-01  0.26994E-01  0.27370E-01  0.27942E-01  0.28587E-01
  0.29216E-01  0.29768E-01  0.30191E-01  0.30419E-01  0.30374E-01  0.29981E-01
  0.29185E-01  0.27965E-01  0.26332E-01  0.24325E-01  0.22003E-01  0.19435E-01
  0.16703E-01  0.13898E-01  0.11126E-01  0.85061E-02  0.61694E-02  0.42530E-02
  0.28950E-02  0.22292E-02  0.23798E-02  0.34578E-02  0.55582E-02  0.87579E-02
  0.13114E-01  0.18660E-01  0.25407E-01  0.33337E-01  0.42409E-01  0.52551E-01
  0.63667E-01  0.75634E-01  0.88307E-01  0.10152E+00  0.11509E+00  0.12881E+00
  0.14248E+00  0.15589E+00  0.16882E+00  0.18106E+00  0.19241E+00  0.20267E+00
  0.21168E+00  0.21927E+00  0.22531E+00  0.22970E+00  0.23237E+00  0.23326E+00
  0.28932E+01  0.74681E+01
  0.45012E+02  0.43765E+02  0.40206E+02  0.34941E+02  0.28784E+02  0.22567E+02
  0.16961E+02  0.12371E+02  0.89168E+01  0.64957E+01  0.48801E+01  0.30794E+01
  0.20792E+01  0.13684E+01  0.88236E+00  0.60532E+00  0.47564E+00  0.41067E+00
  0.35313E+00  0.29185E+00  0.23956E+00  0.20334E+00  0.17867E+00  0.15858E+00
  0.14017E+00  0.12392E+00  0.11038E+00  0.98730E-01  0.87897E-01  0.77737E-01
  0.68829E-01  0.61525E-01  0.55537E-01  0.50286E-01  0.45437E-01  0.41051E-01
  0.37338E-01  0.34373E-01  0.32048E-01  0.30205E-01  0.28757E-01  0.27691E-01
  0.26997E-01  0.26619E-01  0.26459E-01  0.26427E-01  0.26466E-01  0.26542E-01
  0.26613E-01  0.26614E-01  0.26466E-01  0.26098E-01  0.25470E-01  0.24567E-01
  0.23400E-01  0.21989E-01  0.20354E-01  0.18520E-01  0.16522E-01  0.14409E-01
  0.12248E-01  0.10122E-01  0.81239E-02  0.63505E-02  0.48993E-02  0.38664E-02
  0.33453E-02  0.34256E-02  0.41914E-02  0.57183E-02  0.80701E-02  0.11296E-01
  0.15430E-01  0.20488E-01  0.26464E-01  0.33337E-01  0.41060E-01  0.49569E-01
  0.58782E-01  0.68598E-01  0.78902E-01  0.89565E-01  0.10045E+00  0.11140E+00
  0.12226E+00  0.13287E+00  0.14307E+00  0.15269E+00  0.16160E+00  0.16964E+00
  0.17669E+00  0.18262E+00  0.18734E+00  0.19077E+00  0.19285E+00  0.19355E+00
  0.27481E+01  0.78626E+01
  0.56313E+02  0.53488E+02  0.45831E+02  0.35631E+02  0.25439E+02  0.17076E+02
  0.11201E+02  0.75279E+01  0.53536E+01  0.40199E+01  0.31066E+01  0.18663E+01
  0.11309E+01  0.77136E+00  0.58436E+00  0.43444E+00  0.32316E+00  0.25891E+00
  0.21660E+00  0.17909E+00  0.14775E+00  0.12415E+00  0.10524E+00  0.89391E-01
  0.76664E-01  0.66347E-01  0.57607E-01  0.50466E-01  0.44877E-01  0.40231E-01
  0.36105E-01  0.32593E-01  0.29767E-01  0.27395E-01  0.25258E-01  0.23351E-01
  0.21716E-01  0.20295E-01  0.19004E-01  0.17815E-01  0.16732E-01  0.15740E-01
  0.14815E-01  0.13949E-01  0.13144E-01  0.12387E-01  0.11663E-01  0.10973E-01
  0.10324E-01  0.97224E-02  0.91622E-02  0.86378E-02  0.81515E-02  0.77129E-02
  0.73315E-02  0.70109E-02  0.67516E-02  0.65560E-02  0.64304E-02  0.63823E-02
  0.64181E-02  0.65421E-02  0.67573E-02  0.70669E-02  0.74744E-02  0.79823E-02
  0.85918E-02  0.93032E-02  0.10116E-01  0.11027E-01  0.12034E-01  0.13132E-01
  0.14316E-01  0.15579E-01  0.16913E-01  0.18309E-01  0.19758E-01  0.21248E-01
  0.22766E-01  0.24298E-01  0.25830E-01  0.27353E-01  0.28853E-01  0.30313E-01
  0.31716E-01  0.33051E-01  0.34305E-01  0.35468E-01  0.36526E-01  0.37466E-01
  0.38275E-01  0.38950E-01  0.39487E-01  0.39876E-01  0.40109E-01  0.40186E-01
  0.19323E+01  0.11182E+02
  0.63451E+02  0.58941E+02  0.47313E+02  0.33299E+02  0.21214E+02  0.12971E+02
  0.82042E+01  0.56154E+01  0.41028E+01  0.30773E+01  0.23092E+01  0.13167E+01
  0.85357E+00  0.58762E+00  0.40528E+00  0.30712E+00  0.24340E+00  0.18975E+00
  0.15162E+00  0.12404E+00  0.10122E+00  0.83402E-01  0.69720E-01  0.58845E-01
  0.50350E-01  0.43473E-01  0.37794E-01  0.33307E-01  0.29611E-01  0.26394E-01
  0.23729E-01  0.21533E-01  0.19580E-01  0.17853E-01  0.16388E-01  0.15101E-01
  0.13930E-01  0.12891E-01  0.11975E-01  0.11146E-01  0.10393E-01  0.97135E-02
  0.90992E-02  0.85421E-02  0.80399E-02  0.75866E-02  0.71771E-02  0.68109E-02
  0.64877E-02  0.62045E-02  0.59579E-02  0.57471E-02  0.55733E-02  0.54358E-02
  0.53322E-02  0.52619E-02  0.52251E-02  0.52214E-02  0.52490E-02  0.53060E-02
  0.53917E-02  0.55059E-02  0.56476E-02  0.58154E-02  0.60079E-02  0.62228E-02
  0.64585E-02  0.67141E-02  0.69875E-02  0.72762E-02  0.75782E-02  0.78916E-02
  0.82142E-02  0.85439E-02  0.88786E-02  0.92155E-02  0.95523E-02  0.98880E-02
  0.10220E-01  0.10546E-01  0.10863E-01  0.11172E-01  0.11467E-01  0.11748E-01
  0.12015E-01  0.12266E-01  0.12496E-01  0.12704E-01  0.12893E-01  0.13061E-01
  0.13205E-01  0.13320E-01  0.13411E-01  0.13481E-01  0.13526E-01  0.13541E-01
  0.15495E+01  0.13944E+02
  0.68667E+02  0.62421E+02  0.47082E+02  0.30297E+02  0.17691E+02  0.10365E+02
  0.66398E+01  0.46591E+01  0.34008E+01  0.24836E+01  0.18093E+01  0.10509E+01
  0.67207E+00  0.44242E+00  0.32558E+00  0.24406E+00  0.18429E+00  0.14535E+00
  0.11440E+00  0.91016E-01  0.74006E-01  0.60751E-01  0.50641E-01  0.42750E-01
  0.36570E-01  0.31637E-01  0.27560E-01  0.24305E-01  0.21587E-01  0.19240E-01
  0.17306E-01  0.15641E-01  0.14169E-01  0.12920E-01  0.11827E-01  0.10848E-01
  0.99961E-02  0.92439E-02  0.85666E-02  0.79662E-02  0.74343E-02  0.69577E-02
  0.65326E-02  0.61541E-02  0.58168E-02  0.55179E-02  0.52532E-02  0.50199E-02
  0.48158E-02  0.46391E-02  0.44876E-02  0.43584E-02  0.42511E-02  0.41634E-02
  0.40948E-02  0.40451E-02  0.40113E-02  0.39925E-02  0.39887E-02  0.39979E-02
  0.40183E-02  0.40489E-02  0.40899E-02  0.41413E-02  0.42018E-02  0.42702E-02
  0.43436E-02  0.44221E-02  0.45071E-02  0.45965E-02  0.46890E-02  0.47845E-02
  0.48811E-02  0.49782E-02  0.50759E-02  0.51736E-02  0.52702E-02  0.53654E-02
  0.54592E-02  0.55505E-02  0.56385E-02  0.57229E-02  0.58035E-02  0.58797E-02
  0.59512E-02  0.60178E-02  0.60791E-02  0.61350E-02  0.61853E-02  0.62293E-02
  0.62675E-02  0.62992E-02  0.63235E-02  0.63412E-02  0.63526E-02  0.63565E-02
  0.13159E+01  0.16420E+02
  0.72779E+02  0.64771E+02  0.46020E+02  0.27330E+02  0.14997E+02  0.87176E+01
  0.57241E+01  0.40487E+01  0.28923E+01  0.20490E+01  0.14817E+01  0.86881E+00
  0.53571E+00  0.37067E+00  0.26628E+00  0.19488E+00  0.14931E+00  0.11371E+00
  0.88984E-01  0.70784E-01  0.57084E-01  0.46990E-01  0.39200E-01  0.33170E-01
  0.28384E-01  0.24601E-01  0.21472E-01  0.18909E-01  0.16786E-01  0.14954E-01
  0.13432E-01  0.12113E-01  0.10960E-01  0.99790E-02  0.91102E-02  0.83490E-02
  0.76867E-02  0.70973E-02  0.65782E-02  0.61192E-02  0.57096E-02  0.53478E-02
  0.50270E-02  0.47420E-02  0.44891E-02  0.42648E-02  0.40659E-02  0.38902E-02
  0.37355E-02  0.35998E-02  0.34810E-02  0.33774E-02  0.32891E-02  0.32132E-02
  0.31479E-02  0.30947E-02  0.30514E-02  0.30157E-02  0.29887E-02  0.29704E-02
  0.29590E-02  0.29529E-02  0.29496E-02  0.29528E-02  0.29639E-02  0.29763E-02
  0.29908E-02  0.30092E-02  0.30300E-02  0.30548E-02  0.30818E-02  0.31085E-02
  0.31357E-02  0.31647E-02  0.31951E-02  0.32267E-02  0.32574E-02  0.32872E-02
  0.33177E-02  0.33464E-02  0.33732E-02  0.34002E-02  0.34274E-02  0.34532E-02
  0.34767E-02  0.34995E-02  0.35207E-02  0.35388E-02  0.35551E-02  0.35699E-02
  0.35819E-02  0.35917E-02  0.35987E-02  0.36023E-02  0.36063E-02  0.36091E-02
  0.11549E+01  0.18710E+02
  0.76176E+02  0.66394E+02  0.44535E+02  0.24633E+02  0.12983E+02  0.76357E+01
  0.51126E+01  0.35809E+01  0.24802E+01  0.17278E+01  0.12582E+01  0.72274E+00
  0.45518E+00  0.31431E+00  0.22011E+00  0.16338E+00  0.12090E+00  0.92500E-01
  0.71846E-01  0.56967E-01  0.46160E-01  0.37958E-01  0.31744E-01  0.26904E-01
  0.23063E-01  0.19968E-01  0.17453E-01  0.15340E-01  0.13605E-01  0.12111E-01
  0.10850E-01  0.97678E-02  0.88239E-02  0.80165E-02  0.73070E-02  0.66901E-02
  0.61490E-02  0.56718E-02  0.52528E-02  0.48826E-02  0.45543E-02  0.42643E-02
  0.40068E-02  0.37775E-02  0.35736E-02  0.33926E-02  0.32315E-02  0.30884E-02
  0.29610E-02  0.28479E-02  0.27481E-02  0.26591E-02  0.25796E-02  0.25119E-02
  0.24513E-02  0.23977E-02  0.23520E-02  0.23119E-02  0.22766E-02  0.22468E-02
  0.22240E-02  0.22043E-02  0.21861E-02  0.21726E-02  0.21638E-02  0.21576E-02
  0.21521E-02  0.21460E-02  0.21465E-02  0.21494E-02  0.21512E-02  0.21544E-02
  0.21578E-02  0.21643E-02  0.21719E-02  0.21792E-02  0.21878E-02  0.21963E-02
  0.22028E-02  0.22105E-02  0.22190E-02  0.22277E-02  0.22366E-02  0.22451E-02
  0.22528E-02  0.22602E-02  0.22660E-02  0.22712E-02  0.22789E-02  0.22819E-02
  0.22852E-02  0.22909E-02  0.22913E-02  0.22915E-02  0.22953E-02  0.22982E-02
  0.10350E+01  0.20877E+02
  0.79073E+02  0.67513E+02  0.42840E+02  0.22265E+02  0.11478E+02  0.68857E+01
  0.46490E+01  0.31809E+01  0.21439E+01  0.14914E+01  0.10882E+01  0.61681E+00
  0.39807E+00  0.26612E+00  0.18936E+00  0.13649E+00  0.10133E+00  0.76893E-01
  0.59697E-01  0.47490E-01  0.38432E-01  0.31716E-01  0.26543E-01  0.22510E-01
  0.19311E-01  0.16704E-01  0.14583E-01  0.12809E-01  0.11325E-01  0.10072E-01
  0.89977E-02  0.80857E-02  0.72912E-02  0.66112E-02  0.60167E-02  0.54984E-02
  0.50462E-02  0.46499E-02  0.43003E-02  0.39929E-02  0.37210E-02  0.34790E-02
  0.32652E-02  0.30746E-02  0.29056E-02  0.27545E-02  0.26193E-02  0.24986E-02
  0.23905E-02  0.22941E-02  0.22073E-02  0.21299E-02  0.20613E-02  0.19987E-02
  0.19434E-02  0.18943E-02  0.18499E-02  0.18103E-02  0.17765E-02  0.17457E-02
  0.17161E-02  0.16925E-02  0.16722E-02  0.16534E-02  0.16356E-02  0.16221E-02
  0.16119E-02  0.16003E-02  0.15905E-02  0.15820E-02  0.15779E-02  0.15738E-02
  0.15674E-02  0.15641E-02  0.15613E-02  0.15606E-02  0.15605E-02  0.15597E-02
  0.15599E-02  0.15583E-02  0.15578E-02  0.15604E-02  0.15616E-02  0.15628E-02
  0.15660E-02  0.15661E-02  0.15670E-02  0.15673E-02  0.15679E-02  0.15689E-02
  0.15686E-02  0.15721E-02  0.15720E-02  0.15704E-02  0.15725E-02  0.15718E-02
  0.94146E+00  0.22950E+02
  0.81586E+02  0.68254E+02  0.41054E+02  0.20221E+02  0.10342E+02  0.63329E+01
  0.42584E+01  0.28280E+01  0.18759E+01  0.13101E+01  0.95039E+00  0.54261E+00
  0.34749E+00  0.23170E+00  0.16328E+00  0.11656E+00  0.86451E-01  0.65303E-01
  0.50929E-01  0.40435E-01  0.32854E-01  0.27104E-01  0.22714E-01  0.19265E-01
  0.16502E-01  0.14272E-01  0.12424E-01  0.10901E-01  0.96106E-02  0.85323E-02
  0.76050E-02  0.68182E-02  0.61382E-02  0.55542E-02  0.50453E-02  0.46063E-02
  0.42209E-02  0.38838E-02  0.35871E-02  0.33255E-02  0.30943E-02  0.28903E-02
  0.27097E-02  0.25476E-02  0.24036E-02  0.22741E-02  0.21588E-02  0.20559E-02
  0.19632E-02  0.18799E-02  0.18047E-02  0.17375E-02  0.16760E-02  0.16214E-02
  0.15720E-02  0.15268E-02  0.14866E-02  0.14505E-02  0.14162E-02  0.13873E-02
  0.13611E-02  0.13360E-02  0.13135E-02  0.12946E-02  0.12777E-02  0.12594E-02
  0.12454E-02  0.12334E-02  0.12225E-02  0.12103E-02  0.12006E-02  0.11936E-02
  0.11871E-02  0.11793E-02  0.11727E-02  0.11673E-02  0.11633E-02  0.11594E-02
  0.11570E-02  0.11527E-02  0.11483E-02  0.11467E-02  0.11443E-02  0.11435E-02
  0.11418E-02  0.11422E-02  0.11395E-02  0.11391E-02  0.11385E-02  0.11354E-02
  0.11355E-02  0.11364E-02  0.11333E-02  0.11362E-02  0.11336E-02  0.11276E-02
  0.86651E+00  0.24936E+02
  0.83812E+02  0.68715E+02  0.39253E+02  0.18475E+02  0.94719E+01  0.58976E+01
  0.39064E+01  0.25205E+01  0.16639E+01  0.11638E+01  0.83905E+00  0.48571E+00
  0.30476E+00  0.20540E+00  0.14135E+00  0.10174E+00  0.74543E-01  0.56801E-01
  0.44086E-01  0.35191E-01  0.28545E-01  0.23600E-01  0.19762E-01  0.16746E-01
  0.14331E-01  0.12362E-01  0.10747E-01  0.94009E-02  0.82771E-02  0.73261E-02
  0.65214E-02  0.58319E-02  0.52427E-02  0.47352E-02  0.42960E-02  0.39154E-02
  0.35805E-02  0.32906E-02  0.30351E-02  0.28129E-02  0.26136E-02  0.24379E-02
  0.22808E-02  0.21416E-02  0.20185E-02  0.19070E-02  0.18083E-02  0.17182E-02
  0.16374E-02  0.15650E-02  0.14994E-02  0.14404E-02  0.13869E-02  0.13385E-02
  0.12941E-02  0.12542E-02  0.12180E-02  0.11842E-02  0.11546E-02  0.11267E-02
  0.11012E-02  0.10788E-02  0.10581E-02  0.10376E-02  0.10208E-02  0.10060E-02
  0.99081E-03  0.97593E-03  0.96507E-03  0.95403E-03  0.94288E-03  0.93324E-03
  0.92465E-03  0.91808E-03  0.91073E-03  0.90471E-03  0.89655E-03  0.89223E-03
  0.88795E-03  0.88351E-03  0.87969E-03  0.87513E-03  0.87167E-03  0.86756E-03
  0.86672E-03  0.86367E-03  0.86181E-03  0.86046E-03  0.85796E-03  0.85873E-03
  0.85643E-03  0.85405E-03  0.85423E-03  0.85154E-03  0.85085E-03  0.85936E-03
  0.80471E+00  0.26851E+02
  0.85809E+02  0.68958E+02  0.37482E+02  0.16988E+02  0.87926E+01  0.55317E+01
  0.35806E+01  0.22587E+01  0.14935E+01  0.10426E+01  0.75027E+00  0.43682E+00
  0.27169E+00  0.18213E+00  0.12484E+00  0.89189E-01  0.65722E-01  0.49825E-01
  0.38903E-01  0.30964E-01  0.25203E-01  0.20802E-01  0.17417E-01  0.14736E-01
  0.12585E-01  0.10837E-01  0.93983E-02  0.82039E-02  0.72069E-02  0.63647E-02
  0.56553E-02  0.50467E-02  0.45304E-02  0.40864E-02  0.37011E-02  0.33693E-02
  0.30774E-02  0.28243E-02  0.26022E-02  0.24078E-02  0.22344E-02  0.20823E-02
  0.19457E-02  0.18251E-02  0.17180E-02  0.16212E-02  0.15348E-02  0.14555E-02
  0.13855E-02  0.13218E-02  0.12646E-02  0.12126E-02  0.11648E-02  0.11218E-02
  0.10825E-02  0.10469E-02  0.10140E-02  0.98448E-03  0.95687E-03  0.93149E-03
  0.90887E-03  0.88792E-03  0.86749E-03  0.85040E-03  0.83405E-03  0.81818E-03
  0.80381E-03  0.79224E-03  0.77972E-03  0.76822E-03  0.75805E-03  0.75029E-03
  0.74031E-03  0.73198E-03  0.72436E-03  0.71880E-03  0.71225E-03  0.70716E-03
  0.70021E-03  0.69516E-03  0.69193E-03  0.68751E-03  0.68462E-03  0.68100E-03
  0.67781E-03  0.67411E-03  0.67275E-03  0.66857E-03  0.66838E-03  0.66680E-03
  0.66503E-03  0.66583E-03  0.66365E-03  0.66274E-03  0.66342E-03  0.65448E-03
  0.75239E+00  0.28718E+02
  0.93480E+02  0.68122E+02  0.29709E+02  0.12271E+02  0.68195E+01  0.40841E+01
  0.23495E+01  0.14599E+01  0.96888E+00  0.67283E+00  0.48783E+00  0.27738E+00
  0.17024E+00  0.11120E+00  0.75814E-01  0.53851E-01  0.39829E-01  0.30324E-01
  0.23645E-01  0.18840E-01  0.15251E-01  0.12505E-01  0.10376E-01  0.86926E-02
  0.73477E-02  0.62630E-02  0.53793E-02  0.46542E-02  0.40545E-02  0.35543E-02
  0.31356E-02  0.27847E-02  0.24840E-02  0.22275E-02  0.20093E-02  0.18195E-02
  0.16575E-02  0.15146E-02  0.13878E-02  0.12797E-02  0.11823E-02  0.10979E-02
  0.10205E-02  0.95178E-03  0.89229E-03  0.83700E-03  0.78943E-03  0.74229E-03
  0.70395E-03  0.66682E-03  0.63475E-03  0.60278E-03  0.57571E-03  0.54973E-03
  0.52777E-03  0.50555E-03  0.48660E-03  0.46823E-03  0.45075E-03  0.43607E-03
  0.42149E-03  0.40850E-03  0.39629E-03  0.38452E-03  0.37400E-03  0.36402E-03
  0.35500E-03  0.34664E-03  0.33872E-03  0.33140E-03  0.32453E-03  0.31801E-03
  0.31201E-03  0.30631E-03  0.30113E-03  0.29650E-03  0.29216E-03  0.28801E-03
  0.28426E-03  0.28060E-03  0.27732E-03  0.27440E-03  0.27151E-03  0.26882E-03
  0.26663E-03  0.26460E-03  0.26276E-03  0.26140E-03  0.25967E-03  0.25903E-03
  0.25798E-03  0.25802E-03  0.25732E-03  0.25757E-03  0.25671E-03  0.25936E-03
  0.57737E+00  0.37423E+02
  0.98920E+02  0.65575E+02  0.24025E+02  0.10014E+02  0.56177E+01  0.29987E+01
  0.17002E+01  0.10630E+01  0.69992E+00  0.48493E+00  0.34855E+00  0.19604E+00
  0.11943E+00  0.77351E-01  0.52669E-01  0.37453E-01  0.27643E-01  0.21002E-01
  0.16305E-01  0.12886E-01  0.10338E-01  0.84056E-02  0.69135E-02  0.57455E-02
  0.48214E-02  0.40829E-02  0.34871E-02  0.30023E-02  0.26045E-02  0.22754E-02
  0.20012E-02  0.17713E-02  0.15760E-02  0.14100E-02  0.12692E-02  0.11463E-02
  0.10396E-02  0.94858E-03  0.86814E-03  0.79593E-03  0.73443E-03  0.67834E-03
  0.62885E-03  0.58579E-03  0.54595E-03  0.50900E-03  0.47926E-03  0.44913E-03
  0.42320E-03  0.39947E-03  0.37616E-03  0.35930E-03  0.33976E-03  0.32373E-03
  0.30750E-03  0.29484E-03  0.28154E-03  0.26983E-03  0.25867E-03  0.24873E-03
  0.23926E-03  0.23155E-03  0.22251E-03  0.21614E-03  0.20793E-03  0.20249E-03
  0.19656E-03  0.19090E-03  0.18661E-03  0.18094E-03  0.17651E-03  0.17263E-03
  0.16875E-03  0.16525E-03  0.16227E-03  0.15912E-03  0.15597E-03  0.15371E-03
  0.15134E-03  0.14868E-03  0.14629E-03  0.14472E-03  0.14320E-03  0.14188E-03
  0.14018E-03  0.13853E-03  0.13742E-03  0.13681E-03  0.13606E-03  0.13548E-03
  0.13477E-03  0.13408E-03  0.13376E-03  0.13292E-03  0.13294E-03  0.13161E-03
  0.47565E+00  0.45426E+02
  0.10308E+03  0.62357E+02  0.20051E+02  0.87292E+01  0.45864E+01  0.23023E+01
  0.13273E+01  0.81804E+00  0.53812E+00  0.37156E+00  0.26707E+00  0.14879E+00
  0.89870E-01  0.57957E-01  0.39401E-01  0.28001E-01  0.20577E-01  0.15537E-01
  0.11979E-01  0.93969E-02  0.74847E-02  0.60432E-02  0.49389E-02  0.40860E-02
  0.34135E-02  0.28808E-02  0.24531E-02  0.21069E-02  0.18240E-02  0.15906E-02
  0.13960E-02  0.12334E-02  0.10961E-02  0.97938E-03  0.87862E-03  0.79153E-03
  0.71693E-03  0.65205E-03  0.59599E-03  0.54423E-03  0.49984E-03  0.46215E-03
  0.42738E-03  0.39496E-03  0.36693E-03  0.34328E-03  0.32049E-03  0.29921E-03
  0.28191E-03  0.26497E-03  0.24877E-03  0.23608E-03  0.22270E-03  0.21192E-03
  0.20184E-03  0.19076E-03  0.18267E-03  0.17391E-03  0.16753E-03  0.15953E-03
  0.15360E-03  0.14756E-03  0.14200E-03  0.13723E-03  0.13227E-03  0.12779E-03
  0.12395E-03  0.12004E-03  0.11723E-03  0.11330E-03  0.11070E-03  0.10774E-03
  0.10403E-03  0.10331E-03  0.10067E-03  0.98365E-04  0.96553E-04  0.95230E-04
  0.92417E-04  0.91141E-04  0.90476E-04  0.89296E-04  0.87462E-04  0.86108E-04
  0.86188E-04  0.85487E-04  0.84423E-04  0.83286E-04  0.82465E-04  0.81902E-04
  0.81355E-04  0.81817E-04  0.81121E-04  0.81443E-04  0.82122E-04  0.79999E-04
  0.40802E+00  0.52955E+02
  0.10648E+03  0.58949E+02  0.17292E+02  0.78015E+01  0.37325E+01  0.18697E+01
  0.10708E+01  0.65682E+00  0.43133E+00  0.29774E+00  0.21226E+00  0.11743E+00
  0.70705E-01  0.45516E-01  0.30902E-01  0.21870E-01  0.15986E-01  0.11989E-01
  0.91826E-02  0.71611E-02  0.56744E-02  0.45601E-02  0.37150E-02  0.30611E-02
  0.25524E-02  0.21509E-02  0.18279E-02  0.15678E-02  0.13555E-02  0.11804E-02
  0.10347E-02  0.91238E-03  0.80907E-03  0.72096E-03  0.64605E-03  0.58163E-03
  0.52594E-03  0.47711E-03  0.43379E-03  0.39586E-03  0.36293E-03  0.33445E-03
  0.30880E-03  0.28525E-03  0.26376E-03  0.24525E-03  0.22953E-03  0.21420E-03
  0.20009E-03  0.18764E-03  0.17693E-03  0.16678E-03  0.15662E-03  0.14910E-03
  0.14101E-03  0.13386E-03  0.12870E-03  0.12102E-03  0.11620E-03  0.11164E-03
  0.10600E-03  0.10261E-03  0.97364E-04  0.94907E-04  0.91040E-04  0.88562E-04
  0.84536E-04  0.82729E-04  0.79377E-04  0.77985E-04  0.74908E-04  0.73547E-04
  0.71520E-04  0.69340E-04  0.68619E-04  0.66163E-04  0.65517E-04  0.64891E-04
  0.62733E-04  0.61624E-04  0.60609E-04  0.59997E-04  0.58848E-04  0.57791E-04
  0.58040E-04  0.57497E-04  0.56799E-04  0.56141E-04  0.54908E-04  0.54614E-04
  0.55048E-04  0.54503E-04  0.54050E-04  0.55176E-04  0.54872E-04  0.52630E-04
  0.35884E+00  0.60213E+02