  0.43639E+02  0.43588E+02  0.43436E+02  0.43183E+02  0.42831E+02  0.42382E+02
  0.41838E+02  0.41203E+02  0.40480E+02  0.39672E+02  0.38785E+02  0.36793E+02
  0.34545E+02  0.32089E+02  0.29477E+02  0.26761E+02  0.23995E+02  0.21229E+02
  0.18514E+02  0.15894E+02  0.13411E+02  0.11098E+02  0.89847E+01  0.70916E+01
  0.54330E+01  0.40158E+01  0.28403E+01  0.19001E+01  0.11830E+01  0.67196E+00
  0.34565E+00  0.17971E+00  0.14768E+00  0.22204E+00  0.37528E+00  0.58077E+00
  0.81368E+00  0.10517E+01  0.12756E+01  0.14697E+01  0.16221E+01  0.17248E+01
  0.17736E+01  0.17682E+01  0.17111E+01  0.16078E+01  0.14663E+01  0.12958E+01
  0.11067E+01  0.90967E+00  0.71506E+00  0.53238E+00  0.36977E+00  0.23366E+00
  0.12847E+00  0.56486E-01  0.17836E-01  0.10602E-01  0.31038E-01  0.73885E-01
  0.13277E+00  0.20067E+00  0.27035E+00  0.33491E+00  0.38820E+00  0.42524E+00
  0.44257E+00  0.43850E+00  0.41324E+00  0.36897E+00  0.30974E+00  0.24127E+00
  0.17070E+00  0.10618E+00  0.56447E-01  0.30353E-01  0.36331E-01  0.81919E-01
  0.17329E+00  0.31484E+00  0.50888E+00  0.75538E+00  0.10519E+01  0.13934E+01
  0.17728E+01  0.21807E+01  0.26059E+01  0.30361E+01  0.34580E+01  0.38581E+01
  0.42232E+01  0.45410E+01  0.48005E+01  0.49927E+01  0.51108E+01  0.51505E+01
  0.36208E+02  0.93884E+00
  0.24073E+02  0.24007E+02  0.23807E+02  0.23476E+02  0.23019E+02  0.22443E+02
  0.21756E+02  0.20968E+02  0.20088E+02  0.19130E+02  0.18105E+02  0.15910E+02
  0.13611E+02  0.11313E+02  0.91115E+01  0.70859E+01  0.52959E+01  0.37793E+01
  0.25518E+01  0.16091E+01  0.93005E+00  0.48059E+00  0.21883E+00  0.99624E-01
  0.78806E-01  0.11666E+00  0.18034E+00  0.24524E+00  0.29528E+00  0.32231E+00
  0.32484E+00  0.30633E+00  0.27333E+00  0.23366E+00  0.19487E+00  0.16306E+00
  0.14217E+00  0.13365E+00  0.13663E+00  0.14831E+00  0.16465E+00  0.18108E+00
  0.19327E+00  0.19776E+00  0.19247E+00  0.17700E+00  0.15266E+00  0.12238E+00
  0.90407E-01  0.61835E-01  0.42106E-01  0.36455E-01  0.49386E-01  0.84210E-01
  0.14269E+00  0.22482E+00  0.32875E+00  0.45082E+00  0.58579E+00  0.72713E+00
  0.86747E+00  0.99903E+00  0.11142E+01  0.12058E+01  0.12681E+01  0.12966E+01
  0.12887E+01  0.12440E+01  0.11643E+01  0.10532E+01  0.91689E+00  0.76291E+00
  0.60041E+00  0.43952E+00  0.29082E+00  0.16491E+00  0.71765E-01  0.20279E-01
  0.17760E-01  0.69529E-01  0.17860E+00  0.34546E+00  0.56798E+00  0.84145E+00
  0.11587E+01  0.15103E+01  0.18852E+01  0.22708E+01  0.26538E+01  0.30204E+01
  0.33575E+01  0.36524E+01  0.38942E+01  0.40739E+01  0.41844E+01  0.42217E+01
  0.12550E+02  0.27087E+01
  0.33506E+02  0.33374E+02  0.32976E+02  0.32323E+02  0.31426E+02  0.30303E+02
  0.28976E+02  0.27471E+02  0.25815E+02  0.24038E+02  0.22173E+02  0.18306E+02
  0.14461E+02  0.10860E+02  0.76802E+01  0.50388E+01  0.29934E+01  0.15423E+01
  0.63479E+00  0.18361E+00  0.80527E-01  0.21114E+00  0.46789E+00  0.75986E+00
  0.10187E+01  0.12008E+01  0.12858E+01  0.12733E+01  0.11774E+01  0.10208E+01
  0.83005E+00  0.63062E+00  0.44397E+00  0.28571E+00  0.16503E+00  0.85086E-01
  0.44042E-01  0.36455E-01  0.54736E-01  0.90480E-01  0.13554E+00  0.18279E+00
  0.22660E+00  0.26302E+00  0.28979E+00  0.30615E+00  0.31261E+00  0.31063E+00
  0.30237E+00  0.29029E+00  0.27699E+00  0.26487E+00  0.25598E+00  0.25186E+00
  0.25341E+00  0.26087E+00  0.27378E+00  0.29106E+00  0.31111E+00  0.33194E+00
  0.35134E+00  0.36707E+00  0.37708E+00  0.37962E+00  0.37346E+00  0.35797E+00
  0.33318E+00  0.29987E+00  0.25947E+00  0.21406E+00  0.16624E+00  0.11901E+00
  0.75616E-01  0.39374E-01  0.13522E-01  0.10446E-02  0.45243E-02  0.26013E-01
  0.66921E-01  0.12794E+00  0.20899E+00  0.30919E+00  0.42689E+00  0.55969E+00
  0.70453E+00  0.85778E+00  0.10153E+01  0.11728E+01  0.13257E+01  0.14694E+01
  0.15995E+01  0.17122E+01  0.18037E+01  0.18712E+01  0.19126E+01  0.19266E+01
  0.11007E+02  0.30883E+01
  0.39083E+02  0.38889E+02  0.38306E+02  0.37351E+02  0.36047E+02  0.34427E+02
  0.32530E+02  0.30402E+02  0.28091E+02  0.25649E+02  0.23131E+02  0.18069E+02
  0.13288E+02  0.90926E+01  0.56840E+01  0.31505E+01  0.14746E+01  0.55383E+00
  0.22955E+00  0.31848E+00  0.64101E+00  0.10431E+01  0.14095E+01  0.16682E+01
  0.17878E+01  0.17693E+01  0.16360E+01  0.14225E+01  0.11664E+01  0.90127E+00
  0.65318E+00  0.43964E+00  0.26999E+00  0.14704E+00  0.68918E-01  0.30921E-01
  0.26822E-01  0.49803E-01  0.92962E-01  0.14958E+00  0.21325E+00  0.27801E+00
  0.33849E+00  0.39016E+00  0.42949E+00  0.45413E+00  0.46305E+00  0.45648E+00
  0.43579E+00  0.40331E+00  0.36199E+00  0.31513E+00  0.26605E+00  0.21783E+00
  0.17311E+00  0.13393E+00  0.10168E+00  0.77075E-01  0.60210E-01  0.50624E-01
  0.47403E-01  0.49297E-01  0.54834E-01  0.62437E-01  0.70540E-01  0.77691E-01
  0.82649E-01  0.84475E-01  0.82602E-01  0.76893E-01  0.67683E-01  0.55783E-01
  0.42474E-01  0.29458E-01  0.18784E-01  0.12741E-01  0.13736E-01  0.24139E-01
  0.46126E-01  0.81521E-01  0.13164E+00  0.19717E+00  0.27805E+00  0.37343E+00
  0.48163E+00  0.60018E+00  0.72591E+00  0.85505E+00  0.98340E+00  0.11065E+01
  0.12200E+01  0.13196E+01  0.14015E+01  0.14624E+01  0.14999E+01  0.15126E+01
  0.10414E+02  0.32640E+01
  0.52855E+02  0.52406E+02  0.51068E+02  0.48904E+02  0.46013E+02  0.42519E+02
  0.38572E+02  0.34331E+02  0.29960E+02  0.25613E+02  0.21434E+02  0.14026E+02
  0.83605E+01  0.46068E+01  0.25487E+01  0.17356E+01  0.16517E+01  0.18522E+01
  0.20396E+01  0.20740E+01  0.19393E+01  0.16880E+01  0.13913E+01  0.11057E+01
  0.86099E+00  0.66351E+00  0.50586E+00  0.37731E+00  0.27002E+00  0.18088E+00
  0.11028E+00  0.59850E-01  0.30522E-01  0.21641E-01  0.30936E-01  0.55015E-01
  0.89949E-01  0.13173E+00  0.17655E+00  0.22095E+00  0.26186E+00  0.29668E+00
  0.32335E+00  0.34033E+00  0.34668E+00  0.34212E+00  0.32697E+00  0.30223E+00
  0.26951E+00  0.23092E+00  0.18901E+00  0.14651E+00  0.10618E+00  0.70536E-01
  0.41715E-01  0.21279E-01  0.10150E-01  0.85767E-02  0.16169E-01  0.31972E-01
  0.54574E-01  0.82223E-01  0.11295E+00  0.14470E+00  0.17542E+00  0.20320E+00
  0.22631E+00  0.24336E+00  0.25329E+00  0.25551E+00  0.24984E+00  0.23663E+00
  0.21666E+00  0.19115E+00  0.16169E+00  0.13014E+00  0.98529E-01  0.68918E-01
  0.43299E-01  0.23450E-01  0.10838E-01  0.65159E-02  0.11067E-01  0.24560E-01
  0.46547E-01  0.76087E-01  0.11180E+00  0.15193E+00  0.19447E+00  0.23726E+00
  0.27810E+00  0.31487E+00  0.34567E+00  0.36890E+00  0.38333E+00  0.38822E+00
  0.88559E+01  0.38385E+01
  0.63147E+02  0.62409E+02  0.60220E+02  0.56730E+02  0.52157E+02  0.46780E+02
  0.40911E+02  0.34865E+02  0.28941E+02  0.23393E+02  0.18418E+02  0.10640E+02
  0.58662E+01  0.35393E+01  0.27304E+01  0.25632E+01  0.24651E+01  0.22090E+01
  0.18085E+01  0.13734E+01  0.10002E+01  0.72894E+00  0.55047E+00  0.43352E+00
  0.34840E+00  0.27728E+00  0.21388E+00  0.15872E+00  0.11461E+00  0.83946E-01
  0.67563E-01  0.64469E-01  0.72147E-01  0.87246E-01  0.10640E+00  0.12685E+00
  0.14669E+00  0.16464E+00  0.17975E+00  0.19112E+00  0.19784E+00  0.19914E+00
  0.19456E+00  0.18416E+00  0.16848E+00  0.14853E+00  0.12562E+00  0.10122E+00
  0.76832E-01  0.53913E-01  0.33793E-01  0.17649E-01  0.64628E-02  0.97367E-03
  0.16363E-02  0.85748E-02  0.21552E-01  0.39960E-01  0.62843E-01  0.88948E-01
  0.11681E+00  0.14484E+00  0.17144E+00  0.19509E+00  0.21447E+00  0.22850E+00
  0.23639E+00  0.23771E+00  0.23238E+00  0.22070E+00  0.20331E+00  0.18117E+00
  0.15556E+00  0.12794E+00  0.99975E-01  0.73386E-01  0.49894E-01  0.31117E-01
  0.18490E-01  0.13177E-01  0.16007E-01  0.27419E-01  0.47433E-01  0.75638E-01
  0.11121E+00  0.15293E+00  0.19925E+00  0.24839E+00  0.29835E+00  0.34707E+00
  0.39250E+00  0.43270E+00  0.46595E+00  0.49079E+00  0.50614E+00  0.51132E+00
  0.76868E+01  0.44222E+01
  0.71462E+02  0.70406E+02  0.67293E+02  0.62392E+02  0.56095E+02  0.48883E+02
  0.41268E+02  0.33743E+02  0.26727E+02  0.20535E+02  0.15357E+02  0.82104E+01
  0.46923E+01  0.33936E+01  0.29679E+01  0.26174E+01  0.21121E+01  0.15410E+01
  0.10510E+01  0.71345E+00  0.51505E+00  0.40511E+00  0.33675E+00  0.28266E+00
  0.23302E+00  0.18809E+00  0.15180E+00  0.12740E+00  0.11507E+00  0.11194E+00
  0.11374E+00  0.11696E+00  0.11996E+00  0.12271E+00  0.12570E+00  0.12909E+00
  0.13229E+00  0.13429E+00  0.13400E+00  0.13070E+00  0.12413E+00  0.11451E+00
  0.10240E+00  0.88499E-01  0.73573E-01  0.58384E-01  0.43694E-01  0.30274E-01
  0.18892E-01  0.10265E-01  0.49930E-02  0.34886E-02  0.59312E-02  0.12254E-01
  0.22159E-01  0.35149E-01  0.50564E-01  0.67622E-01  0.85451E-01  0.10313E+00
  0.11972E+00  0.13431E+00  0.14608E+00  0.15434E+00  0.15858E+00  0.15849E+00
  0.15402E+00  0.14538E+00  0.13303E+00  0.11766E+00  0.10017E+00  0.81626E-01
  0.63197E-01  0.46122E-01  0.31647E-01  0.20965E-01  0.15165E-01  0.15173E-01
  0.21707E-01  0.35238E-01  0.55958E-01  0.83761E-01  0.11823E+00  0.15867E+00
  0.20408E+00  0.25324E+00  0.30471E+00  0.35692E+00  0.40820E+00  0.45688E+00
  0.50132E+00  0.54000E+00  0.57159E+00  0.59498E+00  0.60935E+00  0.61418E+00
  0.68143E+01  0.49885E+01
  0.78286E+02  0.76892E+02  0.72811E+02  0.66465E+02  0.58464E+02  0.49534E+02
  0.40413E+02  0.31760E+02  0.24082E+02  0.17694E+02  0.12715E+02  0.66295E+01
  0.41787E+01  0.33426E+01  0.28099E+01  0.21616E+01  0.14874E+01  0.95779E+00
  0.63044E+00  0.46102E+00  0.37744E+00  0.32617E+00  0.28128E+00  0.23704E+00
  0.19784E+00  0.16923E+00  0.15227E+00  0.14319E+00  0.13681E+00  0.13010E+00
  0.12304E+00  0.11716E+00  0.11359E+00  0.11222E+00  0.11183E+00  0.11091E+00
  0.10829E+00  0.10349E+00  0.96661E-01  0.88257E-01  0.78770E-01  0.68587E-01
  0.58023E-01  0.47432E-01  0.37271E-01  0.28085E-01  0.20426E-01  0.14765E-01
  0.11430E-01  0.10587E-01  0.12251E-01  0.16312E-01  0.22553E-01  0.30667E-01
  0.40253E-01  0.50828E-01  0.61835E-01  0.72672E-01  0.82729E-01  0.91423E-01
  0.98242E-01  0.10277E+00  0.10470E+00  0.10389E+00  0.10030E+00  0.94079E-01
  0.85504E-01  0.75006E-01  0.63152E-01  0.50625E-01  0.38198E-01  0.26707E-01
  0.17012E-01  0.99601E-02  0.63459E-02  0.68769E-02  0.12138E-01  0.22561E-01
  0.38405E-01  0.59735E-01  0.86416E-01  0.11811E+00  0.15428E+00  0.19421E+00
  0.23702E+00  0.28168E+00  0.32709E+00  0.37205E+00  0.41535E+00  0.45578E+00
  0.49221E+00  0.52359E+00  0.54901E+00  0.56772E+00  0.57917E+00  0.58302E+00
  0.61526E+01  0.55250E+01
  0.83999E+02  0.82255E+02  0.77178E+02  0.69380E+02  0.59732E+02  0.49235E+02
  0.38859E+02  0.29409E+02  0.21428E+02  0.15170E+02  0.10620E+02  0.56613E+01
  0.39221E+01  0.31592E+01  0.24081E+01  0.16262E+01  0.10128E+01  0.64573E+00
  0.46878E+00  0.39046E+00  0.34462E+00  0.30089E+00  0.25529E+00  0.21567E+00
  0.18803E+00  0.17065E+00  0.15751E+00  0.14435E+00  0.13103E+00  0.11971E+00
  0.11199E+00  0.10762E+00  0.10492E+00  0.10199E+00  0.97658E-01  0.91802E-01
  0.84902E-01  0.77497E-01  0.69851E-01  0.61999E-01  0.53965E-01  0.45931E-01
  0.38251E-01  0.31346E-01  0.25589E-01  0.21225E-01  0.18379E-01  0.17093E-01
  0.17369E-01  0.19183E-01  0.22465E-01  0.27069E-01  0.32758E-01  0.39207E-01
  0.46030E-01  0.52812E-01  0.59141E-01  0.64631E-01  0.68939E-01  0.71782E-01
  0.72946E-01  0.72300E-01  0.69804E-01  0.65521E-01  0.59618E-01  0.52363E-01
  0.44121E-01  0.35333E-01  0.26508E-01  0.18199E-01  0.10984E-01  0.54436E-02
  0.21390E-02  0.15900E-02  0.42538E-02  0.10505E-01  0.20617E-01  0.34748E-01
  0.52929E-01  0.75060E-01  0.10090E+00  0.13009E+00  0.16214E+00  0.19643E+00
  0.23227E+00  0.26890E+00  0.30549E+00  0.34118E+00  0.37513E+00  0.40651E+00
  0.43454E+00  0.45851E+00  0.47782E+00  0.49198E+00  0.50062E+00  0.50352E+00
  0.56345E+01  0.60331E+01
  0.88897E+02  0.86791E+02  0.80701E+02  0.71461E+02  0.60238E+02  0.48334E+02
  0.36945E+02  0.26984E+02  0.18978E+02  0.13058E+02  0.90385E+01  0.50751E+01
  0.37154E+01  0.28486E+01  0.19532E+01  0.12019E+01  0.73580E+00  0.51307E+00
  0.42253E+00  0.37578E+00  0.33003E+00  0.27962E+00  0.23545E+00  0.20453E+00
  0.18355E+00  0.16560E+00  0.14765E+00  0.13124E+00  0.11878E+00  0.11078E+00
  0.10555E+00  0.10074E+00  0.94909E-01  0.87991E-01  0.80720E-01  0.73722E-01
  0.67104E-01  0.60631E-01  0.54106E-01  0.47586E-01  0.41346E-01  0.35700E-01
  0.30867E-01  0.26935E-01  0.23937E-01  0.21920E-01  0.20968E-01  0.21156E-01
  0.22492E-01  0.24883E-01  0.28136E-01  0.31993E-01  0.36175E-01  0.40404E-01
  0.44418E-01  0.47972E-01  0.50837E-01  0.52811E-01  0.53722E-01  0.53449E-01
  0.51931E-01  0.49177E-01  0.45266E-01  0.40347E-01  0.34634E-01  0.28400E-01
  0.21966E-01  0.15696E-01  0.99792E-02  0.52221E-02  0.18300E-02  0.19310E-03
  0.67073E-03  0.35765E-02  0.91653E-02  0.17623E-01  0.29056E-01  0.43488E-01
  0.60852E-01  0.80995E-01  0.10367E+00  0.12856E+00  0.15526E+00  0.18329E+00
  0.21213E+00  0.24121E+00  0.26994E+00  0.29771E+00  0.32392E+00  0.34799E+00
  0.36937E+00  0.38757E+00  0.40219E+00  0.41288E+00  0.41939E+00  0.42157E+00
  0.52171E+01  0.65156E+01
  0.93188E+02  0.90714E+02  0.83599E+02  0.72932E+02  0.60215E+02  0.47061E+02
  0.34879E+02  0.24647E+02  0.16817E+02  0.11354E+02  0.78782E+01  0.46990E+01
  0.34810E+01  0.24803E+01  0.15545E+01  0.91953E+00  0.59775E+00  0.46967E+00
  0.41507E+00  0.36665E+00  0.30995E+00  0.25798E+00  0.22090E+00  0.19533E+00
  0.17346E+00  0.15241E+00  0.13418E+00  0.12091E+00  0.11210E+00  0.10523E+00
  0.98012E-01  0.89863E-01  0.81602E-01  0.74148E-01  0.67690E-01  0.61815E-01
  0.56070E-01  0.50338E-01  0.44819E-01  0.39778E-01  0.35351E-01  0.31540E-01
  0.28338E-01  0.25811E-01  0.24090E-01  0.23276E-01  0.23377E-01  0.24287E-01
  0.25835E-01  0.27837E-01  0.30130E-01  0.32572E-01  0.35019E-01  0.37315E-01
  0.39286E-01  0.40759E-01  0.41577E-01  0.41626E-01  0.40833E-01  0.39176E-01
  0.36682E-01  0.33422E-01  0.29510E-01  0.25105E-01  0.20405E-01  0.15642E-01
  0.11076E-01  0.69866E-02  0.36640E-02  0.13962E-02  0.46013E-03  0.11117E-02
  0.35767E-02  0.80420E-02  0.14648E-01  0.23482E-01  0.34573E-01  0.47888E-01
  0.63333E-01  0.80746E-01  0.99911E-01  0.12055E+00  0.14235E+00  0.16494E+00
  0.18791E+00  0.21085E+00  0.23332E+00  0.25487E+00  0.27508E+00  0.29354E+00
  0.30987E+00  0.32373E+00  0.33483E+00  0.34294E+00  0.34788E+00  0.34953E+00
  0.48732E+01  0.69755E+01
  0.97020E+02  0.94169E+02  0.86020E+02  0.73949E+02  0.59820E+02  0.45567E+02
  0.32788E+02  0.22478E+02  0.14963E+02  0.10007E+02  0.70362E+01  0.44221E+01
  0.32079E+01  0.21167E+01  0.12483E+01  0.75101E+00  0.53993E+00  0.46223E+00
  0.41069E+00  0.34835E+00  0.28612E+00  0.23993E+00  0.20874E+00  0.18346E+00
  0.15992E+00  0.13982E+00  0.12515E+00  0.11490E+00  0.10614E+00  0.96807E-01
  0.87071E-01  0.78190E-01  0.70880E-01  0.64821E-01  0.59276E-01  0.53813E-01
  0.48497E-01  0.43602E-01  0.39274E-01  0.35477E-01  0.32145E-01  0.29316E-01
  0.27111E-01  0.25631E-01  0.24865E-01  0.24704E-01  0.25009E-01  0.25674E-01
  0.26639E-01  0.27853E-01  0.29236E-01  0.30659E-01  0.31969E-01  0.33012E-01
  0.33661E-01  0.33825E-01  0.33444E-01  0.32488E-01  0.30950E-01  0.28848E-01
  0.26229E-01  0.23172E-01  0.19791E-01  0.16228E-01  0.12653E-01  0.92533E-02
  0.62298E-02  0.37895E-02  0.21396E-02  0.14807E-02  0.20014E-02  0.38713E-02
  0.72339E-02  0.12201E-01  0.18848E-01  0.27211E-01  0.37282E-01  0.49009E-01
  0.62294E-01  0.76998E-01  0.92940E-01  0.10990E+00  0.12762E+00  0.14581E+00
  0.16419E+00  0.18242E+00  0.20018E+00  0.21713E+00  0.23297E+00  0.24738E+00
  0.26009E+00  0.27086E+00  0.27947E+00  0.28575E+00  0.28957E+00  0.29084E+00
  0.45842E+01  0.74153E+01
  0.10048E+03  0.97251E+02  0.88063E+02  0.74615E+02  0.59157E+02  0.43947E+02
  0.30743E+02  0.20509E+02  0.13397E+02  0.89537E+01  0.64209E+01  0.41818E+01
  0.29125E+01  0.17953E+01  0.10319E+01  0.65991E+00  0.52267E+00  0.46180E+00
  0.39667E+00  0.32345E+00  0.26452E+00  0.22544E+00  0.19640E+00  0.17041E+00
  0.14798E+00  0.13119E+00  0.11908E+00  0.10847E+00  0.97423E-01  0.86502E-01
  0.77166E-01  0.69863E-01  0.63871E-01  0.58289E-01  0.52811E-01  0.47667E-01
  0.43124E-01  0.39188E-01  0.35721E-01  0.32665E-01  0.30097E-01  0.28113E-01
  0.26711E-01  0.25787E-01  0.25223E-01  0.24963E-01  0.25008E-01  0.25358E-01
  0.25958E-01  0.26691E-01  0.27419E-01  0.28019E-01  0.28405E-01  0.28521E-01
  0.28324E-01  0.27779E-01  0.26851E-01  0.25523E-01  0.23799E-01  0.21711E-01
  0.19320E-01  0.16711E-01  0.13988E-01  0.11269E-01  0.86853E-02  0.63802E-02
  0.45033E-02  0.32083E-02  0.26466E-02  0.29621E-02  0.42856E-02  0.67301E-02
  0.10388E-01  0.15325E-01  0.21580E-01  0.29160E-01  0.38041E-01  0.48166E-01
  0.59446E-01  0.71761E-01  0.84961E-01  0.98869E-01  0.11328E+00  0.12799E+00
  0.14274E+00  0.15731E+00  0.17144E+00  0.18488E+00  0.19740E+00  0.20877E+00
  0.21877E+00  0.22723E+00  0.23399E+00  0.23890E+00  0.24189E+00  0.24289E+00
  0.43370E+01  0.78379E+01
  0.12438E+03  0.11709E+03  0.97522E+02  0.72013E+02  0.47465E+02  0.28520E+02
  0.16447E+02  0.99317E+01  0.67369E+01  0.50329E+01  0.38526E+01  0.21154E+01
  0.11772E+01  0.82279E+00  0.65469E+00  0.48364E+00  0.35170E+00  0.28071E+00
  0.23455E+00  0.19385E+00  0.16140E+00  0.13644E+00  0.11515E+00  0.97849E-01
  0.84784E-01  0.73799E-01  0.63849E-01  0.55798E-01  0.49744E-01  0.44638E-01
  0.39955E-01  0.35984E-01  0.32819E-01  0.30150E-01  0.27764E-01  0.25682E-01
  0.23898E-01  0.22322E-01  0.20913E-01  0.19676E-01  0.18578E-01  0.17555E-01
  0.16587E-01  0.15706E-01  0.14916E-01  0.14173E-01  0.13442E-01  0.12730E-01
  0.12058E-01  0.11432E-01  0.10835E-01  0.10253E-01  0.96891E-02  0.91577E-02
  0.86693E-02  0.82262E-02  0.78297E-02  0.74858E-02  0.72053E-02  0.69991E-02
  0.68764E-02  0.68454E-02  0.69156E-02  0.70982E-02  0.74030E-02  0.78371E-02
  0.84073E-02  0.91193E-02  0.99765E-02  0.10981E-01  0.12134E-01  0.13436E-01
  0.14884E-01  0.16473E-01  0.18193E-01  0.20033E-01  0.21979E-01  0.24019E-01
  0.26133E-01  0.28300E-01  0.30500E-01  0.32715E-01  0.34922E-01  0.37094E-01
  0.39205E-01  0.41233E-01  0.43154E-01  0.44946E-01  0.46586E-01  0.48052E-01
  0.49326E-01  0.50391E-01  0.51237E-01  0.51850E-01  0.52220E-01  0.52343E-01
  0.29646E+01  0.11466E+02
  0.13912E+03  0.12754E+03  0.98112E+02  0.63819E+02  0.36001E+02  0.18917E+02
  0.10540E+02  0.68207E+01  0.48747E+01  0.35306E+01  0.25261E+01  0.13725E+01
  0.93718E+00  0.65514E+00  0.43775E+00  0.33162E+00  0.26484E+00  0.20663E+00
  0.16595E+00  0.13600E+00  0.11160E+00  0.92820E-01  0.77579E-01  0.65469E-01
  0.56366E-01  0.48690E-01  0.42192E-01  0.37237E-01  0.33146E-01  0.29494E-01
  0.26507E-01  0.24070E-01  0.21892E-01  0.19978E-01  0.18355E-01  0.16927E-01
  0.15648E-01  0.14517E-01  0.13503E-01  0.12588E-01  0.11772E-01  0.11031E-01
  0.10346E-01  0.97255E-02  0.91726E-02  0.86655E-02  0.81953E-02  0.77707E-02
  0.73949E-02  0.70602E-02  0.67592E-02  0.64941E-02  0.62702E-02  0.60862E-02
  0.59381E-02  0.58261E-02  0.57524E-02  0.57174E-02  0.57199E-02  0.57588E-02
  0.58342E-02  0.59465E-02  0.60952E-02  0.62796E-02  0.64979E-02  0.67498E-02
  0.70347E-02  0.73494E-02  0.76916E-02  0.80604E-02  0.84537E-02  0.88682E-02
  0.93018E-02  0.97521E-02  0.10216E-01  0.10687E-01  0.11164E-01  0.11646E-01
  0.12130E-01  0.12609E-01  0.13080E-01  0.13542E-01  0.13988E-01  0.14415E-01
  0.14826E-01  0.15214E-01  0.15571E-01  0.15895E-01  0.16189E-01  0.16454E-01
  0.16682E-01  0.16866E-01  0.17011E-01  0.17124E-01  0.17195E-01  0.17218E-01
  0.23426E+01  0.14511E+02
  0.14978E+03  0.13380E+03  0.95329E+02  0.55128E+02  0.27468E+02  0.13649E+02
  0.79680E+01  0.53885E+01  0.37891E+01  0.26615E+01  0.18999E+01  0.11476E+01
  0.74545E+00  0.47552E+00  0.35388E+00  0.26652E+00  0.20133E+00  0.15996E+00
  0.12670E+00  0.10157E+00  0.82676E-01  0.68162E-01  0.57040E-01  0.48005E-01
  0.41144E-01  0.35631E-01  0.30948E-01  0.27316E-01  0.24267E-01  0.21599E-01
  0.19440E-01  0.17580E-01  0.15930E-01  0.14538E-01  0.13320E-01  0.12234E-01
  0.11285E-01  0.10444E-01  0.96949E-02  0.90282E-02  0.84290E-02  0.78957E-02
  0.74205E-02  0.69898E-02  0.66046E-02  0.62649E-02  0.59615E-02  0.56894E-02
  0.54510E-02  0.52447E-02  0.50643E-02  0.49091E-02  0.47801E-02  0.46751E-02
  0.45922E-02  0.45302E-02  0.44886E-02  0.44665E-02  0.44624E-02  0.44747E-02
  0.45015E-02  0.45429E-02  0.45985E-02  0.46672E-02  0.47479E-02  0.48390E-02
  0.49396E-02  0.50488E-02  0.51653E-02  0.52881E-02  0.54161E-02  0.55481E-02
  0.56833E-02  0.58212E-02  0.59597E-02  0.60974E-02  0.62358E-02  0.63731E-02
  0.65065E-02  0.66365E-02  0.67636E-02  0.68866E-02  0.70034E-02  0.71139E-02
  0.72184E-02  0.73155E-02  0.74056E-02  0.74878E-02  0.75591E-02  0.76226E-02
  0.76796E-02  0.77259E-02  0.77581E-02  0.77814E-02  0.78033E-02  0.78144E-02
  0.19704E+01  0.17252E+02
  0.15812E+03  0.13770E+03  0.91064E+02  0.47259E+02  0.21506E+02  0.10715E+02
  0.65883E+01  0.44901E+01  0.31032E+01  0.21654E+01  0.15857E+01  0.96673E+00
  0.57820E+00  0.40363E+00  0.29163E+00  0.21351E+00  0.16531E+00  0.12670E+00
  0.99690E-01  0.79555E-01  0.64455E-01  0.52956E-01  0.44251E-01  0.37442E-01
  0.31956E-01  0.27741E-01  0.24166E-01  0.21273E-01  0.18900E-01  0.16822E-01
  0.15125E-01  0.13650E-01  0.12359E-01  0.11266E-01  0.10297E-01  0.94486E-02
  0.87087E-02  0.80508E-02  0.74694E-02  0.69532E-02  0.64951E-02  0.60875E-02
  0.57234E-02  0.54013E-02  0.51139E-02  0.48570E-02  0.46296E-02  0.44294E-02
  0.42518E-02  0.40960E-02  0.39603E-02  0.38411E-02  0.37398E-02  0.36533E-02
  0.35798E-02  0.35203E-02  0.34725E-02  0.34349E-02  0.34079E-02  0.33908E-02
  0.33818E-02  0.33801E-02  0.33834E-02  0.33938E-02  0.34117E-02  0.34332E-02
  0.34586E-02  0.34880E-02  0.35209E-02  0.35572E-02  0.35957E-02  0.36356E-02
  0.36768E-02  0.37192E-02  0.37624E-02  0.38058E-02  0.38491E-02  0.38923E-02
  0.39336E-02  0.39745E-02  0.40147E-02  0.40530E-02  0.40893E-02  0.41241E-02
  0.41579E-02  0.41882E-02  0.42160E-02  0.42423E-02  0.42650E-02  0.42843E-02
  0.43013E-02  0.43144E-02  0.43248E-02  0.43352E-02  0.43366E-02  0.43331E-02
  0.17173E+01  0.19794E+02
  0.16498E+03  0.14011E+03  0.86171E+02  0.40527E+02  0.17405E+02  0.89674E+01
  0.57063E+01  0.38722E+01  0.26387E+01  0.18523E+01  0.13833E+01  0.79224E+00
  0.49350E+00  0.34581E+00  0.24136E+00  0.18147E+00  0.13501E+00  0.10393E+00
  0.81046E-01  0.64413E-01  0.52141E-01  0.42949E-01  0.35810E-01  0.30376E-01
  0.25997E-01  0.22490E-01  0.19671E-01  0.17271E-01  0.15340E-01  0.13658E-01
  0.12249E-01  0.11043E-01  0.99868E-02  0.90884E-02  0.82951E-02  0.76042E-02
  0.69986E-02  0.64626E-02  0.59921E-02  0.55752E-02  0.52056E-02  0.48772E-02
  0.45850E-02  0.43253E-02  0.40937E-02  0.38867E-02  0.37033E-02  0.35399E-02
  0.33941E-02  0.32644E-02  0.31510E-02  0.30493E-02  0.29589E-02  0.28822E-02
  0.28140E-02  0.27539E-02  0.27030E-02  0.26587E-02  0.26204E-02  0.25891E-02
  0.25652E-02  0.25457E-02  0.25280E-02  0.25159E-02  0.25080E-02  0.25036E-02
  0.25005E-02  0.24985E-02  0.25019E-02  0.25077E-02  0.25138E-02  0.25211E-02
  0.25297E-02  0.25403E-02  0.25521E-02  0.25639E-02  0.25760E-02  0.25879E-02
  0.25995E-02  0.26113E-02  0.26237E-02  0.26363E-02  0.26485E-02  0.26601E-02
  0.26709E-02  0.26806E-02  0.26898E-02  0.26982E-02  0.27053E-02  0.27121E-02
  0.27180E-02  0.27218E-02  0.27259E-02  0.27286E-02  0.27293E-02  0.27299E-02
  0.15309E+01  0.22204E+02
  0.17082E+03  0.14150E+03  0.81083E+02  0.34918E+02  0.14569E+02  0.78378E+01
  0.50831E+01  0.34105E+01  0.22979E+01  0.16315E+01  0.12095E+01  0.66860E+00
  0.43842E+00  0.29223E+00  0.21028E+00  0.15255E+00  0.11399E+00  0.86864E-01
  0.67561E-01  0.53730E-01  0.43502E-01  0.35812E-01  0.29993E-01  0.25371E-01
  0.21790E-01  0.18824E-01  0.16453E-01  0.14457E-01  0.12796E-01  0.11399E-01
  0.10194E-01  0.91804E-02  0.82892E-02  0.75298E-02  0.68629E-02  0.62810E-02
  0.57725E-02  0.53245E-02  0.49306E-02  0.45822E-02  0.42735E-02  0.39992E-02
  0.37552E-02  0.35382E-02  0.33442E-02  0.31713E-02  0.30165E-02  0.28778E-02
  0.27543E-02  0.26443E-02  0.25436E-02  0.24550E-02  0.23770E-02  0.23049E-02
  0.22420E-02  0.21862E-02  0.21355E-02  0.20911E-02  0.20534E-02  0.20191E-02
  0.19861E-02  0.19599E-02  0.19376E-02  0.19174E-02  0.18989E-02  0.18849E-02
  0.18744E-02  0.18630E-02  0.18534E-02  0.18456E-02  0.18418E-02  0.18381E-02
  0.18331E-02  0.18309E-02  0.18298E-02  0.18304E-02  0.18314E-02  0.18319E-02
  0.18330E-02  0.18336E-02  0.18353E-02  0.18387E-02  0.18417E-02  0.18444E-02
  0.18476E-02  0.18497E-02  0.18514E-02  0.18527E-02  0.18540E-02  0.18553E-02
  0.18564E-02  0.18586E-02  0.18594E-02  0.18592E-02  0.18597E-02  0.18598E-02
  0.13871E+01  0.24506E+02
  0.17589E+03  0.14215E+03  0.76029E+02  0.30303E+02  0.12575E+02  0.70525E+01
  0.46078E+01  0.30376E+01  0.20376E+01  0.14525E+01  0.10522E+01  0.59148E+00
  0.38431E+00  0.25599E+00  0.18271E+00  0.13097E+00  0.97730E-01  0.73948E-01
  0.57675E-01  0.45790E-01  0.37130E-01  0.30634E-01  0.25621E-01  0.21750E-01
  0.18611E-01  0.16125E-01  0.14038E-01  0.12345E-01  0.10894E-01  0.96954E-02
  0.86544E-02  0.77749E-02  0.70114E-02  0.63543E-02  0.57817E-02  0.52847E-02
  0.48500E-02  0.44671E-02  0.41309E-02  0.38328E-02  0.35690E-02  0.33354E-02
  0.31274E-02  0.29418E-02  0.27757E-02  0.26274E-02  0.24948E-02  0.23749E-02
  0.22685E-02  0.21714E-02  0.20850E-02  0.20085E-02  0.19363E-02  0.18740E-02
  0.18174E-02  0.17648E-02  0.17194E-02  0.16780E-02  0.16380E-02  0.16056E-02
  0.15765E-02  0.15479E-02  0.15226E-02  0.15016E-02  0.14826E-02  0.14623E-02
  0.14469E-02  0.14343E-02  0.14225E-02  0.14101E-02  0.13997E-02  0.13926E-02
  0.13857E-02  0.13779E-02  0.13710E-02  0.13663E-02  0.13626E-02  0.13591E-02
  0.13565E-02  0.13526E-02  0.13488E-02  0.13477E-02  0.13466E-02  0.13461E-02
  0.13454E-02  0.13458E-02  0.13442E-02  0.13434E-02  0.13429E-02  0.13403E-02
  0.13404E-02  0.13409E-02  0.13396E-02  0.13405E-02  0.13396E-02  0.13354E-02
  0.12730E+01  0.26702E+02
  0.18038E+03  0.14225E+03  0.71143E+02  0.26531E+02  0.11141E+02  0.64728E+01
  0.42165E+01  0.27258E+01  0.18310E+01  0.12949E+01  0.92181E+00  0.53592E+00
  0.33644E+00  0.22940E+00  0.15852E+00  0.11500E+00  0.84397E-01  0.64378E-01
  0.49945E-01  0.39798E-01  0.32281E-01  0.26640E-01  0.22323E-01  0.18906E-01
  0.16206E-01  0.13990E-01  0.12188E-01  0.10677E-01  0.94224E-02  0.83544E-02
  0.74536E-02  0.66762E-02  0.60141E-02  0.54397E-02  0.49437E-02  0.45097E-02
  0.41301E-02  0.37980E-02  0.35065E-02  0.32505E-02  0.30223E-02  0.28200E-02
  0.26394E-02  0.24789E-02  0.23355E-02  0.22072E-02  0.20914E-02  0.19879E-02
  0.18947E-02  0.18097E-02  0.17347E-02  0.16653E-02  0.16034E-02  0.15477E-02
  0.14955E-02  0.14499E-02  0.14088E-02  0.13692E-02  0.13361E-02  0.13035E-02
  0.12743E-02  0.12495E-02  0.12260E-02  0.12021E-02  0.11839E-02  0.11680E-02
  0.11505E-02  0.11338E-02  0.11222E-02  0.11104E-02  0.10978E-02  0.10875E-02
  0.10787E-02  0.10717E-02  0.10639E-02  0.10576E-02  0.10495E-02  0.10447E-02
  0.10406E-02  0.10361E-02  0.10319E-02  0.10271E-02  0.10234E-02  0.10198E-02
  0.10190E-02  0.10166E-02  0.10149E-02  0.10140E-02  0.10117E-02  0.10119E-02
  0.10099E-02  0.10072E-02  0.10071E-02  0.10046E-02  0.10043E-02  0.10096E-02
  0.11797E+01  0.28816E+02
  0.18442E+03  0.14194E+03  0.66497E+02  0.23454E+02  0.10083E+02  0.60210E+01
  0.38740E+01  0.24639E+01  0.16584E+01  0.11567E+01  0.82157E+00  0.48569E+00
  0.30081E+00  0.20449E+00  0.14063E+00  0.10101E+00  0.74516E-01  0.56472E-01
  0.44041E-01  0.35034E-01  0.28469E-01  0.23513E-01  0.19676E-01  0.16676E-01
  0.14258E-01  0.12301E-01  0.10691E-01  0.93511E-02  0.82342E-02  0.72857E-02
  0.64879E-02  0.57989E-02  0.52153E-02  0.47102E-02  0.42723E-02  0.38921E-02
  0.35590E-02  0.32679E-02  0.30130E-02  0.27881E-02  0.25882E-02  0.24117E-02
  0.22541E-02  0.21141E-02  0.19891E-02  0.18769E-02  0.17757E-02  0.16851E-02
  0.16028E-02  0.15292E-02  0.14621E-02  0.14009E-02  0.13473E-02  0.12963E-02
  0.12513E-02  0.12104E-02  0.11713E-02  0.11386E-02  0.11062E-02  0.10769E-02
  0.10518E-02  0.10283E-02  0.10042E-02  0.98536E-03  0.96701E-03  0.94850E-03
  0.93259E-03  0.92044E-03  0.90636E-03  0.89357E-03  0.88232E-03  0.87455E-03
  0.86296E-03  0.85365E-03  0.84540E-03  0.83965E-03  0.83277E-03  0.82730E-03
  0.81990E-03  0.81461E-03  0.81148E-03  0.80705E-03  0.80396E-03  0.80046E-03
  0.79671E-03  0.79248E-03  0.79092E-03  0.78643E-03  0.78677E-03  0.78520E-03
  0.78370E-03  0.78474E-03  0.78263E-03  0.78202E-03  0.78187E-03  0.77451E-03
  0.11011E+01  0.30871E+02
  0.20009E+03  0.13659E+03  0.47506E+02  0.14674E+02  0.74281E+01  0.44838E+01
  0.26088E+01  0.16348E+01  0.10762E+01  0.74998E+00  0.54753E+00  0.31156E+00
  0.19198E+00  0.12628E+00  0.86118E-01  0.61070E-01  0.45158E-01  0.34360E-01
  0.26791E-01  0.21369E-01  0.17328E-01  0.14245E-01  0.11848E-01  0.99513E-02
  0.84374E-02  0.72075E-02  0.62028E-02  0.53777E-02  0.46913E-02  0.41169E-02
  0.36357E-02  0.32309E-02  0.28828E-02  0.25852E-02  0.23313E-02  0.21109E-02
  0.19219E-02  0.17554E-02  0.16080E-02  0.14814E-02  0.13681E-02  0.12693E-02
  0.11798E-02  0.10999E-02  0.10298E-02  0.96592E-03  0.90975E-03  0.85693E-03
  0.81124E-03  0.76905E-03  0.73108E-03  0.69553E-03  0.66361E-03  0.63462E-03
  0.60802E-03  0.58382E-03  0.56119E-03  0.54041E-03  0.52169E-03  0.50363E-03
  0.48778E-03  0.47263E-03  0.45849E-03  0.44604E-03  0.43358E-03  0.42290E-03
  0.41242E-03  0.40248E-03  0.39407E-03  0.38594E-03  0.37732E-03  0.37044E-03
  0.36468E-03  0.35743E-03  0.35144E-03  0.34692E-03  0.34199E-03  0.33660E-03
  0.33226E-03  0.32830E-03  0.32532E-03  0.32236E-03  0.31873E-03  0.31522E-03
  0.31273E-03  0.31068E-03  0.30920E-03  0.30831E-03  0.30549E-03  0.30494E-03
  0.30322E-03  0.30365E-03  0.30178E-03  0.30251E-03  0.30078E-03  0.30640E-03
  0.84247E+00  0.40349E+02
  0.21144E+03  0.12832E+03  0.34896E+02  0.11184E+02  0.61802E+01  0.33527E+01
  0.19141E+01  0.11916E+01  0.78880E+00  0.54711E+00  0.39262E+00  0.22190E+00
  0.13583E+00  0.88046E-01  0.59860E-01  0.42521E-01  0.31398E-01  0.23892E-01
  0.18590E-01  0.14731E-01  0.11853E-01  0.96647E-02  0.79691E-02  0.66376E-02
  0.55803E-02  0.47319E-02  0.40451E-02  0.34846E-02  0.30235E-02  0.26407E-02
  0.23216E-02  0.20543E-02  0.18265E-02  0.16329E-02  0.14690E-02  0.13257E-02
  0.12013E-02  0.10954E-02  0.10020E-02  0.91806E-03  0.84634E-03  0.78158E-03
  0.72477E-03  0.67472E-03  0.62859E-03  0.58644E-03  0.55167E-03  0.51741E-03
  0.48750E-03  0.46022E-03  0.43425E-03  0.41353E-03  0.39208E-03  0.37345E-03
  0.35558E-03  0.34037E-03  0.32552E-03  0.31204E-03  0.29944E-03  0.28801E-03
  0.27753E-03  0.26802E-03  0.25866E-03  0.25033E-03  0.24231E-03  0.23522E-03
  0.22862E-03  0.22254E-03  0.21667E-03  0.21116E-03  0.20605E-03  0.20138E-03
  0.19705E-03  0.19319E-03  0.18951E-03  0.18599E-03  0.18296E-03  0.17980E-03
  0.17693E-03  0.17443E-03  0.17216E-03  0.16973E-03  0.16807E-03  0.16606E-03
  0.16452E-03  0.16328E-03  0.16193E-03  0.16046E-03  0.15991E-03  0.15880E-03
  0.15811E-03  0.15762E-03  0.15632E-03  0.15683E-03  0.15479E-03  0.15944E-03
  0.69349E+00  0.49017E+02
  0.22036E+03  0.11916E+03  0.26786E+02  0.95536E+01  0.51393E+01  0.25995E+01
  0.14999E+01  0.92668E+00  0.61070E+00  0.42105E+00  0.30405E+00  0.16969E+00
  0.10245E+00  0.65991E-01  0.44843E-01  0.31889E-01  0.23480E-01  0.17778E-01
  0.13750E-01  0.10819E-01  0.86405E-02  0.69917E-02  0.57242E-02  0.47389E-02
  0.39622E-02  0.33438E-02  0.28471E-02  0.24446E-02  0.21147E-02  0.18421E-02
  0.16146E-02  0.14259E-02  0.12663E-02  0.11310E-02  0.10137E-02  0.91243E-03
  0.82611E-03  0.75113E-03  0.68669E-03  0.62653E-03  0.57531E-03  0.53209E-03
  0.49198E-03  0.45467E-03  0.42257E-03  0.39536E-03  0.36919E-03  0.34501E-03
  0.32505E-03  0.30566E-03  0.28736E-03  0.27252E-03  0.25746E-03  0.24497E-03
  0.23318E-03  0.22093E-03  0.21137E-03  0.20168E-03  0.19394E-03  0.18527E-03
  0.17821E-03  0.17145E-03  0.16511E-03  0.15953E-03  0.15389E-03  0.14889E-03
  0.14439E-03  0.14006E-03  0.13639E-03  0.13231E-03  0.12910E-03  0.12579E-03
  0.12242E-03  0.12038E-03  0.11771E-03  0.11527E-03  0.11318E-03  0.11112E-03
  0.10879E-03  0.10721E-03  0.10595E-03  0.10443E-03  0.10285E-03  0.10171E-03
  0.10099E-03  0.10016E-03  0.99098E-04  0.98027E-04  0.97099E-04  0.96424E-04
  0.96032E-04  0.95800E-04  0.95912E-04  0.96081E-04  0.95948E-04  0.95980E-04
  0.59387E+00  0.57239E+02
  0.22783E+03  0.11000E+03  0.21581E+02  0.85813E+01  0.42260E+01  0.21233E+01
  0.12172E+01  0.74970E+00  0.49066E+00  0.34007E+00  0.24176E+00  0.13385E+00
  0.80590E-01  0.51896E-01  0.35272E-01  0.25016E-01  0.18338E-01  0.13795E-01
  0.10596E-01  0.82839E-02  0.65757E-02  0.52906E-02  0.43116E-02  0.35536E-02
  0.29619E-02  0.24935E-02  0.21186E-02  0.18152E-02  0.15677E-02  0.13641E-02
  0.11935E-02  0.10520E-02  0.93249E-03  0.83011E-03  0.74379E-03  0.66969E-03
  0.60575E-03  0.54950E-03  0.49919E-03  0.45541E-03  0.41775E-03  0.38518E-03
  0.35577E-03  0.32882E-03  0.30413E-03  0.28278E-03  0.26482E-03  0.24727E-03
  0.23104E-03  0.21681E-03  0.20452E-03  0.19296E-03  0.18133E-03  0.17253E-03
  0.16348E-03  0.15525E-03  0.14900E-03  0.14058E-03  0.13492E-03  0.12962E-03
  0.12331E-03  0.11915E-03  0.11360E-03  0.11046E-03  0.10618E-03  0.10301E-03
  0.98800E-04  0.96362E-04  0.92926E-04  0.91002E-04  0.87802E-04  0.85952E-04
  0.83620E-04  0.81387E-04  0.80176E-04  0.77861E-04  0.76857E-04  0.75753E-04
  0.73657E-04  0.72378E-04  0.71325E-04  0.70428E-04  0.69207E-04  0.68276E-04
  0.68156E-04  0.67590E-04  0.66763E-04  0.65871E-04  0.64917E-04  0.64553E-04
  0.64636E-04  0.64330E-04  0.64131E-04  0.64709E-04  0.64385E-04  0.63348E-04
  0.52056E+00  0.65301E+02