  0.46887E+02  0.46832E+02  0.46667E+02  0.46392E+02  0.46008E+02  0.45520E+02
  0.44928E+02  0.44237E+02  0.43450E+02  0.42572E+02  0.41608E+02  0.39443E+02
  0.37002E+02  0.34337E+02  0.31506E+02  0.28565E+02  0.25572E+02  0.22585E+02
  0.19656E+02  0.16835E+02  0.14165E+02  0.11683E+02  0.94193E+01  0.73961E+01
  0.56273E+01  0.41196E+01  0.28719E+01  0.18762E+01  0.11183E+01  0.57896E+00
  0.23446E+00  0.58069E-01  0.21081E-01  0.93969E-01  0.24747E+00  0.45359E+00
  0.68650E+00  0.92327E+00  0.11444E+01  0.13343E+01  0.14814E+01  0.15783E+01
  0.16216E+01  0.16113E+01  0.15510E+01  0.14468E+01  0.13070E+01  0.11413E+01
  0.96020E+00  0.77421E+00  0.59346E+00  0.42702E+00  0.28246E+00  0.16555E+00
  0.80015E-01  0.27445E-01  0.73396E-02  0.17243E-01  0.52997E-01  0.10908E+00
  0.17899E+00  0.25574E+00  0.33226E+00  0.40189E+00  0.45882E+00  0.49842E+00
  0.51755E+00  0.51478E+00  0.49053E+00  0.44701E+00  0.38817E+00  0.31952E+00
  0.24780E+00  0.18065E+00  0.12622E+00  0.92671E-01  0.87770E-01  0.11841E+00
  0.19022E+00  0.30718E+00  0.47138E+00  0.68279E+00  0.93918E+00  0.12361E+01
  0.15672E+01  0.19240E+01  0.22966E+01  0.26740E+01  0.30445E+01  0.33960E+01
  0.37170E+01  0.39963E+01  0.42245E+01  0.43936E+01  0.44974E+01  0.45324E+01
  0.37267E+02  0.56566E+01
  0.19788E+02  0.19738E+02  0.19586E+02  0.19335E+02  0.18988E+02  0.18550E+02
  0.18027E+02  0.17426E+02  0.16754E+02  0.16019E+02  0.15232E+02  0.13536E+02
  0.11745E+02  0.99367E+01  0.81820E+01  0.65421E+01  0.50645E+01  0.37817E+01
  0.27104E+01  0.18529E+01  0.11988E+01  0.72754E+00  0.41183E+00  0.22072E+00
  0.12265E+00  0.88039E-01  0.91177E-01  0.11152E+00  0.13420E+00  0.14994E+00
  0.15438E+00  0.14718E+00  0.13079E+00  0.10923E+00  0.87020E-01  0.68210E-01
  0.55773E-01  0.51220E-01  0.54524E-01  0.64276E-01  0.78026E-01  0.92736E-01
  0.10529E+00  0.11294E+00  0.11377E+00  0.10690E+00  0.92731E-01  0.72859E-01
  0.50005E-01  0.27734E-01  0.10131E-01  0.13994E-02  0.54569E-02  0.25545E-01
  0.63892E-01  0.12145E+00  0.19775E+00  0.29081E+00  0.39726E+00  0.51244E+00
  0.63074E+00  0.74589E+00  0.85138E+00  0.94090E+00  0.10088E+01  0.10503E+01
  0.10622E+01  0.10429E+01  0.99259E+00  0.91347E+00  0.80959E+00  0.68677E+00
  0.55235E+00  0.41482E+00  0.28344E+00  0.16773E+00  0.76973E-01  0.19720E-01
  0.33073E-02  0.33418E-01  0.11373E+00  0.24564E+00  0.42815E+00  0.65778E+00
  0.92869E+00  0.12329E+01  0.15605E+01  0.19003E+01  0.22401E+01  0.25672E+01
  0.28693E+01  0.31346E+01  0.33527E+01  0.35151E+01  0.36152E+01  0.36490E+01
  0.10503E+02  0.20072E+02
  0.28092E+02  0.27989E+02  0.27681E+02  0.27174E+02  0.26477E+02  0.25602E+02
  0.24567E+02  0.23389E+02  0.22089E+02  0.20689E+02  0.19212E+02  0.16125E+02
  0.13016E+02  0.10054E+02  0.73798E+01  0.50940E+01  0.32530E+01  0.18705E+01
  0.92229E+00  0.35506E+00  0.96018E-01  0.63519E-01  0.17657E+00  0.36248E+00
  0.56219E+00  0.73292E+00  0.84859E+00  0.89829E+00  0.88338E+00  0.81399E+00
  0.70543E+00  0.57482E+00  0.43853E+00  0.31031E+00  0.20025E+00  0.11446E+00
  0.55302E-01  0.21977E-01  0.11336E-01  0.18742E-01  0.38868E-01  0.66374E-01
  0.96434E-01  0.12508E+00  0.14939E+00  0.16758E+00  0.17895E+00  0.18375E+00
  0.18302E+00  0.17839E+00  0.17182E+00  0.16541E+00  0.16116E+00  0.16078E+00
  0.16553E+00  0.17612E+00  0.19262E+00  0.21445E+00  0.24044E+00  0.26890E+00
  0.29777E+00  0.32473E+00  0.34748E+00  0.36382E+00  0.37192E+00  0.37042E+00
  0.35860E+00  0.33645E+00  0.30471E+00  0.26489E+00  0.21918E+00  0.17038E+00
  0.12177E+00  0.76922E-01  0.39524E-01  0.13186E-01  0.12436E-02  0.65710E-02
  0.31417E-01  0.77268E-01  0.14475E+00  0.23355E+00  0.34243E+00  0.46922E+00
  0.61090E+00  0.76370E+00  0.92323E+00  0.10847E+01  0.12430E+01  0.13930E+01
  0.15298E+01  0.16487E+01  0.17458E+01  0.18177E+01  0.18618E+01  0.18766E+01
  0.94429E+01  0.22324E+02
  0.32444E+02  0.32294E+02  0.31845E+02  0.31108E+02  0.30101E+02  0.28847E+02
  0.27373E+02  0.25714E+02  0.23905E+02  0.21985E+02  0.19993E+02  0.15947E+02
  0.12058E+02  0.85649E+01  0.56369E+01  0.33621E+01  0.17514E+01  0.75025E+00
  0.25728E+00  0.14549E+00  0.28253E+00  0.54737E+00  0.84165E+00  0.10954E+01
  0.12674E+01  0.13419E+01  0.13225E+01  0.12255E+01  0.10736E+01  0.89094E+00
  0.69917E+00  0.51581E+00  0.35339E+00  0.21970E+00  0.11848E+00  0.50328E-01
  0.13526E-01  0.47416E-02  0.19556E-01  0.52854E-01  0.99146E-01  0.15284E+00
  0.20855E+00  0.26133E+00  0.30698E+00  0.34225E+00  0.36500E+00  0.37427E+00
  0.37022E+00  0.35405E+00  0.32779E+00  0.29402E+00  0.25565E+00  0.21565E+00
  0.17676E+00  0.14137E+00  0.11130E+00  0.87764E-01  0.71337E-01  0.61950E-01
  0.58973E-01  0.61311E-01  0.67522E-01  0.75959E-01  0.84914E-01  0.92755E-01
  0.98064E-01  0.99748E-01  0.97140E-01  0.90060E-01  0.78860E-01  0.64423E-01
  0.48138E-01  0.31836E-01  0.17696E-01  0.81257E-02  0.56170E-02  0.12592E-01
  0.31239E-01  0.63360E-01  0.11022E+00  0.17244E+00  0.24990E+00  0.34167E+00
  0.44605E+00  0.56056E+00  0.68206E+00  0.80686E+00  0.93086E+00  0.10498E+01
  0.11593E+01  0.12554E+01  0.13343E+01  0.13930E+01  0.14292E+01  0.14414E+01
  0.90666E+01  0.23251E+02
  0.42732E+02  0.42395E+02  0.41387E+02  0.39755E+02  0.37567E+02  0.34914E+02
  0.31901E+02  0.28644E+02  0.25262E+02  0.21868E+02  0.18570E+02  0.12605E+02
  0.78713E+01  0.45539E+01  0.25552E+01  0.15895E+01  0.12972E+01  0.13437E+01
  0.14807E+01  0.15659E+01  0.15485E+01  0.14380E+01  0.12701E+01  0.10818E+01
  0.89881E+00  0.73273E+00  0.58553E+00  0.45494E+00  0.33887E+00  0.23726E+00
  0.15201E+00  0.85790E-01  0.40683E-01  0.17351E-01  0.14750E-01  0.30320E-01
  0.60433E-01  0.10089E+00  0.14734E+00  0.19564E+00  0.24202E+00  0.28329E+00
  0.31685E+00  0.34074E+00  0.35371E+00  0.35518E+00  0.34527E+00  0.32477E+00
  0.29514E+00  0.25839E+00  0.21697E+00  0.17360E+00  0.13108E+00  0.92061E-01
  0.58881E-01  0.33383E-01  0.16812E-01  0.97542E-02  0.12138E-01  0.23274E-01
  0.41942E-01  0.66496E-01  0.94993E-01  0.12532E+00  0.15535E+00  0.18301E+00
  0.20647E+00  0.22419E+00  0.23502E+00  0.23828E+00  0.23377E+00  0.22177E+00
  0.20308E+00  0.17893E+00  0.15089E+00  0.12086E+00  0.90866E-01  0.62994E-01
  0.39246E-01  0.21419E-01  0.10993E-01  0.90357E-02  0.16139E-01  0.32373E-01
  0.57278E-01  0.89884E-01  0.12876E+00  0.17211E+00  0.21783E+00  0.26366E+00
  0.30731E+00  0.34657E+00  0.37941E+00  0.40417E+00  0.41955E+00  0.42475E+00
  0.79135E+01  0.26638E+02
  0.51057E+02  0.50504E+02  0.48861E+02  0.46233E+02  0.42777E+02  0.38691E+02
  0.34199E+02  0.29531E+02  0.24904E+02  0.20512E+02  0.16506E+02  0.10036E+02
  0.57970E+01  0.34851E+01  0.24801E+01  0.21404E+01  0.19996E+01  0.18241E+01
  0.15647E+01  0.12665E+01  0.98988E+00  0.76953E+00  0.60885E+00  0.49256E+00
  0.40193E+00  0.32389E+00  0.25312E+00  0.18997E+00  0.13726E+00  0.97773E-01
  0.72832E-01  0.61932E-01  0.63041E-01  0.73274E-01  0.89617E-01  0.10942E+00
  0.13058E+00  0.15143E+00  0.17050E+00  0.18644E+00  0.19795E+00  0.20395E+00
  0.20372E+00  0.19706E+00  0.18432E+00  0.16635E+00  0.14437E+00  0.11984E+00
  0.94352E-01  0.69487E-01  0.46761E-01  0.27548E-01  0.13030E-01  0.41402E-02
  0.15164E-02  0.54489E-02  0.15850E-01  0.32238E-01  0.53759E-01  0.79222E-01
  0.10718E+00  0.13603E+00  0.16407E+00  0.18969E+00  0.21139E+00  0.22790E+00
  0.23827E+00  0.24189E+00  0.23853E+00  0.22837E+00  0.21197E+00  0.19027E+00
  0.16452E+00  0.13623E+00  0.10710E+00  0.78950E-01  0.53580E-01  0.32722E-01
  0.17923E-01  0.10458E-01  0.11263E-01  0.20873E-01  0.39389E-01  0.66456E-01
  0.10128E+00  0.14265E+00  0.18901E+00  0.23850E+00  0.28907E+00  0.33859E+00
  0.38490E+00  0.42598E+00  0.46002E+00  0.48549E+00  0.50124E+00  0.50656E+00
  0.69634E+01  0.30273E+02
  0.58000E+02  0.57206E+02  0.54864E+02  0.51164E+02  0.46385E+02  0.40872E+02
  0.34996E+02  0.29119E+02  0.23555E+02  0.18549E+02  0.14262E+02  0.80545E+01
  0.46706E+01  0.31790E+01  0.25898E+01  0.22379E+01  0.18542E+01  0.14315E+01
  0.10494E+01  0.76303E+00  0.57581E+00  0.45924E+00  0.38031E+00  0.31678E+00
  0.25945E+00  0.20803E+00  0.16577E+00  0.13541E+00  0.11711E+00  0.10856E+00
  0.10631E+00  0.10740E+00  0.11013E+00  0.11395E+00  0.11874E+00  0.12415E+00
  0.12940E+00  0.13341E+00  0.13511E+00  0.13375E+00  0.12901E+00  0.12100E+00
  0.11012E+00  0.96988E-01  0.82295E-01  0.66796E-01  0.51289E-01  0.36612E-01
  0.23617E-01  0.13125E-01  0.58483E-02  0.23299E-02  0.28867E-02  0.75880E-02
  0.16258E-01  0.28495E-01  0.43705E-01  0.61132E-01  0.79897E-01  0.99038E-01
  0.11755E+00  0.13443E+00  0.14873E+00  0.15963E+00  0.16647E+00  0.16879E+00
  0.16640E+00  0.15936E+00  0.14804E+00  0.13305E+00  0.11525E+00  0.95704E-01
  0.75640E-01  0.56374E-01  0.39264E-01  0.25637E-01  0.16730E-01  0.13623E-01
  0.17184E-01  0.28022E-01  0.46449E-01  0.72452E-01  0.10569E+00  0.14547E+00
  0.19083E+00  0.24048E+00  0.29293E+00  0.34651E+00  0.39944E+00  0.44991E+00
  0.49616E+00  0.53654E+00  0.56959E+00  0.59410E+00  0.60917E+00  0.61425E+00
  0.62213E+01  0.33884E+02
  0.63793E+02  0.62743E+02  0.59663E+02  0.54852E+02  0.48748E+02  0.41873E+02
  0.34767E+02  0.27920E+02  0.21725E+02  0.16438E+02  0.12181E+02  0.66290E+01
  0.40575E+01  0.30247E+01  0.24713E+01  0.19495E+01  0.14256E+01  0.99157E+00
  0.69707E+00  0.52424E+00  0.42555E+00  0.35939E+00  0.30329E+00  0.25152E+00
  0.20709E+00  0.17397E+00  0.15264E+00  0.13991E+00  0.13152E+00  0.12468E+00
  0.11879E+00  0.11445E+00  0.11217E+00  0.11162E+00  0.11175E+00  0.11127E+00
  0.10922E+00  0.10515E+00  0.99102E-01  0.91391E-01  0.82388E-01  0.72430E-01
  0.61838E-01  0.50990E-01  0.40360E-01  0.30506E-01  0.21995E-01  0.15332E-01
  0.10904E-01  0.89592E-02  0.96027E-02  0.12815E-01  0.18461E-01  0.26294E-01
  0.35957E-01  0.46988E-01  0.58828E-01  0.70853E-01  0.82406E-01  0.92841E-01
  0.10156E+00  0.10804E+00  0.11189E+00  0.11285E+00  0.11078E+00  0.10575E+00
  0.97951E-01  0.87763E-01  0.75716E-01  0.62480E-01  0.48847E-01  0.35691E-01
  0.23942E-01  0.14537E-01  0.83831E-02  0.63111E-02  0.90352E-02  0.17117E-01
  0.30934E-01  0.50657E-01  0.76233E-01  0.10738E+00  0.14359E+00  0.18415E+00
  0.22813E+00  0.27446E+00  0.32193E+00  0.36923E+00  0.41504E+00  0.45801E+00
  0.49686E+00  0.53043E+00  0.55769E+00  0.57778E+00  0.59010E+00  0.59424E+00
  0.56459E+01  0.37338E+02
  0.68688E+02  0.67370E+02  0.63526E+02  0.57592E+02  0.50192E+02  0.42054E+02
  0.33892E+02  0.26316E+02  0.19758E+02  0.14448E+02  0.10423E+02  0.56576E+01
  0.36992E+01  0.28391E+01  0.21883E+01  0.15646E+01  0.10548E+01  0.72001E+00
  0.53485E+00  0.43642E+00  0.37217E+00  0.31592E+00  0.26331E+00  0.21953E+00
  0.18838E+00  0.16799E+00  0.15333E+00  0.14057E+00  0.12887E+00  0.11928E+00
  0.11265E+00  0.10863E+00  0.10588E+00  0.10290E+00  0.98753E-01  0.93266E-01
  0.86749E-01  0.79583E-01  0.71982E-01  0.64023E-01  0.55786E-01  0.47485E-01
  0.39465E-01  0.32134E-01  0.25863E-01  0.20927E-01  0.17504E-01  0.15696E-01
  0.15557E-01  0.17097E-01  0.20265E-01  0.24928E-01  0.30857E-01  0.37734E-01
  0.45177E-01  0.52764E-01  0.60066E-01  0.66666E-01  0.72180E-01  0.76272E-01
  0.78667E-01  0.79168E-01  0.77670E-01  0.74174E-01  0.68791E-01  0.61749E-01
  0.53382E-01  0.44123E-01  0.34485E-01  0.25045E-01  0.16423E-01  0.92530E-02
  0.41638E-02  0.17516E-02  0.25561E-02  0.70370E-02  0.15552E-01  0.28338E-01
  0.45496E-01  0.66981E-01  0.92596E-01  0.12200E+00  0.15469E+00  0.19006E+00
  0.22736E+00  0.26577E+00  0.30439E+00  0.34228E+00  0.37849E+00  0.41209E+00
  0.44220E+00  0.46802E+00  0.48887E+00  0.50418E+00  0.51354E+00  0.51668E+00
  0.51901E+01  0.40616E+02
  0.72904E+02  0.71310E+02  0.66685E+02  0.59628E+02  0.50980E+02  0.41688E+02
  0.32645E+02  0.24553E+02  0.17852E+02  0.12699E+02  0.90147E+01  0.50073E+01
  0.34424E+01  0.25947E+01  0.18559E+01  0.12329E+01  0.81378E+00  0.58499E+00
  0.47095E+00  0.40194E+00  0.34186E+00  0.28459E+00  0.23704E+00  0.20338E+00
  0.18035E+00  0.16209E+00  0.14550E+00  0.13095E+00  0.11979E+00  0.11221E+00
  0.10684E+00  0.10187E+00  0.96152E-01  0.89564E-01  0.82583E-01  0.75653E-01
  0.68872E-01  0.62106E-01  0.55256E-01  0.48416E-01  0.41846E-01  0.35843E-01
  0.30635E-01  0.26350E-01  0.23067E-01  0.20864E-01  0.19828E-01  0.20024E-01
  0.21451E-01  0.24016E-01  0.27539E-01  0.31779E-01  0.36462E-01  0.41307E-01
  0.46033E-01  0.50368E-01  0.54048E-01  0.56832E-01  0.58511E-01  0.58929E-01
  0.57993E-01  0.55679E-01  0.52042E-01  0.47210E-01  0.41383E-01  0.34825E-01
  0.27860E-01  0.20860E-01  0.14235E-01  0.84168E-02  0.38489E-02  0.96471E-03
  0.17203E-03  0.18360E-02  0.62636E-02  0.13690E-01  0.24269E-01  0.38062E-01
  0.55034E-01  0.75053E-01  0.97887E-01  0.12321E+00  0.15060E+00  0.17958E+00
  0.20957E+00  0.23998E+00  0.27016E+00  0.29944E+00  0.32716E+00  0.35269E+00
  0.37543E+00  0.39482E+00  0.41041E+00  0.42182E+00  0.42879E+00  0.43112E+00
  0.48204E+01  0.43732E+02
  0.76608E+02  0.74731E+02  0.69315E+02  0.61143E+02  0.51299E+02  0.40966E+02
  0.31204E+02  0.22783E+02  0.16106E+02  0.11225E+02  0.79213E+01  0.45622E+01
  0.32121E+01  0.23179E+01  0.15493E+01  0.99353E+00  0.67786E+00  0.52560E+00
  0.44424E+00  0.37816E+00  0.31380E+00  0.25898E+00  0.21971E+00  0.19253E+00
  0.17072E+00  0.15117E+00  0.13458E+00  0.12218E+00  0.11342E+00  0.10635E+00
  0.99190E-01  0.91411E-01  0.83534E-01  0.76197E-01  0.69545E-01  0.63302E-01
  0.57164E-01  0.51078E-01  0.45231E-01  0.39860E-01  0.35113E-01  0.31036E-01
  0.27660E-01  0.25060E-01  0.23347E-01  0.22604E-01  0.22830E-01  0.23935E-01
  0.25765E-01  0.28145E-01  0.30907E-01  0.33884E-01  0.36906E-01  0.39787E-01
  0.42329E-01  0.44340E-01  0.45651E-01  0.46128E-01  0.45683E-01  0.44278E-01
  0.41923E-01  0.38676E-01  0.34644E-01  0.29983E-01  0.24893E-01  0.19616E-01
  0.14428E-01  0.96268E-02  0.55230E-02  0.24299E-02  0.65171E-03  0.47186E-03
  0.21437E-02  0.58811E-02  0.11850E-01  0.20162E-01  0.30863E-01  0.43936E-01
  0.59296E-01  0.76789E-01  0.96196E-01  0.11723E+00  0.13957E+00  0.16281E+00
  0.18655E+00  0.21033E+00  0.23368E+00  0.25614E+00  0.27723E+00  0.29653E+00
  0.31363E+00  0.32816E+00  0.33981E+00  0.34832E+00  0.35349E+00  0.35522E+00
  0.45143E+01  0.46697E+02
  0.79922E+02  0.77756E+02  0.71540E+02  0.62266E+02  0.51282E+02  0.40017E+02
  0.29684E+02  0.21087E+02  0.14558E+02  0.10010E+02  0.70845E+01  0.42371E+01
  0.29810E+01  0.20416E+01  0.12998E+01  0.83737E+00  0.60815E+00  0.49958E+00
  0.42492E+00  0.35236E+00  0.28730E+00  0.23942E+00  0.20668E+00  0.18128E+00
  0.15902E+00  0.14033E+00  0.12629E+00  0.11598E+00  0.10712E+00  0.98077E-01
  0.88865E-01  0.80326E-01  0.72964E-01  0.66560E-01  0.60590E-01  0.54758E-01
  0.49132E-01  0.43937E-01  0.39311E-01  0.35259E-01  0.31757E-01  0.28849E-01
  0.26640E-01  0.25207E-01  0.24543E-01  0.24558E-01  0.25129E-01  0.26151E-01
  0.27538E-01  0.29210E-01  0.31055E-01  0.32930E-01  0.34670E-01  0.36115E-01
  0.37130E-01  0.37607E-01  0.37473E-01  0.36680E-01  0.35210E-01  0.33077E-01
  0.30326E-01  0.27042E-01  0.23345E-01  0.19387E-01  0.15349E-01  0.11431E-01
  0.78494E-02  0.48275E-02  0.25896E-02  0.13542E-02  0.13273E-02  0.26945E-02
  0.56137E-02  0.10209E-01  0.16564E-01  0.24722E-01  0.34679E-01  0.46383E-01
  0.59734E-01  0.74589E-01  0.90759E-01  0.10801E+00  0.12609E+00  0.14470E+00
  0.16351E+00  0.18221E+00  0.20044E+00  0.21786E+00  0.23414E+00  0.24897E+00
  0.26205E+00  0.27314E+00  0.28202E+00  0.28848E+00  0.29242E+00  0.29374E+00
  0.42561E+01  0.49530E+02
  0.82927E+02  0.80465E+02  0.73444E+02  0.63083E+02  0.51019E+02  0.38925E+02
  0.28153E+02  0.19507E+02  0.13210E+02  0.90223E+01  0.64441E+01  0.39765E+01
  0.27461E+01  0.17894E+01  0.11120E+01  0.74235E+00  0.57423E+00  0.48312E+00
  0.40231E+00  0.32507E+00  0.26499E+00  0.22436E+00  0.19469E+00  0.16956E+00
  0.14835E+00  0.13213E+00  0.11996E+00  0.10936E+00  0.98754E-01  0.88432E-01
  0.79382E-01  0.71919E-01  0.65526E-01  0.59551E-01  0.53775E-01  0.48378E-01
  0.43568E-01  0.39367E-01  0.35692E-01  0.32511E-01  0.29890E-01  0.27906E-01
  0.26556E-01  0.25758E-01  0.25410E-01  0.25448E-01  0.25845E-01  0.26567E-01
  0.27537E-01  0.28632E-01  0.29714E-01  0.30653E-01  0.31350E-01  0.31731E-01
  0.31734E-01  0.31311E-01  0.30424E-01  0.29054E-01  0.27209E-01  0.24928E-01
  0.22276E-01  0.19346E-01  0.16250E-01  0.13118E-01  0.10096E-01  0.73385E-02
  0.50112E-02  0.32806E-02  0.23105E-02  0.22547E-02  0.32526E-02  0.54243E-02
  0.88667E-02  0.13649E-01  0.19811E-01  0.27359E-01  0.36267E-01  0.46473E-01
  0.57883E-01  0.70371E-01  0.83779E-01  0.97921E-01  0.11259E+00  0.12755E+00
  0.14257E+00  0.15740E+00  0.17178E+00  0.18546E+00  0.19819E+00  0.20975E+00
  0.21992E+00  0.22851E+00  0.23537E+00  0.24037E+00  0.24340E+00  0.24442E+00
  0.40349E+01  0.52246E+02
  0.10390E+03  0.98299E+02  0.83142E+02  0.63058E+02  0.43206E+02  0.27255E+02
  0.16485E+02  0.10202E+02  0.68530E+01  0.50143E+01  0.38181E+01  0.21811E+01
  0.12663E+01  0.87013E+00  0.66484E+00  0.48830E+00  0.35783E+00  0.28319E+00
  0.23423E+00  0.19384E+00  0.16221E+00  0.13778E+00  0.11718E+00  0.10027E+00
  0.87104E-01  0.75992E-01  0.66084E-01  0.57943E-01  0.51600E-01  0.46246E-01
  0.41458E-01  0.37403E-01  0.34117E-01  0.31345E-01  0.28910E-01  0.26806E-01
  0.25003E-01  0.23417E-01  0.22007E-01  0.20769E-01  0.19665E-01  0.18636E-01
  0.17662E-01  0.16762E-01  0.15932E-01  0.15138E-01  0.14350E-01  0.13571E-01
  0.12817E-01  0.12091E-01  0.11381E-01  0.10680E-01  0.99926E-02  0.93311E-02
  0.87062E-02  0.81237E-02  0.75891E-02  0.71122E-02  0.67054E-02  0.63814E-02
  0.61518E-02  0.60277E-02  0.60212E-02  0.61450E-02  0.64102E-02  0.68252E-02
  0.73981E-02  0.81359E-02  0.90430E-02  0.10121E-01  0.11372E-01  0.12793E-01
  0.14382E-01  0.16130E-01  0.18029E-01  0.20063E-01  0.22221E-01  0.24483E-01
  0.26830E-01  0.29237E-01  0.31683E-01  0.34144E-01  0.36595E-01  0.39007E-01
  0.41352E-01  0.43602E-01  0.45733E-01  0.47720E-01  0.49537E-01  0.51162E-01
  0.52572E-01  0.53752E-01  0.54688E-01  0.55366E-01  0.55776E-01  0.55913E-01
  0.27983E+01  0.75334E+02
  0.11709E+03  0.10814E+03  0.85119E+02  0.57618E+02  0.34361E+02  0.19134E+02
  0.10979E+02  0.70326E+01  0.49511E+01  0.35946E+01  0.26079E+01  0.14468E+01
  0.96189E+00  0.66251E+00  0.44753E+00  0.33498E+00  0.26452E+00  0.20783E+00
  0.16798E+00  0.13842E+00  0.11451E+00  0.95823E-01  0.80567E-01  0.68297E-01
  0.58815E-01  0.50860E-01  0.44162E-01  0.38924E-01  0.34590E-01  0.30797E-01
  0.27666E-01  0.25078E-01  0.22796E-01  0.20802E-01  0.19093E-01  0.17586E-01
  0.16242E-01  0.15047E-01  0.13969E-01  0.12992E-01  0.12113E-01  0.11310E-01
  0.10565E-01  0.98845E-02  0.92671E-02  0.86971E-02  0.81679E-02  0.76844E-02
  0.72481E-02  0.68545E-02  0.64996E-02  0.61843E-02  0.59119E-02  0.56822E-02
  0.54942E-02  0.53485E-02  0.52465E-02  0.51888E-02  0.51753E-02  0.52059E-02
  0.52813E-02  0.54016E-02  0.55669E-02  0.57765E-02  0.60291E-02  0.63244E-02
  0.66617E-02  0.70378E-02  0.74501E-02  0.78977E-02  0.83784E-02  0.88881E-02
  0.94237E-02  0.99824E-02  0.10560E-01  0.11150E-01  0.11749E-01  0.12358E-01
  0.12971E-01  0.13579E-01  0.14179E-01  0.14768E-01  0.15339E-01  0.15887E-01
  0.16413E-01  0.16911E-01  0.17372E-01  0.17792E-01  0.18172E-01  0.18514E-01
  0.18808E-01  0.19047E-01  0.19237E-01  0.19381E-01  0.19473E-01  0.19503E-01
  0.22299E+01  0.94535E+02
  0.12672E+03  0.11431E+03  0.83972E+02  0.51182E+02  0.27290E+02  0.14271E+02
  0.83457E+01  0.55478E+01  0.38857E+01  0.27457E+01  0.19748E+01  0.11775E+01
  0.75620E+00  0.48695E+00  0.35600E+00  0.26750E+00  0.20401E+00  0.16262E+00
  0.13002E+00  0.10512E+00  0.86056E-01  0.71212E-01  0.59659E-01  0.50271E-01
  0.43003E-01  0.37146E-01  0.32226E-01  0.28344E-01  0.25099E-01  0.22299E-01
  0.20003E-01  0.18033E-01  0.16306E-01  0.14836E-01  0.13549E-01  0.12409E-01
  0.11408E-01  0.10519E-01  0.97271E-02  0.90198E-02  0.83831E-02  0.78137E-02
  0.73041E-02  0.68422E-02  0.64284E-02  0.60606E-02  0.57315E-02  0.54385E-02
  0.51803E-02  0.49557E-02  0.47619E-02  0.45964E-02  0.44600E-02  0.43506E-02
  0.42673E-02  0.42097E-02  0.41756E-02  0.41645E-02  0.41757E-02  0.42072E-02
  0.42577E-02  0.43263E-02  0.44129E-02  0.45164E-02  0.46352E-02  0.47678E-02
  0.49133E-02  0.50706E-02  0.52374E-02  0.54128E-02  0.55958E-02  0.57841E-02
  0.59778E-02  0.61752E-02  0.63738E-02  0.65721E-02  0.67706E-02  0.69685E-02
  0.71611E-02  0.73486E-02  0.75334E-02  0.77114E-02  0.78811E-02  0.80425E-02
  0.81942E-02  0.83369E-02  0.84683E-02  0.85874E-02  0.86934E-02  0.87856E-02
  0.88684E-02  0.89366E-02  0.89839E-02  0.90205E-02  0.90487E-02  0.90593E-02
  0.18861E+01  0.11177E+03
  0.13431E+03  0.11839E+03  0.81334E+02  0.45020E+02  0.22053E+02  0.11355E+02
  0.68792E+01  0.46222E+01  0.31870E+01  0.22332E+01  0.16354E+01  0.98125E+00
  0.59284E+00  0.40748E+00  0.29356E+00  0.21681E+00  0.16835E+00  0.13055E+00
  0.10344E+00  0.82953E-01  0.67380E-01  0.55372E-01  0.46169E-01  0.38939E-01
  0.33130E-01  0.28609E-01  0.24832E-01  0.21767E-01  0.19248E-01  0.17081E-01
  0.15295E-01  0.13754E-01  0.12416E-01  0.11277E-01  0.10274E-01  0.93968E-02
  0.86296E-02  0.79501E-02  0.73491E-02  0.68152E-02  0.63417E-02  0.59204E-02
  0.55450E-02  0.52125E-02  0.49163E-02  0.46534E-02  0.44212E-02  0.42177E-02
  0.40396E-02  0.38851E-02  0.37519E-02  0.36379E-02  0.35440E-02  0.34666E-02
  0.34040E-02  0.33579E-02  0.33256E-02  0.33050E-02  0.32969E-02  0.33007E-02
  0.33143E-02  0.33364E-02  0.33653E-02  0.34028E-02  0.34484E-02  0.34991E-02
  0.35546E-02  0.36149E-02  0.36795E-02  0.37475E-02  0.38180E-02  0.38903E-02
  0.39641E-02  0.40388E-02  0.41138E-02  0.41883E-02  0.42625E-02  0.43358E-02
  0.44061E-02  0.44752E-02  0.45430E-02  0.46073E-02  0.46677E-02  0.47254E-02
  0.47810E-02  0.48311E-02  0.48768E-02  0.49199E-02  0.49575E-02  0.49894E-02
  0.50175E-02  0.50396E-02  0.50573E-02  0.50735E-02  0.50777E-02  0.50744E-02
  0.16503E+01  0.12773E+03
  0.14056E+03  0.12112E+03  0.77969E+02  0.39532E+02  0.18257E+02  0.95239E+01
  0.59306E+01  0.39715E+01  0.27038E+01  0.19036E+01  0.14131E+01  0.80966E+00
  0.50269E+00  0.34809E+00  0.24529E+00  0.18470E+00  0.13912E+00  0.10775E+00
  0.84454E-01  0.67239E-01  0.54357E-01  0.44623E-01  0.37055E-01  0.31256E-01
  0.26614E-01  0.22906E-01  0.19927E-01  0.17429E-01  0.15407E-01  0.13673E-01
  0.12219E-01  0.10980E-01  0.99040E-02  0.89847E-02  0.81796E-02  0.74781E-02
  0.68635E-02  0.63220E-02  0.58459E-02  0.54253E-02  0.50531E-02  0.47233E-02
  0.44305E-02  0.41714E-02  0.39420E-02  0.37374E-02  0.35579E-02  0.33999E-02
  0.32599E-02  0.31372E-02  0.30324E-02  0.29398E-02  0.28595E-02  0.27944E-02
  0.27385E-02  0.26914E-02  0.26546E-02  0.26252E-02  0.26024E-02  0.25874E-02
  0.25805E-02  0.25784E-02  0.25788E-02  0.25850E-02  0.25959E-02  0.26104E-02
  0.26264E-02  0.26440E-02  0.26665E-02  0.26913E-02  0.27167E-02  0.27431E-02
  0.27706E-02  0.27995E-02  0.28291E-02  0.28586E-02  0.28877E-02  0.29161E-02
  0.29438E-02  0.29711E-02  0.29979E-02  0.30241E-02  0.30492E-02  0.30729E-02
  0.30952E-02  0.31153E-02  0.31342E-02  0.31514E-02  0.31654E-02  0.31793E-02
  0.31910E-02  0.31987E-02  0.32069E-02  0.32127E-02  0.32140E-02  0.32146E-02
  0.14758E+01  0.14284E+03
  0.14589E+03  0.12292E+03  0.74277E+02  0.34799E+02  0.15504E+02  0.82976E+01
  0.52498E+01  0.34813E+01  0.23517E+01  0.16691E+01  0.12316E+01  0.68629E+00
  0.44262E+00  0.29665E+00  0.21375E+00  0.15670E+00  0.11793E+00  0.90323E-01
  0.70372E-01  0.55852E-01  0.45045E-01  0.36887E-01  0.30698E-01  0.25823E-01
  0.22039E-01  0.18950E-01  0.16482E-01  0.14428E-01  0.12726E-01  0.11301E-01
  0.10084E-01  0.90560E-02  0.81625E-02  0.73982E-02  0.67311E-02  0.61495E-02
  0.56417E-02  0.51962E-02  0.48043E-02  0.44590E-02  0.41537E-02  0.38835E-02
  0.36440E-02  0.34322E-02  0.32436E-02  0.30766E-02  0.29288E-02  0.27969E-02
  0.26812E-02  0.25795E-02  0.24872E-02  0.24077E-02  0.23393E-02  0.22770E-02
  0.22243E-02  0.21793E-02  0.21396E-02  0.21063E-02  0.20803E-02  0.20576E-02
  0.20365E-02  0.20224E-02  0.20123E-02  0.20044E-02  0.19982E-02  0.19966E-02
  0.19984E-02  0.19993E-02  0.20018E-02  0.20062E-02  0.20140E-02  0.20219E-02
  0.20287E-02  0.20376E-02  0.20474E-02  0.20585E-02  0.20697E-02  0.20803E-02
  0.20908E-02  0.21007E-02  0.21112E-02  0.21225E-02  0.21333E-02  0.21434E-02
  0.21531E-02  0.21614E-02  0.21688E-02  0.21752E-02  0.21809E-02  0.21860E-02
  0.21906E-02  0.21948E-02  0.21979E-02  0.21997E-02  0.22008E-02  0.22013E-02
  0.13404E+01  0.15727E+03
  0.15053E+03  0.12403E+03  0.70477E+02  0.30782E+02  0.13485E+02  0.74234E+01
  0.47246E+01  0.30924E+01  0.20839E+01  0.14818E+01  0.10745E+01  0.60463E+00
  0.38847E+00  0.26048E+00  0.18654E+00  0.13517E+00  0.10126E+00  0.76876E-01
  0.59811E-01  0.47305E-01  0.38127E-01  0.31250E-01  0.25970E-01  0.21907E-01
  0.18653E-01  0.16081E-01  0.13954E-01  0.12228E-01  0.10769E-01  0.95602E-02
  0.85222E-02  0.76431E-02  0.68848E-02  0.62322E-02  0.56649E-02  0.51737E-02
  0.47440E-02  0.43672E-02  0.40361E-02  0.37439E-02  0.34859E-02  0.32581E-02
  0.30561E-02  0.28768E-02  0.27170E-02  0.25754E-02  0.24496E-02  0.23364E-02
  0.22372E-02  0.21471E-02  0.20681E-02  0.19995E-02  0.19345E-02  0.18802E-02
  0.18315E-02  0.17868E-02  0.17495E-02  0.17164E-02  0.16845E-02  0.16605E-02
  0.16397E-02  0.16194E-02  0.16023E-02  0.15898E-02  0.15790E-02  0.15668E-02
  0.15596E-02  0.15551E-02  0.15513E-02  0.15467E-02  0.15440E-02  0.15444E-02
  0.15448E-02  0.15442E-02  0.15444E-02  0.15463E-02  0.15491E-02  0.15520E-02
  0.15554E-02  0.15573E-02  0.15592E-02  0.15632E-02  0.15670E-02  0.15711E-02
  0.15749E-02  0.15790E-02  0.15812E-02  0.15836E-02  0.15857E-02  0.15859E-02
  0.15878E-02  0.15898E-02  0.15900E-02  0.15917E-02  0.15913E-02  0.15886E-02
  0.12324E+01  0.17105E+03
  0.15465E+03  0.12463E+03  0.66707E+02  0.27402E+02  0.11979E+02  0.67641E+01
  0.42953E+01  0.27744E+01  0.18711E+01  0.13216E+01  0.94523E+00  0.54436E+00
  0.34195E+00  0.23318E+00  0.16292E+00  0.11866E+00  0.87563E-01  0.66633E-01
  0.51540E-01  0.40800E-01  0.32875E-01  0.26943E-01  0.22431E-01  0.18898E-01
  0.16123E-01  0.13872E-01  0.12050E-01  0.10536E-01  0.92820E-02  0.82221E-02
  0.73277E-02  0.65605E-02  0.59056E-02  0.53407E-02  0.48514E-02  0.44259E-02
  0.40525E-02  0.37277E-02  0.34424E-02  0.31926E-02  0.29706E-02  0.27742E-02
  0.25997E-02  0.24451E-02  0.23074E-02  0.21851E-02  0.20749E-02  0.19774E-02
  0.18902E-02  0.18108E-02  0.17421E-02  0.16781E-02  0.16223E-02  0.15724E-02
  0.15259E-02  0.14864E-02  0.14514E-02  0.14176E-02  0.13903E-02  0.13637E-02
  0.13401E-02  0.13212E-02  0.13035E-02  0.12852E-02  0.12727E-02  0.12625E-02
  0.12507E-02  0.12391E-02  0.12330E-02  0.12263E-02  0.12191E-02  0.12137E-02
  0.12098E-02  0.12077E-02  0.12045E-02  0.12028E-02  0.11988E-02  0.11984E-02
  0.11981E-02  0.11975E-02  0.11970E-02  0.11955E-02  0.11950E-02  0.11943E-02
  0.11964E-02  0.11965E-02  0.11975E-02  0.11985E-02  0.11983E-02  0.12000E-02
  0.11993E-02  0.11979E-02  0.11982E-02  0.11966E-02  0.11963E-02  0.12020E-02
  0.11436E+01  0.18433E+03
  0.15835E+03  0.12484E+03  0.63043E+02  0.24567E+02  0.10832E+02  0.62418E+01
  0.39293E+01  0.25109E+01  0.16940E+01  0.11834E+01  0.84389E+00  0.49205E+00
  0.30636E+00  0.20842E+00  0.14474E+00  0.10437E+00  0.77050E-01  0.58240E-01
  0.45133E-01  0.35669E-01  0.28770E-01  0.23605E-01  0.19643E-01  0.16570E-01
  0.14120E-01  0.12151E-01  0.10542E-01  0.92118E-02  0.81051E-02  0.71696E-02
  0.63828E-02  0.57058E-02  0.51316E-02  0.46364E-02  0.42060E-02  0.38341E-02
  0.35074E-02  0.32234E-02  0.29742E-02  0.27553E-02  0.25611E-02  0.23898E-02
  0.22375E-02  0.21025E-02  0.19823E-02  0.18750E-02  0.17784E-02  0.16927E-02
  0.16149E-02  0.15459E-02  0.14832E-02  0.14263E-02  0.13775E-02  0.13308E-02
  0.12900E-02  0.12536E-02  0.12185E-02  0.11902E-02  0.11621E-02  0.11367E-02
  0.11161E-02  0.10967E-02  0.10764E-02  0.10618E-02  0.10473E-02  0.10327E-02
  0.10205E-02  0.10124E-02  0.10020E-02  0.99268E-03  0.98518E-03  0.98076E-03
  0.97259E-03  0.96635E-03  0.96122E-03  0.95869E-03  0.95465E-03  0.95217E-03
  0.94727E-03  0.94461E-03  0.94402E-03  0.94187E-03  0.94117E-03  0.93943E-03
  0.93761E-03  0.93501E-03  0.93477E-03  0.93191E-03  0.93318E-03  0.93307E-03
  0.93249E-03  0.93434E-03  0.93307E-03  0.93256E-03  0.93326E-03  0.92507E-03
  0.10687E+01  0.19725E+03
  0.17269E+03  0.12223E+03  0.47344E+02  0.15917E+02  0.77538E+01  0.45221E+01
  0.26583E+01  0.16748E+01  0.11055E+01  0.76751E+00  0.55707E+00  0.31679E+00
  0.19622E+00  0.12929E+00  0.88223E-01  0.62385E-01  0.45790E-01  0.34580E-01
  0.26791E-01  0.21249E-01  0.17165E-01  0.14082E-01  0.11702E-01  0.98316E-02
  0.83427E-02  0.71357E-02  0.61510E-02  0.53411E-02  0.46675E-02  0.41030E-02
  0.36292E-02  0.32311E-02  0.28876E-02  0.25938E-02  0.23436E-02  0.21257E-02
  0.19392E-02  0.17748E-02  0.16293E-02  0.15043E-02  0.13926E-02  0.12953E-02
  0.12070E-02  0.11285E-02  0.10595E-02  0.99689E-03  0.94159E-03  0.89016E-03
  0.84531E-03  0.80424E-03  0.76704E-03  0.73276E-03  0.70164E-03  0.67374E-03
  0.64772E-03  0.62467E-03  0.60268E-03  0.58277E-03  0.56513E-03  0.54750E-03
  0.53265E-03  0.51811E-03  0.50458E-03  0.49310E-03  0.48119E-03  0.47125E-03
  0.46130E-03  0.45185E-03  0.44419E-03  0.43661E-03  0.42828E-03  0.42210E-03
  0.41707E-03  0.40999E-03  0.40445E-03  0.40056E-03  0.39591E-03  0.39076E-03
  0.38675E-03  0.38310E-03  0.38064E-03  0.37821E-03  0.37471E-03  0.37109E-03
  0.36890E-03  0.36726E-03  0.36604E-03  0.36546E-03  0.36270E-03  0.36229E-03
  0.36033E-03  0.36106E-03  0.35912E-03  0.35983E-03  0.35766E-03  0.36509E-03
  0.82031E+00  0.25698E+03
  0.18304E+03  0.11659E+03  0.36199E+02  0.12062E+02  0.62615E+01  0.33998E+01
  0.19635E+01  0.12241E+01  0.80730E+00  0.55791E+00  0.39987E+00  0.22595E+00
  0.13841E+00  0.89569E-01  0.60639E-01  0.42818E-01  0.31411E-01  0.23772E-01
  0.18439E-01  0.14596E-01  0.11750E-01  0.95942E-02  0.79277E-02  0.66195E-02
  0.55794E-02  0.47430E-02  0.40647E-02  0.35099E-02  0.30521E-02  0.26713E-02
  0.23534E-02  0.20867E-02  0.18591E-02  0.16655E-02  0.15018E-02  0.13583E-02
  0.12336E-02  0.11275E-02  0.10339E-02  0.94992E-03  0.87814E-03  0.81324E-03
  0.75623E-03  0.70606E-03  0.65989E-03  0.61779E-03  0.58282E-03  0.54855E-03
  0.51850E-03  0.49112E-03  0.46529E-03  0.44428E-03  0.42293E-03  0.40414E-03
  0.38634E-03  0.37091E-03  0.35609E-03  0.34253E-03  0.32989E-03  0.31836E-03
  0.30788E-03  0.29810E-03  0.28894E-03  0.28026E-03  0.27255E-03  0.26514E-03
  0.25851E-03  0.25245E-03  0.24622E-03  0.24097E-03  0.23579E-03  0.23098E-03
  0.22663E-03  0.22269E-03  0.21884E-03  0.21533E-03  0.21244E-03  0.20902E-03
  0.20602E-03  0.20364E-03  0.20148E-03  0.19883E-03  0.19716E-03  0.19494E-03
  0.19345E-03  0.19239E-03  0.19099E-03  0.18928E-03  0.18879E-03  0.18750E-03
  0.18683E-03  0.18648E-03  0.18495E-03  0.18603E-03  0.18329E-03  0.18948E-03
  0.67696E+00  0.31140E+03
  0.19115E+03  0.10983E+03  0.28598E+02  0.10074E+02  0.51595E+01  0.26625E+01
  0.15405E+01  0.95055E+00  0.62359E+00  0.42868E+00  0.30848E+00  0.17214E+00
  0.10387E+00  0.66664E-01  0.45056E-01  0.31872E-01  0.23379E-01  0.17672E-01
  0.13671E-01  0.10775E-01  0.86294E-02  0.70048E-02  0.57538E-02  0.47781E-02
  0.40068E-02  0.33905E-02  0.28942E-02  0.24911E-02  0.21597E-02  0.18854E-02
  0.16560E-02  0.14658E-02  0.13049E-02  0.11682E-02  0.10495E-02  0.94694E-03
  0.85955E-03  0.78363E-03  0.71836E-03  0.65733E-03  0.60539E-03  0.56158E-03
  0.52085E-03  0.48293E-03  0.45029E-03  0.42252E-03  0.39582E-03  0.37113E-03
  0.35064E-03  0.33080E-03  0.31211E-03  0.29681E-03  0.28144E-03  0.26853E-03
  0.25633E-03  0.24385E-03  0.23387E-03  0.22392E-03  0.21574E-03  0.20686E-03
  0.19945E-03  0.19242E-03  0.18586E-03  0.17996E-03  0.17415E-03  0.16891E-03
  0.16419E-03  0.15968E-03  0.15570E-03  0.15155E-03  0.14805E-03  0.14461E-03
  0.14132E-03  0.13875E-03  0.13607E-03  0.13355E-03  0.13132E-03  0.12898E-03
  0.12682E-03  0.12506E-03  0.12354E-03  0.12190E-03  0.12042E-03  0.11933E-03
  0.11825E-03  0.11736E-03  0.11632E-03  0.11527E-03  0.11428E-03  0.11354E-03
  0.11317E-03  0.11265E-03  0.11305E-03  0.11315E-03  0.11271E-03  0.11360E-03
  0.58125E+00  0.36268E+03
  0.19790E+03  0.10279E+03  0.23442E+02  0.88330E+01  0.42688E+01  0.21820E+01
  0.12505E+01  0.76728E+00  0.50017E+00  0.34494E+00  0.24520E+00  0.13560E+00
  0.81406E-01  0.52174E-01  0.35295E-01  0.24956E-01  0.18279E-01  0.13766E-01
  0.10602E-01  0.83163E-02  0.66256E-02  0.53502E-02  0.43750E-02  0.36172E-02
  0.30234E-02  0.25517E-02  0.21735E-02  0.18665E-02  0.16157E-02  0.14091E-02
  0.12356E-02  0.10917E-02  0.97016E-03  0.86578E-03  0.77786E-03  0.70231E-03
  0.63706E-03  0.57954E-03  0.52799E-03  0.48311E-03  0.44450E-03  0.41108E-03
  0.38081E-03  0.35306E-03  0.32759E-03  0.30551E-03  0.28689E-03  0.26869E-03
  0.25186E-03  0.23703E-03  0.22420E-03  0.21213E-03  0.20001E-03  0.19072E-03
  0.18122E-03  0.17261E-03  0.16590E-03  0.15714E-03  0.15111E-03  0.14542E-03
  0.13886E-03  0.13432E-03  0.12858E-03  0.12507E-03  0.12058E-03  0.11710E-03
  0.11275E-03  0.11000E-03  0.10646E-03  0.10423E-03  0.10097E-03  0.98840E-04
  0.96360E-04  0.94030E-04  0.92565E-04  0.90292E-04  0.89040E-04  0.87726E-04
  0.85643E-04  0.84236E-04  0.83125E-04  0.82088E-04  0.80826E-04  0.79869E-04
  0.79560E-04  0.78980E-04  0.78099E-04  0.77118E-04  0.76237E-04  0.75824E-04
  0.75726E-04  0.75501E-04  0.75419E-04  0.75748E-04  0.75475E-04  0.74820E-04
  0.51108E+00  0.41247E+03