  0.39000E+02  0.38958E+02  0.38830E+02  0.38617E+02  0.38322E+02  0.37944E+02
  0.37487E+02  0.36952E+02  0.36343E+02  0.35662E+02  0.34914E+02  0.33229E+02
  0.31322E+02  0.29233E+02  0.27002E+02  0.24672E+02  0.22286E+02  0.19887E+02
  0.17516E+02  0.15212E+02  0.13009E+02  0.10939E+02  0.90258E+01  0.72906E+01
  0.57475E+01  0.44050E+01  0.32660E+01  0.23279E+01  0.15831E+01  0.10196E+01
  0.62150E+00  0.37000E+00  0.24407E+00  0.22139E+00  0.27913E+00  0.39484E+00
  0.54716E+00  0.71651E+00  0.88563E+00  0.10400E+01  0.11682E+01  0.12620E+01
  0.13162E+01  0.13291E+01  0.13014E+01  0.12366E+01  0.11401E+01  0.10187E+01
  0.88043E+00  0.73371E+00  0.58682E+00  0.44751E+00  0.32251E+00  0.21723E+00
  0.13549E+00  0.79397E-01  0.49300E-01  0.43861E-01  0.60231E-01  0.94307E-01
  0.14105E+00  0.19488E+00  0.25005E+00  0.30106E+00  0.34305E+00  0.37217E+00
  0.38579E+00  0.38281E+00  0.36369E+00  0.33055E+00  0.28704E+00  0.23824E+00
  0.19034E+00  0.15038E+00  0.12582E+00  0.12417E+00  0.15251E+00  0.21712E+00
  0.32303E+00  0.47372E+00  0.67081E+00  0.91388E+00  0.12004E+01  0.15257E+01
  0.18831E+01  0.22642E+01  0.26588E+01  0.30560E+01  0.34440E+01  0.38106E+01
  0.41444E+01  0.44342E+01  0.46705E+01  0.48453E+01  0.49526E+01  0.49888E+01
  0.33844E+02  0.64445E+01
  0.24991E+02  0.24931E+02  0.24751E+02  0.24453E+02  0.24042E+02  0.23521E+02
  0.22899E+02  0.22182E+02  0.21379E+02  0.20500E+02  0.19556E+02  0.17514E+02
  0.15343E+02  0.13133E+02  0.10969E+02  0.89231E+01  0.70546E+01  0.54058E+01
  0.40018E+01  0.28507E+01  0.19459E+01  0.12685E+01  0.79016E+00  0.47737E+00
  0.29414E+00  0.20529E+00  0.17880E+00  0.18753E+00  0.21026E+00  0.23195E+00
  0.24343E+00  0.24068E+00  0.22372E+00  0.19542E+00  0.16025E+00  0.12322E+00
  0.88932E-01  0.60985E-01  0.41579E-01  0.31411E-01  0.29788E-01  0.34909E-01
  0.44252E-01  0.55017E-01  0.64549E-01  0.70713E-01  0.72176E-01  0.68573E-01
  0.60557E-01  0.49725E-01  0.38450E-01  0.29627E-01  0.26365E-01  0.31662E-01
  0.48082E-01  0.77466E-01  0.12071E+00  0.17760E+00  0.24677E+00  0.32570E+00
  0.41089E+00  0.49800E+00  0.58218E+00  0.65836E+00  0.72164E+00  0.76760E+00
  0.79271E+00  0.79454E+00  0.77209E+00  0.72586E+00  0.65796E+00  0.57206E+00
  0.47326E+00  0.36787E+00  0.26304E+00  0.16649E+00  0.85997E-01  0.28984E-01
  0.20960E-02  0.10778E-01  0.58920E-01  0.14858E+00  0.27980E+00  0.45050E+00
  0.65654E+00  0.89183E+00  0.11486E+01  0.14177E+01  0.16890E+01  0.19521E+01
  0.21963E+01  0.24118E+01  0.25896E+01  0.27222E+01  0.28041E+01  0.28318E+01
  0.11896E+02  0.18334E+02
  0.33094E+02  0.32982E+02  0.32645E+02  0.32089E+02  0.31325E+02  0.30365E+02
  0.29226E+02  0.27927E+02  0.26490E+02  0.24938E+02  0.23294E+02  0.19837E+02
  0.16316E+02  0.12916E+02  0.97910E+01  0.70570E+01  0.47853E+01  0.30033E+01
  0.16985E+01  0.82647E+00  0.31992E+00  0.99172E-01  0.81650E-01  0.18995E+00
  0.35771E+00  0.53311E+00  0.68015E+00  0.77790E+00  0.81848E+00  0.80411E+00
  0.74390E+00  0.65073E+00  0.53868E+00  0.42095E+00  0.30856E+00  0.20965E+00
  0.12928E+00  0.69670E-01  0.30639E-01  0.10194E-01  0.51472E-02  0.11684E-01
  0.25850E-01  0.43933E-01  0.62753E-01  0.79837E-01  0.93519E-01  0.10296E+00
  0.10808E+00  0.10949E+00  0.10834E+00  0.10610E+00  0.10445E+00  0.10502E+00
  0.10922E+00  0.11809E+00  0.13219E+00  0.15151E+00  0.17541E+00  0.20275E+00
  0.23185E+00  0.26071E+00  0.28713E+00  0.30891E+00  0.32401E+00  0.33075E+00
  0.32798E+00  0.31520E+00  0.29260E+00  0.26117E+00  0.22261E+00  0.17932E+00
  0.13426E+00  0.90787E-01  0.52509E-01  0.23062E-01  0.59141E-02  0.41616E-02
  0.20347E-01  0.56298E-01  0.11301E+00  0.19054E+00  0.28800E+00  0.40355E+00
  0.53443E+00  0.67712E+00  0.82739E+00  0.98054E+00  0.11316E+01  0.12754E+01
  0.14070E+01  0.15219E+01  0.16158E+01  0.16855E+01  0.17283E+01  0.17427E+01
  0.10710E+02  0.20365E+02
  0.36380E+02  0.36223E+02  0.35751E+02  0.34976E+02  0.33916E+02  0.32593E+02
  0.31037E+02  0.29280E+02  0.27358E+02  0.25311E+02  0.23178E+02  0.18813E+02
  0.14562E+02  0.10678E+02  0.73432E+01  0.46643E+01  0.26695E+01  0.13207E+01
  0.53009E+00  0.17999E+00  0.14241E+00  0.29566E+00  0.53614E+00  0.78500E+00
  0.98982E+00  0.11225E+01  0.11748E+01  0.11523E+01  0.10691E+01  0.94319E+00
  0.79259E+00  0.63342E+00  0.47877E+00  0.33844E+00  0.21912E+00  0.12485E+00
  0.57420E-01  0.16755E-01  0.12331E-02  0.79205E-02  0.32833E-01  0.71218E-01
  0.11789E+00  0.16762E+00  0.21547E+00  0.25720E+00  0.28950E+00  0.31022E+00
  0.31839E+00  0.31424E+00  0.29901E+00  0.27474E+00  0.24403E+00  0.20972E+00
  0.17467E+00  0.14145E+00  0.11223E+00  0.88569E-01  0.71407E-01  0.61011E-01
  0.57034E-01  0.58588E-01  0.64368E-01  0.72786E-01  0.82123E-01  0.90688E-01
  0.96957E-01  0.99713E-01  0.98147E-01  0.91949E-01  0.81347E-01  0.67130E-01
  0.50618E-01  0.33605E-01  0.18266E-01  0.70376E-02  0.24652E-02  0.70486E-02
  0.23072E-01  0.52441E-01  0.96531E-01  0.15606E+00  0.23100E+00  0.32052E+00
  0.42296E+00  0.53589E+00  0.65617E+00  0.78009E+00  0.90353E+00  0.10221E+01
  0.11316E+01  0.12277E+01  0.13067E+01  0.13656E+01  0.14019E+01  0.14141E+01
  0.99265E+01  0.21972E+02
  0.43391E+02  0.43058E+02  0.42063E+02  0.40451E+02  0.38289E+02  0.35662E+02
  0.32673E+02  0.29435E+02  0.26062E+02  0.22665E+02  0.19350E+02  0.13304E+02
  0.84317E+01  0.49373E+01  0.27496E+01  0.16110E+01  0.11841E+01  0.11460E+01
  0.12495E+01  0.13442E+01  0.13664E+01  0.13114E+01  0.12028E+01  0.10686E+01
  0.92916E+00  0.79402E+00  0.66506E+00  0.54133E+00  0.42271E+00  0.31149E+00
  0.21194E+00  0.12894E+00  0.66506E-01  0.26829E-01  0.99405E-02  0.13938E-01
  0.35495E-01  0.70457E-01  0.11437E+00  0.16284E+00  0.21184E+00  0.25781E+00
  0.29770E+00  0.32911E+00  0.35020E+00  0.35984E+00  0.35758E+00  0.34372E+00
  0.31928E+00  0.28600E+00  0.24619E+00  0.20256E+00  0.15806E+00  0.11561E+00
  0.77868E-01  0.47086E-01  0.24914E-01  0.12327E-01  0.95946E-02  0.16304E-01
  0.31428E-01  0.53436E-01  0.80416E-01  0.11022E+00  0.14061E+00  0.16939E+00
  0.19455E+00  0.21436E+00  0.22750E+00  0.23310E+00  0.23081E+00  0.22080E+00
  0.20377E+00  0.18088E+00  0.15371E+00  0.12417E+00  0.94334E-01  0.66380E-01
  0.42406E-01  0.24322E-01  0.13721E-01  0.11778E-01  0.19175E-01  0.36047E-01
  0.61969E-01  0.95973E-01  0.13660E+00  0.18197E+00  0.22990E+00  0.27803E+00
  0.32391E+00  0.36522E+00  0.39981E+00  0.42589E+00  0.44211E+00  0.44759E+00
  0.80616E+01  0.27055E+02
  0.50594E+02  0.50055E+02  0.48456E+02  0.45896E+02  0.42526E+02  0.38536E+02
  0.34140E+02  0.29561E+02  0.25010E+02  0.20673E+02  0.16700E+02  0.10230E+02
  0.59208E+01  0.35100E+01  0.24167E+01  0.20246E+01  0.18731E+01  0.17192E+01
  0.14982E+01  0.12408E+01  0.99854E+00  0.80256E+00  0.65641E+00  0.54653E+00
  0.45617E+00  0.37405E+00  0.29641E+00  0.22487E+00  0.16324E+00  0.11495E+00
  0.81727E-01  0.63305E-01  0.57895E-01  0.62899E-01  0.75599E-01  0.93570E-01
  0.11478E+00  0.13743E+00  0.15978E+00  0.18005E+00  0.19648E+00  0.20753E+00
  0.21207E+00  0.20959E+00  0.20020E+00  0.18460E+00  0.16395E+00  0.13970E+00
  0.11348E+00  0.86971E-01  0.61818E-01  0.39556E-01  0.21561E-01  0.89809E-02
  0.26795E-02  0.31710E-02  0.10573E-01  0.24579E-01  0.44462E-01  0.69111E-01
  0.97095E-01  0.12676E+00  0.15635E+00  0.18408E+00  0.20831E+00  0.22759E+00
  0.24077E+00  0.24706E+00  0.24608E+00  0.23787E+00  0.22289E+00  0.20201E+00
  0.17644E+00  0.14771E+00  0.11756E+00  0.87862E-01  0.60537E-01  0.37424E-01
  0.20194E-01  0.10255E-01  0.86699E-02  0.16087E-01  0.32701E-01  0.58230E-01
  0.91922E-01  0.13258E+00  0.17863E+00  0.22818E+00  0.27911E+00  0.32920E+00
  0.37621E+00  0.41803E+00  0.45274E+00  0.47876E+00  0.49486E+00  0.50030E+00
  0.70080E+01  0.31122E+02
  0.57218E+02  0.56448E+02  0.54174E+02  0.50578E+02  0.45928E+02  0.40554E+02
  0.34814E+02  0.29057E+02  0.23588E+02  0.18646E+02  0.14392E+02  0.81723E+01
  0.47172E+01  0.31538E+01  0.25276E+01  0.21782E+01  0.18212E+01  0.14307E+01
  0.10739E+01  0.80222E+00  0.62072E+00  0.50380E+00  0.42093E+00  0.35157E+00
  0.28777E+00  0.23002E+00  0.18189E+00  0.14613E+00  0.12282E+00  0.10973E+00
  0.10368E+00  0.10198E+00  0.10314E+00  0.10660E+00  0.11208E+00  0.11899E+00
  0.12626E+00  0.13257E+00  0.13669E+00  0.13772E+00  0.13523E+00  0.12922E+00
  0.11999E+00  0.10801E+00  0.93889E-01  0.78330E-01  0.62122E-01  0.46152E-01
  0.31374E-01  0.18741E-01  0.91226E-02  0.32190E-02  0.15012E-02  0.41769E-02
  0.11187E-01  0.22225E-01  0.36759E-01  0.54073E-01  0.73296E-01  0.93438E-01
  0.11344E+00  0.13221E+00  0.14871E+00  0.16198E+00  0.17120E+00  0.17580E+00
  0.17544E+00  0.17008E+00  0.15995E+00  0.14563E+00  0.12793E+00  0.10792E+00
  0.86837E-01  0.66070E-01  0.47055E-01  0.31223E-01  0.19925E-01  0.14363E-01
  0.15527E-01  0.24138E-01  0.40608E-01  0.65007E-01  0.97048E-01  0.13609E+00
  0.18114E+00  0.23092E+00  0.28389E+00  0.33830E+00  0.39229E+00  0.44397E+00
  0.49145E+00  0.53301E+00  0.56708E+00  0.59238E+00  0.60795E+00  0.61320E+00
  0.62607E+01  0.34837E+02
  0.62960E+02  0.61941E+02  0.58948E+02  0.54270E+02  0.48325E+02  0.41616E+02
  0.34663E+02  0.27941E+02  0.21833E+02  0.16594E+02  0.12348E+02  0.67435E+01
  0.40907E+01  0.30072E+01  0.24479E+01  0.19473E+01  0.14486E+01  0.10307E+01
  0.74175E+00  0.56730E+00  0.46323E+00  0.39023E+00  0.32734E+00  0.26968E+00
  0.22045E+00  0.18332E+00  0.15843E+00  0.14254E+00  0.13159E+00  0.12298E+00
  0.11617E+00  0.11165E+00  0.10973E+00  0.10989E+00  0.11094E+00  0.11156E+00
  0.11074E+00  0.10799E+00  0.10328E+00  0.96787E-01  0.88749E-01  0.79398E-01
  0.69000E-01  0.57928E-01  0.46690E-01  0.35898E-01  0.26189E-01  0.18141E-01
  0.12222E-01  0.87608E-02  0.79537E-02  0.98713E-02  0.14464E-01  0.21561E-01
  0.30857E-01  0.41920E-01  0.54196E-01  0.67037E-01  0.79741E-01  0.91599E-01
  0.10193E+00  0.11014E+00  0.11574E+00  0.11835E+00  0.11778E+00  0.11400E+00
  0.10713E+00  0.97504E-01  0.85609E-01  0.72103E-01  0.57785E-01  0.43562E-01
  0.30418E-01  0.19362E-01  0.11387E-01  0.74212E-02  0.82813E-02  0.14629E-01
  0.26935E-01  0.45451E-01  0.70188E-01  0.10091E+00  0.13713E+00  0.17813E+00
  0.22297E+00  0.27052E+00  0.31950E+00  0.36853E+00  0.41619E+00  0.46103E+00
  0.50169E+00  0.53689E+00  0.56550E+00  0.58662E+00  0.59957E+00  0.60393E+00
  0.56928E+01  0.38313E+02
  0.67896E+02  0.66615E+02  0.62875E+02  0.57097E+02  0.49879E+02  0.41920E+02
  0.33914E+02  0.26451E+02  0.19958E+02  0.14667E+02  0.10624E+02  0.57691E+01
  0.37292E+01  0.28395E+01  0.21991E+01  0.15958E+01  0.10985E+01  0.76571E+00
  0.57592E+00  0.46999E+00  0.39777E+00  0.33464E+00  0.27687E+00  0.22937E+00
  0.19527E+00  0.17232E+00  0.15552E+00  0.14123E+00  0.12866E+00  0.11874E+00
  0.11214E+00  0.10835E+00  0.10597E+00  0.10353E+00  0.10008E+00  0.95433E-01
  0.89776E-01  0.83365E-01  0.76316E-01  0.68649E-01  0.60443E-01  0.51930E-01
  0.43486E-01  0.35543E-01  0.28496E-01  0.22656E-01  0.18247E-01  0.15434E-01
  0.14337E-01  0.15031E-01  0.17520E-01  0.21712E-01  0.27405E-01  0.34296E-01
  0.42006E-01  0.50107E-01  0.58152E-01  0.65694E-01  0.72307E-01  0.77599E-01
  0.81232E-01  0.82940E-01  0.82549E-01  0.79996E-01  0.75338E-01  0.68758E-01
  0.60562E-01  0.51170E-01  0.41100E-01  0.30947E-01  0.21364E-01  0.13034E-01
  0.66425E-02  0.28530E-02  0.22774E-02  0.54502E-02  0.12802E-01  0.24639E-01
  0.41120E-01  0.62250E-01  0.87866E-01  0.11764E+00  0.15108E+00  0.18754E+00
  0.22626E+00  0.26634E+00  0.30684E+00  0.34673E+00  0.38498E+00  0.42057E+00
  0.45254E+00  0.48002E+00  0.50223E+00  0.51856E+00  0.52855E+00  0.53190E+00
  0.52435E+01  0.41596E+02
  0.72181E+02  0.70630E+02  0.66126E+02  0.59243E+02  0.50792E+02  0.41686E+02
  0.32789E+02  0.24790E+02  0.18125E+02  0.12960E+02  0.92305E+01  0.51089E+01
  0.34726E+01  0.26129E+01  0.18889E+01  0.12780E+01  0.86040E+00  0.62592E+00
  0.50324E+00  0.42547E+00  0.35830E+00  0.29625E+00  0.24559E+00  0.20956E+00
  0.18448E+00  0.16456E+00  0.14686E+00  0.13172E+00  0.12034E+00  0.11271E+00
  0.10742E+00  0.10267E+00  0.97352E-01  0.91298E-01  0.84886E-01  0.78443E-01
  0.71988E-01  0.65368E-01  0.58504E-01  0.51512E-01  0.44667E-01  0.38267E-01
  0.32545E-01  0.27652E-01  0.23702E-01  0.20820E-01  0.19139E-01  0.18759E-01
  0.19711E-01  0.21925E-01  0.25244E-01  0.29445E-01  0.34268E-01  0.39435E-01
  0.44657E-01  0.49635E-01  0.54074E-01  0.57688E-01  0.60227E-01  0.61486E-01
  0.61329E-01  0.59694E-01  0.56601E-01  0.52146E-01  0.46508E-01  0.39934E-01
  0.32744E-01  0.25314E-01  0.18069E-01  0.11471E-01  0.59965E-02  0.21256E-02
  0.31669E-03  0.98889E-03  0.45040E-02  0.11150E-01  0.21130E-01  0.34546E-01
  0.51397E-01  0.71574E-01  0.94855E-01  0.12091E+00  0.14932E+00  0.17957E+00
  0.21104E+00  0.24310E+00  0.27504E+00  0.30614E+00  0.33568E+00  0.36294E+00
  0.38727E+00  0.40805E+00  0.42479E+00  0.43705E+00  0.44454E+00  0.44705E+00
  0.48778E+01  0.44714E+02
  0.75961E+02  0.74131E+02  0.68851E+02  0.60870E+02  0.51233E+02  0.41084E+02
  0.31454E+02  0.23099E+02  0.16427E+02  0.11503E+02  0.81348E+01  0.46514E+01
  0.32455E+01  0.23507E+01  0.15940E+01  0.10415E+01  0.72046E+00  0.55899E+00
  0.46800E+00  0.39422E+00  0.32497E+00  0.26727E+00  0.22593E+00  0.19691E+00
  0.17360E+00  0.15305E+00  0.13592E+00  0.12327E+00  0.11440E+00  0.10734E+00
  0.10034E+00  0.92872E-01  0.85377E-01  0.78375E-01  0.71937E-01  0.65772E-01
  0.59607E-01  0.53418E-01  0.47395E-01  0.41767E-01  0.36674E-01  0.32175E-01
  0.28331E-01  0.25253E-01  0.23080E-01  0.21916E-01  0.21781E-01  0.22604E-01
  0.24254E-01  0.26577E-01  0.29414E-01  0.32598E-01  0.35947E-01  0.39255E-01
  0.42303E-01  0.44874E-01  0.46773E-01  0.47842E-01  0.47966E-01  0.47076E-01
  0.45155E-01  0.42234E-01  0.38398E-01  0.33788E-01  0.28598E-01  0.23071E-01
  0.17492E-01  0.12175E-01  0.74531E-02  0.36682E-02  0.11563E-02  0.23627E-03
  0.11986E-02  0.42951E-02  0.97284E-02  0.17643E-01  0.28116E-01  0.41155E-01
  0.56690E-01  0.74578E-01  0.94599E-01  0.11646E+00  0.13982E+00  0.16426E+00
  0.18933E+00  0.21454E+00  0.23939E+00  0.26335E+00  0.28591E+00  0.30660E+00
  0.32496E+00  0.34059E+00  0.35313E+00  0.36230E+00  0.36788E+00  0.36975E+00
  0.45738E+01  0.47686E+02
  0.79347E+02  0.77234E+02  0.71166E+02  0.62097E+02  0.51328E+02  0.40241E+02
  0.30020E+02  0.21460E+02  0.14905E+02  0.10291E+02  0.72856E+01  0.43154E+01
  0.30196E+01  0.20847E+01  0.13489E+01  0.88292E+00  0.64460E+00  0.52557E+00
  0.44209E+00  0.36394E+00  0.29589E+00  0.24605E+00  0.21155E+00  0.18462E+00
  0.16131E+00  0.14204E+00  0.12771E+00  0.11725E+00  0.10834E+00  0.99408E-01
  0.90424E-01  0.82129E-01  0.74929E-01  0.68574E-01  0.62569E-01  0.56658E-01
  0.50918E-01  0.45557E-01  0.40697E-01  0.36345E-01  0.32502E-01  0.29241E-01
  0.26687E-01  0.24932E-01  0.23983E-01  0.23767E-01  0.24180E-01  0.25132E-01
  0.26546E-01  0.28334E-01  0.30379E-01  0.32524E-01  0.34597E-01  0.36426E-01
  0.37859E-01  0.38773E-01  0.39069E-01  0.38677E-01  0.37555E-01  0.35694E-01
  0.33126E-01  0.29925E-01  0.26206E-01  0.22119E-01  0.17849E-01  0.13604E-01
  0.96111E-02  0.61103E-02  0.33463E-02  0.15614E-02  0.98773E-03  0.18385E-02
  0.42988E-02  0.85184E-02  0.14606E-01  0.22622E-01  0.32581E-01  0.44441E-01
  0.58109E-01  0.73443E-01  0.90248E-01  0.10829E+00  0.12728E+00  0.14690E+00
  0.16683E+00  0.18669E+00  0.20611E+00  0.22471E+00  0.24213E+00  0.25803E+00
  0.27208E+00  0.28401E+00  0.29355E+00  0.30052E+00  0.30476E+00  0.30618E+00
  0.43166E+01  0.50528E+02
  0.82418E+02  0.80016E+02  0.73156E+02  0.63012E+02  0.51166E+02  0.39240E+02
  0.28557E+02  0.19919E+02  0.13567E+02  0.92943E+01  0.66284E+01  0.40470E+01
  0.27904E+01  0.18383E+01  0.11608E+01  0.78333E+00  0.60431E+00  0.50295E+00
  0.41518E+00  0.33437E+00  0.27228E+00  0.22988E+00  0.19858E+00  0.17223E+00
  0.15034E+00  0.13378E+00  0.12142E+00  0.11073E+00  0.10018E+00  0.90007E-01
  0.81096E-01  0.73684E-01  0.67254E-01  0.61200E-01  0.55337E-01  0.49833E-01
  0.44866E-01  0.40451E-01  0.36517E-01  0.33063E-01  0.30175E-01  0.27938E-01
  0.26359E-01  0.25365E-01  0.24872E-01  0.24828E-01  0.25210E-01  0.25982E-01
  0.27062E-01  0.28323E-01  0.29623E-01  0.30829E-01  0.31831E-01  0.32536E-01
  0.32867E-01  0.32753E-01  0.32141E-01  0.30998E-01  0.29323E-01  0.27145E-01
  0.24525E-01  0.21549E-01  0.18329E-01  0.14997E-01  0.11704E-01  0.86175E-02
  0.59147E-02  0.37791E-02  0.23922E-02  0.19269E-02  0.25415E-02  0.43753E-02
  0.75433E-02  0.12132E-01  0.18194E-01  0.25749E-01  0.34779E-01  0.45229E-01
  0.57006E-01  0.69979E-01  0.83984E-01  0.98826E-01  0.11428E+00  0.13010E+00
  0.14603E+00  0.16179E+00  0.17711E+00  0.19171E+00  0.20533E+00  0.21770E+00
  0.22860E+00  0.23782E+00  0.24519E+00  0.25055E+00  0.25381E+00  0.25490E+00
  0.40955E+01  0.53255E+02
  0.10388E+03  0.98379E+02  0.83482E+02  0.63666E+02  0.43954E+02  0.27974E+02
  0.17050E+02  0.10580E+02  0.70816E+01  0.51522E+01  0.39117E+01  0.22424E+01
  0.13095E+01  0.89816E+00  0.68140E+00  0.49973E+00  0.36671E+00  0.28921E+00
  0.23787E+00  0.19643E+00  0.16441E+00  0.13965E+00  0.11879E+00  0.10176E+00
  0.88487E-01  0.77259E-01  0.67255E-01  0.59013E-01  0.52539E-01  0.47062E-01
  0.42190E-01  0.38068E-01  0.34706E-01  0.31865E-01  0.29387E-01  0.27259E-01
  0.25436E-01  0.23834E-01  0.22420E-01  0.21188E-01  0.20095E-01  0.19080E-01
  0.18122E-01  0.17239E-01  0.16425E-01  0.15643E-01  0.14865E-01  0.14092E-01
  0.13339E-01  0.12605E-01  0.11880E-01  0.11158E-01  0.10442E-01  0.97451E-02
  0.90766E-02  0.84433E-02  0.78526E-02  0.73155E-02  0.68458E-02  0.64572E-02
  0.61627E-02  0.59753E-02  0.59092E-02  0.59792E-02  0.61980E-02  0.65760E-02
  0.71229E-02  0.78477E-02  0.87563E-02  0.98518E-02  0.11136E-01  0.12610E-01
  0.14268E-01  0.16105E-01  0.18109E-01  0.20267E-01  0.22565E-01  0.24982E-01
  0.27498E-01  0.30087E-01  0.32724E-01  0.35383E-01  0.38036E-01  0.40651E-01
  0.43197E-01  0.45645E-01  0.47966E-01  0.50132E-01  0.52115E-01  0.53888E-01
  0.55430E-01  0.56721E-01  0.57744E-01  0.58485E-01  0.58933E-01  0.59083E-01
  0.28526E+01  0.76459E+02
  0.11741E+03  0.10860E+03  0.85903E+02  0.58619E+02  0.35322E+02  0.19856E+02
  0.11427E+02  0.72849E+01  0.50981E+01  0.36903E+01  0.26754E+01  0.14857E+01
  0.98464E+00  0.67656E+00  0.45770E+00  0.34120E+00  0.26807E+00  0.21057E+00
  0.17021E+00  0.14021E+00  0.11617E+00  0.97409E-01  0.82021E-01  0.69625E-01
  0.60014E-01  0.51936E-01  0.45133E-01  0.39789E-01  0.35361E-01  0.31503E-01
  0.28313E-01  0.25665E-01  0.23341E-01  0.21316E-01  0.19575E-01  0.18039E-01
  0.16673E-01  0.15458E-01  0.14359E-01  0.13362E-01  0.12464E-01  0.11642E-01
  0.10877E-01  0.10176E-01  0.95381E-02  0.89464E-02  0.83953E-02  0.78893E-02
  0.74295E-02  0.70121E-02  0.66337E-02  0.62952E-02  0.59994E-02  0.57467E-02
  0.55367E-02  0.53705E-02  0.52494E-02  0.51742E-02  0.51454E-02  0.51636E-02
  0.52296E-02  0.53438E-02  0.55067E-02  0.57178E-02  0.59761E-02  0.62816E-02
  0.66341E-02  0.70300E-02  0.74668E-02  0.79441E-02  0.84596E-02  0.90089E-02
  0.95888E-02  0.10196E-01  0.10826E-01  0.11472E-01  0.12132E-01  0.12803E-01
  0.13481E-01  0.14155E-01  0.14823E-01  0.15480E-01  0.16118E-01  0.16732E-01
  0.17322E-01  0.17881E-01  0.18399E-01  0.18873E-01  0.19302E-01  0.19687E-01
  0.20019E-01  0.20291E-01  0.20506E-01  0.20668E-01  0.20771E-01  0.20805E-01
  0.22783E+01  0.95733E+02
  0.12732E+03  0.11509E+03  0.85090E+02  0.52405E+02  0.28278E+02  0.14890E+02
  0.86788E+01  0.57262E+01  0.39893E+01  0.28108E+01  0.20200E+01  0.12029E+01
  0.77136E+00  0.49713E+00  0.36158E+00  0.27101E+00  0.20681E+00  0.16475E+00
  0.13197E+00  0.10699E+00  0.87732E-01  0.72743E-01  0.61031E-01  0.51479E-01
  0.44063E-01  0.38074E-01  0.33046E-01  0.29063E-01  0.25735E-01  0.22870E-01
  0.20513E-01  0.18492E-01  0.16725E-01  0.15216E-01  0.13895E-01  0.12727E-01
  0.11698E-01  0.10784E-01  0.99691E-02  0.92406E-02  0.85831E-02  0.79944E-02
  0.74665E-02  0.69872E-02  0.65568E-02  0.61732E-02  0.58291E-02  0.55221E-02
  0.52506E-02  0.50136E-02  0.48085E-02  0.46332E-02  0.44879E-02  0.43709E-02
  0.42816E-02  0.42194E-02  0.41823E-02  0.41698E-02  0.41812E-02  0.42147E-02
  0.42690E-02  0.43434E-02  0.44376E-02  0.45503E-02  0.46800E-02  0.48251E-02
  0.49851E-02  0.51589E-02  0.53431E-02  0.55374E-02  0.57405E-02  0.59502E-02
  0.61664E-02  0.63875E-02  0.66103E-02  0.68332E-02  0.70568E-02  0.72800E-02
  0.74977E-02  0.77102E-02  0.79198E-02  0.81223E-02  0.83154E-02  0.84994E-02
  0.86726E-02  0.88356E-02  0.89859E-02  0.91221E-02  0.92435E-02  0.93493E-02
  0.94440E-02  0.95220E-02  0.95767E-02  0.96185E-02  0.96503E-02  0.96622E-02
  0.19298E+01  0.11302E+03
  0.13513E+03  0.11943E+03  0.82705E+02  0.46352E+02  0.22982E+02  0.11861E+02
  0.71304E+01  0.47519E+01  0.32590E+01  0.22792E+01  0.16691E+01  0.10001E+01
  0.60480E+00  0.41401E+00  0.29759E+00  0.21990E+00  0.17070E+00  0.13278E+00
  0.10545E+00  0.84756E-01  0.68997E-01  0.56763E-01  0.47368E-01  0.39965E-01
  0.34006E-01  0.29358E-01  0.25477E-01  0.22324E-01  0.19731E-01  0.17507E-01
  0.15668E-01  0.14084E-01  0.12711E-01  0.11538E-01  0.10509E-01  0.96080E-02
  0.88185E-02  0.81201E-02  0.75016E-02  0.69518E-02  0.64642E-02  0.60296E-02
  0.56422E-02  0.52986E-02  0.49923E-02  0.47203E-02  0.44799E-02  0.42692E-02
  0.40850E-02  0.39253E-02  0.37877E-02  0.36703E-02  0.35741E-02  0.34952E-02
  0.34321E-02  0.33865E-02  0.33557E-02  0.33375E-02  0.33328E-02  0.33407E-02
  0.33594E-02  0.33873E-02  0.34233E-02  0.34683E-02  0.35217E-02  0.35812E-02
  0.36462E-02  0.37163E-02  0.37913E-02  0.38698E-02  0.39508E-02  0.40344E-02
  0.41198E-02  0.42060E-02  0.42923E-02  0.43778E-02  0.44631E-02  0.45476E-02
  0.46285E-02  0.47082E-02  0.47866E-02  0.48607E-02  0.49301E-02  0.49963E-02
  0.50603E-02  0.51179E-02  0.51702E-02  0.52200E-02  0.52633E-02  0.52999E-02
  0.53324E-02  0.53581E-02  0.53788E-02  0.53978E-02  0.54027E-02  0.53989E-02
  0.16903E+01  0.12903E+03
  0.14157E+03  0.12238E+03  0.79531E+02  0.40897E+02  0.19093E+02  0.99339E+01
  0.61229E+01  0.40655E+01  0.27565E+01  0.19402E+01  0.14402E+01  0.82529E+00
  0.51165E+00  0.35308E+00  0.24897E+00  0.18741E+00  0.14162E+00  0.10994E+00
  0.86406E-01  0.68934E-01  0.55782E-01  0.45826E-01  0.38053E-01  0.32088E-01
  0.27310E-01  0.23489E-01  0.20420E-01  0.17851E-01  0.15768E-01  0.13986E-01
  0.12492E-01  0.11219E-01  0.10116E-01  0.91721E-02  0.83470E-02  0.76277E-02
  0.69973E-02  0.64423E-02  0.59539E-02  0.55224E-02  0.51406E-02  0.48022E-02
  0.45017E-02  0.42359E-02  0.40007E-02  0.37909E-02  0.36070E-02  0.34455E-02
  0.33024E-02  0.31776E-02  0.30713E-02  0.29778E-02  0.28972E-02  0.28325E-02
  0.27775E-02  0.27318E-02  0.26970E-02  0.26701E-02  0.26503E-02  0.26388E-02
  0.26357E-02  0.26377E-02  0.26428E-02  0.26539E-02  0.26698E-02  0.26894E-02
  0.27109E-02  0.27346E-02  0.27627E-02  0.27931E-02  0.28245E-02  0.28569E-02
  0.28906E-02  0.29253E-02  0.29604E-02  0.29956E-02  0.30301E-02  0.30638E-02
  0.30972E-02  0.31296E-02  0.31610E-02  0.31917E-02  0.32209E-02  0.32484E-02
  0.32747E-02  0.32981E-02  0.33205E-02  0.33406E-02  0.33566E-02  0.33730E-02
  0.33869E-02  0.33953E-02  0.34054E-02  0.34125E-02  0.34133E-02  0.34136E-02
  0.15128E+01  0.14418E+03
  0.14707E+03  0.12437E+03  0.75981E+02  0.36149E+02  0.16243E+02  0.86313E+01
  0.53975E+01  0.35512E+01  0.23945E+01  0.17004E+01  0.12545E+01  0.69951E+00
  0.44957E+00  0.30127E+00  0.21700E+00  0.15950E+00  0.12037E+00  0.92444E-01
  0.72179E-01  0.57342E-01  0.46276E-01  0.37883E-01  0.31513E-01  0.26487E-01
  0.22585E-01  0.19404E-01  0.16861E-01  0.14750E-01  0.13001E-01  0.11539E-01
  0.10292E-01  0.92385E-02  0.83248E-02  0.75423E-02  0.68602E-02  0.62656E-02
  0.57463E-02  0.52910E-02  0.48904E-02  0.45374E-02  0.42253E-02  0.39493E-02
  0.37047E-02  0.34887E-02  0.32961E-02  0.31259E-02  0.29756E-02  0.28416E-02
  0.27244E-02  0.26218E-02  0.25287E-02  0.24489E-02  0.23808E-02  0.23190E-02
  0.22673E-02  0.22235E-02  0.21853E-02  0.21537E-02  0.21298E-02  0.21094E-02
  0.20907E-02  0.20793E-02  0.20720E-02  0.20669E-02  0.20639E-02  0.20655E-02
  0.20703E-02  0.20746E-02  0.20806E-02  0.20884E-02  0.20992E-02  0.21103E-02
  0.21207E-02  0.21328E-02  0.21459E-02  0.21600E-02  0.21741E-02  0.21877E-02
  0.22010E-02  0.22139E-02  0.22271E-02  0.22406E-02  0.22537E-02  0.22661E-02
  0.22775E-02  0.22879E-02  0.22969E-02  0.23049E-02  0.23120E-02  0.23182E-02
  0.23241E-02  0.23284E-02  0.23322E-02  0.23350E-02  0.23359E-02  0.23367E-02
  0.13749E+01  0.15863E+03
  0.15186E+03  0.12565E+03  0.72287E+02  0.32088E+02  0.14132E+02  0.76963E+01
  0.48383E+01  0.31479E+01  0.21216E+01  0.15095E+01  0.10947E+01  0.61572E+00
  0.39458E+00  0.26470E+00  0.18971E+00  0.13794E+00  0.10359E+00  0.78854E-01
  0.61410E-01  0.48602E-01  0.39156E-01  0.32074E-01  0.26628E-01  0.22438E-01
  0.19086E-01  0.16439E-01  0.14254E-01  0.12481E-01  0.10988E-01  0.97502E-02
  0.86897E-02  0.77911E-02  0.70170E-02  0.63507E-02  0.57720E-02  0.52709E-02
  0.48324E-02  0.44481E-02  0.41104E-02  0.38125E-02  0.35496E-02  0.33174E-02
  0.31115E-02  0.29290E-02  0.27664E-02  0.26227E-02  0.24951E-02  0.23803E-02
  0.22802E-02  0.21891E-02  0.21097E-02  0.20411E-02  0.19761E-02  0.19221E-02
  0.18741E-02  0.18300E-02  0.17937E-02  0.17617E-02  0.17310E-02  0.17084E-02
  0.16891E-02  0.16705E-02  0.16551E-02  0.16442E-02  0.16352E-02  0.16250E-02
  0.16197E-02  0.16171E-02  0.16152E-02  0.16127E-02  0.16121E-02  0.16144E-02
  0.16166E-02  0.16180E-02  0.16201E-02  0.16239E-02  0.16285E-02  0.16331E-02
  0.16380E-02  0.16417E-02  0.16454E-02  0.16507E-02  0.16559E-02  0.16614E-02
  0.16664E-02  0.16714E-02  0.16749E-02  0.16782E-02  0.16809E-02  0.16823E-02
  0.16846E-02  0.16867E-02  0.16877E-02  0.16892E-02  0.16892E-02  0.16880E-02
  0.12648E+01  0.17245E+03
  0.15611E+03  0.12640E+03  0.68592E+02  0.28646E+02  0.12544E+02  0.69879E+01
  0.43845E+01  0.28223E+01  0.19055E+01  0.13464E+01  0.96328E+00  0.55381E+00
  0.34769E+00  0.23705E+00  0.16612E+00  0.12128E+00  0.89779E-01  0.68395E-01
  0.52953E-01  0.41899E-01  0.33740E-01  0.27619E-01  0.22968E-01  0.19328E-01
  0.16475E-01  0.14163E-01  0.12294E-01  0.10745E-01  0.94637E-02  0.83818E-02
  0.74690E-02  0.66870E-02  0.60192E-02  0.54437E-02  0.49450E-02  0.45115E-02
  0.41311E-02  0.38002E-02  0.35095E-02  0.32549E-02  0.30289E-02  0.28289E-02
  0.26515E-02  0.24943E-02  0.23542E-02  0.22302E-02  0.21182E-02  0.20196E-02
  0.19316E-02  0.18513E-02  0.17822E-02  0.17179E-02  0.16620E-02  0.16122E-02
  0.15658E-02  0.15267E-02  0.14922E-02  0.14589E-02  0.14324E-02  0.14065E-02
  0.13838E-02  0.13659E-02  0.13491E-02  0.13320E-02  0.13206E-02  0.13115E-02
  0.13008E-02  0.12905E-02  0.12856E-02  0.12801E-02  0.12741E-02  0.12699E-02
  0.12672E-02  0.12663E-02  0.12644E-02  0.12637E-02  0.12611E-02  0.12617E-02
  0.12625E-02  0.12629E-02  0.12633E-02  0.12628E-02  0.12632E-02  0.12635E-02
  0.12661E-02  0.12672E-02  0.12688E-02  0.12704E-02  0.12708E-02  0.12727E-02
  0.12724E-02  0.12715E-02  0.12718E-02  0.12706E-02  0.12705E-02  0.12748E-02
  0.11741E+01  0.18576E+03
  0.15993E+03  0.12675E+03  0.64979E+02  0.25741E+02  0.11325E+02  0.64255E+01
  0.40019E+01  0.25546E+01  0.17257E+01  0.12059E+01  0.86014E+00  0.50048E+00
  0.31172E+00  0.21216E+00  0.14782E+00  0.10688E+00  0.79060E-01  0.59823E-01
  0.46348E-01  0.36610E-01  0.29492E-01  0.24169E-01  0.20087E-01  0.16927E-01
  0.14413E-01  0.12395E-01  0.10750E-01  0.93913E-02  0.82621E-02  0.73089E-02
  0.65070E-02  0.58179E-02  0.52330E-02  0.47288E-02  0.42905E-02  0.39117E-02
  0.35791E-02  0.32898E-02  0.30360E-02  0.28129E-02  0.26152E-02  0.24408E-02
  0.22859E-02  0.21486E-02  0.20263E-02  0.19174E-02  0.18192E-02  0.17326E-02
  0.16537E-02  0.15840E-02  0.15206E-02  0.14632E-02  0.14144E-02  0.13674E-02
  0.13266E-02  0.12903E-02  0.12552E-02  0.12274E-02  0.11996E-02  0.11746E-02
  0.11546E-02  0.11357E-02  0.11159E-02  0.11020E-02  0.10882E-02  0.10742E-02
  0.10627E-02  0.10555E-02  0.10458E-02  0.10373E-02  0.10306E-02  0.10269E-02
  0.10195E-02  0.10140E-02  0.10097E-02  0.10078E-02  0.10046E-02  0.10028E-02
  0.99873E-03  0.99677E-03  0.99677E-03  0.99534E-03  0.99516E-03  0.99398E-03
  0.99261E-03  0.99052E-03  0.99053E-03  0.98828E-03  0.98975E-03  0.99002E-03
  0.98984E-03  0.99176E-03  0.99083E-03  0.99049E-03  0.99108E-03  0.98401E-03
  0.10977E+01  0.19870E+03
  0.17475E+03  0.12466E+03  0.49293E+02  0.16734E+02  0.80063E+01  0.46028E+01
  0.27070E+01  0.17080E+01  0.11275E+01  0.78286E+00  0.56794E+00  0.32298E+00
  0.20044E+00  0.13235E+00  0.90489E-01  0.64042E-01  0.46972E-01  0.35429E-01
  0.27413E-01  0.21712E-01  0.17521E-01  0.14365E-01  0.11935E-01  0.10027E-01
  0.85113E-02  0.72828E-02  0.62811E-02  0.54569E-02  0.47713E-02  0.41964E-02
  0.37136E-02  0.33078E-02  0.29573E-02  0.26575E-02  0.24019E-02  0.21793E-02
  0.19887E-02  0.18206E-02  0.16720E-02  0.15441E-02  0.14299E-02  0.13304E-02
  0.12403E-02  0.11601E-02  0.10895E-02  0.10257E-02  0.96899E-03  0.91694E-03
  0.87093E-03  0.82924E-03  0.79115E-03  0.75660E-03  0.72485E-03  0.69669E-03
  0.67000E-03  0.64692E-03  0.62448E-03  0.60439E-03  0.58683E-03  0.56878E-03
  0.55397E-03  0.53926E-03  0.52563E-03  0.51429E-03  0.50226E-03  0.49242E-03
  0.48239E-03  0.47285E-03  0.46534E-03  0.45782E-03  0.44939E-03  0.44335E-03
  0.43855E-03  0.43134E-03  0.42582E-03  0.42213E-03  0.41750E-03  0.41228E-03
  0.40829E-03  0.40475E-03  0.40249E-03  0.40017E-03  0.39666E-03  0.39297E-03
  0.39082E-03  0.38928E-03  0.38821E-03  0.38777E-03  0.38492E-03  0.38451E-03
  0.38247E-03  0.38323E-03  0.38115E-03  0.38190E-03  0.37963E-03  0.38746E-03
  0.84365E+00  0.25853E+03
  0.18546E+03  0.11937E+03  0.37966E+02  0.12616E+02  0.63984E+01  0.34617E+01
  0.20043E+01  0.12496E+01  0.82454E+00  0.56979E+00  0.40838E+00  0.23098E+00
  0.14174E+00  0.91840E-01  0.62186E-01  0.43877E-01  0.32144E-01  0.24293E-01
  0.18825E-01  0.14896E-01  0.11992E-01  0.97955E-02  0.80988E-02  0.67674E-02
  0.57084E-02  0.48563E-02  0.41647E-02  0.35985E-02  0.31308E-02  0.27414E-02
  0.24162E-02  0.21432E-02  0.19100E-02  0.17116E-02  0.15438E-02  0.13967E-02
  0.12688E-02  0.11600E-02  0.10640E-02  0.97794E-03  0.90428E-03  0.83782E-03
  0.77946E-03  0.72800E-03  0.68076E-03  0.63781E-03  0.60181E-03  0.56690E-03
  0.53614E-03  0.50814E-03  0.48197E-03  0.46016E-03  0.43858E-03  0.41932E-03
  0.40133E-03  0.38540E-03  0.37037E-03  0.35655E-03  0.34371E-03  0.33194E-03
  0.32132E-03  0.31118E-03  0.30210E-03  0.29301E-03  0.28550E-03  0.27773E-03
  0.27102E-03  0.26493E-03  0.25836E-03  0.25326E-03  0.24798E-03  0.24304E-03
  0.23864E-03  0.23464E-03  0.23063E-03  0.22710E-03  0.22429E-03  0.22066E-03
  0.21759E-03  0.21531E-03  0.21322E-03  0.21038E-03  0.20867E-03  0.20632E-03
  0.20489E-03  0.20394E-03  0.20249E-03  0.20058E-03  0.20011E-03  0.19871E-03
  0.19808E-03  0.19781E-03  0.19610E-03  0.19751E-03  0.19436E-03  0.20179E-03
  0.69697E+00  0.31294E+03
  0.19385E+03  0.11284E+03  0.30129E+02  0.10450E+02  0.52526E+01  0.27186E+01
  0.15736E+01  0.97188E+00  0.63769E+00  0.43832E+00  0.31541E+00  0.17621E+00
  0.10647E+00  0.68339E-01  0.46152E-01  0.32607E-01  0.23893E-01  0.18050E-01
  0.13962E-01  0.11009E-01  0.88231E-02  0.71683E-02  0.58938E-02  0.48982E-02
  0.41109E-02  0.34808E-02  0.29731E-02  0.25603E-02  0.22206E-02  0.19390E-02
  0.17035E-02  0.15083E-02  0.13430E-02  0.12027E-02  0.10808E-02  0.97540E-03
  0.88567E-03  0.80774E-03  0.74073E-03  0.67810E-03  0.62482E-03  0.57983E-03
  0.53805E-03  0.49921E-03  0.46577E-03  0.43721E-03  0.40986E-03  0.38463E-03
  0.36354E-03  0.34322E-03  0.32417E-03  0.30837E-03  0.29272E-03  0.27942E-03
  0.26683E-03  0.25420E-03  0.24387E-03  0.23375E-03  0.22522E-03  0.21625E-03
  0.20859E-03  0.20138E-03  0.19469E-03  0.18856E-03  0.18265E-03  0.17728E-03
  0.17241E-03  0.16782E-03  0.16361E-03  0.15947E-03  0.15578E-03  0.15229E-03
  0.14913E-03  0.14615E-03  0.14350E-03  0.14096E-03  0.13864E-03  0.13612E-03
  0.13414E-03  0.13228E-03  0.13057E-03  0.12886E-03  0.12748E-03  0.12645E-03
  0.12511E-03  0.12418E-03  0.12318E-03  0.12217E-03  0.12116E-03  0.12039E-03
  0.12004E-03  0.11931E-03  0.11992E-03  0.11995E-03  0.11926E-03  0.12075E-03
  0.59902E+00  0.36410E+03
  0.20084E+03  0.10595E+03  0.24741E+02  0.90918E+01  0.43497E+01  0.22307E+01
  0.12788E+01  0.78549E+00  0.51194E+00  0.35299E+00  0.25102E+00  0.13896E+00
  0.83451E-01  0.53453E-01  0.36121E-01  0.25516E-01  0.18681E-01  0.14072E-01
  0.10844E-01  0.85135E-02  0.67895E-02  0.54879E-02  0.44914E-02  0.37165E-02
  0.31083E-02  0.26245E-02  0.22366E-02  0.19212E-02  0.16635E-02  0.14512E-02
  0.12726E-02  0.11247E-02  0.99979E-03  0.89243E-03  0.80210E-03  0.72450E-03
  0.65748E-03  0.59838E-03  0.54539E-03  0.49926E-03  0.45963E-03  0.42531E-03
  0.39420E-03  0.36573E-03  0.33960E-03  0.31691E-03  0.29772E-03  0.27903E-03
  0.26177E-03  0.24652E-03  0.23330E-03  0.22090E-03  0.20850E-03  0.19885E-03
  0.18912E-03  0.18027E-03  0.17321E-03  0.16436E-03  0.15809E-03  0.15216E-03
  0.14552E-03  0.14071E-03  0.13496E-03  0.13119E-03  0.12663E-03  0.12294E-03
  0.11858E-03  0.11562E-03  0.11209E-03  0.10966E-03  0.10643E-03  0.10412E-03
  0.10157E-03  0.99230E-04  0.97587E-04  0.95413E-04  0.93994E-04  0.92529E-04
  0.90522E-04  0.89054E-04  0.87928E-04  0.86804E-04  0.85542E-04  0.84603E-04
  0.84141E-04  0.83558E-04  0.82658E-04  0.81636E-04  0.80851E-04  0.80413E-04
  0.80172E-04  0.80019E-04  0.80030E-04  0.80139E-04  0.79901E-04  0.79656E-04
  0.52722E+00  0.41370E+03