  0.54861E+01  0.54807E+01  0.54642E+01  0.54368E+01  0.53986E+01  0.53500E+01
  0.52910E+01  0.52221E+01  0.51436E+01  0.50559E+01  0.49596E+01  0.47427E+01
  0.44976E+01  0.42290E+01  0.39423E+01  0.36427E+01  0.33357E+01  0.30264E+01
  0.27198E+01  0.24204E+01  0.21323E+01  0.18588E+01  0.16028E+01  0.13664E+01
  0.11512E+01  0.95793E+00  0.78692E+00  0.63786E+00  0.50998E+00  0.40210E+00
  0.31274E+00  0.24016E+00  0.18248E+00  0.13777E+00  0.10406E+00  0.79480E-01
  0.62246E-01  0.50739E-01  0.43524E-01  0.39362E-01  0.37226E-01  0.36294E-01
  0.35940E-01  0.35720E-01  0.35349E-01  0.34676E-01  0.33661E-01  0.32346E-01
  0.30831E-01  0.29255E-01  0.27767E-01  0.26521E-01  0.25653E-01  0.25278E-01
  0.25483E-01  0.26326E-01  0.27837E-01  0.30019E-01  0.32860E-01  0.36333E-01
  0.40409E-01  0.45059E-01  0.50268E-01  0.56033E-01  0.62373E-01  0.69331E-01
  0.76971E-01  0.85384E-01  0.94676E-01  0.10497E+00  0.11640E+00  0.12910E+00
  0.14320E+00  0.15880E+00  0.17599E+00  0.19484E+00  0.21534E+00  0.23748E+00
  0.26116E+00  0.28626E+00  0.31258E+00  0.33986E+00  0.36783E+00  0.39613E+00
  0.42438E+00  0.45218E+00  0.47908E+00  0.50466E+00  0.52847E+00  0.55009E+00
  0.56914E+00  0.58524E+00  0.59811E+00  0.60748E+00  0.61318E+00  0.61509E+00
  0.55175E+01  0.21397E+02
  0.82255E+01  0.82069E+01  0.81507E+01  0.80579E+01  0.79294E+01  0.77667E+01
  0.75716E+01  0.73462E+01  0.70931E+01  0.68149E+01  0.65147E+01  0.58608E+01
  0.51580E+01  0.44334E+01  0.37133E+01  0.30219E+01  0.23799E+01  0.18039E+01
  0.13059E+01  0.89301E+00  0.56773E+00  0.32824E+00  0.16906E+00  0.81782E-01
  0.55872E-01  0.79526E-01  0.14042E+00  0.22643E+00  0.32615E+00  0.42943E+00
  0.52759E+00  0.61366E+00  0.68243E+00  0.73047E+00  0.75594E+00  0.75853E+00
  0.73924E+00  0.70013E+00  0.64415E+00  0.57488E+00  0.49633E+00  0.41274E+00
  0.32835E+00  0.24725E+00  0.17323E+00  0.10958E+00  0.59042E-01  0.23679E-01
  0.48080E-02  0.29705E-02  0.17923E-01  0.48662E-01  0.93473E-01  0.15002E+00
  0.21545E+00  0.28653E+00  0.35977E+00  0.43162E+00  0.49860E+00  0.55747E+00
  0.60540E+00  0.64005E+00  0.65974E+00  0.66350E+00  0.65113E+00  0.62325E+00
  0.58125E+00  0.52724E+00  0.46401E+00  0.39492E+00  0.32371E+00  0.25442E+00
  0.19119E+00  0.13807E+00  0.98915E-01  0.77144E-01  0.75638E-01  0.96593E-01
  0.14142E+00  0.21066E+00  0.30396E+00  0.42003E+00  0.55671E+00  0.71099E+00
  0.87915E+00  0.10568E+01  0.12392E+01  0.14211E+01  0.15974E+01  0.17628E+01
  0.19124E+01  0.20416E+01  0.21465E+01  0.22238E+01  0.22712E+01  0.22871E+01
  0.75018E+01  0.15738E+02
  0.53173E+01  0.53011E+01  0.52526E+01  0.51726E+01  0.50627E+01  0.49248E+01
  0.47613E+01  0.45751E+01  0.43695E+01  0.41477E+01  0.39134E+01  0.34221E+01
  0.29242E+01  0.24459E+01  0.20085E+01  0.16271E+01  0.13104E+01  0.10604E+01
  0.87340E+00  0.74159E+00  0.65438E+00  0.60013E+00  0.56756E+00  0.54686E+00
  0.53043E+00  0.51313E+00  0.49227E+00  0.46716E+00  0.43866E+00  0.40846E+00
  0.37857E+00  0.35077E+00  0.32634E+00  0.30580E+00  0.28898E+00  0.27510E+00
  0.26294E+00  0.25114E+00  0.23842E+00  0.22381E+00  0.20676E+00  0.18733E+00
  0.16610E+00  0.14418E+00  0.12312E+00  0.10471E+00  0.90863E-01  0.83410E-01
  0.83956E-01  0.93726E-01  0.11346E+00  0.14332E+00  0.18287E+00  0.23109E+00
  0.28635E+00  0.34657E+00  0.40925E+00  0.47165E+00  0.53086E+00  0.58403E+00
  0.62845E+00  0.66174E+00  0.68194E+00  0.68767E+00  0.67819E+00  0.65347E+00
  0.61421E+00  0.56185E+00  0.49855E+00  0.42707E+00  0.35073E+00  0.27325E+00
  0.19859E+00  0.13082E+00  0.73912E-01  0.31601E-01  0.71788E-02  0.33567E-02
  0.22127E-01  0.64653E-01  0.13119E+00  0.22106E+00  0.33262E+00  0.46334E+00
  0.60982E+00  0.76799E+00  0.93317E+00  0.11003E+01  0.12641E+01  0.14192E+01
  0.15605E+01  0.16833E+01  0.17835E+01  0.18576E+01  0.19031E+01  0.19184E+01
  0.58389E+01  0.20220E+02
  0.51831E+01  0.51612E+01  0.50954E+01  0.49876E+01  0.48405E+01  0.46579E+01
  0.44444E+01  0.42050E+01  0.39455E+01  0.36720E+01  0.33905E+01  0.28274E+01
  0.23001E+01  0.18431E+01  0.14786E+01  0.12151E+01  0.10482E+01  0.96316E+00
  0.93851E+00  0.94986E+00  0.97369E+00  0.99032E+00  0.98577E+00  0.95256E+00
  0.88937E+00  0.80001E+00  0.69182E+00  0.57398E+00  0.45593E+00  0.34606E+00
  0.25089E+00  0.17462E+00  0.11914E+00  0.84211E-01  0.67957E-01  0.67366E-01
  0.78804E-01  0.98471E-01  0.12276E+00  0.14850E+00  0.17312E+00  0.19471E+00
  0.21201E+00  0.22439E+00  0.23173E+00  0.23438E+00  0.23303E+00  0.22862E+00
  0.22223E+00  0.21504E+00  0.20818E+00  0.20266E+00  0.19936E+00  0.19889E+00
  0.20159E+00  0.20748E+00  0.21629E+00  0.22742E+00  0.24000E+00  0.25294E+00
  0.26501E+00  0.27490E+00  0.28135E+00  0.28322E+00  0.27961E+00  0.26991E+00
  0.25391E+00  0.23184E+00  0.20438E+00  0.17269E+00  0.13835E+00  0.10332E+00
  0.69862E-01  0.40439E-01  0.17584E-01  0.37811E-02  0.13306E-02  0.12217E-01
  0.37990E-01  0.79663E-01  0.13763E+00  0.21162E+00  0.30064E+00  0.40306E+00
  0.51655E+00  0.63824E+00  0.76479E+00  0.89249E+00  0.10174E+01  0.11357E+01
  0.12434E+01  0.13370E+01  0.14134E+01  0.14699E+01  0.15046E+01  0.15163E+01
  0.46672E+01  0.25296E+02
  0.13032E+02  0.12946E+02  0.12689E+02  0.12273E+02  0.11712E+02  0.11029E+02
  0.10248E+02  0.93964E+01  0.85035E+01  0.75970E+01  0.67036E+01  0.50457E+01
  0.36686E+01  0.26377E+01  0.19490E+01  0.15470E+01  0.13492E+01  0.12698E+01
  0.12371E+01  0.12022E+01  0.11401E+01  0.10448E+01  0.92260E+00  0.78514E+00
  0.64434E+00  0.50976E+00  0.38772E+00  0.28169E+00  0.19319E+00  0.12269E+00
  0.70233E-01  0.35639E-01  0.18532E-01  0.18133E-01  0.33059E-01  0.61185E-01
  0.99642E-01  0.14496E+00  0.19330E+00  0.24080E+00  0.28386E+00  0.31947E+00
  0.34535E+00  0.36011E+00  0.36322E+00  0.35498E+00  0.33638E+00  0.30899E+00
  0.27476E+00  0.23590E+00  0.19473E+00  0.15353E+00  0.11441E+00  0.79249E-01
  0.49564E-01  0.26487E-01  0.10707E-01  0.24596E-02  0.15351E-02  0.73140E-02
  0.18820E-01  0.34795E-01  0.53781E-01  0.74219E-01  0.94546E-01  0.11329E+00
  0.12915E+00  0.14110E+00  0.14838E+00  0.15063E+00  0.14782E+00  0.14028E+00
  0.12869E+00  0.11400E+00  0.97408E-01  0.80238E-01  0.63898E-01  0.49781E-01
  0.39176E-01  0.33198E-01  0.32717E-01  0.38306E-01  0.50203E-01  0.68292E-01
  0.92110E-01  0.12086E+00  0.15346E+00  0.18858E+00  0.22473E+00  0.26033E+00
  0.29378E+00  0.32355E+00  0.34829E+00  0.36683E+00  0.37832E+00  0.38220E+00
  0.45337E+01  0.26041E+02
  0.19343E+02  0.19179E+02  0.18691E+02  0.17906E+02  0.16864E+02  0.15616E+02
  0.14220E+02  0.12738E+02  0.11231E+02  0.97539E+01  0.83540E+01  0.59207E+01
  0.40879E+01  0.28486E+01  0.20865E+01  0.16450E+01  0.13815E+01  0.11967E+01
  0.10381E+01  0.88782E+00  0.74596E+00  0.61775E+00  0.50641E+00  0.41152E+00
  0.33034E+00  0.25984E+00  0.19825E+00  0.14552E+00  0.10291E+00  0.72102E-01
  0.54281E-01  0.49490E-01  0.56454E-01  0.72809E-01  0.95576E-01  0.12166E+00
  0.14826E+00  0.17301E+00  0.19413E+00  0.21026E+00  0.22051E+00  0.22433E+00
  0.22154E+00  0.21232E+00  0.19723E+00  0.17718E+00  0.15336E+00  0.12723E+00
  0.10037E+00  0.74383E-01  0.50793E-01  0.30945E-01  0.15926E-01  0.65100E-02
  0.31221E-02  0.58296E-02  0.14350E-01  0.28077E-01  0.46127E-01  0.67389E-01
  0.90595E-01  0.11439E+00  0.13740E+00  0.15833E+00  0.17599E+00  0.18941E+00
  0.19785E+00  0.20083E+00  0.19822E+00  0.19015E+00  0.17708E+00  0.15974E+00
  0.13908E+00  0.11626E+00  0.92547E-01  0.69276E-01  0.47767E-01  0.29266E-01
  0.14874E-01  0.54935E-02  0.17805E-02  0.41103E-02  0.12557E-01  0.26889E-01
  0.46578E-01  0.70823E-01  0.98589E-01  0.12866E+00  0.15969E+00  0.19027E+00
  0.21902E+00  0.24461E+00  0.26586E+00  0.28178E+00  0.29164E+00  0.29497E+00
  0.43297E+01  0.27268E+02
  0.23572E+02  0.23325E+02  0.22595E+02  0.21430E+02  0.19904E+02  0.18110E+02
  0.16149E+02  0.14124E+02  0.12129E+02  0.10244E+02  0.85272E+01  0.57327E+01
  0.38174E+01  0.26280E+01  0.19248E+01  0.14928E+01  0.11924E+01  0.95711E+00
  0.76563E+00  0.61383E+00  0.49818E+00  0.41106E+00  0.34274E+00  0.28492E+00
  0.23302E+00  0.18632E+00  0.14656E+00  0.11594E+00  0.95625E-01  0.85148E-01
  0.82790E-01  0.86309E-01  0.93597E-01  0.10299E+00  0.11325E+00  0.12333E+00
  0.13227E+00  0.13911E+00  0.14298E+00  0.14319E+00  0.13940E+00  0.13164E+00
  0.12029E+00  0.10605E+00  0.89817E-01  0.72577E-01  0.55358E-01  0.39152E-01
  0.24870E-01  0.13314E-01  0.51350E-02  0.80766E-03  0.60087E-03  0.45620E-02
  0.12511E-01  0.24049E-01  0.38581E-01  0.55344E-01  0.73458E-01  0.91963E-01
  0.10988E+00  0.12627E+00  0.14024E+00  0.15107E+00  0.15816E+00  0.16114E+00
  0.15985E+00  0.15435E+00  0.14492E+00  0.13210E+00  0.11657E+00  0.99216E-01
  0.81024E-01  0.63066E-01  0.46439E-01  0.32215E-01  0.21388E-01  0.14829E-01
  0.13238E-01  0.17113E-01  0.26719E-01  0.42073E-01  0.62936E-01  0.88821E-01
  0.11901E+00  0.15257E+00  0.18841E+00  0.22531E+00  0.26198E+00  0.29709E+00
  0.32936E+00  0.35760E+00  0.38075E+00  0.39795E+00  0.40853E+00  0.41210E+00
  0.39918E+01  0.29576E+02
  0.26649E+02  0.26317E+02  0.25336E+02  0.23786E+02  0.21784E+02  0.19472E+02
  0.17004E+02  0.14525E+02  0.12159E+02  0.10002E+02  0.81147E+01  0.52276E+01
  0.34074E+01  0.23401E+01  0.17049E+01  0.12860E+01  0.97972E+00  0.75017E+00
  0.58468E+00  0.47081E+00  0.39213E+00  0.33258E+00  0.28133E+00  0.23429E+00
  0.19234E+00  0.15800E+00  0.13269E+00  0.11587E+00  0.10567E+00  0.10007E+00
  0.97578E-01  0.97352E-01  0.98815E-01  0.10132E+00  0.10399E+00  0.10588E+00
  0.10613E+00  0.10418E+00  0.99852E-01  0.93266E-01  0.84760E-01  0.74768E-01
  0.63770E-01  0.52274E-01  0.40821E-01  0.29976E-01  0.20314E-01  0.12376E-01
  0.66273E-02  0.34189E-02  0.29594E-02  0.53048E-02  0.10359E-01  0.17884E-01
  0.27513E-01  0.38771E-01  0.51093E-01  0.63856E-01  0.76402E-01  0.88078E-01
  0.98264E-01  0.10641E+00  0.11207E+00  0.11491E+00  0.11476E+00  0.11160E+00
  0.10557E+00  0.96966E-01  0.86259E-01  0.74038E-01  0.61010E-01  0.47963E-01
  0.35733E-01  0.25173E-01  0.17105E-01  0.12294E-01  0.11403E-01  0.14963E-01
  0.23350E-01  0.36756E-01  0.55185E-01  0.78437E-01  0.10612E+00  0.13764E+00
  0.17226E+00  0.20907E+00  0.24706E+00  0.28513E+00  0.32217E+00  0.35704E+00
  0.38866E+00  0.41604E+00  0.43831E+00  0.45475E+00  0.46482E+00  0.46821E+00
  0.36756E+01  0.32120E+02
  0.29069E+02  0.28647E+02  0.27410E+02  0.25472E+02  0.23005E+02  0.20208E+02
  0.17289E+02  0.14436E+02  0.11798E+02  0.94760E+01  0.75205E+01  0.46948E+01
  0.30305E+01  0.20803E+01  0.14963E+01  0.10960E+01  0.81072E+00  0.61516E+00
  0.48848E+00  0.40611E+00  0.34571E+00  0.29358E+00  0.24572E+00  0.20395E+00
  0.17079E+00  0.14654E+00  0.12940E+00  0.11709E+00  0.10802E+00  0.10150E+00
  0.97220E-01  0.94705E-01  0.93144E-01  0.91596E-01  0.89300E-01  0.85862E-01
  0.81232E-01  0.75551E-01  0.68999E-01  0.61732E-01  0.53911E-01  0.45748E-01
  0.37542E-01  0.29666E-01  0.22517E-01  0.16472E-01  0.11840E-01  0.88520E-02
  0.76536E-02  0.83090E-02  0.10800E-01  0.15024E-01  0.20789E-01  0.27819E-01
  0.35759E-01  0.44201E-01  0.52699E-01  0.60797E-01  0.68056E-01  0.74073E-01
  0.78503E-01  0.81078E-01  0.81621E-01  0.80060E-01  0.76430E-01  0.70882E-01
  0.63680E-01  0.55192E-01  0.45881E-01  0.36287E-01  0.27007E-01  0.18672E-01
  0.11922E-01  0.73771E-02  0.56147E-02  0.71401E-02  0.12365E-01  0.21585E-01
  0.34965E-01  0.52526E-01  0.74137E-01  0.99518E-01  0.12824E+00  0.15975E+00
  0.19335E+00  0.22826E+00  0.26363E+00  0.29855E+00  0.33210E+00  0.36337E+00
  0.39149E+00  0.41569E+00  0.43526E+00  0.44966E+00  0.45846E+00  0.46142E+00
  0.34074E+01  0.34648E+02
  0.31081E+02  0.30568E+02  0.29069E+02  0.26744E+02  0.23823E+02  0.20572E+02
  0.17255E+02  0.14100E+02  0.11272E+02  0.88653E+01  0.69103E+01  0.42240E+01
  0.27191E+01  0.18607E+01  0.13160E+01  0.94359E+00  0.69406E+00  0.53726E+00
  0.44027E+00  0.37267E+00  0.31563E+00  0.26368E+00  0.21898E+00  0.18405E+00
  0.15842E+00  0.13948E+00  0.12476E+00  0.11302E+00  0.10390E+00  0.97145E-01
  0.92068E-01  0.87745E-01  0.83396E-01  0.78658E-01  0.73530E-01  0.68134E-01
  0.62536E-01  0.56705E-01  0.50607E-01  0.44296E-01  0.37947E-01  0.31815E-01
  0.26171E-01  0.21252E-01  0.17245E-01  0.14299E-01  0.12527E-01  0.12011E-01
  0.12782E-01  0.14808E-01  0.17984E-01  0.22137E-01  0.27039E-01  0.32425E-01
  0.38008E-01  0.43488E-01  0.48568E-01  0.52962E-01  0.56410E-01  0.58688E-01
  0.59627E-01  0.59120E-01  0.57133E-01  0.53714E-01  0.48993E-01  0.43177E-01
  0.36551E-01  0.29466E-01  0.22325E-01  0.15575E-01  0.96863E-02  0.51364E-02
  0.23918E-02  0.18882E-02  0.40122E-02  0.90846E-02  0.17345E-01  0.28938E-01
  0.43906E-01  0.62181E-01  0.83581E-01  0.10781E+00  0.13448E+00  0.16309E+00
  0.19307E+00  0.22377E+00  0.25450E+00  0.28454E+00  0.31316E+00  0.33965E+00
  0.36335E+00  0.38364E+00  0.40001E+00  0.41201E+00  0.41934E+00  0.42180E+00
  0.31835E+01  0.37085E+02
  0.32823E+02  0.32216E+02  0.30452E+02  0.27739E+02  0.24378E+02  0.20704E+02
  0.17040E+02  0.13644E+02  0.10690E+02  0.82583E+01  0.63472E+01  0.38311E+01
  0.24659E+01  0.16762E+01  0.11667E+01  0.82965E+00  0.61909E+00  0.49350E+00
  0.41205E+00  0.34694E+00  0.28843E+00  0.23819E+00  0.19913E+00  0.17049E+00
  0.14901E+00  0.13186E+00  0.11782E+00  0.10663E+00  0.97913E-01  0.90839E-01
  0.84488E-01  0.78328E-01  0.72295E-01  0.66519E-01  0.61039E-01  0.55728E-01
  0.50418E-01  0.45044E-01  0.39692E-01  0.34541E-01  0.29773E-01  0.25527E-01
  0.21905E-01  0.18996E-01  0.16891E-01  0.15668E-01  0.15372E-01  0.15991E-01
  0.17461E-01  0.19672E-01  0.22490E-01  0.25759E-01  0.29307E-01  0.32942E-01
  0.36458E-01  0.39645E-01  0.42297E-01  0.44231E-01  0.45294E-01  0.45380E-01
  0.44427E-01  0.42429E-01  0.39434E-01  0.35545E-01  0.30921E-01  0.25772E-01
  0.20356E-01  0.14971E-01  0.99464E-02  0.56294E-02  0.23763E-02  0.53679E-03
  0.44159E-03  0.23887E-02  0.66313E-02  0.13366E-01  0.22722E-01  0.34755E-01
  0.49441E-01  0.66672E-01  0.86258E-01  0.10793E+00  0.13133E+00  0.15606E+00
  0.18165E+00  0.20757E+00  0.23328E+00  0.25822E+00  0.28183E+00  0.30357E+00
  0.32293E+00  0.33945E+00  0.35274E+00  0.36247E+00  0.36841E+00  0.37040E+00
  0.29956E+01  0.39412E+02
  0.34372E+02  0.33670E+02  0.31636E+02  0.28538E+02  0.24750E+02  0.20684E+02
  0.16717E+02  0.13135E+02  0.10108E+02  0.76916E+01  0.58498E+01  0.35078E+01
  0.22571E+01  0.15203E+01  0.10466E+01  0.74802E+00  0.57193E+00  0.46602E+00
  0.38884E+00  0.32154E+00  0.26329E+00  0.21772E+00  0.18448E+00  0.15972E+00
  0.13993E+00  0.12357E+00  0.11035E+00  0.99825E-01  0.91058E-01  0.83169E-01
  0.75798E-01  0.69021E-01  0.62942E-01  0.57445E-01  0.52267E-01  0.47211E-01
  0.42265E-01  0.37549E-01  0.33201E-01  0.29301E-01  0.25887E-01  0.22994E-01
  0.20683E-01  0.19018E-01  0.18037E-01  0.17737E-01  0.18075E-01  0.18989E-01
  0.20406E-01  0.22242E-01  0.24391E-01  0.26724E-01  0.29090E-01  0.31330E-01
  0.33290E-01  0.34828E-01  0.35826E-01  0.36191E-01  0.35853E-01  0.34778E-01
  0.32962E-01  0.30442E-01  0.27291E-01  0.23629E-01  0.19610E-01  0.15427E-01
  0.11298E-01  0.74694E-02  0.41979E-02  0.17487E-02  0.38420E-03  0.35510E-03
  0.18908E-02  0.51904E-02  0.10414E-01  0.17676E-01  0.27038E-01  0.38503E-01
  0.52016E-01  0.67458E-01  0.84652E-01  0.10336E+00  0.12329E+00  0.14412E+00
  0.16545E+00  0.18689E+00  0.20801E+00  0.22837E+00  0.24755E+00  0.26514E+00
  0.28075E+00  0.29404E+00  0.30470E+00  0.31250E+00  0.31725E+00  0.31884E+00
  0.28359E+01  0.41631E+02
  0.35775E+02  0.34976E+02  0.32669E+02  0.29189E+02  0.24989E+02  0.20560E+02
  0.16331E+02  0.12609E+02  0.95500E+01  0.71779E+01  0.54186E+01  0.32404E+01
  0.20812E+01  0.13886E+01  0.95203E+00  0.69065E+00  0.54074E+00  0.44390E+00
  0.36519E+00  0.29657E+00  0.24178E+00  0.20187E+00  0.17278E+00  0.14988E+00
  0.13096E+00  0.11552E+00  0.10312E+00  0.92793E-01  0.83622E-01  0.75302E-01
  0.67943E-01  0.61575E-01  0.55952E-01  0.50736E-01  0.45756E-01  0.41052E-01
  0.36746E-01  0.32905E-01  0.29520E-01  0.26572E-01  0.24079E-01  0.22087E-01
  0.20630E-01  0.19707E-01  0.19287E-01  0.19330E-01  0.19799E-01  0.20647E-01
  0.21808E-01  0.23191E-01  0.24683E-01  0.26165E-01  0.27528E-01  0.28672E-01
  0.29507E-01  0.29954E-01  0.29945E-01  0.29428E-01  0.28374E-01  0.26780E-01
  0.24676E-01  0.22121E-01  0.19204E-01  0.16042E-01  0.12776E-01  0.95674E-02
  0.65949E-02  0.40500E-02  0.21306E-02  0.10345E-02  0.95312E-03  0.20637E-02
  0.45235E-02  0.84630E-02  0.13981E-01  0.21137E-01  0.29953E-01  0.40403E-01
  0.52419E-01  0.65886E-01  0.80645E-01  0.96496E-01  0.11320E+00  0.13048E+00
  0.14805E+00  0.16559E+00  0.18276E+00  0.19924E+00  0.21469E+00  0.22881E+00
  0.24131E+00  0.25191E+00  0.26041E+00  0.26661E+00  0.27039E+00  0.27165E+00
  0.26984E+01  0.43752E+02
  0.45690E+02  0.43839E+02  0.38726E+02  0.31647E+02  0.24129E+02  0.17412E+02
  0.12149E+02  0.84139E+01  0.59258E+01  0.42995E+01  0.32094E+01  0.18846E+01
  0.11763E+01  0.81095E+00  0.59839E+00  0.44217E+00  0.33038E+00  0.25862E+00
  0.20918E+00  0.17039E+00  0.14036E+00  0.11778E+00  0.10002E+00  0.85633E-01
  0.74124E-01  0.64703E-01  0.56738E-01  0.50133E-01  0.44763E-01  0.40239E-01
  0.36297E-01  0.32949E-01  0.30183E-01  0.27853E-01  0.25829E-01  0.24086E-01
  0.22610E-01  0.21347E-01  0.20244E-01  0.19276E-01  0.18421E-01  0.17648E-01
  0.16932E-01  0.16264E-01  0.15631E-01  0.15013E-01  0.14393E-01  0.13765E-01
  0.13132E-01  0.12492E-01  0.11840E-01  0.11175E-01  0.10501E-01  0.98284E-02
  0.91666E-02  0.85260E-02  0.79172E-02  0.73527E-02  0.68483E-02  0.64205E-02
  0.60855E-02  0.58594E-02  0.57583E-02  0.57981E-02  0.59935E-02  0.63572E-02
  0.69000E-02  0.76321E-02  0.85618E-02  0.96926E-02  0.11025E-01  0.12558E-01
  0.14288E-01  0.16207E-01  0.18302E-01  0.20561E-01  0.22967E-01  0.25501E-01
  0.28136E-01  0.30848E-01  0.33608E-01  0.36390E-01  0.39165E-01  0.41900E-01
  0.44559E-01  0.47111E-01  0.49530E-01  0.51788E-01  0.53853E-01  0.55697E-01
  0.57300E-01  0.58641E-01  0.59703E-01  0.60473E-01  0.60941E-01  0.61098E-01
  0.19189E+01  0.61526E+02
  0.52051E+02  0.49063E+02  0.41144E+02  0.31039E+02  0.21509E+02  0.14161E+02
  0.92460E+01  0.62097E+01  0.43461E+01  0.31421E+01  0.23183E+01  0.13444E+01
  0.87484E+00  0.59846E+00  0.41627E+00  0.30785E+00  0.23664E+00  0.18366E+00
  0.14656E+00  0.11984E+00  0.99039E-01  0.83006E-01  0.70481E-01  0.60468E-01
  0.52491E-01  0.45924E-01  0.40447E-01  0.35990E-01  0.32260E-01  0.29040E-01
  0.26328E-01  0.24038E-01  0.22028E-01  0.20266E-01  0.18740E-01  0.17390E-01
  0.16176E-01  0.15090E-01  0.14108E-01  0.13211E-01  0.12388E-01  0.11629E-01
  0.10923E-01  0.10266E-01  0.96546E-02  0.90831E-02  0.85485E-02  0.80511E-02
  0.75892E-02  0.71632E-02  0.67751E-02  0.64245E-02  0.61115E-02  0.58393E-02
  0.56097E-02  0.54243E-02  0.52850E-02  0.51923E-02  0.51472E-02  0.51515E-02
  0.52065E-02  0.53127E-02  0.54706E-02  0.56801E-02  0.59407E-02  0.62517E-02
  0.66122E-02  0.70197E-02  0.74711E-02  0.79654E-02  0.85008E-02  0.90722E-02
  0.96754E-02  0.10308E-01  0.10963E-01  0.11635E-01  0.12321E-01  0.13020E-01
  0.13723E-01  0.14423E-01  0.15115E-01  0.15796E-01  0.16457E-01  0.17093E-01
  0.17701E-01  0.18277E-01  0.18811E-01  0.19298E-01  0.19743E-01  0.20141E-01
  0.20481E-01  0.20759E-01  0.20979E-01  0.21145E-01  0.21253E-01  0.21293E-01
  0.15515E+01  0.76095E+02
  0.56758E+02  0.52587E+02  0.41967E+02  0.29440E+02  0.18866E+02  0.11698E+02
  0.74341E+01  0.49723E+01  0.34668E+01  0.24782E+01  0.18135E+01  0.10725E+01
  0.68696E+00  0.45590E+00  0.32614E+00  0.24058E+00  0.18192E+00  0.14309E+00
  0.11425E+00  0.92849E-01  0.76897E-01  0.64475E-01  0.54754E-01  0.46954E-01
  0.40697E-01  0.35582E-01  0.31300E-01  0.27783E-01  0.24810E-01  0.22247E-01
  0.20084E-01  0.18213E-01  0.16570E-01  0.15148E-01  0.13892E-01  0.12773E-01
  0.11782E-01  0.10894E-01  0.10094E-01  0.93737E-02  0.87230E-02  0.81338E-02
  0.75999E-02  0.71156E-02  0.66775E-02  0.62823E-02  0.59261E-02  0.56079E-02
  0.53248E-02  0.50743E-02  0.48576E-02  0.46719E-02  0.45147E-02  0.43863E-02
  0.42868E-02  0.42164E-02  0.41721E-02  0.41518E-02  0.41571E-02  0.41863E-02
  0.42372E-02  0.43093E-02  0.44020E-02  0.45149E-02  0.46465E-02  0.47948E-02
  0.49587E-02  0.51373E-02  0.53287E-02  0.55313E-02  0.57442E-02  0.59649E-02
  0.61923E-02  0.64260E-02  0.66627E-02  0.69008E-02  0.71407E-02  0.73792E-02
  0.76136E-02  0.78437E-02  0.80699E-02  0.82901E-02  0.84997E-02  0.86995E-02
  0.88900E-02  0.90678E-02  0.92333E-02  0.93839E-02  0.95165E-02  0.96341E-02
  0.97366E-02  0.98219E-02  0.98863E-02  0.99308E-02  0.99646E-02  0.99801E-02
  0.13258E+01  0.89048E+02
  0.60500E+02  0.55118E+02  0.41944E+02  0.27541E+02  0.16576E+02  0.99156E+01
  0.62530E+01  0.41746E+01  0.28831E+01  0.20429E+01  0.14998E+01  0.88867E+00
  0.55533E+00  0.37672E+00  0.26698E+00  0.19574E+00  0.14995E+00  0.11669E+00
  0.93234E-01  0.75839E-01  0.62592E-01  0.52407E-01  0.44388E-01  0.37988E-01
  0.32787E-01  0.28571E-01  0.25047E-01  0.22116E-01  0.19653E-01  0.17541E-01
  0.15755E-01  0.14206E-01  0.12857E-01  0.11689E-01  0.10661E-01  0.97576E-02
  0.89596E-02  0.82515E-02  0.76219E-02  0.70600E-02  0.65587E-02  0.61113E-02
  0.57120E-02  0.53559E-02  0.50379E-02  0.47558E-02  0.45058E-02  0.42850E-02
  0.40931E-02  0.39262E-02  0.37816E-02  0.36587E-02  0.35581E-02  0.34754E-02
  0.34082E-02  0.33603E-02  0.33281E-02  0.33083E-02  0.33028E-02  0.33111E-02
  0.33312E-02  0.33604E-02  0.33976E-02  0.34452E-02  0.35027E-02  0.35659E-02
  0.36348E-02  0.37099E-02  0.37900E-02  0.38748E-02  0.39629E-02  0.40534E-02
  0.41459E-02  0.42400E-02  0.43348E-02  0.44295E-02  0.45239E-02  0.46172E-02
  0.47080E-02  0.47968E-02  0.48840E-02  0.49673E-02  0.50460E-02  0.51214E-02
  0.51932E-02  0.52593E-02  0.53192E-02  0.53758E-02  0.54257E-02  0.54677E-02
  0.55053E-02  0.55348E-02  0.55589E-02  0.55785E-02  0.55862E-02  0.55865E-02
  0.11693E+01  0.10096E+03
  0.63615E+02  0.57006E+02  0.41439E+02  0.25621E+02  0.14684E+02  0.86165E+01
  0.54265E+01  0.36013E+01  0.24613E+01  0.17414E+01  0.12847E+01  0.74902E+00
  0.47156E+00  0.31977E+00  0.22467E+00  0.16660E+00  0.12607E+00  0.98480E-01
  0.78420E-01  0.63590E-01  0.52395E-01  0.43716E-01  0.36892E-01  0.31466E-01
  0.27066E-01  0.23469E-01  0.20510E-01  0.18025E-01  0.15956E-01  0.14189E-01
  0.12687E-01  0.11398E-01  0.10281E-01  0.93152E-02  0.84732E-02  0.77368E-02
  0.70888E-02  0.65191E-02  0.60157E-02  0.55708E-02  0.51769E-02  0.48276E-02
  0.45177E-02  0.42431E-02  0.40005E-02  0.37846E-02  0.35953E-02  0.34299E-02
  0.32830E-02  0.31554E-02  0.30469E-02  0.29519E-02  0.28703E-02  0.28061E-02
  0.27515E-02  0.27063E-02  0.26729E-02  0.26478E-02  0.26297E-02  0.26198E-02
  0.26195E-02  0.26244E-02  0.26322E-02  0.26466E-02  0.26666E-02  0.26903E-02
  0.27157E-02  0.27425E-02  0.27750E-02  0.28101E-02  0.28455E-02  0.28823E-02
  0.29198E-02  0.29590E-02  0.29990E-02  0.30386E-02  0.30781E-02  0.31167E-02
  0.31541E-02  0.31907E-02  0.32264E-02  0.32610E-02  0.32941E-02  0.33255E-02
  0.33549E-02  0.33818E-02  0.34067E-02  0.34293E-02  0.34485E-02  0.34664E-02
  0.34814E-02  0.34923E-02  0.35025E-02  0.35097E-02  0.35124E-02  0.35129E-02
  0.10527E+01  0.11215E+03
  0.66289E+02  0.58442E+02  0.40644E+02  0.23799E+02  0.13141E+02  0.76433E+01
  0.48064E+01  0.31600E+01  0.21444E+01  0.15209E+01  0.11210E+01  0.64652E+00
  0.41150E+00  0.27514E+00  0.19544E+00  0.14337E+00  0.10880E+00  0.84636E-01
  0.67230E-01  0.54398E-01  0.44643E-01  0.37131E-01  0.31238E-01  0.26533E-01
  0.22755E-01  0.19657E-01  0.17119E-01  0.15002E-01  0.13228E-01  0.11733E-01
  0.10460E-01  0.93747E-02  0.84384E-02  0.76316E-02  0.69305E-02  0.63190E-02
  0.57848E-02  0.53185E-02  0.49062E-02  0.45448E-02  0.42251E-02  0.39425E-02
  0.36929E-02  0.34724E-02  0.32770E-02  0.31042E-02  0.29523E-02  0.28171E-02
  0.26992E-02  0.25963E-02  0.25040E-02  0.24250E-02  0.23583E-02  0.22977E-02
  0.22477E-02  0.22061E-02  0.21704E-02  0.21409E-02  0.21197E-02  0.21017E-02
  0.20855E-02  0.20770E-02  0.20732E-02  0.20708E-02  0.20704E-02  0.20748E-02
  0.20829E-02  0.20896E-02  0.20982E-02  0.21084E-02  0.21225E-02  0.21364E-02
  0.21487E-02  0.21632E-02  0.21782E-02  0.21945E-02  0.22109E-02  0.22265E-02
  0.22419E-02  0.22561E-02  0.22704E-02  0.22857E-02  0.23000E-02  0.23136E-02
  0.23267E-02  0.23378E-02  0.23477E-02  0.23565E-02  0.23642E-02  0.23711E-02
  0.23769E-02  0.23824E-02  0.23862E-02  0.23886E-02  0.23905E-02  0.23911E-02
  0.96150E+00  0.12279E+03
  0.68624E+02  0.59536E+02  0.39674E+02  0.22121E+02  0.11885E+02  0.68891E+01
  0.43144E+01  0.28074E+01  0.18999E+01  0.13499E+01  0.98965E+00  0.57144E+00
  0.36220E+00  0.24233E+00  0.17177E+00  0.12560E+00  0.95229E-01  0.73782E-01
  0.58520E-01  0.47151E-01  0.38597E-01  0.31995E-01  0.26824E-01  0.22724E-01
  0.19416E-01  0.16737E-01  0.14526E-01  0.12702E-01  0.11172E-01  0.98898E-02
  0.87992E-02  0.78714E-02  0.70750E-02  0.63910E-02  0.57969E-02  0.52855E-02
  0.48360E-02  0.44452E-02  0.41003E-02  0.37983E-02  0.35316E-02  0.32971E-02
  0.30897E-02  0.29059E-02  0.27429E-02  0.25989E-02  0.24715E-02  0.23576E-02
  0.22585E-02  0.21689E-02  0.20908E-02  0.20238E-02  0.19607E-02  0.19088E-02
  0.18626E-02  0.18210E-02  0.17865E-02  0.17571E-02  0.17286E-02  0.17085E-02
  0.16912E-02  0.16748E-02  0.16611E-02  0.16528E-02  0.16460E-02  0.16376E-02
  0.16339E-02  0.16335E-02  0.16332E-02  0.16319E-02  0.16326E-02  0.16366E-02
  0.16403E-02  0.16428E-02  0.16461E-02  0.16503E-02  0.16558E-02  0.16611E-02
  0.16672E-02  0.16713E-02  0.16754E-02  0.16810E-02  0.16862E-02  0.16921E-02
  0.16973E-02  0.17028E-02  0.17064E-02  0.17100E-02  0.17133E-02  0.17140E-02
  0.17168E-02  0.17188E-02  0.17191E-02  0.17213E-02  0.17211E-02  0.17171E-02
  0.88801E+00  0.13295E+03
  0.70705E+02  0.60374E+02  0.38605E+02  0.20601E+02  0.10854E+02  0.62840E+01
  0.39082E+01  0.25205E+01  0.17061E+01  0.12110E+01  0.88342E+00  0.51280E+00
  0.32183E+00  0.21680E+00  0.15217E+00  0.11168E+00  0.84089E-01  0.65194E-01
  0.51447E-01  0.41380E-01  0.33749E-01  0.27899E-01  0.23327E-01  0.19701E-01
  0.16799E-01  0.14438E-01  0.12508E-01  0.10911E-01  0.95825E-02  0.84670E-02
  0.75243E-02  0.67221E-02  0.60364E-02  0.54495E-02  0.49405E-02  0.45018E-02
  0.41152E-02  0.37822E-02  0.34885E-02  0.32333E-02  0.30061E-02  0.28061E-02
  0.26286E-02  0.24720E-02  0.23331E-02  0.22099E-02  0.20996E-02  0.20023E-02
  0.19156E-02  0.18374E-02  0.17697E-02  0.17074E-02  0.16533E-02  0.16052E-02
  0.15607E-02  0.15234E-02  0.14910E-02  0.14591E-02  0.14345E-02  0.14106E-02
  0.13893E-02  0.13726E-02  0.13575E-02  0.13419E-02  0.13315E-02  0.13239E-02
  0.13145E-02  0.13052E-02  0.13010E-02  0.12964E-02  0.12912E-02  0.12877E-02
  0.12856E-02  0.12855E-02  0.12846E-02  0.12840E-02  0.12814E-02  0.12825E-02
  0.12836E-02  0.12840E-02  0.12847E-02  0.12844E-02  0.12847E-02  0.12848E-02
  0.12873E-02  0.12883E-02  0.12897E-02  0.12915E-02  0.12920E-02  0.12946E-02
  0.12943E-02  0.12932E-02  0.12942E-02  0.12918E-02  0.12921E-02  0.12978E-02
  0.82716E+00  0.14273E+03
  0.72582E+02  0.61009E+02  0.37483E+02  0.19237E+02  0.10000E+02  0.57826E+01
  0.35640E+01  0.22840E+01  0.15479E+01  0.10955E+01  0.79747E+00  0.46361E+00
  0.28980E+00  0.19497E+00  0.13665E+00  0.99859E-01  0.75187E-01  0.57997E-01
  0.45715E-01  0.36626E-01  0.29813E-01  0.24577E-01  0.20497E-01  0.17275E-01
  0.14695E-01  0.12607E-01  0.10902E-01  0.94959E-02  0.83272E-02  0.73472E-02
  0.65229E-02  0.58205E-02  0.52246E-02  0.47142E-02  0.42710E-02  0.38903E-02
  0.35555E-02  0.32662E-02  0.30120E-02  0.27902E-02  0.25932E-02  0.24203E-02
  0.22665E-02  0.21306E-02  0.20101E-02  0.19025E-02  0.18062E-02  0.17207E-02
  0.16437E-02  0.15754E-02  0.15138E-02  0.14580E-02  0.14104E-02  0.13650E-02
  0.13256E-02  0.12908E-02  0.12570E-02  0.12304E-02  0.12037E-02  0.11801E-02
  0.11610E-02  0.11430E-02  0.11243E-02  0.11111E-02  0.10984E-02  0.10851E-02
  0.10742E-02  0.10678E-02  0.10585E-02  0.10506E-02  0.10441E-02  0.10411E-02
  0.10340E-02  0.10288E-02  0.10248E-02  0.10231E-02  0.10203E-02  0.10185E-02
  0.10143E-02  0.10124E-02  0.10124E-02  0.10113E-02  0.10111E-02  0.10100E-02
  0.10086E-02  0.10065E-02  0.10068E-02  0.10038E-02  0.10056E-02  0.10055E-02
  0.10055E-02  0.10078E-02  0.10063E-02  0.10066E-02  0.10069E-02  0.99922E-03
  0.77557E+00  0.15222E+03
  0.79873E+02  0.62188E+02  0.31902E+02  0.14309E+02  0.72764E+01  0.40938E+01
  0.24243E+01  0.15497E+01  0.10452E+01  0.73420E+00  0.53424E+00  0.30542E+00
  0.18984E+00  0.12605E+00  0.87598E-01  0.63186E-01  0.47046E-01  0.35891E-01
  0.27954E-01  0.22174E-01  0.17865E-01  0.14594E-01  0.12069E-01  0.10093E-01
  0.85273E-02  0.72701E-02  0.62525E-02  0.54193E-02  0.47321E-02  0.41590E-02
  0.36788E-02  0.32772E-02  0.29311E-02  0.26354E-02  0.23840E-02  0.21644E-02
  0.19773E-02  0.18118E-02  0.16647E-02  0.15391E-02  0.14263E-02  0.13280E-02
  0.12384E-02  0.11591E-02  0.10897E-02  0.10262E-02  0.97032E-03  0.91795E-03
  0.87264E-03  0.83085E-03  0.79327E-03  0.75849E-03  0.72715E-03  0.69886E-03
  0.67271E-03  0.64939E-03  0.62732E-03  0.60731E-03  0.58960E-03  0.57199E-03
  0.55714E-03  0.54263E-03  0.52918E-03  0.51786E-03  0.50601E-03  0.49622E-03
  0.48661E-03  0.47720E-03  0.46968E-03  0.46244E-03  0.45422E-03  0.44816E-03
  0.44361E-03  0.43684E-03  0.43133E-03  0.42761E-03  0.42334E-03  0.41845E-03
  0.41440E-03  0.41099E-03  0.40888E-03  0.40672E-03  0.40343E-03  0.39986E-03
  0.39786E-03  0.39637E-03  0.39540E-03  0.39502E-03  0.39226E-03  0.39193E-03
  0.39009E-03  0.39081E-03  0.38873E-03  0.38952E-03  0.38712E-03  0.39391E-03
  0.60158E+00  0.19625E+03
  0.85108E+02  0.61555E+02  0.27160E+02  0.11429E+02  0.57313E+01  0.30898E+01
  0.18232E+01  0.11622E+01  0.77815E+00  0.54314E+00  0.39204E+00  0.22220E+00
  0.13715E+00  0.90092E-01  0.62018E-01  0.44344E-01  0.32716E-01  0.24759E-01
  0.19142E-01  0.15079E-01  0.12073E-01  0.98091E-02  0.80733E-02  0.67228E-02
  0.56574E-02  0.48067E-02  0.41209E-02  0.35618E-02  0.31012E-02  0.27184E-02
  0.23992E-02  0.21308E-02  0.19018E-02  0.17065E-02  0.15409E-02  0.13953E-02
  0.12688E-02  0.11610E-02  0.10656E-02  0.97983E-03  0.90656E-03  0.83994E-03
  0.78128E-03  0.73004E-03  0.68284E-03  0.63951E-03  0.60352E-03  0.56834E-03
  0.53758E-03  0.50955E-03  0.48303E-03  0.46168E-03  0.43968E-03  0.42053E-03
  0.40232E-03  0.38663E-03  0.37153E-03  0.35779E-03  0.34500E-03  0.33336E-03
  0.32271E-03  0.31285E-03  0.30364E-03  0.29494E-03  0.28722E-03  0.27977E-03
  0.27314E-03  0.26710E-03  0.26088E-03  0.25576E-03  0.25063E-03  0.24583E-03
  0.24154E-03  0.23770E-03  0.23384E-03  0.23038E-03  0.22754E-03  0.22416E-03
  0.22118E-03  0.21896E-03  0.21690E-03  0.21427E-03  0.21250E-03  0.21030E-03
  0.20895E-03  0.20805E-03  0.20661E-03  0.20487E-03  0.20442E-03  0.20326E-03
  0.20272E-03  0.20250E-03  0.20099E-03  0.20211E-03  0.19953E-03  0.20642E-03
  0.49963E+00  0.23630E+03
  0.89138E+02  0.60058E+02  0.23420E+02  0.95826E+01  0.46597E+01  0.24590E+01
  0.14558E+01  0.91877E+00  0.61145E+00  0.42429E+00  0.30546E+00  0.17161E+00
  0.10491E+00  0.68306E-01  0.46657E-01  0.33151E-01  0.24290E-01  0.18280E-01
  0.14060E-01  0.11022E-01  0.87889E-02  0.71142E-02  0.58356E-02  0.48456E-02
  0.40665E-02  0.34462E-02  0.29473E-02  0.25421E-02  0.22087E-02  0.19320E-02
  0.17002E-02  0.15073E-02  0.13437E-02  0.12043E-02  0.10830E-02  0.97798E-03
  0.88837E-03  0.81041E-03  0.74311E-03  0.68043E-03  0.62695E-03  0.58168E-03
  0.53971E-03  0.50061E-03  0.46690E-03  0.43825E-03  0.41079E-03  0.38533E-03
  0.36424E-03  0.34390E-03  0.32475E-03  0.30910E-03  0.29335E-03  0.28010E-03
  0.26764E-03  0.25488E-03  0.24470E-03  0.23453E-03  0.22621E-03  0.21715E-03
  0.20968E-03  0.20250E-03  0.19590E-03  0.18987E-03  0.18404E-03  0.17871E-03
  0.17393E-03  0.16937E-03  0.16535E-03  0.16120E-03  0.15763E-03  0.15417E-03
  0.15088E-03  0.14824E-03  0.14557E-03  0.14304E-03  0.14077E-03  0.13844E-03
  0.13633E-03  0.13453E-03  0.13295E-03  0.13134E-03  0.12990E-03  0.12880E-03
  0.12764E-03  0.12674E-03  0.12573E-03  0.12473E-03  0.12377E-03  0.12302E-03
  0.12263E-03  0.12208E-03  0.12243E-03  0.12244E-03  0.12201E-03  0.12288E-03
  0.43140E+00  0.27367E+03
  0.92437E+02  0.58159E+02  0.20521E+02  0.82679E+01  0.38732E+01  0.20426E+01
  0.12010E+01  0.75267E+00  0.49796E+00  0.34442E+00  0.24627E+00  0.13729E+00
  0.83352E-01  0.53932E-01  0.36643E-01  0.25881E-01  0.18874E-01  0.14135E-01
  0.10830E-01  0.84627E-02  0.67279E-02  0.54299E-02  0.44434E-02  0.36795E-02
  0.30819E-02  0.26072E-02  0.22258E-02  0.19157E-02  0.16616E-02  0.14516E-02
  0.12747E-02  0.11276E-02  0.10029E-02  0.89564E-03  0.80515E-03  0.72734E-03
  0.65991E-03  0.60040E-03  0.54729E-03  0.50092E-03  0.46096E-03  0.42651E-03
  0.39525E-03  0.36653E-03  0.34023E-03  0.31759E-03  0.29836E-03  0.27960E-03
  0.26235E-03  0.24706E-03  0.23389E-03  0.22145E-03  0.20908E-03  0.19957E-03
  0.18972E-03  0.18099E-03  0.17413E-03  0.16513E-03  0.15894E-03  0.15308E-03
  0.14648E-03  0.14181E-03  0.13589E-03  0.13226E-03  0.12771E-03  0.12419E-03
  0.11973E-03  0.11691E-03  0.11327E-03  0.11095E-03  0.10769E-03  0.10548E-03
  0.10298E-03  0.10057E-03  0.99041E-04  0.96758E-04  0.95408E-04  0.94077E-04
  0.92020E-04  0.90565E-04  0.89399E-04  0.88342E-04  0.87076E-04  0.86051E-04
  0.85678E-04  0.85094E-04  0.84250E-04  0.83309E-04  0.82399E-04  0.81942E-04
  0.81792E-04  0.81550E-04  0.81484E-04  0.81793E-04  0.81616E-04  0.81038E-04
  0.38175E+00  0.30926E+03