  0.15572E+02  0.15559E+02  0.15520E+02  0.15454E+02  0.15363E+02  0.15246E+02
  0.15105E+02  0.14939E+02  0.14750E+02  0.14539E+02  0.14306E+02  0.13780E+02
  0.13183E+02  0.12525E+02  0.11817E+02  0.11072E+02  0.10302E+02  0.95175E+01
  0.87311E+01  0.79532E+01  0.71937E+01  0.64612E+01  0.57632E+01  0.51058E+01
  0.44938E+01  0.39304E+01  0.34177E+01  0.29565E+01  0.25463E+01  0.21859E+01
  0.18729E+01  0.16044E+01  0.13769E+01  0.11866E+01  0.10294E+01  0.90121E+00
  0.79788E+00  0.71554E+00  0.65053E+00  0.59951E+00  0.55953E+00  0.52801E+00
  0.50279E+00  0.48211E+00  0.46457E+00  0.44915E+00  0.43510E+00  0.42195E+00
  0.40945E+00  0.39752E+00  0.38619E+00  0.37560E+00  0.36591E+00  0.35732E+00
  0.35001E+00  0.34414E+00  0.33984E+00  0.33720E+00  0.33627E+00  0.33707E+00
  0.33960E+00  0.34382E+00  0.34971E+00  0.35725E+00  0.36643E+00  0.37725E+00
  0.38976E+00  0.40405E+00  0.42019E+00  0.43834E+00  0.45864E+00  0.48124E+00
  0.50631E+00  0.53398E+00  0.56438E+00  0.59757E+00  0.63357E+00  0.67231E+00
  0.71367E+00  0.75742E+00  0.80324E+00  0.85072E+00  0.89937E+00  0.94861E+00
  0.99779E+00  0.10462E+01  0.10931E+01  0.11377E+01  0.11793E+01  0.12171E+01
  0.12505E+01  0.12787E+01  0.13012E+01  0.13176E+01  0.13276E+01  0.13310E+01
  0.20734E+02  0.15252E+01
  0.94205E+01  0.94060E+01  0.93623E+01  0.92899E+01  0.91895E+01  0.90624E+01
  0.89096E+01  0.87329E+01  0.85339E+01  0.83146E+01  0.80771E+01  0.75565E+01
  0.69906E+01  0.63982E+01  0.57970E+01  0.52031E+01  0.46300E+01  0.40883E+01
  0.35854E+01  0.31257E+01  0.27110E+01  0.23406E+01  0.20121E+01  0.17220E+01
  0.14663E+01  0.12406E+01  0.10412E+01  0.86461E+00  0.70822E+00  0.57009E+00
  0.44896E+00  0.34404E+00  0.25489E+00  0.18119E+00  0.12260E+00  0.78589E-01
  0.48356E-01  0.30789E-01  0.24473E-01  0.27741E-01  0.38762E-01  0.55644E-01
  0.76541E-01  0.99761E-01  0.12385E+00  0.14765E+00  0.17033E+00  0.19141E+00
  0.21070E+00  0.22825E+00  0.24433E+00  0.25929E+00  0.27350E+00  0.28728E+00
  0.30085E+00  0.31422E+00  0.32721E+00  0.33943E+00  0.35031E+00  0.35911E+00
  0.36498E+00  0.36706E+00  0.36451E+00  0.35665E+00  0.34299E+00  0.32333E+00
  0.29782E+00  0.26698E+00  0.23171E+00  0.19333E+00  0.15350E+00  0.11420E+00
  0.77640E-01  0.46157E-01  0.22125E-01  0.78269E-02  0.53414E-02  0.16425E-01
  0.42405E-01  0.84094E-01  0.14172E+00  0.21486E+00  0.30247E+00  0.40286E+00
  0.51372E+00  0.63225E+00  0.75519E+00  0.87899E+00  0.99990E+00  0.11142E+01
  0.12181E+01  0.13084E+01  0.13819E+01  0.14363E+01  0.14697E+01  0.14809E+01
  0.86485E+01  0.36565E+01
  0.15187E+02  0.15148E+02  0.15028E+02  0.14832E+02  0.14560E+02  0.14218E+02
  0.13811E+02  0.13343E+02  0.12822E+02  0.12255E+02  0.11649E+02  0.10353E+02
  0.89987E+01  0.76452E+01  0.63468E+01  0.51467E+01  0.40763E+01  0.31541E+01
  0.23868E+01  0.17702E+01  0.12923E+01  0.93527E+00  0.67818E+00  0.49953E+00
  0.37902E+00  0.29893E+00  0.24486E+00  0.20605E+00  0.17515E+00  0.14779E+00
  0.12194E+00  0.97182E-01  0.74079E-01  0.53611E-01  0.36757E-01  0.24220E-01
  0.16294E-01  0.12835E-01  0.13320E-01  0.16955E-01  0.22800E-01  0.29901E-01
  0.37400E-01  0.44620E-01  0.51114E-01  0.56691E-01  0.61403E-01  0.65519E-01
  0.69469E-01  0.73788E-01  0.79048E-01  0.85793E-01  0.94472E-01  0.10539E+00
  0.11869E+00  0.13426E+00  0.15180E+00  0.17080E+00  0.19053E+00  0.21013E+00
  0.22860E+00  0.24492E+00  0.25806E+00  0.26709E+00  0.27123E+00  0.26989E+00
  0.26276E+00  0.24982E+00  0.23138E+00  0.20808E+00  0.18089E+00  0.15105E+00
  0.12006E+00  0.89575E-01  0.61378E-01  0.37251E-01  0.18909E-01  0.79000E-02
  0.55244E-02  0.12756E-01  0.30178E-01  0.57941E-01  0.95735E-01  0.14278E+00
  0.19786E+00  0.25935E+00  0.32527E+00  0.39339E+00  0.46130E+00  0.52654E+00
  0.58666E+00  0.63940E+00  0.68271E+00  0.71492E+00  0.73477E+00  0.74145E+00
  0.66658E+01  0.47441E+01
  0.19401E+02  0.19337E+02  0.19141E+02  0.18820E+02  0.18379E+02  0.17826E+02
  0.17170E+02  0.16423E+02  0.15599E+02  0.14711E+02  0.13772E+02  0.11805E+02
  0.98120E+01  0.78944E+01  0.61351E+01  0.45928E+01  0.33005E+01  0.22671E+01
  0.14813E+01  0.91674E+00  0.53777E+00  0.30497E+00  0.17964E+00  0.12713E+00
  0.11882E+00  0.13290E+00  0.15413E+00  0.17303E+00  0.18466E+00  0.18736E+00
  0.18158E+00  0.16896E+00  0.15158E+00  0.13152E+00  0.11060E+00  0.90283E-01
  0.71585E-01  0.55164E-01  0.41345E-01  0.30188E-01  0.21549E-01  0.15142E-01
  0.10592E-01  0.74894E-02  0.54414E-02  0.41142E-02  0.32690E-02  0.27867E-02
  0.26795E-02  0.30876E-02  0.42619E-02  0.65337E-02  0.10273E-01  0.15842E-01
  0.23543E-01  0.33570E-01  0.45970E-01  0.60609E-01  0.77157E-01  0.95088E-01
  0.11369E+00  0.13212E+00  0.14942E+00  0.16459E+00  0.17669E+00  0.18486E+00
  0.18841E+00  0.18691E+00  0.18022E+00  0.16850E+00  0.15229E+00  0.13246E+00
  0.11018E+00  0.86917E-01  0.64317E-01  0.44151E-01  0.28208E-01  0.18200E-01
  0.15653E-01  0.21814E-01  0.37565E-01  0.63354E-01  0.99147E-01  0.14441E+00
  0.19809E+00  0.25871E+00  0.32432E+00  0.39271E+00  0.46137E+00  0.52774E+00
  0.58922E+00  0.64337E+00  0.68800E+00  0.72126E+00  0.74180E+00  0.74872E+00
  0.60535E+01  0.52239E+01
  0.23784E+02  0.23642E+02  0.23216E+02  0.22521E+02  0.21582E+02  0.20428E+02
  0.19097E+02  0.17629E+02  0.16067E+02  0.14454E+02  0.12832E+02  0.97058E+01
  0.69317E+01  0.46554E+01  0.29256E+01  0.17120E+01  0.93314E+00  0.48569E+00
  0.26843E+00  0.19655E+00  0.20718E+00  0.25821E+00  0.32357E+00  0.38789E+00
  0.44205E+00  0.48051E+00  0.49998E+00  0.49904E+00  0.47814E+00  0.43947E+00
  0.38675E+00  0.32473E+00  0.25865E+00  0.19368E+00  0.13442E+00  0.84551E-01
  0.46608E-01  0.21932E-01  0.10695E-01  0.12049E-01  0.24311E-01  0.45186E-01
  0.71989E-01  0.10187E+00  0.13201E+00  0.15982E+00  0.18307E+00  0.20005E+00
  0.20965E+00  0.21138E+00  0.20540E+00  0.19243E+00  0.17366E+00  0.15067E+00
  0.12521E+00  0.99079E-01  0.74001E-01  0.51469E-01  0.32654E-01  0.18346E-01
  0.89154E-02  0.43184E-02  0.41313E-02  0.76103E-02  0.13774E-01  0.21500E-01
  0.29626E-01  0.37056E-01  0.42854E-01  0.46326E-01  0.47085E-01  0.45088E-01
  0.40650E-01  0.34430E-01  0.27394E-01  0.20747E-01  0.15854E-01  0.14141E-01
  0.16994E-01  0.25648E-01  0.41096E-01  0.64001E-01  0.94627E-01  0.13280E+00
  0.17789E+00  0.22883E+00  0.28413E+00  0.34199E+00  0.40034E+00  0.45696E+00
  0.50961E+00  0.55613E+00  0.59457E+00  0.62329E+00  0.64103E+00  0.64702E+00
  0.51784E+01  0.61067E+01
  0.25438E+02  0.25223E+02  0.24583E+02  0.23551E+02  0.22178E+02  0.20529E+02
  0.18677E+02  0.16700E+02  0.14677E+02  0.12679E+02  0.10769E+02  0.73914E+01
  0.47743E+01  0.29412E+01  0.17748E+01  0.10958E+01  0.73012E+00  0.54496E+00
  0.45694E+00  0.42134E+00  0.41597E+00  0.42807E+00  0.44733E+00  0.46404E+00
  0.46998E+00  0.45978E+00  0.43171E+00  0.38741E+00  0.33104E+00  0.26806E+00
  0.20412E+00  0.14419E+00  0.92158E-01  0.50746E-01  0.21585E-01  0.53745E-02
  0.19757E-02  0.10466E-01  0.29190E-01  0.55861E-01  0.87736E-01  0.12185E+00
  0.15527E+00  0.18536E+00  0.20992E+00  0.22734E+00  0.23664E+00  0.23749E+00
  0.23011E+00  0.21529E+00  0.19425E+00  0.16856E+00  0.14002E+00  0.11057E+00
  0.82104E-01  0.56416E-01  0.35025E-01  0.19099E-01  0.93849E-02  0.61609E-02
  0.92404E-02  0.18000E-01  0.31441E-01  0.48275E-01  0.67023E-01  0.86129E-01
  0.10407E+00  0.11945E+00  0.13111E+00  0.13820E+00  0.14020E+00  0.13702E+00
  0.12892E+00  0.11654E+00  0.10085E+00  0.83078E-01  0.64634E-01  0.47010E-01
  0.31687E-01  0.20038E-01  0.13237E-01  0.12178E-01  0.17417E-01  0.29128E-01
  0.47089E-01  0.70687E-01  0.98949E-01  0.13060E+00  0.16411E+00  0.19784E+00
  0.23007E+00  0.25912E+00  0.28350E+00  0.30189E+00  0.31334E+00  0.31721E+00
  0.46013E+01  0.68727E+01
  0.27617E+02  0.27321E+02  0.26444E+02  0.25044E+02  0.23211E+02  0.21054E+02
  0.18695E+02  0.16257E+02  0.13853E+02  0.11577E+02  0.95035E+01  0.61213E+01
  0.38022E+01  0.23735E+01  0.15568E+01  0.10979E+01  0.82656E+00  0.65456E+00
  0.54510E+00  0.48183E+00  0.45131E+00  0.43846E+00  0.42874E+00  0.41159E+00
  0.38214E+00  0.34082E+00  0.29142E+00  0.23882E+00  0.18733E+00  0.14001E+00
  0.98844E-01  0.65174E-01  0.40045E-01  0.24199E-01  0.17886E-01  0.20681E-01
  0.31445E-01  0.48458E-01  0.69652E-01  0.92854E-01  0.11598E+00  0.13716E+00
  0.15480E+00  0.16765E+00  0.17482E+00  0.17582E+00  0.17064E+00  0.15968E+00
  0.14381E+00  0.12423E+00  0.10238E+00  0.79838E-01  0.58187E-01  0.38890E-01
  0.23215E-01  0.12155E-01  0.63850E-02  0.62265E-02  0.11639E-01  0.22225E-01
  0.37260E-01  0.55734E-01  0.76419E-01  0.97946E-01  0.11889E+00  0.13788E+00
  0.15366E+00  0.16518E+00  0.17168E+00  0.17272E+00  0.16821E+00  0.15842E+00
  0.14396E+00  0.12574E+00  0.10491E+00  0.82824E-01  0.60911E-01  0.40627E-01
  0.23354E-01  0.10321E-01  0.25280E-02  0.69187E-03  0.51966E-02  0.16070E-01
  0.32976E-01  0.55235E-01  0.81852E-01  0.11158E+00  0.14296E+00  0.17445E+00
  0.20445E+00  0.23144E+00  0.25403E+00  0.27105E+00  0.28164E+00  0.28522E+00
  0.41930E+01  0.75419E+01
  0.29967E+02  0.29582E+02  0.28444E+02  0.26648E+02  0.24330E+02  0.21657E+02
  0.18806E+02  0.15948E+02  0.13227E+02  0.10754E+02  0.85985E+01  0.53265E+01
  0.32983E+01  0.21449E+01  0.14932E+01  0.10941E+01  0.82705E+00  0.64731E+00
  0.53547E+00  0.47250E+00  0.43646E+00  0.40792E+00  0.37499E+00  0.33428E+00
  0.28832E+00  0.24157E+00  0.19749E+00  0.15770E+00  0.12268E+00  0.92777E-01
  0.68675E-01  0.51200E-01  0.40846E-01  0.37457E-01  0.40213E-01  0.47849E-01
  0.58917E-01  0.71981E-01  0.85693E-01  0.98791E-01  0.11011E+00  0.11861E+00
  0.12350E+00  0.12429E+00  0.12083E+00  0.11335E+00  0.10240E+00  0.88754E-01
  0.73353E-01  0.57244E-01  0.41509E-01  0.27213E-01  0.15343E-01  0.67432E-02
  0.20615E-02  0.16944E-02  0.57580E-02  0.14078E-01  0.26204E-01  0.41440E-01
  0.58894E-01  0.77534E-01  0.96254E-01  0.11394E+00  0.12952E+00  0.14206E+00
  0.15079E+00  0.15516E+00  0.15487E+00  0.14991E+00  0.14057E+00  0.12738E+00
  0.11116E+00  0.92913E-01  0.73801E-01  0.55084E-01  0.38042E-01  0.23904E-01
  0.13780E-01  0.85961E-02  0.90401E-02  0.15521E-01  0.28140E-01  0.46680E-01
  0.70613E-01  0.99115E-01  0.13111E+00  0.16532E+00  0.20032E+00  0.23462E+00
  0.26673E+00  0.29523E+00  0.31884E+00  0.33651E+00  0.34745E+00  0.35114E+00
  0.38803E+01  0.81497E+01
  0.32249E+02  0.31767E+02  0.30352E+02  0.28139E+02  0.25324E+02  0.22141E+02
  0.18828E+02  0.15602E+02  0.12632E+02  0.10033E+02  0.78587E+01  0.47586E+01
  0.29779E+01  0.19946E+01  0.14123E+01  0.10286E+01  0.76867E+00  0.60373E+00
  0.50766E+00  0.45053E+00  0.40673E+00  0.36202E+00  0.31373E+00  0.26554E+00
  0.22155E+00  0.18333E+00  0.15035E+00  0.12176E+00  0.97540E-01  0.78319E-01
  0.64681E-01  0.56610E-01  0.53437E-01  0.54144E-01  0.57698E-01  0.63201E-01
  0.69852E-01  0.76838E-01  0.83302E-01  0.88407E-01  0.91457E-01  0.91993E-01
  0.89819E-01  0.84982E-01  0.77725E-01  0.68451E-01  0.57696E-01  0.46114E-01
  0.34445E-01  0.23473E-01  0.13964E-01  0.66034E-02  0.19410E-02  0.35548E-03
  0.20351E-02  0.69719E-02  0.14965E-01  0.25630E-01  0.38420E-01  0.52648E-01
  0.67524E-01  0.82204E-01  0.95831E-01  0.10760E+00  0.11679E+00  0.12285E+00
  0.12538E+00  0.12421E+00  0.11939E+00  0.11118E+00  0.10006E+00  0.86713E-01
  0.71984E-01  0.56835E-01  0.42304E-01  0.29455E-01  0.19319E-01  0.12838E-01
  0.10820E-01  0.13886E-01  0.22434E-01  0.36614E-01  0.56308E-01  0.81135E-01
  0.11045E+00  0.14339E+00  0.17887E+00  0.21567E+00  0.25246E+00  0.28788E+00
  0.32058E+00  0.34929E+00  0.37290E+00  0.39046E+00  0.40128E+00  0.40493E+00
  0.36264E+01  0.87202E+01
  0.34378E+02  0.33794E+02  0.32088E+02  0.29446E+02  0.26134E+02  0.22458E+02
  0.18721E+02  0.15182E+02  0.12028E+02  0.93651E+01  0.72202E+01  0.43191E+01
  0.27356E+01  0.18545E+01  0.13054E+01  0.93849E+00  0.70262E+00  0.56335E+00
  0.48174E+00  0.42320E+00  0.36820E+00  0.31294E+00  0.26160E+00  0.21797E+00
  0.18217E+00  0.15221E+00  0.12658E+00  0.10512E+00  0.88336E-01  0.76404E-01
  0.68779E-01  0.64507E-01  0.62696E-01  0.62750E-01  0.64243E-01  0.66701E-01
  0.69500E-01  0.71941E-01  0.73406E-01  0.73465E-01  0.71891E-01  0.68617E-01
  0.63698E-01  0.57292E-01  0.49677E-01  0.41247E-01  0.32503E-01  0.23996E-01
  0.16280E-01  0.98637E-02  0.51780E-02  0.25597E-02  0.22379E-02  0.43193E-02
  0.87761E-02  0.15437E-01  0.23991E-01  0.34002E-01  0.44933E-01  0.56180E-01
  0.67112E-01  0.77102E-01  0.85570E-01  0.92007E-01  0.96013E-01  0.97316E-01
  0.95796E-01  0.91496E-01  0.84633E-01  0.75592E-01  0.64912E-01  0.53266E-01
  0.41432E-01  0.30254E-01  0.20603E-01  0.13332E-01  0.92329E-02  0.89954E-02
  0.13170E-01  0.22134E-01  0.36071E-01  0.54949E-01  0.78519E-01  0.10632E+00
  0.13767E+00  0.17174E+00  0.20753E+00  0.24392E+00  0.27975E+00  0.31382E+00
  0.34497E+00  0.37212E+00  0.39430E+00  0.41073E+00  0.42083E+00  0.42423E+00
  0.34133E+01  0.92646E+01
  0.36334E+02  0.35645E+02  0.33640E+02  0.30562E+02  0.26757E+02  0.22612E+02
  0.18495E+02  0.14700E+02  0.11422E+02  0.87442E+01  0.66611E+01  0.39630E+01
  0.25315E+01  0.17143E+01  0.11915E+01  0.85261E+00  0.64905E+00  0.53256E+00
  0.45631E+00  0.39066E+00  0.32748E+00  0.27077E+00  0.22460E+00  0.18836E+00
  0.15894E+00  0.13414E+00  0.11361E+00  0.97634E-01  0.85996E-01  0.77785E-01
  0.71977E-01  0.67953E-01  0.65478E-01  0.64359E-01  0.64186E-01  0.64362E-01
  0.64302E-01  0.63586E-01  0.61985E-01  0.59394E-01  0.55769E-01  0.51129E-01
  0.45579E-01  0.39340E-01  0.32725E-01  0.26101E-01  0.19841E-01  0.14299E-01
  0.97979E-02  0.66220E-02  0.50043E-02  0.51038E-02  0.69836E-02  0.10598E-01
  0.15795E-01  0.22324E-01  0.29854E-01  0.37991E-01  0.46299E-01  0.54317E-01
  0.61583E-01  0.67662E-01  0.72168E-01  0.74796E-01  0.75345E-01  0.73728E-01
  0.69991E-01  0.64310E-01  0.56990E-01  0.48455E-01  0.39231E-01  0.29928E-01
  0.21211E-01  0.13773E-01  0.83049E-02  0.54593E-02  0.58213E-02  0.98757E-02
  0.17980E-01  0.30343E-01  0.47007E-01  0.67839E-01  0.92531E-01  0.12060E+00
  0.15141E+00  0.18419E+00  0.21805E+00  0.25201E+00  0.28508E+00  0.31626E+00
  0.34456E+00  0.36909E+00  0.38906E+00  0.40382E+00  0.41287E+00  0.41591E+00
  0.32309E+01  0.97878E+01
  0.38129E+02  0.37330E+02  0.35019E+02  0.31503E+02  0.27216E+02  0.22629E+02
  0.18175E+02  0.14178E+02  0.10826E+02  0.81726E+01  0.61715E+01  0.36661E+01
  0.23501E+01  0.15786E+01  0.10859E+01  0.78250E+00  0.60981E+00  0.50705E+00
  0.42840E+00  0.35578E+00  0.29104E+00  0.23926E+00  0.20003E+00  0.16926E+00
  0.14380E+00  0.12283E+00  0.10646E+00  0.94201E-01  0.84904E-01  0.77556E-01
  0.71760E-01  0.67496E-01  0.64620E-01  0.62679E-01  0.61080E-01  0.59360E-01
  0.57272E-01  0.54717E-01  0.51626E-01  0.47941E-01  0.43653E-01  0.38850E-01
  0.33712E-01  0.28467E-01  0.23351E-01  0.18597E-01  0.14436E-01  0.11094E-01
  0.87828E-02  0.76694E-02  0.78539E-02  0.93585E-02  0.12129E-01  0.16044E-01
  0.20917E-01  0.26507E-01  0.32522E-01  0.38635E-01  0.44495E-01  0.49753E-01
  0.54082E-01  0.57200E-01  0.58886E-01  0.58992E-01  0.57457E-01  0.54314E-01
  0.49691E-01  0.43812E-01  0.36996E-01  0.29645E-01  0.22230E-01  0.15275E-01
  0.93333E-02  0.49622E-02  0.26975E-02  0.30290E-02  0.63758E-02  0.13065E-01
  0.23312E-01  0.37208E-01  0.54708E-01  0.75627E-01  0.99640E-01  0.12629E+00
  0.15501E+00  0.18510E+00  0.21582E+00  0.24633E+00  0.27581E+00  0.30341E+00
  0.32834E+00  0.34986E+00  0.36733E+00  0.38020E+00  0.38809E+00  0.39074E+00
  0.30725E+01  0.10292E+02
  0.39778E+02  0.38868E+02  0.36244E+02  0.32291E+02  0.27534E+02  0.22536E+02
  0.17789E+02  0.13637E+02  0.10253E+02  0.76522E+01  0.57434E+01  0.34128E+01
  0.21856E+01  0.14528E+01  0.99562E+00  0.72930E+00  0.58043E+00  0.48229E+00
  0.39823E+00  0.32282E+00  0.26203E+00  0.21701E+00  0.18308E+00  0.15567E+00
  0.13317E+00  0.11546E+00  0.10194E+00  0.91304E-01  0.82494E-01  0.75225E-01
  0.69577E-01  0.65388E-01  0.62133E-01  0.59235E-01  0.56345E-01  0.53353E-01
  0.50219E-01  0.46868E-01  0.43216E-01  0.39246E-01  0.35034E-01  0.30714E-01
  0.26431E-01  0.22328E-01  0.18554E-01  0.15277E-01  0.12673E-01  0.10894E-01
  0.10045E-01  0.10177E-01  0.11287E-01  0.13330E-01  0.16218E-01  0.19813E-01
  0.23934E-01  0.28357E-01  0.32834E-01  0.37103E-01  0.40905E-01  0.44004E-01
  0.46187E-01  0.47288E-01  0.47185E-01  0.45824E-01  0.43218E-01  0.39459E-01
  0.34718E-01  0.29236E-01  0.23322E-01  0.17340E-01  0.11697E-01  0.68243E-02
  0.31657E-02  0.11549E-02  0.11981E-02  0.36540E-02  0.88165E-02  0.16900E-01
  0.28027E-01  0.42215E-01  0.59370E-01  0.79285E-01  0.10165E+00  0.12604E+00
  0.15195E+00  0.17880E+00  0.20594E+00  0.23271E+00  0.25839E+00  0.28232E+00
  0.30382E+00  0.32231E+00  0.33727E+00  0.34828E+00  0.35502E+00  0.35729E+00
  0.29335E+01  0.10780E+02
  0.51448E+02  0.49322E+02  0.43459E+02  0.35364E+02  0.26806E+02  0.19207E+02
  0.13301E+02  0.91485E+01  0.64085E+01  0.46295E+01  0.34400E+01  0.19967E+01
  0.12394E+01  0.86175E+00  0.64142E+00  0.47461E+00  0.35513E+00  0.27903E+00
  0.22625E+00  0.18497E+00  0.15334E+00  0.12934E+00  0.11014E+00  0.94680E-01
  0.82408E-01  0.72190E-01  0.63347E-01  0.55933E-01  0.49823E-01  0.44544E-01
  0.39845E-01  0.35774E-01  0.32320E-01  0.29338E-01  0.26734E-01  0.24499E-01
  0.22609E-01  0.21015E-01  0.19694E-01  0.18634E-01  0.17805E-01  0.17163E-01
  0.16683E-01  0.16356E-01  0.16158E-01  0.16046E-01  0.15980E-01  0.15938E-01
  0.15900E-01  0.15837E-01  0.15719E-01  0.15519E-01  0.15221E-01  0.14811E-01
  0.14281E-01  0.13627E-01  0.12852E-01  0.11964E-01  0.10983E-01  0.99314E-02
  0.88390E-02  0.77429E-02  0.66856E-02  0.57140E-02  0.48780E-02  0.42293E-02
  0.38208E-02  0.37060E-02  0.39359E-02  0.45564E-02  0.56086E-02  0.71276E-02
  0.91402E-02  0.11663E-01  0.14704E-01  0.18259E-01  0.22310E-01  0.26831E-01
  0.31782E-01  0.37113E-01  0.42762E-01  0.48656E-01  0.54714E-01  0.60849E-01
  0.66974E-01  0.72994E-01  0.78805E-01  0.84311E-01  0.89422E-01  0.94055E-01
  0.98125E-01  0.10156E+00  0.10429E+00  0.10628E+00  0.10749E+00  0.10789E+00
  0.21144E+01  0.14956E+02
  0.58957E+02  0.55511E+02  0.46398E+02  0.34814E+02  0.23953E+02  0.15647E+02
  0.10145E+02  0.67764E+01  0.47182E+01  0.33898E+01  0.24843E+01  0.14347E+01
  0.94349E+00  0.64861E+00  0.45161E+00  0.33556E+00  0.25890E+00  0.20172E+00
  0.16153E+00  0.13214E+00  0.10933E+00  0.91754E-01  0.77752E-01  0.66532E-01
  0.57630E-01  0.50210E-01  0.43994E-01  0.38963E-01  0.34760E-01  0.31153E-01
  0.28151E-01  0.25646E-01  0.23497E-01  0.21667E-01  0.20120E-01  0.18795E-01
  0.17658E-01  0.16677E-01  0.15815E-01  0.15054E-01  0.14380E-01  0.13765E-01
  0.13190E-01  0.12648E-01  0.12130E-01  0.11621E-01  0.11114E-01  0.10607E-01
  0.10096E-01  0.95787E-02  0.90579E-02  0.85340E-02  0.80106E-02  0.74939E-02
  0.69903E-02  0.65071E-02  0.60527E-02  0.56361E-02  0.52675E-02  0.49571E-02
  0.47153E-02  0.45525E-02  0.44783E-02  0.45022E-02  0.46328E-02  0.48776E-02
  0.52434E-02  0.57339E-02  0.63513E-02  0.70996E-02  0.79801E-02  0.89883E-02
  0.10120E-01  0.11370E-01  0.12730E-01  0.14188E-01  0.15737E-01  0.17362E-01
  0.19049E-01  0.20780E-01  0.22537E-01  0.24303E-01  0.26057E-01  0.27782E-01
  0.29456E-01  0.31062E-01  0.32580E-01  0.33992E-01  0.35283E-01  0.36435E-01
  0.37436E-01  0.38274E-01  0.38937E-01  0.39416E-01  0.39704E-01  0.39800E-01
  0.17228E+01  0.18356E+02
  0.64593E+02  0.59769E+02  0.47515E+02  0.33127E+02  0.21067E+02  0.12967E+02
  0.81928E+01  0.54495E+01  0.37735E+01  0.26786E+01  0.19533E+01  0.11636E+01
  0.74839E+00  0.49661E+00  0.35685E+00  0.26397E+00  0.20018E+00  0.15762E+00
  0.12599E+00  0.10253E+00  0.84802E-01  0.71098E-01  0.60363E-01  0.51673E-01
  0.44780E-01  0.39156E-01  0.34457E-01  0.30643E-01  0.27441E-01  0.24709E-01
  0.22428E-01  0.20476E-01  0.18788E-01  0.17336E-01  0.16065E-01  0.14944E-01
  0.13948E-01  0.13053E-01  0.12244E-01  0.11505E-01  0.10820E-01  0.10185E-01
  0.95908E-02  0.90290E-02  0.84992E-02  0.79969E-02  0.75195E-02  0.70674E-02
  0.66387E-02  0.62348E-02  0.58578E-02  0.55083E-02  0.51878E-02  0.48991E-02
  0.46456E-02  0.44293E-02  0.42518E-02  0.41155E-02  0.40224E-02  0.39743E-02
  0.39733E-02  0.40215E-02  0.41196E-02  0.42673E-02  0.44641E-02  0.47102E-02
  0.50078E-02  0.53549E-02  0.57461E-02  0.61808E-02  0.66574E-02  0.71715E-02
  0.77216E-02  0.83047E-02  0.89140E-02  0.95445E-02  0.10193E-01  0.10854E-01
  0.11519E-01  0.12185E-01  0.12850E-01  0.13505E-01  0.14143E-01  0.14760E-01
  0.15351E-01  0.15911E-01  0.16434E-01  0.16914E-01  0.17347E-01  0.17729E-01
  0.18061E-01  0.18337E-01  0.18551E-01  0.18705E-01  0.18802E-01  0.18836E-01
  0.14814E+01  0.21347E+02
  0.69115E+02  0.62876E+02  0.47642E+02  0.31073E+02  0.18561E+02  0.11030E+02
  0.69167E+01  0.45857E+01  0.31426E+01  0.22171E+01  0.16302E+01  0.97177E+00
  0.60601E+00  0.41263E+00  0.29318E+00  0.21552E+00  0.16542E+00  0.12905E+00
  0.10327E+00  0.84111E-01  0.69595E-01  0.58322E-01  0.49530E-01  0.42511E-01
  0.36803E-01  0.32220E-01  0.28383E-01  0.25208E-01  0.22552E-01  0.20278E-01
  0.18359E-01  0.16695E-01  0.15247E-01  0.13984E-01  0.12868E-01  0.11877E-01
  0.10990E-01  0.10191E-01  0.94664E-02  0.88067E-02  0.82043E-02  0.76501E-02
  0.71403E-02  0.66705E-02  0.62358E-02  0.58369E-02  0.54703E-02  0.51348E-02
  0.48314E-02  0.45571E-02  0.43106E-02  0.40930E-02  0.39056E-02  0.37461E-02
  0.36143E-02  0.35125E-02  0.34393E-02  0.33943E-02  0.33778E-02  0.33889E-02
  0.34266E-02  0.34912E-02  0.35830E-02  0.36991E-02  0.38366E-02  0.39986E-02
  0.41839E-02  0.43879E-02  0.46112E-02  0.48491E-02  0.51009E-02  0.53696E-02
  0.56500E-02  0.59391E-02  0.62334E-02  0.65312E-02  0.68339E-02  0.71381E-02
  0.74390E-02  0.77381E-02  0.80354E-02  0.83216E-02  0.85945E-02  0.88569E-02
  0.91076E-02  0.93409E-02  0.95551E-02  0.97563E-02  0.99360E-02  0.10092E-01
  0.10229E-01  0.10341E-01  0.10433E-01  0.10503E-01  0.10538E-01  0.10546E-01
  0.13131E+01  0.24083E+02
  0.72900E+02  0.65222E+02  0.47190E+02  0.28973E+02  0.16483E+02  0.96144E+01
  0.60163E+01  0.39602E+01  0.26891E+01  0.19016E+01  0.14077E+01  0.82024E+00
  0.51671E+00  0.35162E+00  0.24768E+00  0.18429E+00  0.13997E+00  0.10967E+00
  0.87649E-01  0.71355E-01  0.58990E-01  0.49468E-01  0.41922E-01  0.35966E-01
  0.31112E-01  0.27147E-01  0.23887E-01  0.21140E-01  0.18853E-01  0.16890E-01
  0.15213E-01  0.13765E-01  0.12501E-01  0.11396E-01  0.10422E-01  0.95583E-02
  0.87881E-02  0.80984E-02  0.74789E-02  0.69201E-02  0.64149E-02  0.59581E-02
  0.55426E-02  0.51679E-02  0.48303E-02  0.45222E-02  0.42476E-02  0.40035E-02
  0.37833E-02  0.35901E-02  0.34239E-02  0.32793E-02  0.31571E-02  0.30603E-02
  0.29827E-02  0.29244E-02  0.28862E-02  0.28663E-02  0.28640E-02  0.28792E-02
  0.29106E-02  0.29568E-02  0.30180E-02  0.30921E-02  0.31778E-02  0.32744E-02
  0.33825E-02  0.35025E-02  0.36271E-02  0.37581E-02  0.38980E-02  0.40429E-02
  0.41935E-02  0.43445E-02  0.44967E-02  0.46517E-02  0.48049E-02  0.49579E-02
  0.51124E-02  0.52619E-02  0.54058E-02  0.55448E-02  0.56772E-02  0.58035E-02
  0.59236E-02  0.60350E-02  0.61403E-02  0.62362E-02  0.63154E-02  0.63932E-02
  0.64583E-02  0.65044E-02  0.65505E-02  0.65836E-02  0.65941E-02  0.65948E-02
  0.11869E+01  0.26643E+02
  0.76160E+02  0.67030E+02  0.46385E+02  0.26966E+02  0.14787E+02  0.85494E+01
  0.53358E+01  0.34788E+01  0.23519E+01  0.16715E+01  0.12340E+01  0.70923E+00
  0.45321E+00  0.30374E+00  0.21675E+00  0.15972E+00  0.12179E+00  0.95218E-01
  0.76047E-01  0.61847E-01  0.51073E-01  0.42714E-01  0.36181E-01  0.30920E-01
  0.26704E-01  0.23220E-01  0.20363E-01  0.17964E-01  0.15943E-01  0.14228E-01
  0.12756E-01  0.11490E-01  0.10387E-01  0.94252E-02  0.85799E-02  0.78340E-02
  0.71738E-02  0.65867E-02  0.60643E-02  0.55962E-02  0.51779E-02  0.48046E-02
  0.44687E-02  0.41700E-02  0.39009E-02  0.36617E-02  0.34514E-02  0.32631E-02
  0.31002E-02  0.29590E-02  0.28343E-02  0.27302E-02  0.26453E-02  0.25733E-02
  0.25185E-02  0.24784E-02  0.24509E-02  0.24360E-02  0.24336E-02  0.24411E-02
  0.24581E-02  0.24852E-02  0.25208E-02  0.25643E-02  0.26153E-02  0.26723E-02
  0.27339E-02  0.28019E-02  0.28740E-02  0.29502E-02  0.30267E-02  0.31065E-02
  0.31910E-02  0.32746E-02  0.33593E-02  0.34426E-02  0.35254E-02  0.36087E-02
  0.36894E-02  0.37712E-02  0.38495E-02  0.39208E-02  0.39916E-02  0.40587E-02
  0.41185E-02  0.41787E-02  0.42327E-02  0.42818E-02  0.43260E-02  0.43632E-02
  0.43977E-02  0.44190E-02  0.44416E-02  0.44590E-02  0.44654E-02  0.44680E-02
  0.10880E+01  0.29066E+02
  0.79020E+02  0.68430E+02  0.45362E+02  0.25110E+02  0.13403E+02  0.77208E+01
  0.47943E+01  0.30970E+01  0.20940E+01  0.14910E+01  0.10919E+01  0.62956E+00
  0.40066E+00  0.26910E+00  0.19183E+00  0.14111E+00  0.10762E+00  0.83956E-01
  0.66998E-01  0.54370E-01  0.44790E-01  0.37399E-01  0.31558E-01  0.26926E-01
  0.23152E-01  0.20091E-01  0.17541E-01  0.15426E-01  0.13637E-01  0.12127E-01
  0.10831E-01  0.97174E-02  0.87534E-02  0.79158E-02  0.71833E-02  0.65423E-02
  0.59771E-02  0.54777E-02  0.50358E-02  0.46434E-02  0.42957E-02  0.39861E-02
  0.37102E-02  0.34669E-02  0.32497E-02  0.30599E-02  0.28918E-02  0.27417E-02
  0.26142E-02  0.25004E-02  0.24047E-02  0.23259E-02  0.22547E-02  0.22004E-02
  0.21564E-02  0.21212E-02  0.20974E-02  0.20822E-02  0.20733E-02  0.20743E-02
  0.20817E-02  0.20941E-02  0.21123E-02  0.21359E-02  0.21637E-02  0.21955E-02
  0.22309E-02  0.22692E-02  0.23099E-02  0.23536E-02  0.23986E-02  0.24438E-02
  0.24902E-02  0.25383E-02  0.25862E-02  0.26339E-02  0.26805E-02  0.27269E-02
  0.27713E-02  0.28167E-02  0.28612E-02  0.29015E-02  0.29415E-02  0.29779E-02
  0.30135E-02  0.30440E-02  0.30758E-02  0.31020E-02  0.31252E-02  0.31493E-02
  0.31652E-02  0.31777E-02  0.31926E-02  0.31957E-02  0.32037E-02  0.32153E-02
  0.10081E+01  0.31369E+02
  0.81577E+02  0.69524E+02  0.44212E+02  0.23426E+02  0.12267E+02  0.70537E+01
  0.43477E+01  0.27889E+01  0.18898E+01  0.13421E+01  0.97649E+00  0.56801E+00
  0.35762E+00  0.24242E+00  0.17124E+00  0.12656E+00  0.96025E-01  0.74968E-01
  0.59630E-01  0.48294E-01  0.39696E-01  0.33032E-01  0.27815E-01  0.23640E-01
  0.20285E-01  0.17530E-01  0.15264E-01  0.13373E-01  0.11790E-01  0.10448E-01
  0.93060E-02  0.83255E-02  0.74809E-02  0.67509E-02  0.61142E-02  0.55588E-02
  0.50708E-02  0.46431E-02  0.42670E-02  0.39341E-02  0.36411E-02  0.33810E-02
  0.31522E-02  0.29498E-02  0.27690E-02  0.26129E-02  0.24713E-02  0.23516E-02
  0.22465E-02  0.21526E-02  0.20755E-02  0.20058E-02  0.19491E-02  0.19017E-02
  0.18610E-02  0.18312E-02  0.18089E-02  0.17900E-02  0.17801E-02  0.17736E-02
  0.17719E-02  0.17758E-02  0.17832E-02  0.17932E-02  0.18076E-02  0.18249E-02
  0.18435E-02  0.18641E-02  0.18866E-02  0.19105E-02  0.19357E-02  0.19619E-02
  0.19889E-02  0.20160E-02  0.20436E-02  0.20708E-02  0.20991E-02  0.21252E-02
  0.21509E-02  0.21764E-02  0.22006E-02  0.22246E-02  0.22471E-02  0.22691E-02
  0.22878E-02  0.23071E-02  0.23245E-02  0.23397E-02  0.23549E-02  0.23648E-02
  0.23760E-02  0.23859E-02  0.23900E-02  0.23973E-02  0.23990E-02  0.23909E-02
  0.94178E+00  0.33578E+02
  0.83893E+02  0.70374E+02  0.42994E+02  0.21912E+02  0.11324E+02  0.64997E+01
  0.39710E+01  0.25369E+01  0.17220E+01  0.12170E+01  0.88396E+00  0.51614E+00
  0.32387E+00  0.21951E+00  0.15500E+00  0.11418E+00  0.86674E-01  0.67411E-01
  0.53540E-01  0.43241E-01  0.35438E-01  0.29426E-01  0.24691E-01  0.20937E-01
  0.17903E-01  0.15432E-01  0.13397E-01  0.11708E-01  0.10294E-01  0.90983E-02
  0.80858E-02  0.72176E-02  0.64756E-02  0.58353E-02  0.52781E-02  0.47946E-02
  0.43709E-02  0.40010E-02  0.36766E-02  0.33910E-02  0.31402E-02  0.29184E-02
  0.27239E-02  0.25518E-02  0.23991E-02  0.22663E-02  0.21473E-02  0.20470E-02
  0.19554E-02  0.18775E-02  0.18088E-02  0.17486E-02  0.17020E-02  0.16575E-02
  0.16224E-02  0.15939E-02  0.15679E-02  0.15516E-02  0.15366E-02  0.15262E-02
  0.15216E-02  0.15191E-02  0.15176E-02  0.15213E-02  0.15264E-02  0.15327E-02
  0.15415E-02  0.15531E-02  0.15646E-02  0.15773E-02  0.15911E-02  0.16055E-02
  0.16201E-02  0.16349E-02  0.16504E-02  0.16660E-02  0.16818E-02  0.16969E-02
  0.17126E-02  0.17275E-02  0.17416E-02  0.17559E-02  0.17689E-02  0.17812E-02
  0.17925E-02  0.18035E-02  0.18120E-02  0.18225E-02  0.18291E-02  0.18369E-02
  0.18439E-02  0.18480E-02  0.18538E-02  0.18565E-02  0.18579E-02  0.18653E-02
  0.88549E+00  0.35712E+02
  0.93004E+02  0.72246E+02  0.36851E+02  0.16443E+02  0.83104E+01  0.46364E+01
  0.27403E+01  0.17525E+01  0.11790E+01  0.82956E+00  0.60539E+00  0.34831E+00
  0.21843E+00  0.14653E+00  0.10287E+00  0.74925E-01  0.56279E-01  0.43278E-01
  0.33950E-01  0.27093E-01  0.21941E-01  0.18002E-01  0.14938E-01  0.12527E-01
  0.10607E-01  0.90530E-02  0.77914E-02  0.67547E-02  0.58967E-02  0.51798E-02
  0.45786E-02  0.40745E-02  0.36404E-02  0.32698E-02  0.29542E-02  0.26806E-02
  0.24458E-02  0.22402E-02  0.20600E-02  0.19038E-02  0.17665E-02  0.16455E-02
  0.15388E-02  0.14446E-02  0.13607E-02  0.12874E-02  0.12205E-02  0.11643E-02
  0.11106E-02  0.10654E-02  0.10224E-02  0.98789E-03  0.95398E-03  0.92624E-03
  0.89755E-03  0.87667E-03  0.85431E-03  0.83619E-03  0.82210E-03  0.80492E-03
  0.79346E-03  0.78112E-03  0.77046E-03  0.76347E-03  0.75444E-03  0.74849E-03
  0.74202E-03  0.73558E-03  0.73197E-03  0.72837E-03  0.72324E-03  0.72115E-03
  0.72068E-03  0.71704E-03  0.71473E-03  0.71433E-03  0.71299E-03  0.71079E-03
  0.70948E-03  0.70920E-03  0.71027E-03  0.71085E-03  0.70993E-03  0.70846E-03
  0.70838E-03  0.70906E-03  0.71015E-03  0.71121E-03  0.71012E-03  0.71007E-03
  0.70895E-03  0.70921E-03  0.70760E-03  0.70767E-03  0.70606E-03  0.70990E-03
  0.69493E+00  0.45505E+02
  0.99678E+02  0.71923E+02  0.31580E+02  0.13241E+02  0.65922E+01  0.35395E+01
  0.20902E+01  0.13299E+01  0.89260E+00  0.62456E+00  0.45227E+00  0.25880E+00
  0.16150E+00  0.10723E+00  0.74551E-01  0.53778E-01  0.39977E-01  0.30447E-01
  0.23663E-01  0.18719E-01  0.15038E-01  0.12248E-01  0.10099E-01  0.84202E-02
  0.70913E-02  0.60274E-02  0.51694E-02  0.44690E-02  0.38913E-02  0.34107E-02
  0.30105E-02  0.26750E-02  0.23892E-02  0.21458E-02  0.19394E-02  0.17590E-02
  0.16030E-02  0.14694E-02  0.13521E-02  0.12481E-02  0.11579E-02  0.10778E-02
  0.10074E-02  0.94478E-03  0.88876E-03  0.83906E-03  0.79404E-03  0.75436E-03
  0.71815E-03  0.68550E-03  0.65743E-03  0.62918E-03  0.60668E-03  0.58440E-03
  0.56580E-03  0.54649E-03  0.53090E-03  0.51600E-03  0.50284E-03  0.49024E-03
  0.47944E-03  0.46757E-03  0.46027E-03  0.44946E-03  0.44449E-03  0.43520E-03
  0.42882E-03  0.42350E-03  0.41583E-03  0.41309E-03  0.40829E-03  0.40336E-03
  0.39963E-03  0.39622E-03  0.39209E-03  0.38928E-03  0.38770E-03  0.38377E-03
  0.38099E-03  0.38029E-03  0.37941E-03  0.37619E-03  0.37436E-03  0.37178E-03
  0.37143E-03  0.37181E-03  0.37039E-03  0.36770E-03  0.36740E-03  0.36603E-03
  0.36609E-03  0.36668E-03  0.36471E-03  0.36781E-03  0.36393E-03  0.37698E-03
  0.58251E+00  0.54287E+02
  0.10492E+03  0.70523E+02  0.27400E+02  0.11178E+02  0.53993E+01  0.28499E+01
  0.16854E+01  0.10653E+01  0.71096E+00  0.49501E+00  0.35824E+00  0.20337E+00
  0.12568E+00  0.82666E-01  0.56977E-01  0.40790E-01  0.30077E-01  0.22746E-01
  0.17565E-01  0.13813E-01  0.11041E-01  0.89528E-02  0.73549E-02  0.61101E-02
  0.51334E-02  0.43533E-02  0.37268E-02  0.32183E-02  0.27990E-02  0.24506E-02
  0.21591E-02  0.19180E-02  0.17137E-02  0.15398E-02  0.13885E-02  0.12581E-02
  0.11468E-02  0.10501E-02  0.96635E-03  0.88997E-03  0.82428E-03  0.76751E-03
  0.71592E-03  0.66930E-03  0.62841E-03  0.59221E-03  0.55917E-03  0.52940E-03
  0.50257E-03  0.47835E-03  0.45662E-03  0.43639E-03  0.41865E-03  0.40188E-03
  0.38636E-03  0.37327E-03  0.36010E-03  0.34913E-03  0.33758E-03  0.32866E-03
  0.31912E-03  0.31100E-03  0.30346E-03  0.29603E-03  0.28974E-03  0.28392E-03
  0.27814E-03  0.27334E-03  0.26758E-03  0.26419E-03  0.25937E-03  0.25579E-03
  0.25433E-03  0.24802E-03  0.24596E-03  0.24368E-03  0.24100E-03  0.23746E-03
  0.23760E-03  0.23514E-03  0.23194E-03  0.23000E-03  0.22990E-03  0.22941E-03
  0.22591E-03  0.22468E-03  0.22426E-03  0.22407E-03  0.22343E-03  0.22266E-03
  0.22253E-03  0.22014E-03  0.22177E-03  0.22077E-03  0.21835E-03  0.22365E-03
  0.50677E+00  0.62401E+02
  0.10926E+03  0.68592E+02  0.24145E+02  0.96981E+01  0.45238E+01  0.23885E+01
  0.14037E+01  0.88274E+00  0.58553E+00  0.40714E+00  0.29241E+00  0.16483E+00
  0.10116E+00  0.66083E-01  0.45262E-01  0.32180E-01  0.23591E-01  0.17742E-01
  0.13637E-01  0.10684E-01  0.85104E-02  0.68806E-02  0.56373E-02  0.46765E-02
  0.39219E-02  0.33209E-02  0.28417E-02  0.24497E-02  0.21289E-02  0.18642E-02
  0.16399E-02  0.14553E-02  0.12991E-02  0.11639E-02  0.10506E-02  0.95318E-03
  0.86863E-03  0.79399E-03  0.72761E-03  0.66977E-03  0.61982E-03  0.57628E-03
  0.53694E-03  0.50140E-03  0.46927E-03  0.44088E-03  0.41587E-03  0.39273E-03
  0.37176E-03  0.35280E-03  0.33583E-03  0.32039E-03  0.30604E-03  0.29292E-03
  0.28119E-03  0.27047E-03  0.26005E-03  0.25126E-03  0.24257E-03  0.23457E-03
  0.22788E-03  0.22064E-03  0.21533E-03  0.20886E-03  0.20405E-03  0.19856E-03
  0.19492E-03  0.18985E-03  0.18685E-03  0.18236E-03  0.17999E-03  0.17612E-03
  0.17328E-03  0.17114E-03  0.16768E-03  0.16678E-03  0.16375E-03  0.16087E-03
  0.16022E-03  0.15844E-03  0.15711E-03  0.15524E-03  0.15425E-03  0.15362E-03
  0.15138E-03  0.15061E-03  0.14989E-03  0.14897E-03  0.14942E-03  0.14866E-03
  0.14696E-03  0.14736E-03  0.14799E-03  0.14586E-03  0.14605E-03  0.14981E-03
  0.45120E+00  0.70087E+02