  0.18415E+02  0.18397E+02  0.18342E+02  0.18251E+02  0.18125E+02  0.17963E+02
  0.17767E+02  0.17538E+02  0.17278E+02  0.16987E+02  0.16667E+02  0.15947E+02
  0.15135E+02  0.14245E+02  0.13297E+02  0.12308E+02  0.11296E+02  0.10280E+02
  0.92758E+01  0.82991E+01  0.73635E+01  0.64806E+01  0.56601E+01  0.49088E+01
  0.42317E+01  0.36310E+01  0.31070E+01  0.26580E+01  0.22804E+01  0.19691E+01
  0.17179E+01  0.15199E+01  0.13675E+01  0.12528E+01  0.11684E+01  0.11068E+01
  0.10615E+01  0.10264E+01  0.99662E+00  0.96805E+00  0.93765E+00  0.90341E+00
  0.86423E+00  0.81988E+00  0.77086E+00  0.71827E+00  0.66367E+00  0.60890E+00
  0.55593E+00  0.50672E+00  0.46308E+00  0.42657E+00  0.39841E+00  0.37941E+00
  0.36993E+00  0.36990E+00  0.37879E+00  0.39572E+00  0.41945E+00  0.44850E+00
  0.48121E+00  0.51585E+00  0.55074E+00  0.58425E+00  0.61500E+00  0.64183E+00
  0.66392E+00  0.68078E+00  0.69229E+00  0.69871E+00  0.70064E+00  0.69897E+00
  0.69486E+00  0.68964E+00  0.68477E+00  0.68172E+00  0.68191E+00  0.68664E+00
  0.69699E+00  0.71378E+00  0.73752E+00  0.76835E+00  0.80608E+00  0.85011E+00
  0.89953E+00  0.95311E+00  0.10093E+01  0.10665E+01  0.11228E+01  0.11764E+01
  0.12255E+01  0.12682E+01  0.13032E+01  0.13292E+01  0.13451E+01  0.13505E+01
  0.23017E+02  0.12071E+02
  0.12037E+02  0.12018E+02  0.11960E+02  0.11864E+02  0.11731E+02  0.11563E+02
  0.11361E+02  0.11128E+02  0.10865E+02  0.10575E+02  0.10261E+02  0.95735E+01
  0.88272E+01  0.80472E+01  0.72578E+01  0.64808E+01  0.57348E+01  0.50343E+01
  0.43899E+01  0.38076E+01  0.32897E+01  0.28349E+01  0.24395E+01  0.20976E+01
  0.18026E+01  0.15474E+01  0.13249E+01  0.11292E+01  0.95515E+00  0.79899E+00
  0.65807E+00  0.53090E+00  0.41689E+00  0.31607E+00  0.22890E+00  0.15594E+00
  0.97677E-01  0.54306E-01  0.25655E-01  0.11102E-01  0.95848E-02  0.19639E-01
  0.39477E-01  0.67090E-01  0.10036E+00  0.13716E+00  0.17547E+00  0.21345E+00
  0.24951E+00  0.28234E+00  0.31094E+00  0.33461E+00  0.35293E+00  0.36573E+00
  0.37307E+00  0.37515E+00  0.37231E+00  0.36496E+00  0.35356E+00  0.33858E+00
  0.32049E+00  0.29975E+00  0.27681E+00  0.25209E+00  0.22602E+00  0.19906E+00
  0.17166E+00  0.14434E+00  0.11764E+00  0.92165E-01  0.68558E-01  0.47506E-01
  0.29720E-01  0.15908E-01  0.67572E-02  0.28957E-02  0.48625E-02  0.13074E-01
  0.27791E-01  0.49092E-01  0.76854E-01  0.11073E+00  0.15016E+00  0.19436E+00
  0.24234E+00  0.29293E+00  0.34482E+00  0.39661E+00  0.44681E+00  0.49397E+00
  0.53667E+00  0.57360E+00  0.60361E+00  0.62576E+00  0.63934E+00  0.64390E+00
  0.99224E+01  0.28001E+02
  0.18426E+02  0.18380E+02  0.18243E+02  0.18016E+02  0.17703E+02  0.17308E+02
  0.16837E+02  0.16296E+02  0.15693E+02  0.15035E+02  0.14331E+02  0.12822E+02
  0.11236E+02  0.96436E+01  0.81050E+01  0.66711E+01  0.53793E+01  0.42528E+01
  0.33016E+01  0.25235E+01  0.19069E+01  0.14336E+01  0.10811E+01  0.82587E+00
  0.64499E+00  0.51803E+00  0.42789E+00  0.36128E+00  0.30865E+00  0.26379E+00
  0.22326E+00  0.18563E+00  0.15085E+00  0.11958E+00  0.92756E-01  0.71203E-01
  0.55448E-01  0.45613E-01  0.41419E-01  0.42243E-01  0.47214E-01  0.55321E-01
  0.65518E-01  0.76816E-01  0.88349E-01  0.99422E-01  0.10953E+00  0.11837E+00
  0.12582E+00  0.13191E+00  0.13679E+00  0.14070E+00  0.14392E+00  0.14673E+00
  0.14939E+00  0.15209E+00  0.15493E+00  0.15792E+00  0.16098E+00  0.16391E+00
  0.16645E+00  0.16826E+00  0.16898E+00  0.16823E+00  0.16569E+00  0.16106E+00
  0.15416E+00  0.14494E+00  0.13347E+00  0.11998E+00  0.10486E+00  0.88640E-01
  0.71993E-01  0.55688E-01  0.40564E-01  0.27491E-01  0.17320E-01  0.10840E-01
  0.87290E-02  0.11511E-01  0.19520E-01  0.32874E-01  0.51452E-01  0.74892E-01
  0.10259E+00  0.13374E+00  0.16732E+00  0.20219E+00  0.23708E+00  0.27070E+00
  0.30177E+00  0.32908E+00  0.35155E+00  0.36828E+00  0.37860E+00  0.38207E+00
  0.82253E+01  0.33779E+02
  0.22961E+02  0.22889E+02  0.22671E+02  0.22313E+02  0.21819E+02  0.21200E+02
  0.20466E+02  0.19629E+02  0.18703E+02  0.17703E+02  0.16645E+02  0.14417E+02
  0.12144E+02  0.99389E+01  0.78936E+01  0.60756E+01  0.45249E+01  0.32557E+01
  0.22603E+01  0.15143E+01  0.98255E+00  0.62472E+00  0.40038E+00  0.27241E+00
  0.20926E+00  0.18594E+00  0.18401E+00  0.19088E+00  0.19872E+00  0.20332E+00
  0.20291E+00  0.19730E+00  0.18717E+00  0.17358E+00  0.15767E+00  0.14055E+00
  0.12316E+00  0.10628E+00  0.90501E-01  0.76256E-01  0.63808E-01  0.53268E-01
  0.44615E-01  0.37716E-01  0.32363E-01  0.28307E-01  0.25292E-01  0.23093E-01
  0.21545E-01  0.20560E-01  0.20138E-01  0.20363E-01  0.21386E-01  0.23403E-01
  0.26620E-01  0.31222E-01  0.37332E-01  0.44984E-01  0.54097E-01  0.64459E-01
  0.75725E-01  0.87427E-01  0.98993E-01  0.10979E+00  0.11914E+00  0.12642E+00
  0.13106E+00  0.13261E+00  0.13080E+00  0.12558E+00  0.11710E+00  0.10578E+00
  0.92250E-01  0.77364E-01  0.62145E-01  0.47739E-01  0.35349E-01  0.26167E-01
  0.21297E-01  0.21690E-01  0.28070E-01  0.40886E-01  0.60266E-01  0.85996E-01
  0.11751E+00  0.15392E+00  0.19402E+00  0.23637E+00  0.27936E+00  0.32126E+00
  0.36034E+00  0.39494E+00  0.42357E+00  0.44498E+00  0.45822E+00  0.46269E+00
  0.74321E+01  0.37384E+02
  0.26688E+02  0.26536E+02  0.26079E+02  0.25335E+02  0.24327E+02  0.23088E+02
  0.21656E+02  0.20074E+02  0.18387E+02  0.16639E+02  0.14875E+02  0.11452E+02
  0.83781E+01  0.58120E+01  0.38134E+01  0.23593E+01  0.13730E+01  0.75338E+00
  0.39945E+00  0.22502E+00  0.16459E+00  0.17241E+00  0.21804E+00  0.28133E+00
  0.34831E+00  0.40875E+00  0.45518E+00  0.48263E+00  0.48872E+00  0.47356E+00
  0.43946E+00  0.39041E+00  0.33137E+00  0.26767E+00  0.20443E+00  0.14609E+00
  0.96131E-01  0.56976E-01  0.29917E-01  0.15203E-01  0.12167E-01  0.19384E-01
  0.34851E-01  0.56178E-01  0.80782E-01  0.10608E+00  0.12965E+00  0.14944E+00
  0.16385E+00  0.17186E+00  0.17305E+00  0.16760E+00  0.15620E+00  0.13999E+00
  0.12041E+00  0.99040E-01  0.77469E-01  0.57166E-01  0.39364E-01  0.24980E-01
  0.14563E-01  0.82830E-02  0.59416E-02  0.70209E-02  0.10748E-01  0.16180E-01
  0.22300E-01  0.28112E-01  0.32738E-01  0.35500E-01  0.35990E-01  0.34110E-01
  0.30099E-01  0.24524E-01  0.18250E-01  0.12385E-01  0.82065E-02  0.70639E-02
  0.10284E-01  0.19067E-01  0.34386E-01  0.56904E-01  0.86905E-01  0.12425E+00
  0.16834E+00  0.21816E+00  0.27228E+00  0.32894E+00  0.38611E+00  0.44163E+00
  0.49329E+00  0.53896E+00  0.57672E+00  0.60493E+00  0.62237E+00  0.62826E+00
  0.57556E+01  0.48273E+02
  0.27306E+02  0.27081E+02  0.26410E+02  0.25328E+02  0.23888E+02  0.22155E+02
  0.20207E+02  0.18125E+02  0.15990E+02  0.13875E+02  0.11846E+02  0.82371E+01
  0.54059E+01  0.33850E+01  0.20610E+01  0.12554E+01  0.79265E+00  0.53787E+00
  0.40468E+00  0.34480E+00  0.33207E+00  0.34957E+00  0.38295E+00  0.41892E+00
  0.44626E+00  0.45730E+00  0.44852E+00  0.42034E+00  0.37604E+00  0.32061E+00
  0.25950E+00  0.19785E+00  0.14006E+00  0.89584E-01  0.49060E-01  0.20277E-01
  0.41936E-02  0.88150E-03  0.94985E-02  0.28341E-01  0.55004E-01  0.86631E-01
  0.12020E+00  0.15280E+00  0.18185E+00  0.20527E+00  0.22156E+00  0.22982E+00
  0.22978E+00  0.22173E+00  0.20646E+00  0.18522E+00  0.15962E+00  0.13147E+00
  0.10270E+00  0.75208E-01  0.50729E-01  0.30701E-01  0.16180E-01  0.77771E-02
  0.56271E-02  0.94022E-02  0.18356E-01  0.31398E-01  0.47187E-01  0.64242E-01
  0.81053E-01  0.96193E-01  0.10842E+00  0.11676E+00  0.12057E+00  0.11960E+00
  0.11396E+00  0.10416E+00  0.91054E-01  0.75776E-01  0.59664E-01  0.44172E-01
  0.30769E-01  0.20836E-01  0.15572E-01  0.15910E-01  0.22446E-01  0.35398E-01
  0.54577E-01  0.79394E-01  0.10889E+00  0.14177E+00  0.17652E+00  0.21144E+00
  0.24477E+00  0.27482E+00  0.30002E+00  0.31904E+00  0.33088E+00  0.33488E+00
  0.48486E+01  0.57303E+02
  0.28867E+02  0.28561E+02  0.27652E+02  0.26203E+02  0.24304E+02  0.22068E+02
  0.19620E+02  0.17088E+02  0.14588E+02  0.12217E+02  0.10052E+02  0.65052E+01
  0.40507E+01  0.25167E+01  0.16216E+01  0.11070E+01  0.79908E+00  0.60650E+00
  0.48935E+00  0.42808E+00  0.40618E+00  0.40584E+00  0.41035E+00  0.40750E+00
  0.39123E+00  0.36106E+00  0.32011E+00  0.27277E+00  0.22314E+00  0.17435E+00
  0.12878E+00  0.88443E-01  0.55203E-01  0.30663E-01  0.15873E-01  0.11076E-01
  0.15643E-01  0.28203E-01  0.46889E-01  0.69588E-01  0.94143E-01  0.11849E+00
  0.14072E+00  0.15918E+00  0.17251E+00  0.17976E+00  0.18045E+00  0.17459E+00
  0.16272E+00  0.14584E+00  0.12528E+00  0.10260E+00  0.79469E-01  0.57509E-01
  0.38205E-01  0.22815E-01  0.12303E-01  0.72871E-02  0.80144E-02  0.14347E-01
  0.25778E-01  0.41463E-01  0.60278E-01  0.80894E-01  0.10187E+00  0.12174E+00
  0.13914E+00  0.15285E+00  0.16193E+00  0.16573E+00  0.16399E+00  0.15679E+00
  0.14459E+00  0.12819E+00  0.10867E+00  0.87330E-01  0.65606E-01  0.44989E-01
  0.26923E-01  0.12724E-01  0.34947E-02  0.56761E-04  0.28991E-02  0.12144E-01
  0.27538E-01  0.48460E-01  0.73954E-01  0.10279E+00  0.13351E+00  0.16454E+00
  0.19427E+00  0.22111E+00  0.24364E+00  0.26067E+00  0.27126E+00  0.27485E+00
  0.43154E+01  0.64383E+02
  0.30888E+02  0.30491E+02  0.29321E+02  0.27474E+02  0.25089E+02  0.22339E+02
  0.19405E+02  0.16462E+02  0.13659E+02  0.11109E+02  0.88834E+01  0.54980E+01
  0.33891E+01  0.21810E+01  0.14936E+01  0.10726E+01  0.79445E+00  0.61197E+00
  0.50346E+00  0.44763E+00  0.42059E+00  0.40151E+00  0.37755E+00  0.34469E+00
  0.30496E+00  0.26239E+00  0.22020E+00  0.17996E+00  0.14238E+00  0.10826E+00
  0.78878E-01  0.55654E-01  0.39624E-01  0.31084E-01  0.29576E-01  0.34113E-01
  0.43441E-01  0.56217E-01  0.71065E-01  0.86581E-01  0.10135E+00  0.11403E+00
  0.12346E+00  0.12881E+00  0.12963E+00  0.12586E+00  0.11783E+00  0.10615E+00
  0.91681E-01  0.75431E-01  0.58522E-01  0.42123E-01  0.27382E-01  0.15357E-01
  0.69330E-02  0.27583E-02  0.31935E-02  0.82860E-02  0.17770E-01  0.31088E-01
  0.47436E-01  0.65813E-01  0.85090E-01  0.10408E+00  0.12161E+00  0.13657E+00
  0.14804E+00  0.15527E+00  0.15778E+00  0.15537E+00  0.14818E+00  0.13661E+00
  0.12138E+00  0.10345E+00  0.83962E-01  0.64202E-01  0.45512E-01  0.29211E-01
  0.16522E-01  0.84975E-02  0.59565E-02  0.94356E-02  0.19154E-01  0.34994E-01
  0.56503E-01  0.82912E-01  0.11317E+00  0.14600E+00  0.17997E+00  0.21353E+00
  0.24516E+00  0.27336E+00  0.29682E+00  0.31442E+00  0.32533E+00  0.32901E+00
  0.39535E+01  0.70276E+02
  0.33003E+02  0.32509E+02  0.31059E+02  0.28792E+02  0.25908E+02  0.22647E+02
  0.19253E+02  0.15948E+02  0.12906E+02  0.10243E+02  0.80152E+01  0.48373E+01
  0.30096E+01  0.19989E+01  0.14010E+01  0.10094E+01  0.74769E+00  0.58537E+00
  0.49450E+00  0.44358E+00  0.40591E+00  0.36670E+00  0.32295E+00  0.27812E+00
  0.23609E+00  0.19826E+00  0.16414E+00  0.13315E+00  0.10564E+00  0.82668E-01
  0.65189E-01  0.53503E-01  0.47207E-01  0.45514E-01  0.47571E-01  0.52583E-01
  0.59756E-01  0.68189E-01  0.76859E-01  0.84725E-01  0.90867E-01  0.94602E-01
  0.95518E-01  0.93459E-01  0.88485E-01  0.80847E-01  0.70976E-01  0.59476E-01
  0.47097E-01  0.34694E-01  0.23149E-01  0.13303E-01  0.58826E-02  0.14539E-02
  0.39151E-03  0.28623E-02  0.88193E-02  0.18003E-01  0.29954E-01  0.44030E-01
  0.59445E-01  0.75310E-01  0.90688E-01  0.10465E+00  0.11635E+00  0.12506E+00
  0.13023E+00  0.13151E+00  0.12881E+00  0.12226E+00  0.11225E+00  0.99398E-01
  0.84500E-01  0.68529E-01  0.52562E-01  0.37729E-01  0.25154E-01  0.15895E-01
  0.10882E-01  0.10866E-01  0.16370E-01  0.27658E-01  0.44710E-01  0.67220E-01
  0.94596E-01  0.12599E+00  0.16033E+00  0.19636E+00  0.23271E+00  0.26795E+00
  0.30068E+00  0.32954E+00  0.35334E+00  0.37110E+00  0.38206E+00  0.38575E+00
  0.36795E+01  0.75510E+02
  0.35057E+02  0.34460E+02  0.32716E+02  0.30015E+02  0.26629E+02  0.22872E+02
  0.19054E+02  0.15440E+02  0.12220E+02  0.95030E+01  0.73158E+01  0.43602E+01
  0.27488E+01  0.18533E+01  0.12969E+01  0.92747E+00  0.69284E+00  0.55710E+00
  0.47976E+00  0.42521E+00  0.37349E+00  0.32073E+00  0.27110E+00  0.22826E+00
  0.19223E+00  0.16108E+00  0.13349E+00  0.10961E+00  0.90234E-01  0.75753E-01
  0.65813E-01  0.59628E-01  0.56465E-01  0.55832E-01  0.57340E-01  0.60478E-01
  0.64528E-01  0.68671E-01  0.72154E-01  0.74407E-01  0.75049E-01  0.73856E-01
  0.70727E-01  0.65686E-01  0.58914E-01  0.50758E-01  0.41708E-01  0.32354E-01
  0.23317E-01  0.15199E-01  0.85495E-02  0.38353E-02  0.14258E-02  0.15682E-02
  0.43652E-02  0.97577E-02  0.17520E-01  0.27269E-01  0.38489E-01  0.50561E-01
  0.62807E-01  0.74526E-01  0.85034E-01  0.93708E-01  0.10002E+00  0.10355E+00
  0.10406E+00  0.10147E+00  0.95895E-01  0.87641E-01  0.77197E-01  0.65216E-01
  0.52484E-01  0.39886E-01  0.28359E-01  0.18843E-01  0.12235E-01  0.93384E-02
  0.10820E-01  0.17172E-01  0.28680E-01  0.45401E-01  0.67155E-01  0.93522E-01
  0.12386E+00  0.15731E+00  0.19285E+00  0.22932E+00  0.26550E+00  0.30010E+00
  0.33188E+00  0.35969E+00  0.38248E+00  0.39939E+00  0.40981E+00  0.41331E+00
  0.34580E+01  0.80348E+02
  0.36991E+02  0.36287E+02  0.34238E+02  0.31095E+02  0.27210E+02  0.22979E+02
  0.18779E+02  0.14911E+02  0.11571E+02  0.88464E+01  0.67288E+01  0.39907E+01
  0.25412E+01  0.17152E+01  0.11882E+01  0.84867E+00  0.64706E+00  0.53351E+00
  0.45992E+00  0.39618E+00  0.33423E+00  0.27823E+00  0.23223E+00  0.19552E+00
  0.16501E+00  0.13867E+00  0.11637E+00  0.98588E-01  0.85242E-01  0.75524E-01
  0.68524E-01  0.63724E-01  0.60949E-01  0.60008E-01  0.60444E-01  0.61593E-01
  0.62792E-01  0.63534E-01  0.63486E-01  0.62422E-01  0.60176E-01  0.56657E-01
  0.51889E-01  0.46044E-01  0.39416E-01  0.32378E-01  0.25331E-01  0.18678E-01
  0.12814E-01  0.81142E-02  0.49161E-02  0.34866E-02  0.39932E-02  0.64842E-02
  0.10884E-01  0.16999E-01  0.24535E-01  0.33107E-01  0.42263E-01  0.51502E-01
  0.60299E-01  0.68135E-01  0.74527E-01  0.79064E-01  0.81434E-01  0.81451E-01
  0.79064E-01  0.74370E-01  0.67616E-01  0.59187E-01  0.49599E-01  0.39473E-01
  0.29508E-01  0.20455E-01  0.13079E-01  0.81230E-02  0.62710E-02  0.81097E-02
  0.14097E-01  0.24533E-01  0.39540E-01  0.59049E-01  0.82793E-01  0.11031E+00
  0.14097E+00  0.17396E+00  0.20835E+00  0.24312E+00  0.27719E+00  0.30946E+00
  0.33888E+00  0.36446E+00  0.38534E+00  0.40079E+00  0.41029E+00  0.41348E+00
  0.32719E+01  0.84918E+02
  0.38791E+02  0.37975E+02  0.35615E+02  0.32027E+02  0.27651E+02  0.22974E+02
  0.18434E+02  0.14364E+02  0.10953E+02  0.82574E+01  0.62271E+01  0.36904E+01
  0.23611E+01  0.15826E+01  0.10868E+01  0.78349E+00  0.61259E+00  0.51170E+00
  0.43418E+00  0.36199E+00  0.29729E+00  0.24530E+00  0.20550E+00  0.17377E+00
  0.14706E+00  0.12477E+00  0.10712E+00  0.93697E-01  0.83397E-01  0.75281E-01
  0.69023E-01  0.64637E-01  0.61968E-01  0.60520E-01  0.59656E-01  0.58860E-01
  0.57823E-01  0.56359E-01  0.54307E-01  0.51521E-01  0.47926E-01  0.43564E-01
  0.38588E-01  0.33214E-01  0.27681E-01  0.22243E-01  0.17170E-01  0.12750E-01
  0.92672E-02  0.69666E-02  0.60273E-02  0.65465E-02  0.85379E-02  0.11935E-01
  0.16597E-01  0.22305E-01  0.28774E-01  0.35659E-01  0.42573E-01  0.49115E-01
  0.54892E-01  0.59544E-01  0.62769E-01  0.64336E-01  0.64103E-01  0.62028E-01
  0.58176E-01  0.52725E-01  0.45964E-01  0.38282E-01  0.30162E-01  0.22158E-01
  0.14870E-01  0.89195E-02  0.49184E-02  0.34400E-02  0.49913E-02  0.99854E-02
  0.18719E-01  0.31353E-01  0.47900E-01  0.68215E-01  0.91997E-01  0.11879E+00
  0.14800E+00  0.17891E+00  0.21071E+00  0.24251E+00  0.27339E+00  0.30244E+00
  0.32877E+00  0.35156E+00  0.37010E+00  0.38379E+00  0.39219E+00  0.39502E+00
  0.31118E+01  0.89287E+02
  0.40460E+02  0.39531E+02  0.36852E+02  0.32818E+02  0.27965E+02  0.22870E+02
  0.18034E+02  0.13808E+02  0.10368E+02  0.77285E+01  0.57941E+01  0.34372E+01
  0.21984E+01  0.14592E+01  0.99946E+00  0.73342E+00  0.58580E+00  0.48843E+00
  0.40433E+00  0.32850E+00  0.26721E+00  0.22155E+00  0.18675E+00  0.15831E+00
  0.13477E+00  0.11612E+00  0.10177E+00  0.90447E-01  0.81118E-01  0.73557E-01
  0.67867E-01  0.63867E-01  0.60998E-01  0.58650E-01  0.56437E-01  0.54197E-01
  0.51823E-01  0.49173E-01  0.46105E-01  0.42563E-01  0.38596E-01  0.34317E-01
  0.29861E-01  0.25371E-01  0.21017E-01  0.17004E-01  0.13555E-01  0.10876E-01
  0.91294E-02  0.84229E-02  0.88116E-02  0.10301E-01  0.12846E-01  0.16340E-01
  0.20616E-01  0.25452E-01  0.30584E-01  0.35724E-01  0.40572E-01  0.44841E-01
  0.48262E-01  0.50599E-01  0.51669E-01  0.51348E-01  0.49591E-01  0.46442E-01
  0.42032E-01  0.36578E-01  0.30383E-01  0.23817E-01  0.17311E-01  0.11336E-01
  0.63861E-02  0.29572E-02  0.15251E-02  0.25219E-02  0.63153E-02  0.13190E-01
  0.23330E-01  0.36807E-01  0.53564E-01  0.73421E-01  0.96070E-01  0.12108E+00
  0.14793E+00  0.17598E+00  0.20453E+00  0.23284E+00  0.26015E+00  0.28569E+00
  0.30872E+00  0.32857E+00  0.34467E+00  0.35653E+00  0.36380E+00  0.36624E+00
  0.29719E+01  0.93491E+02
  0.52417E+02  0.50245E+02  0.44254E+02  0.35986E+02  0.27252E+02  0.19505E+02
  0.13491E+02  0.92696E+01  0.64881E+01  0.46841E+01  0.34781E+01  0.20152E+01
  0.12500E+01  0.87037E+00  0.64862E+00  0.47988E+00  0.35902E+00  0.28211E+00
  0.22871E+00  0.18700E+00  0.15514E+00  0.13095E+00  0.11157E+00  0.96011E-01
  0.83704E-01  0.73444E-01  0.64545E-01  0.57079E-01  0.50914E-01  0.45563E-01
  0.40775E-01  0.36602E-01  0.33030E-01  0.29915E-01  0.27173E-01  0.24797E-01
  0.22764E-01  0.21030E-01  0.19580E-01  0.18411E-01  0.17492E-01  0.16785E-01
  0.16268E-01  0.15935E-01  0.15763E-01  0.15709E-01  0.15733E-01  0.15809E-01
  0.15913E-01  0.16011E-01  0.16065E-01  0.16045E-01  0.15924E-01  0.15682E-01
  0.15302E-01  0.14772E-01  0.14089E-01  0.13256E-01  0.12288E-01  0.11204E-01
  0.10032E-01  0.88115E-02  0.75863E-02  0.64084E-02  0.53343E-02  0.44238E-02
  0.37399E-02  0.33472E-02  0.33087E-02  0.36830E-02  0.45242E-02  0.58798E-02
  0.77883E-02  0.10277E-01  0.13363E-01  0.17048E-01  0.21321E-01  0.26155E-01
  0.31512E-01  0.37338E-01  0.43565E-01  0.50110E-01  0.56881E-01  0.63777E-01
  0.70698E-01  0.77530E-01  0.84150E-01  0.90443E-01  0.96303E-01  0.10163E+00
  0.10632E+00  0.11028E+00  0.11344E+00  0.11573E+00  0.11713E+00  0.11759E+00
  0.21469E+01  0.12941E+03
  0.60123E+02  0.56600E+02  0.47282E+02  0.35446E+02  0.24360E+02  0.15893E+02
  0.10293E+02  0.68685E+01  0.47781E+01  0.34291E+01  0.25101E+01  0.14486E+01
  0.95436E+00  0.65657E+00  0.45723E+00  0.34001E+00  0.26250E+00  0.20472E+00
  0.16407E+00  0.13428E+00  0.11118E+00  0.93370E-01  0.79135E-01  0.67717E-01
  0.58653E-01  0.51074E-01  0.44709E-01  0.39550E-01  0.35231E-01  0.31521E-01
  0.28430E-01  0.25848E-01  0.23638E-01  0.21764E-01  0.20185E-01  0.18841E-01
  0.17701E-01  0.16730E-01  0.15888E-01  0.15157E-01  0.14522E-01  0.13953E-01
  0.13428E-01  0.12939E-01  0.12475E-01  0.12017E-01  0.11557E-01  0.11091E-01
  0.10613E-01  0.10119E-01  0.96114E-02  0.90887E-02  0.85542E-02  0.80136E-02
  0.74734E-02  0.69416E-02  0.64273E-02  0.59410E-02  0.54947E-02  0.51007E-02
  0.47715E-02  0.45203E-02  0.43595E-02  0.43014E-02  0.43576E-02  0.45388E-02
  0.48545E-02  0.53114E-02  0.59143E-02  0.66694E-02  0.75795E-02  0.86420E-02
  0.98537E-02  0.11210E-01  0.12702E-01  0.14320E-01  0.16051E-01  0.17882E-01
  0.19795E-01  0.21770E-01  0.23787E-01  0.25823E-01  0.27855E-01  0.29862E-01
  0.31817E-01  0.33696E-01  0.35480E-01  0.37145E-01  0.38668E-01  0.40029E-01
  0.41214E-01  0.42209E-01  0.42996E-01  0.43563E-01  0.43901E-01  0.44012E-01
  0.17512E+01  0.15866E+03
  0.65917E+02  0.60981E+02  0.48447E+02  0.33742E+02  0.21432E+02  0.13175E+02
  0.83163E+01  0.55263E+01  0.38221E+01  0.27099E+01  0.19751E+01  0.11783E+01
  0.75847E+00  0.50341E+00  0.36208E+00  0.26801E+00  0.20339E+00  0.16021E+00
  0.12809E+00  0.10427E+00  0.86223E-01  0.72276E-01  0.61341E-01  0.52471E-01
  0.45442E-01  0.39704E-01  0.34911E-01  0.31026E-01  0.27768E-01  0.24995E-01
  0.22686E-01  0.20717E-01  0.19023E-01  0.17571E-01  0.16307E-01  0.15199E-01
  0.14219E-01  0.13342E-01  0.12553E-01  0.11833E-01  0.11165E-01  0.10546E-01
  0.99631E-02  0.94090E-02  0.88825E-02  0.83787E-02  0.78945E-02  0.74301E-02
  0.69839E-02  0.65574E-02  0.61530E-02  0.57719E-02  0.54163E-02  0.50896E-02
  0.47960E-02  0.45382E-02  0.43190E-02  0.41420E-02  0.40100E-02  0.39257E-02
  0.38926E-02  0.39139E-02  0.39909E-02  0.41241E-02  0.43138E-02  0.45612E-02
  0.48689E-02  0.52354E-02  0.56556E-02  0.61290E-02  0.66541E-02  0.72265E-02
  0.78444E-02  0.85041E-02  0.91984E-02  0.99217E-02  0.10670E-01  0.11436E-01
  0.12212E-01  0.12992E-01  0.13773E-01  0.14544E-01  0.15299E-01  0.16032E-01
  0.16735E-01  0.17402E-01  0.18027E-01  0.18602E-01  0.19122E-01  0.19582E-01
  0.19980E-01  0.20312E-01  0.20571E-01  0.20759E-01  0.20873E-01  0.20912E-01
  0.15073E+01  0.18433E+03
  0.70574E+02  0.64188E+02  0.48602E+02  0.31664E+02  0.18890E+02  0.11214E+02
  0.70252E+01  0.46522E+01  0.31841E+01  0.22449E+01  0.16513E+01  0.98560E+00
  0.61458E+00  0.41880E+00  0.29773E+00  0.21898E+00  0.16811E+00  0.13119E+00
  0.10498E+00  0.85492E-01  0.70735E-01  0.59254E-01  0.50312E-01  0.43173E-01
  0.37371E-01  0.32720E-01  0.28828E-01  0.25614E-01  0.22930E-01  0.20638E-01
  0.18706E-01  0.17037E-01  0.15586E-01  0.14323E-01  0.13208E-01  0.12219E-01
  0.11333E-01  0.10534E-01  0.98070E-02  0.91439E-02  0.85359E-02  0.79733E-02
  0.74524E-02  0.69689E-02  0.65180E-02  0.61005E-02  0.57132E-02  0.53552E-02
  0.50280E-02  0.47286E-02  0.44565E-02  0.42130E-02  0.39999E-02  0.38156E-02
  0.36604E-02  0.35368E-02  0.34437E-02  0.33818E-02  0.33512E-02  0.33514E-02
  0.33819E-02  0.34434E-02  0.35368E-02  0.36586E-02  0.38058E-02  0.39825E-02
  0.41873E-02  0.44153E-02  0.46671E-02  0.49375E-02  0.52261E-02  0.55356E-02
  0.58604E-02  0.61972E-02  0.65418E-02  0.68924E-02  0.72498E-02  0.76103E-02
  0.79686E-02  0.83257E-02  0.86804E-02  0.90237E-02  0.93527E-02  0.96693E-02
  0.99718E-02  0.10254E-01  0.10515E-01  0.10758E-01  0.10977E-01  0.11167E-01
  0.11334E-01  0.11471E-01  0.11582E-01  0.11666E-01  0.11711E-01  0.11722E-01
  0.13371E+01  0.20779E+03
  0.74477E+02  0.66617E+02  0.48162E+02  0.29536E+02  0.16783E+02  0.97798E+01
  0.61133E+01  0.40185E+01  0.27260E+01  0.19278E+01  0.14280E+01  0.83220E+00
  0.52439E+00  0.35707E+00  0.25162E+00  0.18728E+00  0.14228E+00  0.11150E+00
  0.89122E-01  0.72565E-01  0.59992E-01  0.50323E-01  0.42654E-01  0.36612E-01
  0.31689E-01  0.27670E-01  0.24371E-01  0.21592E-01  0.19282E-01  0.17300E-01
  0.15608E-01  0.14146E-01  0.12871E-01  0.11756E-01  0.10771E-01  0.98954E-02
  0.91134E-02  0.84109E-02  0.77776E-02  0.72038E-02  0.66825E-02  0.62088E-02
  0.57751E-02  0.53817E-02  0.50250E-02  0.46971E-02  0.44029E-02  0.41391E-02
  0.38996E-02  0.36878E-02  0.35038E-02  0.33427E-02  0.32055E-02  0.30947E-02
  0.30052E-02  0.29372E-02  0.28912E-02  0.28659E-02  0.28608E-02  0.28757E-02
  0.29086E-02  0.29592E-02  0.30279E-02  0.31118E-02  0.32096E-02  0.33208E-02
  0.34462E-02  0.35864E-02  0.37324E-02  0.38865E-02  0.40519E-02  0.42240E-02
  0.44032E-02  0.45837E-02  0.47663E-02  0.49526E-02  0.51376E-02  0.53228E-02
  0.55098E-02  0.56915E-02  0.58670E-02  0.60367E-02  0.61988E-02  0.63535E-02
  0.65009E-02  0.66380E-02  0.67672E-02  0.68850E-02  0.69841E-02  0.70792E-02
  0.71594E-02  0.72182E-02  0.72739E-02  0.73140E-02  0.73290E-02  0.73313E-02
  0.12094E+01  0.22973E+03
  0.77843E+02  0.68492E+02  0.47357E+02  0.27499E+02  0.15062E+02  0.87003E+01
  0.54232E+01  0.35309E+01  0.23858E+01  0.16964E+01  0.12528E+01  0.71972E+00
  0.46021E+00  0.30852E+00  0.22027E+00  0.16238E+00  0.12386E+00  0.96877E-01
  0.77405E-01  0.62976E-01  0.52038E-01  0.43545E-01  0.36917E-01  0.31575E-01
  0.27299E-01  0.23765E-01  0.20869E-01  0.18436E-01  0.16387E-01  0.14647E-01
  0.13153E-01  0.11865E-01  0.10742E-01  0.97618E-02  0.88978E-02  0.81336E-02
  0.74551E-02  0.68493E-02  0.63088E-02  0.58221E-02  0.53854E-02  0.49942E-02
  0.46403E-02  0.43241E-02  0.40379E-02  0.37823E-02  0.35565E-02  0.33535E-02
  0.31770E-02  0.30233E-02  0.28874E-02  0.27735E-02  0.26800E-02  0.26013E-02
  0.25412E-02  0.24972E-02  0.24678E-02  0.24527E-02  0.24513E-02  0.24617E-02
  0.24840E-02  0.25172E-02  0.25604E-02  0.26133E-02  0.26754E-02  0.27443E-02
  0.28187E-02  0.29015E-02  0.29895E-02  0.30826E-02  0.31759E-02  0.32735E-02
  0.33773E-02  0.34801E-02  0.35843E-02  0.36869E-02  0.37891E-02  0.38920E-02
  0.39921E-02  0.40934E-02  0.41905E-02  0.42794E-02  0.43672E-02  0.44506E-02
  0.45256E-02  0.46005E-02  0.46682E-02  0.47299E-02  0.47853E-02  0.48324E-02
  0.48755E-02  0.49032E-02  0.49314E-02  0.49529E-02  0.49616E-02  0.49649E-02
  0.11092E+01  0.25048E+03
  0.80796E+02  0.69948E+02  0.46328E+02  0.25615E+02  0.13658E+02  0.78595E+01
  0.48734E+01  0.31443E+01  0.21259E+01  0.15144E+01  0.11088E+01  0.63916E+00
  0.40699E+00  0.27346E+00  0.19505E+00  0.14356E+00  0.10956E+00  0.85528E-01
  0.68296E-01  0.55472E-01  0.45736E-01  0.38230E-01  0.32293E-01  0.27587E-01
  0.23750E-01  0.20638E-01  0.18044E-01  0.15891E-01  0.14068E-01  0.12527E-01
  0.11203E-01  0.10064E-01  0.90755E-02  0.82147E-02  0.74603E-02  0.67978E-02
  0.62124E-02  0.56933E-02  0.52327E-02  0.48223E-02  0.44575E-02  0.41314E-02
  0.38398E-02  0.35820E-02  0.33511E-02  0.31490E-02  0.29693E-02  0.28087E-02
  0.26719E-02  0.25500E-02  0.24474E-02  0.23629E-02  0.22875E-02  0.22298E-02
  0.21838E-02  0.21481E-02  0.21246E-02  0.21109E-02  0.21053E-02  0.21099E-02
  0.21220E-02  0.21406E-02  0.21660E-02  0.21971E-02  0.22332E-02  0.22752E-02
  0.23205E-02  0.23691E-02  0.24207E-02  0.24767E-02  0.25339E-02  0.25910E-02
  0.26497E-02  0.27109E-02  0.27719E-02  0.28325E-02  0.28915E-02  0.29503E-02
  0.30068E-02  0.30647E-02  0.31213E-02  0.31725E-02  0.32232E-02  0.32693E-02
  0.33143E-02  0.33533E-02  0.33936E-02  0.34272E-02  0.34571E-02  0.34879E-02
  0.35087E-02  0.35251E-02  0.35438E-02  0.35484E-02  0.35584E-02  0.35720E-02
  0.10283E+01  0.27019E+03
  0.83438E+02  0.71087E+02  0.45166E+02  0.23904E+02  0.12504E+02  0.71819E+01
  0.44200E+01  0.28327E+01  0.19199E+01  0.13637E+01  0.99171E+00  0.57701E+00
  0.36340E+00  0.24652E+00  0.17425E+00  0.12889E+00  0.97883E-01  0.76481E-01
  0.60901E-01  0.49372E-01  0.40632E-01  0.33851E-01  0.28542E-01  0.24290E-01
  0.20871E-01  0.18061E-01  0.15747E-01  0.13814E-01  0.12193E-01  0.10818E-01
  0.96450E-02  0.86361E-02  0.77654E-02  0.70107E-02  0.63513E-02  0.57744E-02
  0.52670E-02  0.48204E-02  0.44272E-02  0.40776E-02  0.37697E-02  0.34956E-02
  0.32543E-02  0.30402E-02  0.28486E-02  0.26832E-02  0.25330E-02  0.24061E-02
  0.22948E-02  0.21957E-02  0.21144E-02  0.20416E-02  0.19827E-02  0.19340E-02
  0.18931E-02  0.18638E-02  0.18428E-02  0.18265E-02  0.18193E-02  0.18167E-02
  0.18197E-02  0.18285E-02  0.18415E-02  0.18582E-02  0.18792E-02  0.19030E-02
  0.19294E-02  0.19585E-02  0.19886E-02  0.20208E-02  0.20549E-02  0.20899E-02
  0.21256E-02  0.21610E-02  0.21973E-02  0.22330E-02  0.22707E-02  0.23047E-02
  0.23384E-02  0.23718E-02  0.24037E-02  0.24353E-02  0.24650E-02  0.24940E-02
  0.25181E-02  0.25432E-02  0.25658E-02  0.25855E-02  0.26052E-02  0.26181E-02
  0.26329E-02  0.26461E-02  0.26519E-02  0.26618E-02  0.26643E-02  0.26540E-02
  0.96111E+00  0.28908E+03
  0.85831E+02  0.71977E+02  0.43933E+02  0.22365E+02  0.11547E+02  0.66189E+01
  0.40377E+01  0.25782E+01  0.17504E+01  0.12368E+01  0.89794E+00  0.52459E+00
  0.32931E+00  0.22338E+00  0.15788E+00  0.11642E+00  0.88472E-01  0.68892E-01
  0.54780E-01  0.44302E-01  0.36353E-01  0.30227E-01  0.25397E-01  0.21565E-01
  0.18464E-01  0.15935E-01  0.13851E-01  0.12118E-01  0.10664E-01  0.94336E-02
  0.83893E-02  0.74924E-02  0.67242E-02  0.60599E-02  0.54809E-02  0.49770E-02
  0.45353E-02  0.41485E-02  0.38087E-02  0.35089E-02  0.32456E-02  0.30121E-02
  0.28074E-02  0.26262E-02  0.24651E-02  0.23252E-02  0.22000E-02  0.20947E-02
  0.19989E-02  0.19176E-02  0.18464E-02  0.17844E-02  0.17368E-02  0.16922E-02
  0.16575E-02  0.16300E-02  0.16060E-02  0.15917E-02  0.15796E-02  0.15727E-02
  0.15716E-02  0.15732E-02  0.15768E-02  0.15849E-02  0.15952E-02  0.16073E-02
  0.16220E-02  0.16386E-02  0.16565E-02  0.16754E-02  0.16954E-02  0.17153E-02
  0.17367E-02  0.17580E-02  0.17797E-02  0.18008E-02  0.18225E-02  0.18432E-02
  0.18652E-02  0.18856E-02  0.19044E-02  0.19237E-02  0.19411E-02  0.19579E-02
  0.19736E-02  0.19889E-02  0.20005E-02  0.20152E-02  0.20238E-02  0.20341E-02
  0.20432E-02  0.20481E-02  0.20559E-02  0.20596E-02  0.20614E-02  0.20720E-02
  0.90403E+00  0.30734E+03
  0.95260E+02  0.73970E+02  0.37694E+02  0.16804E+02  0.84827E+01  0.47251E+01
  0.27915E+01  0.17852E+01  0.12004E+01  0.84471E+00  0.61667E+00  0.35511E+00
  0.22299E+00  0.14984E+00  0.10537E+00  0.76880E-01  0.57842E-01  0.44550E-01
  0.35000E-01  0.27970E-01  0.22679E-01  0.18627E-01  0.15472E-01  0.12985E-01
  0.11001E-01  0.93939E-02  0.80871E-02  0.70120E-02  0.61213E-02  0.53764E-02
  0.47511E-02  0.42262E-02  0.37742E-02  0.33882E-02  0.30591E-02  0.27740E-02
  0.25290E-02  0.23148E-02  0.21276E-02  0.19647E-02  0.18221E-02  0.16962E-02
  0.15858E-02  0.14886E-02  0.14017E-02  0.13264E-02  0.12575E-02  0.12005E-02
  0.11454E-02  0.10997E-02  0.10562E-02  0.10219E-02  0.98804E-03  0.96076E-03
  0.93242E-03  0.91236E-03  0.89079E-03  0.87369E-03  0.86074E-03  0.84473E-03
  0.83448E-03  0.82347E-03  0.81425E-03  0.80863E-03  0.80117E-03  0.79663E-03
  0.79164E-03  0.78680E-03  0.78460E-03  0.78245E-03  0.77908E-03  0.77841E-03
  0.77909E-03  0.77715E-03  0.77630E-03  0.77701E-03  0.77692E-03  0.77617E-03
  0.77615E-03  0.77706E-03  0.77901E-03  0.78048E-03  0.78073E-03  0.78049E-03
  0.78121E-03  0.78259E-03  0.78423E-03  0.78562E-03  0.78552E-03  0.78566E-03
  0.78517E-03  0.78524E-03  0.78430E-03  0.78410E-03  0.78323E-03  0.78496E-03
  0.71070E+00  0.39094E+03
  0.10219E+03  0.73702E+02  0.32333E+02  0.13546E+02  0.67346E+01  0.36129E+01
  0.21335E+01  0.13568E+01  0.91097E+00  0.63762E+00  0.46196E+00  0.26477E+00
  0.16554E+00  0.11013E+00  0.76712E-01  0.55434E-01  0.41273E-01  0.31477E-01
  0.24492E-01  0.19394E-01  0.15593E-01  0.12707E-01  0.10482E-01  0.87420E-02
  0.73631E-02  0.62583E-02  0.53667E-02  0.46385E-02  0.40377E-02  0.35378E-02
  0.31214E-02  0.27724E-02  0.24753E-02  0.22224E-02  0.20077E-02  0.18205E-02
  0.16588E-02  0.15201E-02  0.13986E-02  0.12913E-02  0.11980E-02  0.11155E-02
  0.10430E-02  0.97848E-03  0.92109E-03  0.87053E-03  0.82408E-03  0.78393E-03
  0.74707E-03  0.71396E-03  0.68598E-03  0.65690E-03  0.63466E-03  0.61226E-03
  0.59397E-03  0.57450E-03  0.55921E-03  0.54456E-03  0.53175E-03  0.51944E-03
  0.50899E-03  0.49731E-03  0.49059E-03  0.48005E-03  0.47571E-03  0.46669E-03
  0.46070E-03  0.45580E-03  0.44850E-03  0.44630E-03  0.44196E-03  0.43744E-03
  0.43413E-03  0.43106E-03  0.42728E-03  0.42487E-03  0.42362E-03  0.42006E-03
  0.41765E-03  0.41729E-03  0.41671E-03  0.41380E-03  0.41214E-03  0.40985E-03
  0.40972E-03  0.41025E-03  0.40903E-03  0.40657E-03  0.40629E-03  0.40514E-03
  0.40535E-03  0.40603E-03  0.40444E-03  0.40740E-03  0.40411E-03  0.41584E-03
  0.59656E+00  0.46574E+03
  0.10764E+03  0.72322E+02  0.28080E+02  0.11446E+02  0.55216E+01  0.29141E+01
  0.17228E+01  0.10892E+01  0.72717E+00  0.50658E+00  0.36695E+00  0.20871E+00
  0.12924E+00  0.85176E-01  0.58813E-01  0.42170E-01  0.31136E-01  0.23571E-01
  0.18217E-01  0.14335E-01  0.11463E-01  0.92979E-02  0.76395E-02  0.63461E-02
  0.53313E-02  0.45203E-02  0.38691E-02  0.33404E-02  0.29044E-02  0.25423E-02
  0.22394E-02  0.19890E-02  0.17769E-02  0.15964E-02  0.14397E-02  0.13046E-02
  0.11895E-02  0.10894E-02  0.10027E-02  0.92420E-03  0.85651E-03  0.79773E-03
  0.74463E-03  0.69703E-03  0.65513E-03  0.61773E-03  0.58399E-03  0.55378E-03
  0.52614E-03  0.50153E-03  0.47966E-03  0.45884E-03  0.44104E-03  0.42387E-03
  0.40807E-03  0.39524E-03  0.38179E-03  0.37091E-03  0.35903E-03  0.35038E-03
  0.34072E-03  0.33264E-03  0.32516E-03  0.31771E-03  0.31156E-03  0.30585E-03
  0.30008E-03  0.29541E-03  0.28959E-03  0.28646E-03  0.28164E-03  0.27819E-03
  0.27706E-03  0.27047E-03  0.26858E-03  0.26645E-03  0.26383E-03  0.26033E-03
  0.26080E-03  0.25837E-03  0.25507E-03  0.25321E-03  0.25333E-03  0.25292E-03
  0.24927E-03  0.24804E-03  0.24775E-03  0.24774E-03  0.24723E-03  0.24652E-03
  0.24640E-03  0.24390E-03  0.24549E-03  0.24434E-03  0.24183E-03  0.24728E-03
  0.51960E+00  0.53472E+03
  0.11217E+03  0.70388E+02  0.24765E+02  0.99394E+01  0.46319E+01  0.24457E+01
  0.14370E+01  0.90418E+00  0.60002E+00  0.41761E+00  0.30018E+00  0.16956E+00
  0.10428E+00  0.68249E-01  0.46821E-01  0.33333E-01  0.24461E-01  0.18411E-01
  0.14160E-01  0.11098E-01  0.88420E-02  0.71495E-02  0.58575E-02  0.48591E-02
  0.40745E-02  0.34494E-02  0.29514E-02  0.25440E-02  0.22106E-02  0.19356E-02
  0.17026E-02  0.15112E-02  0.13491E-02  0.12091E-02  0.10917E-02  0.99081E-03
  0.90329E-03  0.82614E-03  0.75768E-03  0.69807E-03  0.64651E-03  0.60146E-03
  0.56086E-03  0.52436E-03  0.49149E-03  0.46230E-03  0.43636E-03  0.41267E-03
  0.39130E-03  0.37190E-03  0.35439E-03  0.33860E-03  0.32416E-03  0.31050E-03
  0.29862E-03  0.28770E-03  0.27671E-03  0.26824E-03  0.25920E-03  0.25092E-03
  0.24442E-03  0.23682E-03  0.23178E-03  0.22487E-03  0.22013E-03  0.21441E-03
  0.21104E-03  0.20568E-03  0.20287E-03  0.19807E-03  0.19596E-03  0.19189E-03
  0.18909E-03  0.18705E-03  0.18333E-03  0.18270E-03  0.17945E-03  0.17639E-03
  0.17604E-03  0.17428E-03  0.17293E-03  0.17100E-03  0.17009E-03  0.16954E-03
  0.16701E-03  0.16621E-03  0.16557E-03  0.16475E-03  0.16542E-03  0.16463E-03
  0.16272E-03  0.16317E-03  0.16384E-03  0.16138E-03  0.16165E-03  0.16595E-03
  0.46307E+00  0.59999E+03