  0.24998E+02  0.24973E+02  0.24896E+02  0.24769E+02  0.24593E+02  0.24367E+02
  0.24094E+02  0.23773E+02  0.23408E+02  0.23000E+02  0.22551E+02  0.21537E+02
  0.20387E+02  0.19121E+02  0.17764E+02  0.16339E+02  0.14872E+02  0.13387E+02
  0.11909E+02  0.10460E+02  0.90619E+01  0.77330E+01  0.64897E+01  0.53453E+01
  0.43099E+01  0.33906E+01  0.25910E+01  0.19117E+01  0.13505E+01  0.90226E+00
  0.55963E+00  0.31324E+00  0.15221E+00  0.64552E-01  0.37677E-01  0.58826E-01
  0.11551E+00  0.19588E+00  0.28912E+00  0.38567E+00  0.47746E+00  0.55805E+00
  0.62269E+00  0.66831E+00  0.69345E+00  0.69812E+00  0.68359E+00  0.65219E+00
  0.60706E+00  0.55187E+00  0.49055E+00  0.42703E+00  0.36506E+00  0.30795E+00
  0.25845E+00  0.21863E+00  0.18984E+00  0.17268E+00  0.16704E+00  0.17222E+00
  0.18696E+00  0.20967E+00  0.23855E+00  0.27173E+00  0.30749E+00  0.34437E+00
  0.38130E+00  0.41771E+00  0.45358E+00  0.48949E+00  0.52658E+00  0.56648E+00
  0.61125E+00  0.66326E+00  0.72501E+00  0.79898E+00  0.88748E+00  0.99245E+00
  0.11153E+01  0.12568E+01  0.14170E+01  0.15950E+01  0.17891E+01  0.19968E+01
  0.22146E+01  0.24385E+01  0.26636E+01  0.28849E+01  0.30970E+01  0.32945E+01
  0.34720E+01  0.36247E+01  0.37483E+01  0.38392E+01  0.38949E+01  0.39136E+01
  0.24666E+02  0.12191E+01
  0.12933E+02  0.12913E+02  0.12850E+02  0.12747E+02  0.12603E+02  0.12421E+02
  0.12203E+02  0.11950E+02  0.11665E+02  0.11352E+02  0.11013E+02  0.10269E+02
  0.94625E+01  0.86194E+01  0.77666E+01  0.69278E+01  0.61232E+01  0.53690E+01
  0.46765E+01  0.40524E+01  0.34993E+01  0.30157E+01  0.25975E+01  0.22382E+01
  0.19302E+01  0.16654E+01  0.14359E+01  0.12348E+01  0.10562E+01  0.89541E+00
  0.74945E+00  0.61644E+00  0.49562E+00  0.38709E+00  0.29143E+00  0.20951E+00
  0.14216E+00  0.89981E-01  0.53188E-01  0.31523E-01  0.24217E-01  0.30014E-01
  0.47235E-01  0.73871E-01  0.10770E+00  0.14640E+00  0.18767E+00  0.22933E+00
  0.26942E+00  0.30624E+00  0.33843E+00  0.36494E+00  0.38509E+00  0.39851E+00
  0.40513E+00  0.40514E+00  0.39893E+00  0.38706E+00  0.37023E+00  0.34917E+00
  0.32470E+00  0.29761E+00  0.26869E+00  0.23868E+00  0.20831E+00  0.17822E+00
  0.14903E+00  0.12128E+00  0.95493E-01  0.72128E-01  0.51614E-01  0.34338E-01
  0.20649E-01  0.10848E-01  0.51894E-02  0.38677E-02  0.70090E-02  0.14660E-01
  0.26779E-01  0.43223E-01  0.63745E-01  0.87987E-01  0.11548E+00  0.14565E+00
  0.17782E+00  0.21125E+00  0.24511E+00  0.27854E+00  0.31066E+00  0.34061E+00
  0.36757E+00  0.39077E+00  0.40954E+00  0.42336E+00  0.43182E+00  0.43466E+00
  0.10559E+02  0.28479E+01
  0.19609E+02  0.19561E+02  0.19418E+02  0.19181E+02  0.18854E+02  0.18442E+02
  0.17950E+02  0.17385E+02  0.16755E+02  0.16068E+02  0.15332E+02  0.13752E+02
  0.12090E+02  0.10417E+02  0.87981E+01  0.72848E+01  0.59169E+01  0.47191E+01
  0.37024E+01  0.28654E+01  0.21967E+01  0.16781E+01  0.12867E+01  0.99865E+00
  0.79027E+00  0.64048E+00  0.53147E+00  0.44929E+00  0.38377E+00  0.32820E+00
  0.27869E+00  0.23349E+00  0.19227E+00  0.15554E+00  0.12413E+00  0.98782E-01
  0.80008E-01  0.67916E-01  0.62217E-01  0.62271E-01  0.67171E-01  0.75846E-01
  0.87158E-01  0.99998E-01  0.11335E+00  0.12635E+00  0.13830E+00  0.14871E+00
  0.15725E+00  0.16378E+00  0.16830E+00  0.17094E+00  0.17190E+00  0.17143E+00
  0.16983E+00  0.16737E+00  0.16429E+00  0.16080E+00  0.15703E+00  0.15305E+00
  0.14887E+00  0.14443E+00  0.13961E+00  0.13430E+00  0.12833E+00  0.12158E+00
  0.11394E+00  0.10536E+00  0.95852E-01  0.85524E-01  0.74561E-01  0.63243E-01
  0.51930E-01  0.41054E-01  0.31097E-01  0.22570E-01  0.15983E-01  0.11816E-01
  0.10489E-01  0.12330E-01  0.17557E-01  0.26247E-01  0.38332E-01  0.53586E-01
  0.71628E-01  0.91935E-01  0.11386E+00  0.13664E+00  0.15947E+00  0.18149E+00
  0.20186E+00  0.21977E+00  0.23452E+00  0.24551E+00  0.25229E+00  0.25457E+00
  0.89617E+01  0.33555E+01
  0.24332E+02  0.24257E+02  0.24031E+02  0.23660E+02  0.23150E+02  0.22508E+02
  0.21748E+02  0.20880E+02  0.19920E+02  0.18882E+02  0.17783E+02  0.15466E+02
  0.13096E+02  0.10791E+02  0.86438E+01  0.67261E+01  0.50798E+01  0.37211E+01
  0.26436E+01  0.18239E+01  0.12272E+01  0.81360E+00  0.54240E+00  0.37614E+00
  0.28270E+00  0.23635E+00  0.21781E+00  0.21356E+00  0.21481E+00  0.21638E+00
  0.21559E+00  0.21140E+00  0.20375E+00  0.19307E+00  0.18002E+00  0.16535E+00
  0.14979E+00  0.13401E+00  0.11861E+00  0.10410E+00  0.90869E-01  0.79173E-01
  0.69149E-01  0.60803E-01  0.54037E-01  0.48669E-01  0.44470E-01  0.41201E-01
  0.38644E-01  0.36631E-01  0.35066E-01  0.33933E-01  0.33289E-01  0.33256E-01
  0.33997E-01  0.35687E-01  0.38480E-01  0.42481E-01  0.47719E-01  0.54122E-01
  0.61511E-01  0.69596E-01  0.77986E-01  0.86212E-01  0.93756E-01  0.10009E+00
  0.10471E+00  0.10720E+00  0.10724E+00  0.10468E+00  0.99519E-01  0.91976E-01
  0.82444E-01  0.71504E-01  0.59892E-01  0.48464E-01  0.38146E-01  0.29881E-01
  0.24567E-01  0.23002E-01  0.25821E-01  0.33455E-01  0.46089E-01  0.63638E-01
  0.85741E-01  0.11177E+00  0.14084E+00  0.17187E+00  0.20363E+00  0.23480E+00
  0.26401E+00  0.28999E+00  0.31155E+00  0.32771E+00  0.33771E+00  0.34109E+00
  0.80989E+01  0.37129E+01
  0.27978E+02  0.27822E+02  0.27354E+02  0.26590E+02  0.25556E+02  0.24283E+02
  0.22811E+02  0.21184E+02  0.19446E+02  0.17645E+02  0.15823E+02  0.12281E+02
  0.90825E+01  0.63941E+01  0.42789E+01  0.27170E+01  0.16340E+01  0.93031E+00
  0.50604E+00  0.27538E+00  0.17264E+00  0.15130E+00  0.17962E+00  0.23570E+00
  0.30352E+00  0.37075E+00  0.42783E+00  0.46792E+00  0.48705E+00  0.48407E+00
  0.46040E+00  0.41940E+00  0.36572E+00  0.30461E+00  0.24127E+00  0.18042E+00
  0.12592E+00  0.80635E-01  0.46388E-01  0.23956E-01  0.13189E-01  0.13134E-01
  0.22187E-01  0.38263E-01  0.58979E-01  0.81834E-01  0.10440E+00  0.12451E+00
  0.14039E+00  0.15078E+00  0.15499E+00  0.15293E+00  0.14505E+00  0.13224E+00
  0.11576E+00  0.97032E-01  0.77569E-01  0.58789E-01  0.41926E-01  0.27932E-01
  0.17429E-01  0.10676E-01  0.75796E-02  0.77297E-02  0.10457E-01  0.14912E-01
  0.20152E-01  0.25239E-01  0.29330E-01  0.31760E-01  0.32112E-01  0.30264E-01
  0.26415E-01  0.21082E-01  0.15078E-01  0.94548E-02  0.54365E-02  0.43292E-02
  0.74239E-02  0.15896E-01  0.30708E-01  0.52522E-01  0.81634E-01  0.11792E+00
  0.16083E+00  0.20938E+00  0.26217E+00  0.31749E+00  0.37336E+00  0.42766E+00
  0.47821E+00  0.52292E+00  0.55990E+00  0.58754E+00  0.60463E+00  0.61040E+00
  0.60604E+01  0.49619E+01
  0.28195E+02  0.27966E+02  0.27281E+02  0.26178E+02  0.24708E+02  0.22939E+02
  0.20949E+02  0.18821E+02  0.16636E+02  0.14470E+02  0.12389E+02  0.86767E+01
  0.57480E+01  0.36394E+01  0.22389E+01  0.13689E+01  0.85392E+00  0.55890E+00
  0.39689E+00  0.31863E+00  0.29658E+00  0.31209E+00  0.34898E+00  0.39216E+00
  0.42887E+00  0.45011E+00  0.45134E+00  0.43217E+00  0.39531E+00  0.34530E+00
  0.28735E+00  0.22653E+00  0.16732E+00  0.11346E+00  0.68012E-01  0.33268E-01
  0.10747E-01  0.10628E-02  0.38508E-02  0.17785E-01  0.40722E-01  0.69948E-01
  0.10247E+00  0.13532E+00  0.16576E+00  0.19153E+00  0.21087E+00  0.22262E+00
  0.22623E+00  0.22172E+00  0.20967E+00  0.19113E+00  0.16754E+00  0.14064E+00
  0.11232E+00  0.84507E-01  0.58997E-01  0.37346E-01  0.20749E-01  0.99745E-02
  0.53174E-02  0.66038E-02  0.13225E-01  0.24206E-01  0.38292E-01  0.54060E-01
  0.70027E-01  0.84766E-01  0.97010E-01  0.10574E+00  0.11026E+00  0.11023E+00
  0.10571E+00  0.97150E-01  0.85322E-01  0.71313E-01  0.56422E-01  0.42075E-01
  0.29726E-01  0.20752E-01  0.16357E-01  0.17486E-01  0.24753E-01  0.38391E-01
  0.58226E-01  0.83681E-01  0.11380E+00  0.14730E+00  0.18264E+00  0.21813E+00
  0.25199E+00  0.28250E+00  0.30808E+00  0.32739E+00  0.33940E+00  0.34347E+00
  0.49866E+01  0.60304E+01
  0.29490E+02  0.29179E+02  0.28256E+02  0.26783E+02  0.24853E+02  0.22580E+02
  0.20091E+02  0.17515E+02  0.14970E+02  0.12555E+02  0.10346E+02  0.67207E+01
  0.42000E+01  0.26126E+01  0.16756E+01  0.11293E+01  0.79859E+00  0.59121E+00
  0.46612E+00  0.40248E+00  0.38233E+00  0.38652E+00  0.39718E+00  0.40120E+00
  0.39181E+00  0.36797E+00  0.33231E+00  0.28886E+00  0.24144E+00  0.19310E+00
  0.14631E+00  0.10334E+00  0.66426E-01  0.37600E-01  0.18343E-01  0.92830E-02
  0.10105E-01  0.19677E-01  0.36293E-01  0.57930E-01  0.82447E-01  0.10772E+00
  0.13174E+00  0.15265E+00  0.16889E+00  0.17926E+00  0.18304E+00  0.18002E+00
  0.17056E+00  0.15550E+00  0.13609E+00  0.11385E+00  0.90447E-01  0.67563E-01
  0.46770E-01  0.29444E-01  0.16684E-01  0.92590E-02  0.75623E-02  0.11598E-01
  0.20982E-01  0.34971E-01  0.52514E-01  0.72323E-01  0.92965E-01  0.11296E+00
  0.13088E+00  0.14545E+00  0.15564E+00  0.16072E+00  0.16032E+00  0.15443E+00
  0.14345E+00  0.12809E+00  0.10940E+00  0.88643E-01  0.67247E-01  0.46709E-01
  0.28499E-01  0.13967E-01  0.42584E-02  0.24448E-03  0.24619E-02  0.11079E-01
  0.25879E-01  0.46272E-01  0.71323E-01  0.99809E-01  0.13028E+00  0.16115E+00
  0.19078E+00  0.21759E+00  0.24012E+00  0.25716E+00  0.26777E+00  0.27136E+00
  0.43856E+01  0.68568E+01
  0.31358E+02  0.30956E+02  0.29770E+02  0.27898E+02  0.25481E+02  0.22694E+02
  0.19719E+02  0.16735E+02  0.13891E+02  0.11304E+02  0.90439E+01  0.56015E+01
  0.34509E+01  0.22129E+01  0.15045E+01  0.10693E+01  0.78256E+00  0.59614E+00
  0.48728E+00  0.43358E+00  0.41015E+00  0.39542E+00  0.37602E+00  0.34751E+00
  0.31158E+00  0.27196E+00  0.23160E+00  0.19197E+00  0.15379E+00  0.11805E+00
  0.86293E-01  0.60247E-01  0.41237E-01  0.29816E-01  0.25743E-01  0.28213E-01
  0.36111E-01  0.48183E-01  0.63082E-01  0.79368E-01  0.95534E-01  0.11009E+00
  0.12172E+00  0.12941E+00  0.13253E+00  0.13088E+00  0.12464E+00  0.11433E+00
  0.10073E+00  0.84794E-01  0.67649E-01  0.50493E-01  0.34539E-01  0.20938E-01
  0.10691E-01  0.45722E-02  0.30709E-02  0.63563E-02  0.14269E-01  0.26340E-01
  0.41824E-01  0.59756E-01  0.79012E-01  0.98384E-01  0.11665E+00  0.13265E+00
  0.14536E+00  0.15395E+00  0.15785E+00  0.15677E+00  0.15074E+00  0.14012E+00
  0.12556E+00  0.10798E+00  0.88512E-01  0.68443E-01  0.49135E-01  0.31948E-01
  0.18153E-01  0.88640E-02  0.49618E-02  0.70465E-02  0.15395E-01  0.29943E-01
  0.50277E-01  0.75659E-01  0.10505E+00  0.13719E+00  0.17062E+00  0.20380E+00
  0.23515E+00  0.26319E+00  0.28655E+00  0.30410E+00  0.31499E+00  0.31867E+00
  0.39952E+01  0.75268E+01
  0.33392E+02  0.32892E+02  0.31424E+02  0.29130E+02  0.26212E+02  0.22912E+02
  0.19478E+02  0.16134E+02  0.13055E+02  0.10361E+02  0.81059E+01  0.48877E+01
  0.30346E+01  0.20078E+01  0.13997E+01  0.10022E+01  0.73796E+00  0.57570E+00
  0.48659E+00  0.43829E+00  0.40355E+00  0.36723E+00  0.32614E+00  0.28353E+00
  0.24307E+00  0.20602E+00  0.17184E+00  0.14003E+00  0.11111E+00  0.86356E-01
  0.66909E-01  0.53244E-01  0.45119E-01  0.41886E-01  0.42813E-01  0.47191E-01
  0.54260E-01  0.63104E-01  0.72641E-01  0.81738E-01  0.89371E-01  0.94742E-01
  0.97326E-01  0.96851E-01  0.93269E-01  0.86737E-01  0.77610E-01  0.66445E-01
  0.53981E-01  0.41088E-01  0.28695E-01  0.17710E-01  0.89449E-02  0.30605E-02
  0.52902E-03  0.16127E-02  0.63524E-02  0.14564E-01  0.25845E-01  0.39593E-01
  0.55035E-01  0.71274E-01  0.87342E-01  0.10227E+00  0.11512E+00  0.12511E+00
  0.13160E+00  0.13416E+00  0.13262E+00  0.12703E+00  0.11773E+00  0.10528E+00
  0.90473E-01  0.74261E-01  0.57734E-01  0.42050E-01  0.28374E-01  0.17818E-01
  0.11372E-01  0.98501E-02  0.13840E-01  0.23664E-01  0.39355E-01  0.60648E-01
  0.86981E-01  0.11752E+00  0.15120E+00  0.18676E+00  0.22280E+00  0.25788E+00
  0.29054E+00  0.31941E+00  0.34327E+00  0.36108E+00  0.37209E+00  0.37580E+00
  0.37087E+01  0.81082E+01
  0.35405E+02  0.34802E+02  0.33038E+02  0.30308E+02  0.26885E+02  0.23087E+02
  0.19229E+02  0.15577E+02  0.12325E+02  0.95798E+01  0.73710E+01  0.43867E+01
  0.27598E+01  0.18555E+01  0.12940E+01  0.92227E+00  0.68749E+00  0.55299E+00
  0.47752E+00  0.42491E+00  0.37497E+00  0.32377E+00  0.27538E+00  0.23335E+00
  0.19759E+00  0.16614E+00  0.13778E+00  0.11281E+00  0.92157E-01  0.76329E-01
  0.65079E-01  0.57725E-01  0.53633E-01  0.52387E-01  0.53643E-01  0.56890E-01
  0.61381E-01  0.66249E-01  0.70682E-01  0.74038E-01  0.75860E-01  0.75836E-01
  0.73775E-01  0.69624E-01  0.63497E-01  0.55700E-01  0.46707E-01  0.37109E-01
  0.27552E-01  0.18678E-01  0.11088E-01  0.53156E-02  0.18003E-02  0.86482E-03
  0.26848E-02  0.72669E-02  0.14440E-01  0.23860E-01  0.35032E-01  0.47342E-01
  0.60097E-01  0.72565E-01  0.84018E-01  0.93775E-01  0.10124E+00  0.10593E+00
  0.10754E+00  0.10591E+00  0.10111E+00  0.93392E-01  0.83213E-01  0.71208E-01
  0.58161E-01  0.44969E-01  0.32597E-01  0.22026E-01  0.14202E-01  0.99833E-02
  0.10098E-01  0.15096E-01  0.25319E-01  0.40871E-01  0.61611E-01  0.87146E-01
  0.11685E+00  0.14986E+00  0.18515E+00  0.22155E+00  0.25779E+00  0.29256E+00
  0.32458E+00  0.35264E+00  0.37568E+00  0.39280E+00  0.40334E+00  0.40689E+00
  0.34815E+01  0.86373E+01
  0.37323E+02  0.36612E+02  0.34542E+02  0.31366E+02  0.27441E+02  0.23168E+02
  0.18926E+02  0.15021E+02  0.11650E+02  0.89018E+01  0.67665E+01  0.40074E+01
  0.25478E+01  0.17165E+01  0.11866E+01  0.84631E+00  0.64536E+00  0.53312E+00
  0.46086E+00  0.39819E+00  0.33708E+00  0.28170E+00  0.23607E+00  0.19937E+00
  0.16850E+00  0.14152E+00  0.11839E+00  0.99694E-01  0.85420E-01  0.74825E-01
  0.67067E-01  0.61697E-01  0.58587E-01  0.57561E-01  0.58155E-01  0.59680E-01
  0.61442E-01  0.62895E-01  0.63653E-01  0.63428E-01  0.61986E-01  0.59170E-01
  0.54954E-01  0.49472E-01  0.42999E-01  0.35900E-01  0.28580E-01  0.21460E-01
  0.14965E-01  0.95144E-02  0.54956E-02  0.32331E-02  0.29518E-02  0.47540E-02
  0.86109E-02  0.14368E-01  0.21754E-01  0.30402E-01  0.39858E-01  0.49608E-01
  0.59100E-01  0.67777E-01  0.75108E-01  0.80628E-01  0.83970E-01  0.84889E-01
  0.83284E-01  0.79204E-01  0.72861E-01  0.64613E-01  0.54963E-01  0.44530E-01
  0.34028E-01  0.24231E-01  0.15939E-01  0.99380E-02  0.69616E-02  0.76486E-02
  0.12509E-01  0.21892E-01  0.35965E-01  0.54694E-01  0.77837E-01  0.10495E+00
  0.13539E+00  0.16836E+00  0.20291E+00  0.23797E+00  0.27243E+00  0.30516E+00
  0.33507E+00  0.36112E+00  0.38240E+00  0.39817E+00  0.40786E+00  0.41113E+00
  0.32928E+01  0.91324E+01
  0.39122E+02  0.38298E+02  0.35914E+02  0.32289E+02  0.27871E+02  0.23148E+02
  0.18565E+02  0.14458E+02  0.11019E+02  0.83016E+01  0.62564E+01  0.37035E+01
  0.23669E+01  0.15846E+01  0.10869E+01  0.78348E+00  0.61339E+00  0.51345E+00
  0.43658E+00  0.36476E+00  0.30028E+00  0.24837E+00  0.20845E+00  0.17635E+00
  0.14910E+00  0.12617E+00  0.10786E+00  0.93789E-01  0.82890E-01  0.74270E-01
  0.67651E-01  0.63076E-01  0.60394E-01  0.59098E-01  0.58535E-01  0.58168E-01
  0.57658E-01  0.56776E-01  0.55312E-01  0.53069E-01  0.49931E-01  0.45912E-01
  0.41140E-01  0.35819E-01  0.30181E-01  0.24482E-01  0.19008E-01  0.14075E-01
  0.99998E-02  0.70692E-02  0.55043E-02  0.54440E-02  0.69414E-02  0.99655E-02
  0.14402E-01  0.20054E-01  0.26643E-01  0.33824E-01  0.41198E-01  0.48339E-01
  0.54824E-01  0.60256E-01  0.64289E-01  0.66649E-01  0.67149E-01  0.65705E-01
  0.62347E-01  0.57221E-01  0.50594E-01  0.42847E-01  0.34460E-01  0.25999E-01
  0.18084E-01  0.11366E-01  0.64944E-02  0.40844E-02  0.46879E-02  0.87636E-02
  0.16651E-01  0.28552E-01  0.44509E-01  0.64403E-01  0.87946E-01  0.11469E+00
  0.14403E+00  0.17524E+00  0.20748E+00  0.23984E+00  0.27134E+00  0.30104E+00
  0.32802E+00  0.35141E+00  0.37045E+00  0.38453E+00  0.39317E+00  0.39607E+00
  0.31314E+01  0.96030E+01
  0.40799E+02  0.39860E+02  0.37154E+02  0.33079E+02  0.28180E+02  0.23036E+02
  0.18156E+02  0.13894E+02  0.10426E+02  0.77669E+01  0.58197E+01  0.34495E+01
  0.22046E+01  0.14621E+01  0.10010E+01  0.73506E+00  0.58810E+00  0.49118E+00
  0.40717E+00  0.33126E+00  0.26984E+00  0.22398E+00  0.18882E+00  0.15991E+00
  0.13586E+00  0.11671E+00  0.10190E+00  0.90155E-01  0.80479E-01  0.72680E-01
  0.66879E-01  0.62894E-01  0.60156E-01  0.58043E-01  0.56153E-01  0.54300E-01
  0.52344E-01  0.50101E-01  0.47400E-01  0.44158E-01  0.40405E-01  0.36240E-01
  0.31782E-01  0.27172E-01  0.22584E-01  0.18236E-01  0.14375E-01  0.11234E-01
  0.90030E-02  0.78222E-02  0.77778E-02  0.89061E-02  0.11187E-01  0.14537E-01
  0.18801E-01  0.23764E-01  0.29158E-01  0.34686E-01  0.40031E-01  0.44881E-01
  0.48938E-01  0.51934E-01  0.53648E-01  0.53921E-01  0.52676E-01  0.49924E-01
  0.45773E-01  0.40425E-01  0.34171E-01  0.27384E-01  0.20502E-01  0.14011E-01
  0.84308E-02  0.42866E-02  0.20894E-02  0.23094E-02  0.53531E-02  0.11543E-01
  0.21098E-01  0.34118E-01  0.50572E-01  0.70293E-01  0.92981E-01  0.11821E+00
  0.14542E+00  0.17399E+00  0.20317E+00  0.23220E+00  0.26026E+00  0.28656E+00
  0.31032E+00  0.33083E+00  0.34747E+00  0.35975E+00  0.36728E+00  0.36981E+00
  0.29908E+01  0.10054E+02
  0.52893E+02  0.50697E+02  0.44644E+02  0.36292E+02  0.27470E+02  0.19651E+02
  0.13584E+02  0.93288E+01  0.65270E+01  0.47108E+01  0.34968E+01  0.20242E+01
  0.12552E+01  0.87468E+00  0.65221E+00  0.48250E+00  0.36094E+00  0.28361E+00
  0.22988E+00  0.18795E+00  0.15597E+00  0.13169E+00  0.11222E+00  0.96616E-01
  0.84299E-01  0.74029E-01  0.65114E-01  0.57636E-01  0.51457E-01  0.46083E-01
  0.41262E-01  0.37049E-01  0.33427E-01  0.30252E-01  0.27443E-01  0.24997E-01
  0.22889E-01  0.21080E-01  0.19557E-01  0.18321E-01  0.17345E-01  0.16592E-01
  0.16042E-01  0.15693E-01  0.15521E-01  0.15485E-01  0.15544E-01  0.15672E-01
  0.15844E-01  0.16022E-01  0.16166E-01  0.16242E-01  0.16220E-01  0.16075E-01
  0.15786E-01  0.15335E-01  0.14716E-01  0.13930E-01  0.12987E-01  0.11903E-01
  0.10707E-01  0.94364E-02  0.81363E-02  0.68606E-02  0.56687E-02  0.46243E-02
  0.37955E-02  0.32526E-02  0.30651E-02  0.32985E-02  0.40138E-02  0.52659E-02
  0.70995E-02  0.95487E-02  0.12635E-01  0.16366E-01  0.20732E-01  0.25709E-01
  0.31259E-01  0.37326E-01  0.43841E-01  0.50715E-01  0.57850E-01  0.65139E-01
  0.72472E-01  0.79728E-01  0.86773E-01  0.93481E-01  0.99737E-01  0.10543E+00
  0.11044E+00  0.11469E+00  0.11807E+00  0.12054E+00  0.12203E+00  0.12253E+00
  0.21629E+01  0.13903E+02
  0.60697E+02  0.57135E+02  0.47717E+02  0.35757E+02  0.24559E+02  0.16013E+02
  0.10365E+02  0.69135E+01  0.48073E+01  0.34482E+01  0.25226E+01  0.14553E+01
  0.95964E+00  0.66042E+00  0.45995E+00  0.34215E+00  0.26424E+00  0.20616E+00
  0.16530E+00  0.13532E+00  0.11208E+00  0.94173E-01  0.79829E-01  0.68319E-01
  0.59179E-01  0.51522E-01  0.45085E-01  0.39862E-01  0.35483E-01  0.31719E-01
  0.28579E-01  0.25955E-01  0.23710E-01  0.21808E-01  0.20206E-01  0.18848E-01
  0.17702E-01  0.16731E-01  0.15896E-01  0.15178E-01  0.14561E-01  0.14015E-01
  0.13516E-01  0.13056E-01  0.12621E-01  0.12193E-01  0.11761E-01  0.11321E-01
  0.10865E-01  0.10390E-01  0.98950E-02  0.93789E-02  0.88446E-02  0.82972E-02
  0.77431E-02  0.71905E-02  0.66487E-02  0.61288E-02  0.56437E-02  0.52067E-02
  0.48315E-02  0.45324E-02  0.43236E-02  0.42188E-02  0.42315E-02  0.43739E-02
  0.46572E-02  0.50896E-02  0.56779E-02  0.64294E-02  0.73478E-02  0.84318E-02
  0.96790E-02  0.11085E-01  0.12641E-01  0.14338E-01  0.16162E-01  0.18099E-01
  0.20128E-01  0.22231E-01  0.24384E-01  0.26564E-01  0.28745E-01  0.30903E-01
  0.33009E-01  0.35037E-01  0.36964E-01  0.38768E-01  0.40418E-01  0.41893E-01
  0.43179E-01  0.44259E-01  0.45114E-01  0.45729E-01  0.46095E-01  0.46215E-01
  0.17652E+01  0.17036E+02
  0.66568E+02  0.61577E+02  0.48906E+02  0.34045E+02  0.21611E+02  0.13277E+02
  0.83765E+01  0.55637E+01  0.38457E+01  0.27250E+01  0.19856E+01  0.11854E+01
  0.76337E+00  0.50672E+00  0.36463E+00  0.27000E+00  0.20498E+00  0.16149E+00
  0.12915E+00  0.10515E+00  0.86939E-01  0.72873E-01  0.61837E-01  0.52876E-01
  0.45776E-01  0.39979E-01  0.35136E-01  0.31211E-01  0.27922E-01  0.25126E-01
  0.22800E-01  0.20820E-01  0.19121E-01  0.17668E-01  0.16407E-01  0.15306E-01
  0.14334E-01  0.13467E-01  0.12691E-01  0.11982E-01  0.11326E-01  0.10717E-01
  0.10143E-01  0.95962E-02  0.90746E-02  0.85732E-02  0.80886E-02  0.76209E-02
  0.71684E-02  0.67326E-02  0.63161E-02  0.59202E-02  0.55475E-02  0.52019E-02
  0.48877E-02  0.46080E-02  0.43665E-02  0.41671E-02  0.40131E-02  0.39080E-02
  0.38559E-02  0.38605E-02  0.39236E-02  0.40462E-02  0.42292E-02  0.44740E-02
  0.47840E-02  0.51576E-02  0.55902E-02  0.60814E-02  0.66297E-02  0.72308E-02
  0.78827E-02  0.85813E-02  0.93196E-02  0.10091E-01  0.10892E-01  0.11714E-01
  0.12549E-01  0.13390E-01  0.14233E-01  0.15069E-01  0.15887E-01  0.16683E-01
  0.17447E-01  0.18174E-01  0.18854E-01  0.19481E-01  0.20049E-01  0.20553E-01
  0.20989E-01  0.21351E-01  0.21636E-01  0.21841E-01  0.21966E-01  0.22007E-01
  0.15200E+01  0.19784E+02
  0.71293E+02  0.64834E+02  0.49074E+02  0.31954E+02  0.19051E+02  0.11303E+02
  0.70781E+01  0.46845E+01  0.32042E+01  0.22584E+01  0.16616E+01  0.99237E+00
  0.61879E+00  0.42184E+00  0.29998E+00  0.22070E+00  0.16945E+00  0.13226E+00
  0.10584E+00  0.86181E-01  0.71302E-01  0.59714E-01  0.50695E-01  0.43495E-01
  0.37642E-01  0.32955E-01  0.29035E-01  0.25801E-01  0.23102E-01  0.20800E-01
  0.18863E-01  0.17190E-01  0.15740E-01  0.14478E-01  0.13365E-01  0.12379E-01
  0.11495E-01  0.10699E-01  0.99732E-02  0.93106E-02  0.87019E-02  0.81371E-02
  0.76127E-02  0.71240E-02  0.66664E-02  0.62407E-02  0.58441E-02  0.54754E-02
  0.51364E-02  0.48244E-02  0.45392E-02  0.42822E-02  0.40553E-02  0.38574E-02
  0.36893E-02  0.35531E-02  0.34485E-02  0.33764E-02  0.33369E-02  0.33299E-02
  0.33549E-02  0.34132E-02  0.35058E-02  0.36290E-02  0.37798E-02  0.39628E-02
  0.41766E-02  0.44160E-02  0.46817E-02  0.49686E-02  0.52759E-02  0.56064E-02
  0.59544E-02  0.63162E-02  0.66876E-02  0.70664E-02  0.74533E-02  0.78442E-02
  0.82337E-02  0.86223E-02  0.90084E-02  0.93830E-02  0.97429E-02  0.10090E-01
  0.10421E-01  0.10731E-01  0.11017E-01  0.11284E-01  0.11524E-01  0.11734E-01
  0.11917E-01  0.12069E-01  0.12190E-01  0.12281E-01  0.12331E-01  0.12345E-01
  0.13489E+01  0.22293E+02
  0.75254E+02  0.67303E+02  0.48640E+02  0.29812E+02  0.16930E+02  0.98607E+01
  0.61606E+01  0.40469E+01  0.27439E+01  0.19406E+01  0.14380E+01  0.83809E+00
  0.52818E+00  0.35976E+00  0.25357E+00  0.18876E+00  0.14343E+00  0.11240E+00
  0.89849E-01  0.73157E-01  0.60478E-01  0.50734E-01  0.43004E-01  0.36918E-01
  0.31959E-01  0.27915E-01  0.24595E-01  0.21803E-01  0.19481E-01  0.17491E-01
  0.15793E-01  0.14327E-01  0.13048E-01  0.11929E-01  0.10940E-01  0.10061E-01
  0.92750E-02  0.85678E-02  0.79291E-02  0.73491E-02  0.68209E-02  0.63395E-02
  0.58975E-02  0.54953E-02  0.51293E-02  0.47916E-02  0.44873E-02  0.42134E-02
  0.39638E-02  0.37420E-02  0.35483E-02  0.33780E-02  0.32322E-02  0.31134E-02
  0.30168E-02  0.29428E-02  0.28918E-02  0.28627E-02  0.28552E-02  0.28688E-02
  0.29016E-02  0.29537E-02  0.30255E-02  0.31138E-02  0.32172E-02  0.33355E-02
  0.34697E-02  0.36200E-02  0.37770E-02  0.39432E-02  0.41220E-02  0.43084E-02
  0.45028E-02  0.46992E-02  0.48982E-02  0.51015E-02  0.53039E-02  0.55068E-02
  0.57116E-02  0.59110E-02  0.61039E-02  0.62906E-02  0.64692E-02  0.66399E-02
  0.68024E-02  0.69539E-02  0.70964E-02  0.72265E-02  0.73368E-02  0.74416E-02
  0.75301E-02  0.75963E-02  0.76573E-02  0.77012E-02  0.77190E-02  0.77222E-02
  0.12205E+01  0.24638E+02
  0.78672E+02  0.69211E+02  0.47836E+02  0.27761E+02  0.15197E+02  0.87742E+01
  0.54658E+01  0.35563E+01  0.24024E+01  0.17086E+01  0.12621E+01  0.72489E+00
  0.46367E+00  0.31089E+00  0.22201E+00  0.16370E+00  0.12488E+00  0.97687E-01
  0.78064E-01  0.63520E-01  0.52499E-01  0.43941E-01  0.37265E-01  0.31885E-01
  0.27580E-01  0.24023E-01  0.21108E-01  0.18660E-01  0.16599E-01  0.14848E-01
  0.13344E-01  0.12048E-01  0.10917E-01  0.99288E-02  0.90569E-02  0.82848E-02
  0.75982E-02  0.69840E-02  0.64351E-02  0.59396E-02  0.54942E-02  0.50942E-02
  0.47313E-02  0.44063E-02  0.41113E-02  0.38471E-02  0.36130E-02  0.34022E-02
  0.32182E-02  0.30575E-02  0.29153E-02  0.27957E-02  0.26971E-02  0.26143E-02
  0.25507E-02  0.25042E-02  0.24731E-02  0.24572E-02  0.24557E-02  0.24672E-02
  0.24917E-02  0.25277E-02  0.25744E-02  0.26320E-02  0.26997E-02  0.27746E-02
  0.28556E-02  0.29462E-02  0.30425E-02  0.31445E-02  0.32469E-02  0.33542E-02
  0.34683E-02  0.35816E-02  0.36963E-02  0.38096E-02  0.39225E-02  0.40362E-02
  0.41471E-02  0.42591E-02  0.43666E-02  0.44654E-02  0.45629E-02  0.46554E-02
  0.47390E-02  0.48221E-02  0.48975E-02  0.49662E-02  0.50281E-02  0.50807E-02
  0.51286E-02  0.51601E-02  0.51914E-02  0.52152E-02  0.52252E-02  0.52289E-02
  0.11197E+01  0.26856E+02
  0.81672E+02  0.70695E+02  0.46804E+02  0.25863E+02  0.13783E+02  0.79276E+01
  0.49122E+01  0.31675E+01  0.21415E+01  0.15259E+01  0.11171E+01  0.64389E+00
  0.41011E+00  0.27561E+00  0.19663E+00  0.14477E+00  0.11050E+00  0.86288E-01
  0.68920E-01  0.55999E-01  0.46187E-01  0.38625E-01  0.32642E-01  0.27902E-01
  0.24036E-01  0.20901E-01  0.18287E-01  0.16116E-01  0.14278E-01  0.12724E-01
  0.11388E-01  0.10237E-01  0.92371E-02  0.83657E-02  0.76011E-02  0.69286E-02
  0.63336E-02  0.58050E-02  0.53353E-02  0.49160E-02  0.45426E-02  0.42081E-02
  0.39083E-02  0.36430E-02  0.34048E-02  0.31959E-02  0.30100E-02  0.28436E-02
  0.27015E-02  0.25750E-02  0.24684E-02  0.23804E-02  0.23023E-02  0.22425E-02
  0.21950E-02  0.21586E-02  0.21349E-02  0.21217E-02  0.21175E-02  0.21236E-02
  0.21379E-02  0.21596E-02  0.21885E-02  0.22235E-02  0.22639E-02  0.23112E-02
  0.23619E-02  0.24159E-02  0.24734E-02  0.25359E-02  0.25997E-02  0.26634E-02
  0.27288E-02  0.27973E-02  0.28655E-02  0.29331E-02  0.29991E-02  0.30649E-02
  0.31281E-02  0.31929E-02  0.32563E-02  0.33137E-02  0.33704E-02  0.34220E-02
  0.34723E-02  0.35160E-02  0.35612E-02  0.35990E-02  0.36327E-02  0.36672E-02
  0.36908E-02  0.37094E-02  0.37302E-02  0.37358E-02  0.37468E-02  0.37613E-02
  0.10383E+01  0.28963E+02
  0.84356E+02  0.71858E+02  0.45636E+02  0.24139E+02  0.12621E+02  0.72449E+01
  0.44553E+01  0.28542E+01  0.19347E+01  0.13743E+01  0.99919E+00  0.58143E+00
  0.36624E+00  0.24852E+00  0.17572E+00  0.13002E+00  0.98781E-01  0.77210E-01
  0.61511E-01  0.49888E-01  0.41081E-01  0.34243E-01  0.28891E-01  0.24603E-01
  0.21155E-01  0.18319E-01  0.15984E-01  0.14031E-01  0.12393E-01  0.11003E-01
  0.98150E-02  0.87928E-02  0.79097E-02  0.71433E-02  0.64730E-02  0.58856E-02
  0.53686E-02  0.49126E-02  0.45107E-02  0.41526E-02  0.38371E-02  0.35557E-02
  0.33076E-02  0.30874E-02  0.28899E-02  0.27194E-02  0.25645E-02  0.24335E-02
  0.23186E-02  0.22165E-02  0.21326E-02  0.20579E-02  0.19975E-02  0.19478E-02
  0.19066E-02  0.18773E-02  0.18568E-02  0.18416E-02  0.18357E-02  0.18350E-02
  0.18403E-02  0.18517E-02  0.18675E-02  0.18878E-02  0.19122E-02  0.19396E-02
  0.19702E-02  0.20038E-02  0.20381E-02  0.20748E-02  0.21138E-02  0.21536E-02
  0.21941E-02  0.22341E-02  0.22753E-02  0.23158E-02  0.23586E-02  0.23972E-02
  0.24353E-02  0.24732E-02  0.25094E-02  0.25453E-02  0.25791E-02  0.26120E-02
  0.26394E-02  0.26677E-02  0.26932E-02  0.27154E-02  0.27377E-02  0.27525E-02
  0.27693E-02  0.27843E-02  0.27912E-02  0.28024E-02  0.28053E-02  0.27942E-02
  0.97062E+00  0.30981E+02
  0.86788E+02  0.72767E+02  0.44395E+02  0.22588E+02  0.11656E+02  0.66774E+01
  0.40703E+01  0.25984E+01  0.17644E+01  0.12465E+01  0.90480E+00  0.52873E+00
  0.33196E+00  0.22527E+00  0.15928E+00  0.11751E+00  0.89339E-01  0.69604E-01
  0.55376E-01  0.44812E-01  0.36793E-01  0.30615E-01  0.25739E-01  0.21871E-01
  0.18739E-01  0.16183E-01  0.14076E-01  0.12322E-01  0.10850E-01  0.96023E-02
  0.85429E-02  0.76323E-02  0.68513E-02  0.61751E-02  0.55854E-02  0.50714E-02
  0.46206E-02  0.42251E-02  0.38774E-02  0.35702E-02  0.33003E-02  0.30607E-02
  0.28505E-02  0.26643E-02  0.24986E-02  0.23548E-02  0.22262E-02  0.21180E-02
  0.20197E-02  0.19364E-02  0.18636E-02  0.18005E-02  0.17522E-02  0.17073E-02
  0.16726E-02  0.16456E-02  0.16225E-02  0.16091E-02  0.15985E-02  0.15934E-02
  0.15941E-02  0.15978E-02  0.16041E-02  0.16147E-02  0.16277E-02  0.16430E-02
  0.16608E-02  0.16803E-02  0.17016E-02  0.17240E-02  0.17475E-02  0.17704E-02
  0.17956E-02  0.18205E-02  0.18456E-02  0.18699E-02  0.18950E-02  0.19188E-02
  0.19444E-02  0.19679E-02  0.19894E-02  0.20115E-02  0.20314E-02  0.20508E-02
  0.20689E-02  0.20867E-02  0.21002E-02  0.21172E-02  0.21270E-02  0.21387E-02
  0.21490E-02  0.21545E-02  0.21634E-02  0.21675E-02  0.21696E-02  0.21818E-02
  0.91315E+00  0.32931E+02
  0.96374E+02  0.74821E+02  0.38110E+02  0.16982E+02  0.85674E+01  0.47684E+01
  0.28165E+01  0.18011E+01  0.12107E+01  0.85208E+00  0.62215E+00  0.35841E+00
  0.22521E+00  0.15144E+00  0.10658E+00  0.77831E-01  0.58605E-01  0.45173E-01
  0.35517E-01  0.28403E-01  0.23045E-01  0.18939E-01  0.15739E-01  0.13215E-01
  0.11201E-01  0.95666E-02  0.82373E-02  0.71431E-02  0.62359E-02  0.54768E-02
  0.48393E-02  0.43037E-02  0.38426E-02  0.34487E-02  0.31125E-02  0.28215E-02
  0.25711E-02  0.23523E-02  0.21614E-02  0.19950E-02  0.18495E-02  0.17210E-02
  0.16087E-02  0.15097E-02  0.14213E-02  0.13449E-02  0.12749E-02  0.12174E-02
  0.11617E-02  0.11157E-02  0.10719E-02  0.10377E-02  0.10039E-02  0.97690E-03
  0.94882E-03  0.92919E-03  0.90811E-03  0.89159E-03  0.87925E-03  0.86397E-03
  0.85440E-03  0.84418E-03  0.83581E-03  0.83094E-03  0.82441E-03  0.82067E-03
  0.81656E-03  0.81267E-03  0.81128E-03  0.80997E-03  0.80764E-03  0.80779E-03
  0.80913E-03  0.80819E-03  0.80821E-03  0.80956E-03  0.81022E-03  0.81033E-03
  0.81107E-03  0.81267E-03  0.81512E-03  0.81711E-03  0.81805E-03  0.81854E-03
  0.81974E-03  0.82153E-03  0.82348E-03  0.82506E-03  0.82554E-03  0.82582E-03
  0.82571E-03  0.82571E-03  0.82517E-03  0.82484E-03  0.82439E-03  0.82494E-03
  0.71846E+00  0.41855E+02
  0.10342E+03  0.74581E+02  0.32705E+02  0.13696E+02  0.68044E+01  0.36487E+01
  0.21546E+01  0.13699E+01  0.91989E+00  0.64396E+00  0.46667E+00  0.26768E+00
  0.16751E+00  0.11155E+00  0.77774E-01  0.56252E-01  0.41915E-01  0.31989E-01
  0.24907E-01  0.19733E-01  0.15873E-01  0.12939E-01  0.10676E-01  0.89052E-02
  0.75011E-02  0.63756E-02  0.54670E-02  0.47247E-02  0.41121E-02  0.36022E-02
  0.31775E-02  0.28215E-02  0.25185E-02  0.22606E-02  0.20417E-02  0.18510E-02
  0.16864E-02  0.15450E-02  0.14213E-02  0.13123E-02  0.12174E-02  0.11337E-02
  0.10601E-02  0.99460E-03  0.93653E-03  0.88554E-03  0.83839E-03  0.79801E-03
  0.76086E-03  0.72756E-03  0.69964E-03  0.67022E-03  0.64814E-03  0.62574E-03
  0.60763E-03  0.58816E-03  0.57308E-03  0.55860E-03  0.54603E-03  0.53393E-03
  0.52370E-03  0.51221E-03  0.50581E-03  0.49550E-03  0.49148E-03  0.48270E-03
  0.47697E-03  0.47232E-03  0.46530E-03  0.46339E-03  0.45934E-03  0.45509E-03
  0.45203E-03  0.44919E-03  0.44565E-03  0.44348E-03  0.44242E-03  0.43911E-03
  0.43695E-03  0.43677E-03  0.43634E-03  0.43366E-03  0.43212E-03  0.43003E-03
  0.43001E-03  0.43061E-03  0.42953E-03  0.42725E-03  0.42699E-03  0.42597E-03
  0.42626E-03  0.42699E-03  0.42563E-03  0.42846E-03  0.42557E-03  0.43633E-03
  0.60348E+00  0.49830E+02
  0.10898E+03  0.73210E+02  0.28414E+02  0.11579E+02  0.55815E+01  0.29454E+01
  0.17410E+01  0.11008E+01  0.73506E+00  0.51222E+00  0.37119E+00  0.21132E+00
  0.13099E+00  0.86415E-01  0.59724E-01  0.42857E-01  0.31665E-01  0.23985E-01
  0.18545E-01  0.14599E-01  0.11677E-01  0.94725E-02  0.77836E-02  0.64656E-02
  0.54315E-02  0.46048E-02  0.39409E-02  0.34019E-02  0.29574E-02  0.25882E-02
  0.22795E-02  0.20243E-02  0.18082E-02  0.16243E-02  0.14648E-02  0.13275E-02
  0.12103E-02  0.11085E-02  0.10203E-02  0.94076E-03  0.87208E-03  0.81229E-03
  0.75846E-03  0.71040E-03  0.66801E-03  0.63003E-03  0.59598E-03  0.56559E-03
  0.53757E-03  0.51280E-03  0.49090E-03  0.46982E-03  0.45203E-03  0.43470E-03
  0.41881E-03  0.40614E-03  0.39258E-03  0.38179E-03  0.36979E-03  0.36129E-03
  0.35162E-03  0.34361E-03  0.33618E-03  0.32877E-03  0.32271E-03  0.31708E-03
  0.31137E-03  0.30678E-03  0.30098E-03  0.29800E-03  0.29321E-03  0.28986E-03
  0.28888E-03  0.28223E-03  0.28043E-03  0.27839E-03  0.27582E-03  0.27239E-03
  0.27301E-03  0.27061E-03  0.26732E-03  0.26552E-03  0.26573E-03  0.26536E-03
  0.26169E-03  0.26047E-03  0.26025E-03  0.26033E-03  0.25989E-03  0.25923E-03
  0.25911E-03  0.25659E-03  0.25812E-03  0.25692E-03  0.25440E-03  0.25982E-03
  0.52592E+00  0.57177E+02
  0.11361E+03  0.71276E+02  0.25071E+02  0.10058E+02  0.46848E+01  0.24737E+01
  0.14533E+01  0.91464E+00  0.60709E+00  0.42272E+00  0.30398E+00  0.17188E+00
  0.10582E+00  0.69325E-01  0.47599E-01  0.33910E-01  0.24899E-01  0.18748E-01
  0.14424E-01  0.11307E-01  0.90096E-02  0.72854E-02  0.59687E-02  0.49512E-02
  0.41514E-02  0.35140E-02  0.30064E-02  0.25910E-02  0.22512E-02  0.19710E-02
  0.17337E-02  0.15387E-02  0.13738E-02  0.12313E-02  0.11117E-02  0.10092E-02
  0.92015E-03  0.84175E-03  0.77228E-03  0.71181E-03  0.65947E-03  0.61367E-03
  0.57247E-03  0.53552E-03  0.50232E-03  0.47275E-03  0.44637E-03  0.42244E-03
  0.40090E-03  0.38131E-03  0.36356E-03  0.34761E-03  0.33317E-03  0.31926E-03
  0.30733E-03  0.29633E-03  0.28510E-03  0.27680E-03  0.26761E-03  0.25923E-03
  0.25283E-03  0.24508E-03  0.24019E-03  0.23309E-03  0.22840E-03  0.22259E-03
  0.21937E-03  0.21388E-03  0.21117E-03  0.20626E-03  0.20427E-03  0.20014E-03
  0.19736E-03  0.19539E-03  0.19157E-03  0.19105E-03  0.18772E-03  0.18460E-03
  0.18439E-03  0.18265E-03  0.18131E-03  0.17935E-03  0.17850E-03  0.17797E-03
  0.17533E-03  0.17452E-03  0.17392E-03  0.17317E-03  0.17393E-03  0.17313E-03
  0.17114E-03  0.17160E-03  0.17228E-03  0.16969E-03  0.16998E-03  0.17449E-03
  0.46893E+00  0.64127E+02