  0.66894E+01  0.66854E+01  0.66731E+01  0.66527E+01  0.66242E+01  0.65878E+01
  0.65435E+01  0.64916E+01  0.64321E+01  0.63653E+01  0.62913E+01  0.61232E+01
  0.59298E+01  0.57135E+01  0.54769E+01  0.52230E+01  0.49544E+01  0.46743E+01
  0.43854E+01  0.40906E+01  0.37929E+01  0.34949E+01  0.31991E+01  0.29081E+01
  0.26240E+01  0.23491E+01  0.20852E+01  0.18341E+01  0.15974E+01  0.13764E+01
  0.11723E+01  0.98613E+00  0.81856E+00  0.67014E+00  0.54115E+00  0.43161E+00
  0.34129E+00  0.26970E+00  0.21609E+00  0.17943E+00  0.15846E+00  0.15168E+00
  0.15740E+00  0.17372E+00  0.19863E+00  0.23001E+00  0.26571E+00  0.30357E+00
  0.34151E+00  0.37754E+00  0.40987E+00  0.43692E+00  0.45736E+00  0.47020E+00
  0.47477E+00  0.47075E+00  0.45823E+00  0.43765E+00  0.40981E+00  0.37591E+00
  0.33741E+00  0.29610E+00  0.25398E+00  0.21325E+00  0.17622E+00  0.14525E+00
  0.12270E+00  0.11087E+00  0.11188E+00  0.12768E+00  0.15993E+00  0.20997E+00
  0.27880E+00  0.36700E+00  0.47473E+00  0.60170E+00  0.74718E+00  0.91000E+00
  0.10885E+01  0.12808E+01  0.14843E+01  0.16965E+01  0.19143E+01  0.21345E+01
  0.23539E+01  0.25689E+01  0.27762E+01  0.29723E+01  0.31540E+01  0.33184E+01
  0.34625E+01  0.35840E+01  0.36808E+01  0.37511E+01  0.37938E+01  0.38081E+01
  0.13302E+02  0.17041E+01
  0.13366E+02  0.13344E+02  0.13278E+02  0.13169E+02  0.13017E+02  0.12825E+02
  0.12594E+02  0.12327E+02  0.12027E+02  0.11697E+02  0.11339E+02  0.10557E+02
  0.97109E+01  0.88294E+01  0.79411E+01  0.70717E+01  0.62428E+01  0.54712E+01
  0.47689E+01  0.41424E+01  0.35937E+01  0.31205E+01  0.27172E+01  0.23761E+01
  0.20878E+01  0.18428E+01  0.16316E+01  0.14459E+01  0.12788E+01  0.11249E+01
  0.98086E+00  0.84455E+00  0.71549E+00  0.59423E+00  0.48208E+00  0.38079E+00
  0.29219E+00  0.21791E+00  0.15921E+00  0.11677E+00  0.90683E-01  0.80365E-01
  0.84640E-01  0.10181E+00  0.12974E+00  0.16604E+00  0.20813E+00  0.25342E+00
  0.29940E+00  0.34377E+00  0.38449E+00  0.41987E+00  0.44857E+00  0.46966E+00
  0.48259E+00  0.48717E+00  0.48356E+00  0.47222E+00  0.45386E+00  0.42937E+00
  0.39979E+00  0.36628E+00  0.33000E+00  0.29213E+00  0.25382E+00  0.21613E+00
  0.18001E+00  0.14631E+00  0.11572E+00  0.88812E-01  0.65993E-01  0.47537E-01
  0.33578E-01  0.24127E-01  0.19079E-01  0.18233E-01  0.21301E-01  0.27930E-01
  0.37711E-01  0.50199E-01  0.64923E-01  0.81401E-01  0.99148E-01  0.11769E+00
  0.13657E+00  0.15534E+00  0.17360E+00  0.19098E+00  0.20712E+00  0.22174E+00
  0.23455E+00  0.24534E+00  0.25393E+00  0.26017E+00  0.26395E+00  0.26521E+00
  0.11532E+02  0.19656E+01
  0.21060E+02  0.21011E+02  0.20863E+02  0.20619E+02  0.20282E+02  0.19857E+02
  0.19349E+02  0.18765E+02  0.18114E+02  0.17404E+02  0.16643E+02  0.15008E+02
  0.13286E+02  0.11548E+02  0.98618E+01  0.82799E+01  0.68429E+01  0.55765E+01
  0.44920E+01  0.35885E+01  0.28551E+01  0.22736E+01  0.18218E+01  0.14758E+01
  0.12126E+01  0.10112E+01  0.85428E+00  0.72824E+00  0.62315E+00  0.53247E+00
  0.45236E+00  0.38103E+00  0.31801E+00  0.26357E+00  0.21819E+00  0.18228E+00
  0.15596E+00  0.13895E+00  0.13057E+00  0.12982E+00  0.13546E+00  0.14609E+00
  0.16028E+00  0.17661E+00  0.19377E+00  0.21059E+00  0.22607E+00  0.23939E+00
  0.24993E+00  0.25724E+00  0.26107E+00  0.26131E+00  0.25800E+00  0.25134E+00
  0.24160E+00  0.22916E+00  0.21448E+00  0.19804E+00  0.18036E+00  0.16196E+00
  0.14334E+00  0.12498E+00  0.10728E+00  0.90613E-01  0.75255E-01  0.61422E-01
  0.49254E-01  0.38821E-01  0.30131E-01  0.23136E-01  0.17744E-01  0.13830E-01
  0.11250E-01  0.98455E-02  0.94586E-02  0.99373E-02  0.11141E-01  0.12946E-01
  0.15243E-01  0.17940E-01  0.20961E-01  0.24239E-01  0.27715E-01  0.31334E-01
  0.35040E-01  0.38776E-01  0.42479E-01  0.46081E-01  0.49509E-01  0.52686E-01
  0.55538E-01  0.57990E-01  0.59974E-01  0.61436E-01  0.62331E-01  0.62632E-01
  0.10617E+02  0.21351E+01
  0.26395E+02  0.26318E+02  0.26086E+02  0.25704E+02  0.25178E+02  0.24517E+02
  0.23733E+02  0.22838E+02  0.21847E+02  0.20774E+02  0.19637E+02  0.17235E+02
  0.14770E+02  0.12359E+02  0.10099E+02  0.80625E+01  0.62928E+01  0.48078E+01
  0.36033E+01  0.26577E+01  0.19387E+01  0.14085E+01  0.10287E+01  0.76389E+00
  0.58353E+00  0.46307E+00  0.38377E+00  0.33204E+00  0.29846E+00  0.27664E+00
  0.26233E+00  0.25265E+00  0.24557E+00  0.23965E+00  0.23380E+00  0.22732E+00
  0.21977E+00  0.21102E+00  0.20118E+00  0.19055E+00  0.17954E+00  0.16859E+00
  0.15811E+00  0.14841E+00  0.13967E+00  0.13193E+00  0.12510E+00  0.11899E+00
  0.11333E+00  0.10784E+00  0.10226E+00  0.96394E-01  0.90112E-01  0.83398E-01
  0.76333E-01  0.69087E-01  0.61904E-01  0.55069E-01  0.48883E-01  0.43624E-01
  0.39520E-01  0.36727E-01  0.35309E-01  0.35227E-01  0.36345E-01  0.38438E-01
  0.41209E-01  0.44313E-01  0.47388E-01  0.50083E-01  0.52088E-01  0.53161E-01
  0.53145E-01  0.51989E-01  0.49742E-01  0.46563E-01  0.42696E-01  0.38463E-01
  0.34228E-01  0.30377E-01  0.27283E-01  0.25275E-01  0.24616E-01  0.25475E-01
  0.27914E-01  0.31883E-01  0.37217E-01  0.43648E-01  0.50822E-01  0.58323E-01
  0.65699E-01  0.72497E-01  0.78291E-01  0.82716E-01  0.85489E-01  0.86431E-01
  0.97326E+01  0.23291E+01
  0.30810E+02  0.30648E+02  0.30160E+02  0.29364E+02  0.28285E+02  0.26956E+02
  0.25418E+02  0.23715E+02  0.21892E+02  0.19998E+02  0.18078E+02  0.14321E+02
  0.10894E+02  0.79674E+01  0.56108E+01  0.38100E+01  0.24962E+01  0.15761E+01
  0.95569E+00  0.55473E+00  0.31158E+00  0.18192E+00  0.13409E+00  0.14413E+00
  0.19226E+00  0.26117E+00  0.33582E+00  0.40390E+00  0.45645E+00  0.48810E+00
  0.49689E+00  0.48374E+00  0.45168E+00  0.40505E+00  0.34876E+00  0.28772E+00
  0.22645E+00  0.16879E+00  0.11775E+00  0.75500E-01  0.43350E-01  0.21774E-01
  0.10487E-01  0.85242E-02  0.14363E-01  0.26070E-01  0.41478E-01  0.58373E-01
  0.74688E-01  0.88661E-01  0.98962E-01  0.10477E+00  0.10580E+00  0.10224E+00
  0.94712E-01  0.84154E-01  0.71686E-01  0.58490E-01  0.45694E-01  0.34269E-01
  0.24956E-01  0.18216E-01  0.14208E-01  0.12802E-01  0.13615E-01  0.16057E-01
  0.19413E-01  0.22917E-01  0.25837E-01  0.27556E-01  0.27642E-01  0.25903E-01
  0.22420E-01  0.17559E-01  0.11959E-01  0.64954E-02  0.22207E-02  0.29064E-03
  0.18757E-02  0.80686E-02  0.19792E-01  0.37714E-01  0.62179E-01  0.93157E-01
  0.13022E+00  0.17253E+00  0.21888E+00  0.26775E+00  0.31735E+00  0.36575E+00
  0.41096E+00  0.45106E+00  0.48430E+00  0.50917E+00  0.52457E+00  0.52977E+00
  0.69422E+01  0.32652E+01
  0.30421E+02  0.30181E+02  0.29468E+02  0.28318E+02  0.26785E+02  0.24938E+02
  0.22859E+02  0.20631E+02  0.18340E+02  0.16063E+02  0.13868E+02  0.99270E+01
  0.67760E+01  0.44573E+01  0.28622E+01  0.18158E+01  0.11458E+01  0.72007E+00
  0.45433E+00  0.30024E+00  0.22916E+00  0.21951E+00  0.25088E+00  0.30348E+00
  0.35991E+00  0.40706E+00  0.43692E+00  0.44623E+00  0.43536E+00  0.40699E+00
  0.36492E+00  0.31333E+00  0.25636E+00  0.19804E+00  0.14221E+00  0.92471E-01
  0.51887E-01  0.22749E-01  0.63012E-02  0.26233E-02  0.10680E-01  0.28521E-01
  0.53576E-01  0.82965E-01  0.11379E+00  0.14333E+00  0.16927E+00  0.18971E+00
  0.20331E+00  0.20929E+00  0.20745E+00  0.19815E+00  0.18227E+00  0.16113E+00
  0.13636E+00  0.10981E+00  0.83354E-01  0.58772E-01  0.37589E-01  0.20980E-01
  0.96915E-02  0.40072E-02  0.37535E-02  0.83402E-02  0.16831E-01  0.28039E-01
  0.40632E-01  0.53249E-01  0.64609E-01  0.73614E-01  0.79430E-01  0.81556E-01
  0.79854E-01  0.74563E-01  0.66280E-01  0.55919E-01  0.44637E-01  0.33752E-01
  0.24646E-01  0.18659E-01  0.16984E-01  0.20582E-01  0.30095E-01  0.45795E-01
  0.67549E-01  0.94811E-01  0.12665E+00  0.16179E+00  0.19869E+00  0.23564E+00
  0.27083E+00  0.30250E+00  0.32903E+00  0.34906E+00  0.36151E+00  0.36572E+00
  0.54207E+01  0.41817E+01
  0.31192E+02  0.30868E+02  0.29909E+02  0.28379E+02  0.26371E+02  0.24006E+02
  0.21414E+02  0.18728E+02  0.16070E+02  0.13544E+02  0.11227E+02  0.74024E+01
  0.47092E+01  0.29755E+01  0.19155E+01  0.12675E+01  0.85629E+00  0.58943E+00
  0.42511E+00  0.34026E+00  0.31365E+00  0.32248E+00  0.34551E+00  0.36678E+00
  0.37718E+00  0.37363E+00  0.35692E+00  0.32940E+00  0.29358E+00  0.25164E+00
  0.20579E+00  0.15866E+00  0.11335E+00  0.73068E-01  0.40605E-01  0.17851E-01
  0.56193E-02  0.37114E-02  0.11142E-01  0.26387E-01  0.47585E-01  0.72657E-01
  0.99408E-01  0.12561E+00  0.14915E+00  0.16815E+00  0.18116E+00  0.18725E+00
  0.18613E+00  0.17808E+00  0.16394E+00  0.14496E+00  0.12270E+00  0.98860E-01
  0.75179E-01  0.53305E-01  0.34694E-01  0.20528E-01  0.11646E-01  0.84942E-02
  0.11104E-01  0.19095E-01  0.31701E-01  0.47838E-01  0.66178E-01  0.85254E-01
  0.10357E+00  0.11969E+00  0.13239E+00  0.14068E+00  0.14393E+00  0.14187E+00
  0.13463E+00  0.12273E+00  0.10704E+00  0.88694E-01  0.69066E-01  0.49634E-01
  0.31903E-01  0.17295E-01  0.70602E-02  0.21888E-02  0.33448E-02  0.10818E-01
  0.24501E-01  0.43891E-01  0.68114E-01  0.95978E-01  0.12604E+00  0.15670E+00
  0.18628E+00  0.21315E+00  0.23580E+00  0.25297E+00  0.26367E+00  0.26730E+00
  0.46175E+01  0.49091E+01
  0.32721E+02  0.32304E+02  0.31076E+02  0.29136E+02  0.26631E+02  0.23740E+02
  0.20656E+02  0.17559E+02  0.14606E+02  0.11914E+02  0.95606E+01  0.59606E+01
  0.36899E+01  0.23610E+01  0.15828E+01  0.10953E+01  0.77178E+00  0.56308E+00
  0.44414E+00  0.38967E+00  0.37198E+00  0.36718E+00  0.36018E+00  0.34517E+00
  0.32250E+00  0.29456E+00  0.26311E+00  0.22880E+00  0.19204E+00  0.15407E+00
  0.11705E+00  0.83561E-01  0.55803E-01  0.35169E-01  0.22181E-01  0.16713E-01
  0.18225E-01  0.25906E-01  0.38678E-01  0.55167E-01  0.73732E-01  0.92582E-01
  0.10996E+00  0.12435E+00  0.13459E+00  0.13996E+00  0.14016E+00  0.13528E+00
  0.12577E+00  0.11236E+00  0.96032E-01  0.77989E-01  0.59553E-01  0.42089E-01
  0.26901E-01  0.15123E-01  0.76379E-02  0.50066E-02  0.74370E-02  0.14777E-01
  0.26533E-01  0.41912E-01  0.59881E-01  0.79231E-01  0.98665E-01  0.11687E+00
  0.13262E+00  0.14484E+00  0.15267E+00  0.15554E+00  0.15324E+00  0.14586E+00
  0.13386E+00  0.11801E+00  0.99374E-01  0.79198E-01  0.58878E-01  0.39855E-01
  0.23527E-01  0.11161E-01  0.38148E-02  0.22675E-02  0.69693E-02  0.18010E-01
  0.35105E-01  0.57612E-01  0.84558E-01  0.11469E+00  0.14657E+00  0.17859E+00
  0.20914E+00  0.23666E+00  0.25971E+00  0.27709E+00  0.28790E+00  0.29156E+00
  0.41350E+01  0.54819E+01
  0.34552E+02  0.34035E+02  0.32519E+02  0.30148E+02  0.27132E+02  0.23722E+02
  0.20173E+02  0.16716E+02  0.13533E+02  0.10747E+02  0.84134E+01  0.50765E+01
  0.31446E+01  0.20643E+01  0.14185E+01  0.99552E+00  0.71666E+00  0.54872E+00
  0.46038E+00  0.41688E+00  0.38923E+00  0.36122E+00  0.32885E+00  0.29453E+00
  0.26099E+00  0.22868E+00  0.19660E+00  0.16428E+00  0.13261E+00  0.10341E+00
  0.78402E-01  0.58607E-01  0.44299E-01  0.35339E-01  0.31468E-01  0.32364E-01
  0.37514E-01  0.46090E-01  0.56946E-01  0.68765E-01  0.80260E-01  0.90315E-01
  0.98052E-01  0.10282E+00  0.10421E+00  0.10201E+00  0.96270E-01  0.87334E-01
  0.75804E-01  0.62522E-01  0.48486E-01  0.34756E-01  0.22363E-01  0.12236E-01
  0.51440E-02  0.16539E-02  0.21042E-02  0.65811E-02  0.14910E-01  0.26658E-01
  0.41157E-01  0.57544E-01  0.74810E-01  0.91874E-01  0.10765E+00  0.12113E+00
  0.13142E+00  0.13786E+00  0.14000E+00  0.13767E+00  0.13099E+00  0.12038E+00
  0.10649E+00  0.90239E-01  0.72705E-01  0.55099E-01  0.38689E-01  0.24723E-01
  0.14361E-01  0.86025E-02  0.82253E-02  0.13734E-01  0.25326E-01  0.42872E-01
  0.65916E-01  0.93690E-01  0.12515E+00  0.15902E+00  0.19388E+00  0.22821E+00
  0.26045E+00  0.28916E+00  0.31300E+00  0.33088E+00  0.34195E+00  0.34569E+00
  0.38051E+01  0.59572E+01
  0.36455E+02  0.35833E+02  0.34013E+02  0.31197E+02  0.27666E+02  0.23751E+02
  0.19774E+02  0.16011E+02  0.12662E+02  0.98357E+01  0.75622E+01  0.44902E+01
  0.28125E+01  0.18767E+01  0.12948E+01  0.91135E+00  0.67222E+00  0.53856E+00
  0.46677E+00  0.41903E+00  0.37438E+00  0.32854E+00  0.28514E+00  0.24710E+00
  0.21374E+00  0.18289E+00  0.15344E+00  0.12603E+00  0.10199E+00  0.82188E-01
  0.66701E-01  0.55205E-01  0.47429E-01  0.43286E-01  0.42661E-01  0.45150E-01
  0.50008E-01  0.56288E-01  0.63048E-01  0.69466E-01  0.74855E-01  0.78630E-01
  0.80307E-01  0.79543E-01  0.76203E-01  0.70402E-01  0.62494E-01  0.53020E-01
  0.42640E-01  0.32071E-01  0.22040E-01  0.13254E-01  0.63635E-02  0.19242E-02
  0.35286E-03  0.18873E-02  0.65607E-02  0.14194E-01  0.24408E-01  0.36648E-01
  0.50220E-01  0.64336E-01  0.78163E-01  0.90865E-01  0.10166E+00  0.10986E+00
  0.11493E+00  0.11651E+00  0.11446E+00  0.10887E+00  0.10005E+00  0.88562E-01
  0.75137E-01  0.60688E-01  0.46237E-01  0.32865E-01  0.21653E-01  0.13623E-01
  0.96776E-02  0.10548E-01  0.16749E-01  0.28543E-01  0.45919E-01  0.68584E-01
  0.95968E-01  0.12725E+00  0.16138E+00  0.19713E+00  0.23316E+00  0.26808E+00
  0.30048E+00  0.32906E+00  0.35262E+00  0.37019E+00  0.38104E+00  0.38470E+00
  0.35568E+01  0.63730E+01
  0.38324E+02  0.37591E+02  0.35458E+02  0.32186E+02  0.28143E+02  0.23744E+02
  0.19381E+02  0.15366E+02  0.11904E+02  0.90837E+01  0.68950E+01  0.40704E+01
  0.25773E+01  0.17263E+01  0.11848E+01  0.83952E+00  0.63868E+00  0.52916E+00
  0.46028E+00  0.40087E+00  0.34283E+00  0.29027E+00  0.24681E+00  0.21124E+00
  0.18026E+00  0.15208E+00  0.12696E+00  0.10575E+00  0.88644E-01  0.75109E-01
  0.64553E-01  0.56789E-01  0.51904E-01  0.49844E-01  0.50183E-01  0.52219E-01
  0.55209E-01  0.58516E-01  0.61619E-01  0.64038E-01  0.65319E-01  0.65086E-01
  0.63118E-01  0.59397E-01  0.54085E-01  0.47477E-01  0.39946E-01  0.31928E-01
  0.23907E-01  0.16405E-01  0.99571E-02  0.50584E-02  0.21193E-02  0.14263E-02
  0.31220E-02  0.71997E-02  0.13507E-01  0.21753E-01  0.31523E-01  0.42294E-01
  0.53462E-01  0.64374E-01  0.74371E-01  0.82830E-01  0.89210E-01  0.93085E-01
  0.94176E-01  0.92373E-01  0.87745E-01  0.80549E-01  0.71214E-01  0.60332E-01
  0.48630E-01  0.36933E-01  0.26132E-01  0.17132E-01  0.10811E-01  0.79634E-02
  0.92635E-02  0.15219E-01  0.26141E-01  0.42118E-01  0.63004E-01  0.88415E-01
  0.11774E+00  0.15016E+00  0.18469E+00  0.22018E+00  0.25544E+00  0.28920E+00
  0.32026E+00  0.34746E+00  0.36977E+00  0.38635E+00  0.39656E+00  0.40000E+00
  0.33575E+01  0.67514E+01
  0.40113E+02  0.39264E+02  0.36808E+02  0.33077E+02  0.28530E+02  0.23673E+02
  0.18965E+02  0.14749E+02  0.11223E+02  0.84422E+01  0.63522E+01  0.37489E+01
  0.23882E+01  0.15921E+01  0.10873E+01  0.78225E+00  0.61385E+00  0.51640E+00
  0.44155E+00  0.37125E+00  0.30809E+00  0.25719E+00  0.21764E+00  0.18508E+00
  0.15667E+00  0.13212E+00  0.11192E+00  0.95813E-01  0.82848E-01  0.72306E-01
  0.64100E-01  0.58408E-01  0.55142E-01  0.53809E-01  0.53744E-01  0.54381E-01
  0.55310E-01  0.56184E-01  0.56637E-01  0.56308E-01  0.54936E-01  0.52413E-01
  0.48771E-01  0.44132E-01  0.38672E-01  0.32624E-01  0.26292E-01  0.20045E-01
  0.14295E-01  0.94441E-02  0.58452E-02  0.37747E-02  0.34223E-02  0.48852E-02
  0.81612E-02  0.13141E-01  0.19607E-01  0.27235E-01  0.35615E-01  0.44275E-01
  0.52711E-01  0.60422E-01  0.66936E-01  0.71839E-01  0.74799E-01  0.75590E-01
  0.74108E-01  0.70390E-01  0.64612E-01  0.57097E-01  0.48301E-01  0.38800E-01
  0.29260E-01  0.20408E-01  0.12996E-01  0.77630E-02  0.53979E-02  0.65026E-02
  0.11558E-01  0.20893E-01  0.34666E-01  0.52845E-01  0.75204E-01  0.10132E+00
  0.13060E+00  0.16226E+00  0.19541E+00  0.22904E+00  0.26209E+00  0.29347E+00
  0.32214E+00  0.34712E+00  0.36753E+00  0.38265E+00  0.39195E+00  0.39508E+00
  0.31906E+01  0.71045E+01
  0.41803E+02  0.40836E+02  0.38051E+02  0.33858E+02  0.28818E+02  0.23532E+02
  0.18522E+02  0.14152E+02  0.10602E+02  0.78848E+01  0.58990E+01  0.34879E+01
  0.22238E+01  0.14704E+01  0.10045E+01  0.73858E+00  0.59342E+00  0.49792E+00
  0.41449E+00  0.33883E+00  0.27758E+00  0.23159E+00  0.19578E+00  0.16576E+00
  0.14034E+00  0.11973E+00  0.10343E+00  0.90196E-01  0.79164E-01  0.70278E-01
  0.63751E-01  0.59432E-01  0.56748E-01  0.55072E-01  0.53980E-01  0.53224E-01
  0.52562E-01  0.51692E-01  0.50332E-01  0.48308E-01  0.45568E-01  0.42135E-01
  0.38068E-01  0.33461E-01  0.28478E-01  0.23362E-01  0.18410E-01  0.13925E-01
  0.10188E-01  0.74335E-02  0.58526E-02  0.55871E-02  0.67165E-02  0.92416E-02
  0.13074E-01  0.18040E-01  0.23888E-01  0.30309E-01  0.36950E-01  0.43437E-01
  0.49390E-01  0.54441E-01  0.58256E-01  0.60558E-01  0.61153E-01  0.59948E-01
  0.56956E-01  0.52308E-01  0.46248E-01  0.39126E-01  0.31387E-01  0.23556E-01
  0.16211E-01  0.99625E-02  0.54245E-02  0.31834E-02  0.37684E-02  0.76238E-02
  0.15084E-01  0.26353E-01  0.41483E-01  0.60370E-01  0.82746E-01  0.10819E+00
  0.13613E+00  0.16587E+00  0.19662E+00  0.22749E+00  0.25758E+00  0.28596E+00
  0.31174E+00  0.33408E+00  0.35228E+00  0.36574E+00  0.37400E+00  0.37677E+00
  0.30470E+01  0.74393E+01
  0.54286E+02  0.52023E+02  0.45785E+02  0.37184E+02  0.28109E+02  0.20076E+02
  0.13855E+02  0.95011E+01  0.66405E+01  0.47887E+01  0.35514E+01  0.20509E+01
  0.12708E+01  0.88766E+00  0.66305E+00  0.49038E+00  0.36668E+00  0.28802E+00
  0.23326E+00  0.19060E+00  0.15823E+00  0.13363E+00  0.11389E+00  0.98168E-01
  0.85840E-01  0.75571E-01  0.66651E-01  0.59184E-01  0.53017E-01  0.47629E-01
  0.42769E-01  0.38488E-01  0.34759E-01  0.31441E-01  0.28460E-01  0.25818E-01
  0.23489E-01  0.21442E-01  0.19677E-01  0.18208E-01  0.17015E-01  0.16068E-01
  0.15361E-01  0.14899E-01  0.14666E-01  0.14625E-01  0.14740E-01  0.14984E-01
  0.15328E-01  0.15730E-01  0.16142E-01  0.16521E-01  0.16825E-01  0.17015E-01
  0.17054E-01  0.16909E-01  0.16559E-01  0.15992E-01  0.15205E-01  0.14204E-01
  0.13009E-01  0.11653E-01  0.10181E-01  0.86502E-02  0.71262E-02  0.56835E-02
  0.44046E-02  0.33778E-02  0.26926E-02  0.24370E-02  0.26958E-02  0.35480E-02
  0.50618E-02  0.72938E-02  0.10286E-01  0.14062E-01  0.18625E-01  0.23960E-01
  0.30032E-01  0.36785E-01  0.44141E-01  0.52000E-01  0.60243E-01  0.68743E-01
  0.77364E-01  0.85955E-01  0.94347E-01  0.10238E+00  0.10991E+00  0.11678E+00
  0.12286E+00  0.12801E+00  0.13213E+00  0.13514E+00  0.13696E+00  0.13757E+00
  0.22096E+01  0.10259E+02
  0.62384E+02  0.58709E+02  0.48994E+02  0.36668E+02  0.25144E+02  0.16365E+02
  0.10576E+02  0.70451E+01  0.48925E+01  0.35037E+01  0.25589E+01  0.14749E+01
  0.97497E+00  0.67155E+00  0.46774E+00  0.34827E+00  0.26917E+00  0.21026E+00
  0.16881E+00  0.13830E+00  0.11470E+00  0.96527E-01  0.81897E-01  0.70143E-01
  0.60800E-01  0.52934E-01  0.46293E-01  0.40884E-01  0.36325E-01  0.32392E-01
  0.29096E-01  0.26327E-01  0.23955E-01  0.21948E-01  0.20259E-01  0.18833E-01
  0.17646E-01  0.16655E-01  0.15820E-01  0.15125E-01  0.14553E-01  0.14068E-01
  0.13645E-01  0.13273E-01  0.12934E-01  0.12608E-01  0.12278E-01  0.11936E-01
  0.11572E-01  0.11177E-01  0.10746E-01  0.10278E-01  0.97709E-02  0.92285E-02
  0.86557E-02  0.80601E-02  0.74512E-02  0.68415E-02  0.62459E-02  0.56802E-02
  0.51615E-02  0.47084E-02  0.43396E-02  0.40743E-02  0.39314E-02  0.39290E-02
  0.40843E-02  0.44114E-02  0.49231E-02  0.56315E-02  0.65444E-02  0.76652E-02
  0.89949E-02  0.10531E-01  0.12266E-01  0.14192E-01  0.16294E-01  0.18552E-01
  0.20946E-01  0.23451E-01  0.26041E-01  0.28683E-01  0.31346E-01  0.33999E-01
  0.36603E-01  0.39122E-01  0.41529E-01  0.43791E-01  0.45866E-01  0.47726E-01
  0.49352E-01  0.50721E-01  0.51807E-01  0.52586E-01  0.53047E-01  0.53197E-01
  0.18060E+01  0.12551E+02
  0.68482E+02  0.63329E+02  0.50252E+02  0.34931E+02  0.22133E+02  0.13575E+02
  0.85519E+01  0.56721E+01  0.39137E+01  0.27684E+01  0.20157E+01  0.12059E+01
  0.77750E+00  0.51630E+00  0.37204E+00  0.27579E+00  0.20966E+00  0.16529E+00
  0.13229E+00  0.10779E+00  0.89119E-01  0.74703E-01  0.63368E-01  0.54131E-01
  0.46813E-01  0.40827E-01  0.35821E-01  0.31765E-01  0.28367E-01  0.25487E-01
  0.23096E-01  0.21072E-01  0.19348E-01  0.17883E-01  0.16625E-01  0.15541E-01
  0.14595E-01  0.13760E-01  0.13023E-01  0.12356E-01  0.11743E-01  0.11176E-01
  0.10642E-01  0.10130E-01  0.96376E-02  0.91575E-02  0.86857E-02  0.82211E-02
  0.77618E-02  0.73090E-02  0.68652E-02  0.64321E-02  0.60133E-02  0.56134E-02
  0.52376E-02  0.48904E-02  0.45771E-02  0.43039E-02  0.40754E-02  0.38973E-02
  0.37759E-02  0.37170E-02  0.37243E-02  0.38005E-02  0.39486E-02  0.41720E-02
  0.44751E-02  0.48577E-02  0.53167E-02  0.58523E-02  0.64635E-02  0.71465E-02
  0.78986E-02  0.87151E-02  0.95887E-02  0.10513E-01  0.11480E-01  0.12481E-01
  0.13508E-01  0.14551E-01  0.15600E-01  0.16646E-01  0.17677E-01  0.18684E-01
  0.19656E-01  0.20582E-01  0.21453E-01  0.22259E-01  0.22992E-01  0.23644E-01
  0.24207E-01  0.24675E-01  0.25047E-01  0.25316E-01  0.25475E-01  0.25527E-01
  0.15571E+01  0.14558E+02
  0.73402E+02  0.66730E+02  0.50458E+02  0.32803E+02  0.19522E+02  0.11565E+02
  0.72317E+01  0.47779E+01  0.32619E+01  0.22970E+01  0.16912E+01  0.10120E+01
  0.63108E+00  0.43079E+00  0.30665E+00  0.22583E+00  0.17347E+00  0.13548E+00
  0.10842E+00  0.88265E-01  0.73013E-01  0.61098E-01  0.51837E-01  0.44439E-01
  0.38426E-01  0.33620E-01  0.29606E-01  0.26302E-01  0.23553E-01  0.21219E-01
  0.19263E-01  0.17582E-01  0.16133E-01  0.14878E-01  0.13778E-01  0.12806E-01
  0.11937E-01  0.11156E-01  0.10444E-01  0.97920E-02  0.91909E-02  0.86291E-02
  0.81025E-02  0.76067E-02  0.71364E-02  0.66928E-02  0.62730E-02  0.58765E-02
  0.55051E-02  0.51567E-02  0.48320E-02  0.45332E-02  0.42624E-02  0.40199E-02
  0.38079E-02  0.36284E-02  0.34825E-02  0.33725E-02  0.32988E-02  0.32620E-02
  0.32628E-02  0.33036E-02  0.33861E-02  0.35063E-02  0.36619E-02  0.38583E-02
  0.40942E-02  0.43645E-02  0.46698E-02  0.50048E-02  0.53691E-02  0.57643E-02
  0.61846E-02  0.66258E-02  0.70833E-02  0.75542E-02  0.80376E-02  0.85287E-02
  0.90222E-02  0.95162E-02  0.10008E-01  0.10488E-01  0.10953E-01  0.11402E-01
  0.11831E-01  0.12235E-01  0.12612E-01  0.12959E-01  0.13273E-01  0.13551E-01
  0.13791E-01  0.13991E-01  0.14150E-01  0.14266E-01  0.14335E-01  0.14357E-01
  0.13834E+01  0.16386E+02
  0.77537E+02  0.69319E+02  0.50041E+02  0.30621E+02  0.17360E+02  0.10096E+02
  0.62981E+01  0.41291E+01  0.27956E+01  0.19775E+01  0.14671E+01  0.85534E+00
  0.53938E+00  0.36777E+00  0.25941E+00  0.19320E+00  0.14688E+00  0.11511E+00
  0.92008E-01  0.74906E-01  0.61899E-01  0.51922E-01  0.43998E-01  0.37775E-01
  0.32707E-01  0.28581E-01  0.25203E-01  0.22368E-01  0.20016E-01  0.18006E-01
  0.16295E-01  0.14820E-01  0.13536E-01  0.12413E-01  0.11421E-01  0.10538E-01
  0.97476E-02  0.90334E-02  0.83854E-02  0.77932E-02  0.72499E-02  0.67507E-02
  0.62878E-02  0.58623E-02  0.54706E-02  0.51050E-02  0.47712E-02  0.44663E-02
  0.41852E-02  0.39315E-02  0.37059E-02  0.35047E-02  0.33295E-02  0.31821E-02
  0.30596E-02  0.29628E-02  0.28916E-02  0.28460E-02  0.28263E-02  0.28317E-02
  0.28599E-02  0.29123E-02  0.29899E-02  0.30885E-02  0.32067E-02  0.33448E-02
  0.35040E-02  0.36844E-02  0.38751E-02  0.40792E-02  0.43002E-02  0.45324E-02
  0.47759E-02  0.50241E-02  0.52775E-02  0.55371E-02  0.57977E-02  0.60600E-02
  0.63245E-02  0.65839E-02  0.68363E-02  0.70813E-02  0.73168E-02  0.75424E-02
  0.77573E-02  0.79587E-02  0.81473E-02  0.83197E-02  0.84699E-02  0.86081E-02
  0.87257E-02  0.88178E-02  0.88970E-02  0.89540E-02  0.89819E-02  0.89892E-02
  0.12529E+01  0.18092E+02
  0.81109E+02  0.71327E+02  0.49241E+02  0.28529E+02  0.15593E+02  0.89899E+01
  0.55900E+01  0.36299E+01  0.24505E+01  0.17443E+01  0.12892E+01  0.74013E+00
  0.47392E+00  0.31793E+00  0.22719E+00  0.16760E+00  0.12789E+00  0.10007E+00
  0.79981E-01  0.65085E-01  0.53814E-01  0.45055E-01  0.38237E-01  0.32742E-01
  0.28355E-01  0.24731E-01  0.21768E-01  0.19281E-01  0.17189E-01  0.15413E-01
  0.13888E-01  0.12572E-01  0.11424E-01  0.10418E-01  0.95285E-02  0.87384E-02
  0.80329E-02  0.73980E-02  0.68280E-02  0.63094E-02  0.58401E-02  0.54155E-02
  0.50269E-02  0.46758E-02  0.43540E-02  0.40632E-02  0.38029E-02  0.35664E-02
  0.33577E-02  0.31733E-02  0.30092E-02  0.28691E-02  0.27518E-02  0.26532E-02
  0.25759E-02  0.25181E-02  0.24787E-02  0.24576E-02  0.24531E-02  0.24652E-02
  0.24942E-02  0.25369E-02  0.25929E-02  0.26634E-02  0.27473E-02  0.28405E-02
  0.29419E-02  0.30567E-02  0.31794E-02  0.33100E-02  0.34420E-02  0.35811E-02
  0.37292E-02  0.38771E-02  0.40275E-02  0.41767E-02  0.43260E-02  0.44767E-02
  0.46243E-02  0.47729E-02  0.49161E-02  0.50494E-02  0.51800E-02  0.53044E-02
  0.54184E-02  0.55301E-02  0.56323E-02  0.57257E-02  0.58098E-02  0.58821E-02
  0.59465E-02  0.59923E-02  0.60342E-02  0.60656E-02  0.60807E-02  0.60859E-02
  0.11504E+01  0.19705E+02
  0.84248E+02  0.72895E+02  0.48201E+02  0.26591E+02  0.14150E+02  0.81265E+01
  0.50250E+01  0.32348E+01  0.21871E+01  0.15595E+01  0.11416E+01  0.65786E+00
  0.41934E+00  0.28198E+00  0.20129E+00  0.14829E+00  0.11324E+00  0.88485E-01
  0.70705E-01  0.57497E-01  0.47458E-01  0.39734E-01  0.33619E-01  0.28782E-01
  0.24835E-01  0.21638E-01  0.18971E-01  0.16757E-01  0.14881E-01  0.13293E-01
  0.11926E-01  0.10746E-01  0.97189E-02  0.88206E-02  0.80300E-02  0.73308E-02
  0.67100E-02  0.61551E-02  0.56597E-02  0.52146E-02  0.48159E-02  0.44561E-02
  0.41315E-02  0.38423E-02  0.35811E-02  0.33503E-02  0.31435E-02  0.29575E-02
  0.27972E-02  0.26544E-02  0.25331E-02  0.24320E-02  0.23437E-02  0.22748E-02
  0.22205E-02  0.21798E-02  0.21536E-02  0.21400E-02  0.21385E-02  0.21482E-02
  0.21682E-02  0.21986E-02  0.22379E-02  0.22845E-02  0.23383E-02  0.24021E-02
  0.24694E-02  0.25412E-02  0.26180E-02  0.27019E-02  0.27875E-02  0.28731E-02
  0.29615E-02  0.30541E-02  0.31467E-02  0.32386E-02  0.33285E-02  0.34182E-02
  0.35050E-02  0.35935E-02  0.36801E-02  0.37592E-02  0.38368E-02  0.39080E-02
  0.39769E-02  0.40378E-02  0.40995E-02  0.41523E-02  0.41997E-02  0.42465E-02
  0.42804E-02  0.43073E-02  0.43349E-02  0.43450E-02  0.43591E-02  0.43750E-02
  0.10675E+01  0.21235E+02
  0.87058E+02  0.74127E+02  0.47018E+02  0.24829E+02  0.12963E+02  0.74291E+01
  0.45586E+01  0.29168E+01  0.19780E+01  0.14053E+01  0.10212E+01  0.59446E+00
  0.37460E+00  0.25441E+00  0.18002E+00  0.13329E+00  0.10137E+00  0.79292E-01
  0.63243E-01  0.51347E-01  0.42346E-01  0.35349E-01  0.29877E-01  0.25490E-01
  0.21963E-01  0.19059E-01  0.16666E-01  0.14663E-01  0.12980E-01  0.11548E-01
  0.10323E-01  0.92651E-02  0.83486E-02  0.75501E-02  0.68494E-02  0.62323E-02
  0.56879E-02  0.52044E-02  0.47766E-02  0.43928E-02  0.40536E-02  0.37494E-02
  0.34800E-02  0.32396E-02  0.30231E-02  0.28352E-02  0.26643E-02  0.25190E-02
  0.23914E-02  0.22782E-02  0.21846E-02  0.21022E-02  0.20356E-02  0.19814E-02
  0.19379E-02  0.19072E-02  0.18867E-02  0.18743E-02  0.18715E-02  0.18761E-02
  0.18883E-02  0.19070E-02  0.19319E-02  0.19632E-02  0.19986E-02  0.20373E-02
  0.20816E-02  0.21301E-02  0.21785E-02  0.22304E-02  0.22857E-02  0.23419E-02
  0.23987E-02  0.24547E-02  0.25124E-02  0.25696E-02  0.26299E-02  0.26844E-02
  0.27381E-02  0.27917E-02  0.28430E-02  0.28941E-02  0.29421E-02  0.29884E-02
  0.30275E-02  0.30672E-02  0.31031E-02  0.31346E-02  0.31657E-02  0.31875E-02
  0.32113E-02  0.32326E-02  0.32436E-02  0.32589E-02  0.32636E-02  0.32512E-02
  0.99855E+00  0.22701E+02
  0.89606E+02  0.75095E+02  0.45756E+02  0.23243E+02  0.11978E+02  0.68487E+01
  0.41657E+01  0.26575E+01  0.18053E+01  0.12749E+01  0.92491E+00  0.54088E+00
  0.33973E+00  0.23077E+00  0.16333E+00  0.12063E+00  0.91820E-01  0.71633E-01
  0.57067E-01  0.46259E-01  0.38043E-01  0.31716E-01  0.26717E-01  0.22750E-01
  0.19533E-01  0.16905E-01  0.14735E-01  0.12925E-01  0.11403E-01  0.10110E-01
  0.90085E-02  0.80595E-02  0.72424E-02  0.65324E-02  0.59115E-02  0.53676E-02
  0.48896E-02  0.44679E-02  0.40961E-02  0.37658E-02  0.34750E-02  0.32156E-02
  0.29876E-02  0.27847E-02  0.26038E-02  0.24466E-02  0.23059E-02  0.21875E-02
  0.20801E-02  0.19893E-02  0.19104E-02  0.18428E-02  0.17908E-02  0.17444E-02
  0.17089E-02  0.16822E-02  0.16615E-02  0.16504E-02  0.16442E-02  0.16444E-02
  0.16505E-02  0.16610E-02  0.16758E-02  0.16943E-02  0.17163E-02  0.17420E-02
  0.17703E-02  0.17994E-02  0.18323E-02  0.18665E-02  0.19017E-02  0.19353E-02
  0.19734E-02  0.20107E-02  0.20479E-02  0.20833E-02  0.21201E-02  0.21551E-02
  0.21928E-02  0.22272E-02  0.22585E-02  0.22905E-02  0.23196E-02  0.23480E-02
  0.23750E-02  0.24014E-02  0.24218E-02  0.24465E-02  0.24610E-02  0.24777E-02
  0.24922E-02  0.25002E-02  0.25124E-02  0.25184E-02  0.25217E-02  0.25376E-02
  0.93995E+00  0.24116E+02
  0.99663E+02  0.77333E+02  0.39335E+02  0.17504E+02  0.88157E+01  0.48951E+01
  0.28894E+01  0.18475E+01  0.12409E+01  0.87343E+00  0.63801E+00  0.36792E+00
  0.23157E+00  0.15605E+00  0.11008E+00  0.80573E-01  0.60811E-01  0.46983E-01
  0.37026E-01  0.29674E-01  0.24127E-01  0.19867E-01  0.16539E-01  0.13908E-01
  0.11804E-01  0.10093E-01  0.86972E-02  0.75461E-02  0.65896E-02  0.57876E-02
  0.51130E-02  0.45445E-02  0.40551E-02  0.36363E-02  0.32781E-02  0.29682E-02
  0.27007E-02  0.24673E-02  0.22641E-02  0.20863E-02  0.19314E-02  0.17943E-02
  0.16753E-02  0.15707E-02  0.14771E-02  0.13969E-02  0.13233E-02  0.12639E-02
  0.12059E-02  0.11588E-02  0.11142E-02  0.10801E-02  0.10467E-02  0.10204E-02
  0.99334E-03  0.97504E-03  0.95576E-03  0.94126E-03  0.93093E-03  0.91833E-03
  0.91112E-03  0.90374E-03  0.89838E-03  0.89616E-03  0.89297E-03  0.89211E-03
  0.89119E-03  0.89077E-03  0.89229E-03  0.89404E-03  0.89550E-03  0.89861E-03
  0.90233E-03  0.90508E-03  0.90827E-03  0.91197E-03  0.91540E-03  0.91871E-03
  0.92226E-03  0.92637E-03  0.93066E-03  0.93454E-03  0.93802E-03  0.94119E-03
  0.94419E-03  0.94746E-03  0.95055E-03  0.95288E-03  0.95544E-03  0.95635E-03
  0.95765E-03  0.95755E-03  0.95845E-03  0.95780E-03  0.95876E-03  0.95550E-03
  0.74127E+00  0.30580E+02
  0.10708E+03  0.77173E+02  0.33798E+02  0.14138E+02  0.70084E+01  0.37529E+01
  0.22159E+01  0.14078E+01  0.94567E+00  0.66227E+00  0.48024E+00  0.27606E+00
  0.17321E+00  0.11567E+00  0.80873E-01  0.58651E-01  0.43812E-01  0.33512E-01
  0.26146E-01  0.20751E-01  0.16717E-01  0.13644E-01  0.11267E-01  0.94045E-02
  0.79246E-02  0.67364E-02  0.57757E-02  0.49900E-02  0.43408E-02  0.38001E-02
  0.33494E-02  0.29715E-02  0.26501E-02  0.23765E-02  0.21439E-02  0.19421E-02
  0.17681E-02  0.16183E-02  0.14876E-02  0.13732E-02  0.12731E-02  0.11855E-02
  0.11086E-02  0.10400E-02  0.97980E-03  0.92746E-03  0.87826E-03  0.83723E-03
  0.79930E-03  0.76553E-03  0.73784E-03  0.70766E-03  0.68613E-03  0.66395E-03
  0.64653E-03  0.62737E-03  0.61306E-03  0.59938E-03  0.58773E-03  0.57653E-03
  0.56721E-03  0.55665E-03  0.55132E-03  0.54215E-03  0.53915E-03  0.53151E-03
  0.52680E-03  0.52312E-03  0.51738E-03  0.51642E-03  0.51350E-03  0.51037E-03
  0.50830E-03  0.50635E-03  0.50383E-03  0.50258E-03  0.50222E-03  0.50000E-03
  0.49878E-03  0.49920E-03  0.49935E-03  0.49763E-03  0.49662E-03  0.49538E-03
  0.49577E-03  0.49657E-03  0.49604E-03  0.49457E-03  0.49440E-03  0.49396E-03
  0.49451E-03  0.49535E-03  0.49490E-03  0.49705E-03  0.49574E-03  0.50238E-03
  0.62380E+00  0.36338E+02
  0.11295E+03  0.75832E+02  0.29400E+02  0.11966E+02  0.57562E+01  0.30366E+01
  0.17939E+01  0.11343E+01  0.75788E+00  0.52851E+00  0.38349E+00  0.21891E+00
  0.13610E+00  0.90059E-01  0.62419E-01  0.44904E-01  0.33250E-01  0.25231E-01
  0.19539E-01  0.15399E-01  0.12328E-01  0.10006E-01  0.82248E-02  0.68319E-02
  0.57386E-02  0.48635E-02  0.41604E-02  0.35894E-02  0.31184E-02  0.27272E-02
  0.24003E-02  0.21300E-02  0.19014E-02  0.17069E-02  0.15387E-02  0.13942E-02
  0.12708E-02  0.11638E-02  0.10709E-02  0.98822E-03  0.91653E-03  0.85366E-03
  0.79767E-03  0.74830E-03  0.70452E-03  0.66489E-03  0.62999E-03  0.59916E-03
  0.57017E-03  0.54504E-03  0.52318E-03  0.50151E-03  0.48385E-03  0.46623E-03
  0.45026E-03  0.43815E-03  0.42452E-03  0.41408E-03  0.40197E-03  0.39404E-03
  0.38453E-03  0.37684E-03  0.36975E-03  0.36262E-03  0.35701E-03  0.35176E-03
  0.34635E-03  0.34215E-03  0.33662E-03  0.33413E-03  0.32966E-03  0.32670E-03
  0.32613E-03  0.31968E-03  0.31821E-03  0.31650E-03  0.31422E-03  0.31119E-03
  0.31214E-03  0.30999E-03  0.30689E-03  0.30538E-03  0.30583E-03  0.30557E-03
  0.30210E-03  0.30098E-03  0.30098E-03  0.30131E-03  0.30113E-03  0.30064E-03
  0.30051E-03  0.29815E-03  0.29931E-03  0.29801E-03  0.29570E-03  0.30054E-03
  0.54451E+00  0.41629E+02
  0.11785E+03  0.73896E+02  0.25971E+02  0.10406E+02  0.48392E+01  0.25550E+01
  0.15005E+01  0.94501E+00  0.62761E+00  0.43760E+00  0.31506E+00  0.17870E+00
  0.11037E+00  0.72520E-01  0.49922E-01  0.35643E-01  0.26218E-01  0.19769E-01
  0.15226E-01  0.11944E-01  0.95211E-02  0.77005E-02  0.63082E-02  0.52322E-02
  0.43853E-02  0.37101E-02  0.31728E-02  0.27329E-02  0.23733E-02  0.20768E-02
  0.18260E-02  0.16201E-02  0.14461E-02  0.12961E-02  0.11702E-02  0.10623E-02
  0.96878E-03  0.88664E-03  0.81421E-03  0.75122E-03  0.69658E-03  0.64860E-03
  0.60566E-03  0.56746E-03  0.53339E-03  0.50282E-03  0.47523E-03  0.45069E-03
  0.42876E-03  0.40873E-03  0.39037E-03  0.37407E-03  0.35972E-03  0.34522E-03
  0.33324E-03  0.32213E-03  0.31031E-03  0.30260E-03  0.29309E-03  0.28451E-03
  0.27851E-03  0.27046E-03  0.26603E-03  0.25852E-03  0.25405E-03  0.24812E-03
  0.24536E-03  0.23966E-03  0.23727E-03  0.23214E-03  0.23053E-03  0.22633E-03
  0.22372E-03  0.22194E-03  0.21796E-03  0.21776E-03  0.21430E-03  0.21113E-03
  0.21131E-03  0.20969E-03  0.20837E-03  0.20643E-03  0.20575E-03  0.20529E-03
  0.20244E-03  0.20159E-03  0.20115E-03  0.20063E-03  0.20162E-03  0.20082E-03
  0.19871E-03  0.19915E-03  0.19977E-03  0.19696E-03  0.19733E-03  0.20213E-03
  0.48616E+00  0.46627E+02