  0.36173E+01  0.36153E+01  0.36094E+01  0.35995E+01  0.35857E+01  0.35681E+01
  0.35467E+01  0.35215E+01  0.34928E+01  0.34605E+01  0.34249E+01  0.33439E+01
  0.32508E+01  0.31469E+01  0.30335E+01  0.29117E+01  0.27828E+01  0.26481E+01
  0.25089E+01  0.23661E+01  0.22209E+01  0.20742E+01  0.19270E+01  0.17802E+01
  0.16345E+01  0.14909E+01  0.13500E+01  0.12127E+01  0.10799E+01  0.95236E+00
  0.83094E+00  0.71652E+00  0.60995E+00  0.51205E+00  0.42359E+00  0.34523E+00
  0.27755E+00  0.22095E+00  0.17565E+00  0.14169E+00  0.11886E+00  0.10673E+00
  0.10463E+00  0.11163E+00  0.12662E+00  0.14827E+00  0.17509E+00  0.20547E+00
  0.23775E+00  0.27022E+00  0.30122E+00  0.32919E+00  0.35273E+00  0.37063E+00
  0.38194E+00  0.38600E+00  0.38249E+00  0.37143E+00  0.35319E+00  0.32852E+00
  0.29852E+00  0.26459E+00  0.22846E+00  0.19207E+00  0.15758E+00  0.12727E+00
  0.10350E+00  0.88597E-01  0.84851E-01  0.94385E-01  0.11911E+00  0.16067E+00
  0.22035E+00  0.29907E+00  0.39732E+00  0.51512E+00  0.65203E+00  0.80713E+00
  0.97901E+00  0.11658E+01  0.13653E+01  0.15747E+01  0.17912E+01  0.20114E+01
  0.22318E+01  0.24490E+01  0.26592E+01  0.28589E+01  0.30446E+01  0.32129E+01
  0.33610E+01  0.34860E+01  0.35857E+01  0.36583E+01  0.37023E+01  0.37171E+01
  0.93806E+01  0.16869E+01
  0.12338E+02  0.12317E+02  0.12254E+02  0.12149E+02  0.12004E+02  0.11821E+02
  0.11600E+02  0.11346E+02  0.11060E+02  0.10745E+02  0.10406E+02  0.96642E+01
  0.88645E+01  0.80355E+01  0.72050E+01  0.63976E+01  0.56341E+01  0.49304E+01
  0.42972E+01  0.37401E+01  0.32599E+01  0.28532E+01  0.25134E+01  0.22318E+01
  0.19982E+01  0.18023E+01  0.16342E+01  0.14852E+01  0.13483E+01  0.12182E+01
  0.10913E+01  0.96621E+00  0.84268E+00  0.72188E+00  0.60576E+00  0.49678E+00
  0.39750E+00  0.31037E+00  0.23738E+00  0.17999E+00  0.13897E+00  0.11438E+00
  0.10561E+00  0.11142E+00  0.13008E+00  0.15942E+00  0.19705E+00  0.24041E+00
  0.28694E+00  0.33417E+00  0.37983E+00  0.42190E+00  0.45869E+00  0.48883E+00
  0.51135E+00  0.52563E+00  0.53140E+00  0.52874E+00  0.51799E+00  0.49979E+00
  0.47496E+00  0.44450E+00  0.40954E+00  0.37126E+00  0.33090E+00  0.28967E+00
  0.24874E+00  0.20921E+00  0.17208E+00  0.13822E+00  0.10837E+00  0.83105E-01
  0.62870E-01  0.47939E-01  0.38441E-01  0.34359E-01  0.35544E-01  0.41724E-01
  0.52521E-01  0.67467E-01  0.86016E-01  0.10757E+00  0.13148E+00  0.15708E+00
  0.18370E+00  0.21065E+00  0.23729E+00  0.26298E+00  0.28714E+00  0.30923E+00
  0.32878E+00  0.34536E+00  0.35862E+00  0.36829E+00  0.37418E+00  0.37615E+00
  0.11402E+02  0.13879E+01
  0.20394E+02  0.20347E+02  0.20206E+02  0.19972E+02  0.19649E+02  0.19243E+02
  0.18757E+02  0.18199E+02  0.17577E+02  0.16898E+02  0.16172E+02  0.14612E+02
  0.12970E+02  0.11316E+02  0.97128E+01  0.82103E+01  0.68466E+01  0.56449E+01
  0.46152E+01  0.37553E+01  0.30540E+01  0.24933E+01  0.20517E+01  0.17067E+01
  0.14364E+01  0.12220E+01  0.10478E+01  0.90186E+00  0.77581E+00  0.66445E+00
  0.56498E+00  0.47634E+00  0.39851E+00  0.33193E+00  0.27706E+00  0.23413E+00
  0.20294E+00  0.18283E+00  0.17278E+00  0.17143E+00  0.17722E+00  0.18850E+00
  0.20364E+00  0.22108E+00  0.23941E+00  0.25740E+00  0.27399E+00  0.28833E+00
  0.29973E+00  0.30771E+00  0.31195E+00  0.31226E+00  0.30862E+00  0.30114E+00
  0.29004E+00  0.27565E+00  0.25840E+00  0.23878E+00  0.21735E+00  0.19469E+00
  0.17141E+00  0.14810E+00  0.12531E+00  0.10357E+00  0.83319E-01  0.64930E-01
  0.48691E-01  0.34798E-01  0.23357E-01  0.14387E-01  0.78267E-02  0.35464E-02
  0.13577E-02  0.10284E-02  0.22963E-02  0.48827E-02  0.85052E-02  0.12890E-01
  0.17779E-01  0.22942E-01  0.28176E-01  0.33312E-01  0.38218E-01  0.42792E-01
  0.46966E-01  0.50697E-01  0.53970E-01  0.56787E-01  0.59163E-01  0.61127E-01
  0.62710E-01  0.63947E-01  0.64870E-01  0.65508E-01  0.65881E-01  0.66004E-01
  0.11122E+02  0.14228E+01
  0.26037E+02  0.25963E+02  0.25739E+02  0.25370E+02  0.24862E+02  0.24224E+02
  0.23467E+02  0.22603E+02  0.21646E+02  0.20611E+02  0.19514E+02  0.17197E+02
  0.14819E+02  0.12492E+02  0.10310E+02  0.83404E+01  0.66231E+01  0.51746E+01
  0.39896E+01  0.30471E+01  0.23161E+01  0.17612E+01  0.13471E+01  0.10416E+01
  0.81743E+00  0.65316E+00  0.53263E+00  0.44427E+00  0.37995E+00  0.33398E+00
  0.30214E+00  0.28114E+00  0.26815E+00  0.26073E+00  0.25672E+00  0.25431E+00
  0.25215E+00  0.24929E+00  0.24524E+00  0.23987E+00  0.23335E+00  0.22600E+00
  0.21821E+00  0.21035E+00  0.20269E+00  0.19535E+00  0.18832E+00  0.18145E+00
  0.17451E+00  0.16719E+00  0.15923E+00  0.15037E+00  0.14046E+00  0.12947E+00
  0.11747E+00  0.10467E+00  0.91377E-01  0.77991E-01  0.64949E-01  0.52704E-01
  0.41680E-01  0.32245E-01  0.24676E-01  0.19145E-01  0.15699E-01  0.14270E-01
  0.14671E-01  0.16621E-01  0.19765E-01  0.23698E-01  0.28000E-01  0.32263E-01
  0.36117E-01  0.39255E-01  0.41449E-01  0.42559E-01  0.42541E-01  0.41436E-01
  0.39365E-01  0.36512E-01  0.33102E-01  0.29383E-01  0.25604E-01  0.21993E-01
  0.18742E-01  0.15994E-01  0.13833E-01  0.12288E-01  0.11329E-01  0.10880E-01
  0.10830E-01  0.11046E-01  0.11393E-01  0.11745E-01  0.11999E-01  0.12091E-01
  0.10374E+02  0.15254E+01
  0.31618E+02  0.31456E+02  0.30969E+02  0.30176E+02  0.29099E+02  0.27774E+02
  0.26239E+02  0.24539E+02  0.22719E+02  0.20827E+02  0.18907E+02  0.15145E+02
  0.11699E+02  0.87392E+01  0.63313E+01  0.44612E+01  0.30624E+01  0.20461E+01
  0.13242E+01  0.82295E+00  0.48698E+00  0.27711E+00  0.16505E+00  0.12831E+00
  0.14682E+00  0.20157E+00  0.27488E+00  0.35134E+00  0.41887E+00  0.46923E+00
  0.49800E+00  0.50412E+00  0.48914E+00  0.45634E+00  0.40996E+00  0.35461E+00
  0.29477E+00  0.23449E+00  0.17727E+00  0.12593E+00  0.82549E-01  0.48474E-01
  0.24296E-01  0.98813E-02  0.44288E-02  0.65746E-02  0.14540E-01  0.26312E-01
  0.39836E-01  0.53205E-01  0.64815E-01  0.73480E-01  0.78491E-01  0.79621E-01
  0.77081E-01  0.71444E-01  0.63535E-01  0.54322E-01  0.44795E-01  0.35864E-01
  0.28282E-01  0.22575E-01  0.19014E-01  0.17608E-01  0.18119E-01  0.20106E-01
  0.22980E-01  0.26075E-01  0.28729E-01  0.30352E-01  0.30504E-01  0.28947E-01
  0.25685E-01  0.20987E-01  0.15377E-01  0.96122E-02  0.46301E-02  0.14853E-02
  0.12678E-02  0.50170E-02  0.13633E-01  0.27795E-01  0.47893E-01  0.73972E-01
  0.10571E+00  0.14240E+00  0.18298E+00  0.22610E+00  0.27012E+00  0.31328E+00
  0.35376E+00  0.38977E+00  0.41968E+00  0.44211E+00  0.45601E+00  0.46071E+00
  0.74292E+01  0.21299E+01
  0.31353E+02  0.31112E+02  0.30391E+02  0.29228E+02  0.27678E+02  0.25811E+02
  0.23707E+02  0.21454E+02  0.19134E+02  0.16828E+02  0.14602E+02  0.10596E+02
  0.73756E+01  0.49809E+01  0.33034E+01  0.21695E+01  0.14108E+01  0.90034E+00
  0.55900E+00  0.34247E+00  0.22429E+00  0.18315E+00  0.19736E+00  0.24487E+00
  0.30567E+00  0.36404E+00  0.40959E+00  0.43696E+00  0.44466E+00  0.43374E+00
  0.40661E+00  0.36632E+00  0.31627E+00  0.26014E+00  0.20190E+00  0.14564E+00
  0.95302E-01  0.54205E-01  0.24718E-01  0.79998E-02  0.39589E-02  0.11398E-01
  0.28277E-01  0.52025E-01  0.79836E-01  0.10892E+00  0.13668E+00  0.16087E+00
  0.17969E+00  0.19184E+00  0.19660E+00  0.19382E+00  0.18392E+00  0.16784E+00
  0.14696E+00  0.12293E+00  0.97571E-01  0.72703E-01  0.49985E-01  0.30795E-01
  0.16133E-01  0.65639E-02  0.21997E-02  0.27208E-02  0.74308E-02  0.15338E-01
  0.25258E-01  0.35918E-01  0.46076E-01  0.54624E-01  0.60674E-01  0.63640E-01
  0.63275E-01  0.59700E-01  0.53391E-01  0.45143E-01  0.36013E-01  0.27235E-01
  0.20129E-01  0.15990E-01  0.15994E-01  0.21094E-01  0.31944E-01  0.48833E-01
  0.71650E-01  0.99874E-01  0.13259E+00  0.16854E+00  0.20619E+00  0.24381E+00
  0.27961E+00  0.31182E+00  0.33879E+00  0.35913E+00  0.37178E+00  0.37606E+00
  0.56937E+01  0.27792E+01
  0.32064E+02  0.31735E+02  0.30759E+02  0.29203E+02  0.27161E+02  0.24754E+02
  0.22118E+02  0.19384E+02  0.16678E+02  0.14104E+02  0.11741E+02  0.78306E+01
  0.50596E+01  0.32537E+01  0.21251E+01  0.14129E+01  0.94400E+00  0.62893E+00
  0.42776E+00  0.31778E+00  0.27679E+00  0.28026E+00  0.30504E+00  0.33338E+00
  0.35459E+00  0.36412E+00  0.36129E+00  0.34703E+00  0.32252E+00  0.28890E+00
  0.24775E+00  0.20152E+00  0.15358E+00  0.10773E+00  0.67565E-01  0.35825E-01
  0.14163E-01  0.31377E-02  0.24090E-02  0.10969E-01  0.27328E-01  0.49628E-01
  0.75730E-01  0.10331E+00  0.13000E+00  0.15357E+00  0.17212E+00  0.18424E+00
  0.18914E+00  0.18667E+00  0.17728E+00  0.16193E+00  0.14199E+00  0.11907E+00
  0.94917E-01  0.71274E-01  0.49772E-01  0.31829E-01  0.18558E-01  0.10700E-01
  0.85828E-02  0.12099E-01  0.20725E-01  0.33565E-01  0.49426E-01  0.66910E-01
  0.84526E-01  0.10081E+00  0.11441E+00  0.12423E+00  0.12947E+00  0.12971E+00
  0.12490E+00  0.11541E+00  0.10197E+00  0.85629E-01  0.67682E-01  0.49574E-01
  0.32803E-01  0.18816E-01  0.89052E-02  0.41225E-02  0.51997E-02  0.12495E-01
  0.25966E-01  0.45160E-01  0.69243E-01  0.97047E-01  0.12714E+00  0.15790E+00
  0.18764E+00  0.21470E+00  0.23754E+00  0.25487E+00  0.26568E+00  0.26934E+00
  0.47755E+01  0.33136E+01
  0.33511E+02  0.33086E+02  0.31834E+02  0.29857E+02  0.27304E+02  0.24359E+02
  0.21214E+02  0.18057E+02  0.15046E+02  0.12301E+02  0.98978E+01  0.62149E+01
  0.38787E+01  0.24957E+01  0.16712E+01  0.11442E+01  0.78930E+00  0.55794E+00
  0.42477E+00  0.36325E+00  0.34414E+00  0.34219E+00  0.34121E+00  0.33442E+00
  0.32114E+00  0.30264E+00  0.27957E+00  0.25162E+00  0.21867E+00  0.18180E+00
  0.14339E+00  0.10642E+00  0.73655E-01  0.47028E-01  0.27619E-01  0.15829E-01
  0.11613E-01  0.14588E-01  0.24007E-01  0.38700E-01  0.57089E-01  0.77304E-01
  0.97396E-01  0.11556E+00  0.13029E+00  0.14051E+00  0.14555E+00  0.14516E+00
  0.13948E+00  0.12898E+00  0.11449E+00  0.97098E-01  0.78134E-01  0.59032E-01
  0.41243E-01  0.26110E-01  0.14763E-01  0.80308E-02  0.63908E-02  0.99407E-02
  0.18404E-01  0.31159E-01  0.47288E-01  0.65643E-01  0.84927E-01  0.10378E+00
  0.12086E+00  0.13496E+00  0.14505E+00  0.15041E+00  0.15060E+00  0.14557E+00
  0.13562E+00  0.12140E+00  0.10389E+00  0.84275E-01  0.63956E-01  0.44399E-01
  0.27058E-01  0.13285E-01  0.42389E-02  0.80680E-03  0.35480E-02  0.12653E-01
  0.27925E-01  0.48787E-01  0.74315E-01  0.10328E+00  0.13423E+00  0.16557E+00
  0.19565E+00  0.22286E+00  0.24572E+00  0.26301E+00  0.27377E+00  0.27742E+00
  0.42345E+01  0.37369E+01
  0.35275E+02  0.34749E+02  0.33202E+02  0.30785E+02  0.27711E+02  0.24235E+02
  0.20618E+02  0.17094E+02  0.13851E+02  0.11010E+02  0.86308E+01  0.52236E+01
  0.32430E+01  0.21262E+01  0.14517E+01  0.10067E+01  0.71259E+00  0.53578E+00
  0.44364E+00  0.40001E+00  0.37482E+00  0.35117E+00  0.32447E+00  0.29644E+00
  0.26895E+00  0.24163E+00  0.21293E+00  0.18213E+00  0.15022E+00  0.11926E+00
  0.91299E-01  0.67700E-01  0.49089E-01  0.35705E-01  0.27671E-01  0.25022E-01
  0.27531E-01  0.34552E-01  0.45009E-01  0.57562E-01  0.70815E-01  0.83482E-01
  0.94466E-01  0.10287E+00  0.10798E+00  0.10933E+00  0.10671E+00  0.10024E+00
  0.90352E-01  0.77805E-01  0.63572E-01  0.48757E-01  0.34493E-01  0.21861E-01
  0.11813E-01  0.51260E-02  0.23530E-02  0.37902E-02  0.94532E-02  0.19070E-01
  0.32091E-01  0.47725E-01  0.64985E-01  0.82760E-01  0.99888E-01  0.11524E+00
  0.12779E+00  0.13669E+00  0.14133E+00  0.14137E+00  0.13677E+00  0.12780E+00
  0.11504E+00  0.99304E-01  0.81665E-01  0.63336E-01  0.45627E-01  0.29863E-01
  0.17300E-01  0.90535E-02  0.60219E-02  0.88324E-02  0.17796E-01  0.32882E-01
  0.53712E-01  0.79573E-01  0.10945E+00  0.14208E+00  0.17601E+00  0.20969E+00
  0.24153E+00  0.27000E+00  0.29374E+00  0.31158E+00  0.32265E+00  0.32639E+00
  0.38744E+01  0.40842E+01
  0.37135E+02  0.36500E+02  0.34646E+02  0.31775E+02  0.28177E+02  0.24188E+02
  0.20137E+02  0.16305E+02  0.12894E+02  0.10018E+02  0.77039E+01  0.45759E+01
  0.28640E+01  0.19046E+01  0.13055E+01  0.91047E+00  0.66499E+00  0.52903E+00
  0.45750E+00  0.41158E+00  0.36982E+00  0.32764E+00  0.28825E+00  0.25396E+00
  0.22352E+00  0.19439E+00  0.16541E+00  0.13737E+00  0.11177E+00  0.89695E-01
  0.71428E-01  0.56888E-01  0.46089E-01  0.39225E-01  0.36420E-01  0.37432E-01
  0.41602E-01  0.48004E-01  0.55665E-01  0.63682E-01  0.71237E-01  0.77572E-01
  0.81996E-01  0.83947E-01  0.83086E-01  0.79347E-01  0.72948E-01  0.64339E-01
  0.54136E-01  0.43057E-01  0.31877E-01  0.21390E-01  0.12371E-01  0.55287E-02
  0.14488E-02  0.54357E-03  0.30128E-02  0.88247E-02  0.17717E-01  0.29216E-01
  0.42670E-01  0.57289E-01  0.72197E-01  0.86481E-01  0.99249E-01  0.10968E+00
  0.11709E+00  0.12097E+00  0.12103E+00  0.11721E+00  0.10974E+00  0.99056E-01
  0.85861E-01  0.71041E-01  0.55634E-01  0.40767E-01  0.27598E-01  0.17245E-01
  0.10725E-01  0.88897E-02  0.12374E-01  0.21552E-01  0.36512E-01  0.57039E-01
  0.82618E-01  0.11246E+00  0.14551E+00  0.18054E+00  0.21616E+00  0.25091E+00
  0.28334E+00  0.31206E+00  0.33582E+00  0.35358E+00  0.36456E+00  0.36827E+00
  0.36101E+01  0.43832E+01
  0.38981E+02  0.38234E+02  0.36060E+02  0.32726E+02  0.28608E+02  0.24129E+02
  0.19687E+02  0.15602E+02  0.12081E+02  0.92147E+01  0.69913E+01  0.41232E+01
  0.26061E+01  0.17395E+01  0.11877E+01  0.83685E+00  0.63417E+00  0.52500E+00
  0.45744E+00  0.39983E+00  0.34397E+00  0.29381E+00  0.25262E+00  0.21871E+00
  0.18854E+00  0.16035E+00  0.13452E+00  0.11205E+00  0.93240E-01  0.77689E-01
  0.64986E-01  0.55157E-01  0.48484E-01  0.45062E-01  0.44552E-01  0.46298E-01
  0.49572E-01  0.53716E-01  0.58143E-01  0.62260E-01  0.65470E-01  0.67234E-01
  0.67181E-01  0.65153E-01  0.61198E-01  0.55521E-01  0.48433E-01  0.40339E-01
  0.31727E-01  0.23164E-01  0.15261E-01  0.86208E-02  0.37794E-02  0.11581E-02
  0.10341E-02  0.35258E-02  0.85889E-02  0.16019E-01  0.25457E-01  0.36406E-01
  0.48256E-01  0.60313E-01  0.71848E-01  0.82145E-01  0.90548E-01  0.96504E-01
  0.99607E-01  0.99620E-01  0.96500E-01  0.90409E-01  0.81705E-01  0.70936E-01
  0.58815E-01  0.46184E-01  0.33975E-01  0.23164E-01  0.14715E-01  0.95285E-02
  0.83868E-02  0.11910E-01  0.20514E-01  0.34382E-01  0.53444E-01  0.77371E-01
  0.10558E+00  0.13727E+00  0.17141E+00  0.20686E+00  0.24232E+00  0.27650E+00
  0.30808E+00  0.33584E+00  0.35867E+00  0.37568E+00  0.38616E+00  0.38970E+00
  0.34022E+01  0.46511E+01
  0.40764E+02  0.39899E+02  0.37397E+02  0.33596E+02  0.28966E+02  0.24023E+02
  0.19233E+02  0.14947E+02  0.11365E+02  0.85419E+01  0.64223E+01  0.37849E+01
  0.24067E+01  0.15998E+01  0.10887E+01  0.78131E+00  0.61309E+00  0.51668E+00
  0.44294E+00  0.37379E+00  0.31190E+00  0.26226E+00  0.22358E+00  0.19132E+00
  0.16265E+00  0.13742E+00  0.11621E+00  0.98822E-01  0.84389E-01  0.72320E-01
  0.62687E-01  0.55802E-01  0.51664E-01  0.49827E-01  0.49662E-01  0.50615E-01
  0.52257E-01  0.54178E-01  0.55916E-01  0.57000E-01  0.57058E-01  0.55880E-01
  0.53407E-01  0.49675E-01  0.44794E-01  0.38946E-01  0.32416E-01  0.25588E-01
  0.18915E-01  0.12866E-01  0.78778E-02  0.43235E-02  0.24942E-02  0.25892E-02
  0.47022E-02  0.88078E-02  0.14753E-01  0.22257E-01  0.30927E-01  0.40282E-01
  0.49784E-01  0.58871E-01  0.66994E-01  0.73645E-01  0.78390E-01  0.80896E-01
  0.80957E-01  0.78513E-01  0.73665E-01  0.66674E-01  0.57959E-01  0.48082E-01
  0.37725E-01  0.27649E-01  0.18668E-01  0.11596E-01  0.72142E-02  0.62217E-02
  0.91992E-02  0.16573E-01  0.28587E-01  0.45282E-01  0.66485E-01  0.91807E-01
  0.12066E+00  0.15225E+00  0.18566E+00  0.21983E+00  0.25362E+00  0.28588E+00
  0.31547E+00  0.34133E+00  0.36251E+00  0.37824E+00  0.38792E+00  0.39118E+00
  0.32305E+01  0.48982E+01
  0.42461E+02  0.41476E+02  0.38639E+02  0.34369E+02  0.29238E+02  0.23860E+02
  0.18765E+02  0.14325E+02  0.10721E+02  0.79658E+01  0.59546E+01  0.35160E+01
  0.22380E+01  0.14764E+01  0.10067E+01  0.74015E+00  0.59582E+00  0.50112E+00
  0.41817E+00  0.34297E+00  0.28225E+00  0.23662E+00  0.20079E+00  0.17036E+00
  0.14428E+00  0.12285E+00  0.10557E+00  0.91255E-01  0.79117E-01  0.69225E-01
  0.61884E-01  0.56991E-01  0.54004E-01  0.52320E-01  0.51524E-01  0.51348E-01
  0.51490E-01  0.51574E-01  0.51240E-01  0.50242E-01  0.48459E-01  0.45844E-01
  0.42387E-01  0.38130E-01  0.33205E-01  0.27848E-01  0.22372E-01  0.17117E-01
  0.12412E-01  0.85568E-02  0.58145E-02  0.44062E-02  0.44913E-02  0.61454E-02
  0.93453E-02  0.13966E-01  0.19788E-01  0.26515E-01  0.33787E-01  0.41202E-01
  0.48332E-01  0.54746E-01  0.60034E-01  0.63838E-01  0.65876E-01  0.65969E-01
  0.64054E-01  0.60195E-01  0.54585E-01  0.47543E-01  0.39503E-01  0.30997E-01
  0.22634E-01  0.15073E-01  0.89921E-02  0.50548E-02  0.38748E-02  0.59841E-02
  0.11803E-01  0.21613E-01  0.35536E-01  0.53521E-01  0.75335E-01  0.10057E+00
  0.12866E+00  0.15887E+00  0.19036E+00  0.22220E+00  0.25341E+00  0.28299E+00
  0.30995E+00  0.33340E+00  0.35254E+00  0.36671E+00  0.37542E+00  0.37835E+00
  0.30842E+01  0.51306E+01
  0.55187E+02  0.52880E+02  0.46522E+02  0.37759E+02  0.28519E+02  0.20348E+02
  0.14028E+02  0.96114E+01  0.67131E+01  0.48387E+01  0.35865E+01  0.20682E+01
  0.12811E+01  0.89642E+00  0.67039E+00  0.49572E+00  0.37056E+00  0.29097E+00
  0.23545E+00  0.19226E+00  0.15958E+00  0.13474E+00  0.11480E+00  0.98981E-01
  0.86646E-01  0.76390E-01  0.67493E-01  0.60068E-01  0.53949E-01  0.48598E-01
  0.43761E-01  0.39485E-01  0.35732E-01  0.32359E-01  0.29299E-01  0.26552E-01
  0.24091E-01  0.21888E-01  0.19955E-01  0.18310E-01  0.16941E-01  0.15825E-01
  0.14966E-01  0.14375E-01  0.14046E-01  0.13945E-01  0.14044E-01  0.14318E-01
  0.14739E-01  0.15262E-01  0.15837E-01  0.16416E-01  0.16950E-01  0.17390E-01
  0.17686E-01  0.17797E-01  0.17687E-01  0.17335E-01  0.16726E-01  0.15854E-01
  0.14731E-01  0.13385E-01  0.11856E-01  0.10201E-01  0.84882E-02  0.67971E-02
  0.52187E-02  0.38529E-02  0.28031E-02  0.21734E-02  0.20662E-02  0.25790E-02
  0.37986E-02  0.57998E-02  0.86414E-02  0.12362E-01  0.16976E-01  0.22478E-01
  0.28839E-01  0.36002E-01  0.43887E-01  0.52387E-01  0.61370E-01  0.70693E-01
  0.80203E-01  0.89725E-01  0.99068E-01  0.10804E+00  0.11648E+00  0.12421E+00
  0.13105E+00  0.13687E+00  0.14153E+00  0.14493E+00  0.14699E+00  0.14768E+00
  0.22398E+01  0.70649E+01
  0.63480E+02  0.59731E+02  0.49823E+02  0.37259E+02  0.25523E+02  0.16593E+02
  0.10712E+02  0.71301E+01  0.49475E+01  0.35395E+01  0.25823E+01  0.14874E+01
  0.98484E+00  0.67866E+00  0.47267E+00  0.35209E+00  0.27221E+00  0.21278E+00
  0.17097E+00  0.14014E+00  0.11634E+00  0.98022E-01  0.83236E-01  0.71351E-01
  0.61901E-01  0.53918E-01  0.47160E-01  0.41638E-01  0.36965E-01  0.32921E-01
  0.29516E-01  0.26640E-01  0.24171E-01  0.22077E-01  0.20309E-01  0.18819E-01
  0.17582E-01  0.16557E-01  0.15703E-01  0.15006E-01  0.14448E-01  0.13993E-01
  0.13614E-01  0.13298E-01  0.13026E-01  0.12773E-01  0.12521E-01  0.12260E-01
  0.11974E-01  0.11653E-01  0.11290E-01  0.10877E-01  0.10413E-01  0.98988E-02
  0.93367E-02  0.87335E-02  0.80978E-02  0.74424E-02  0.67831E-02  0.61368E-02
  0.55228E-02  0.49622E-02  0.44770E-02  0.40900E-02  0.38243E-02  0.37026E-02
  0.37466E-02  0.39755E-02  0.44066E-02  0.50565E-02  0.59368E-02  0.70550E-02
  0.84153E-02  0.10017E-01  0.11856E-01  0.13924E-01  0.16205E-01  0.18678E-01
  0.21321E-01  0.24108E-01  0.27008E-01  0.29983E-01  0.32996E-01  0.36012E-01
  0.38985E-01  0.41871E-01  0.44637E-01  0.47245E-01  0.49643E-01  0.51795E-01
  0.53680E-01  0.55271E-01  0.56532E-01  0.57438E-01  0.57973E-01  0.58147E-01
  0.18325E+01  0.86353E+01
  0.69726E+02  0.64467E+02  0.51125E+02  0.35505E+02  0.22471E+02  0.13766E+02
  0.86646E+01  0.57415E+01  0.39570E+01  0.27957E+01  0.20346E+01  0.12189E+01
  0.78644E+00  0.52236E+00  0.37675E+00  0.27948E+00  0.21266E+00  0.16775E+00
  0.13435E+00  0.10955E+00  0.90589E-01  0.75954E-01  0.64428E-01  0.55011E-01
  0.47545E-01  0.41428E-01  0.36306E-01  0.32151E-01  0.28668E-01  0.25720E-01
  0.23273E-01  0.21206E-01  0.19454E-01  0.17972E-01  0.16707E-01  0.15628E-01
  0.14695E-01  0.13881E-01  0.13171E-01  0.12536E-01  0.11957E-01  0.11426E-01
  0.10928E-01  0.10450E-01  0.99879E-02  0.95344E-02  0.90838E-02  0.86338E-02
  0.81820E-02  0.77290E-02  0.72769E-02  0.68275E-02  0.63846E-02  0.59533E-02
  0.55390E-02  0.51470E-02  0.47842E-02  0.44577E-02  0.41736E-02  0.39389E-02
  0.37617E-02  0.36496E-02  0.36074E-02  0.36399E-02  0.37515E-02  0.39472E-02
  0.42328E-02  0.46091E-02  0.50745E-02  0.56302E-02  0.62754E-02  0.70072E-02
  0.78226E-02  0.87164E-02  0.96817E-02  0.10711E-01  0.11796E-01  0.12926E-01
  0.14092E-01  0.15283E-01  0.16485E-01  0.17689E-01  0.18881E-01  0.20048E-01
  0.21178E-01  0.22257E-01  0.23275E-01  0.24219E-01  0.25080E-01  0.25849E-01
  0.26511E-01  0.27063E-01  0.27503E-01  0.27820E-01  0.28007E-01  0.28068E-01
  0.15811E+01  0.10008E+02
  0.74773E+02  0.67961E+02  0.51355E+02  0.33353E+02  0.19826E+02  0.11733E+02
  0.73300E+01  0.48372E+01  0.32984E+01  0.23213E+01  0.17099E+01  0.10245E+01
  0.63895E+00  0.43658E+00  0.31100E+00  0.22921E+00  0.17614E+00  0.13764E+00
  0.11016E+00  0.89677E-01  0.74176E-01  0.62037E-01  0.52607E-01  0.45068E-01
  0.38940E-01  0.34044E-01  0.29957E-01  0.26599E-01  0.23810E-01  0.21449E-01
  0.19474E-01  0.17786E-01  0.16338E-01  0.15087E-01  0.13998E-01  0.13039E-01
  0.12186E-01  0.11421E-01  0.10725E-01  0.10088E-01  0.95001E-02  0.89486E-02
  0.84289E-02  0.79363E-02  0.74650E-02  0.70162E-02  0.65870E-02  0.61768E-02
  0.57875E-02  0.54175E-02  0.50679E-02  0.47413E-02  0.44402E-02  0.41658E-02
  0.39213E-02  0.37085E-02  0.35299E-02  0.33886E-02  0.32856E-02  0.32221E-02
  0.31995E-02  0.32213E-02  0.32898E-02  0.34011E-02  0.35536E-02  0.37531E-02
  0.39987E-02  0.42855E-02  0.46139E-02  0.49792E-02  0.53808E-02  0.58196E-02
  0.62897E-02  0.67868E-02  0.73060E-02  0.78438E-02  0.83982E-02  0.89638E-02
  0.95351E-02  0.10109E-01  0.10680E-01  0.11241E-01  0.11788E-01  0.12316E-01
  0.12821E-01  0.13299E-01  0.13745E-01  0.14157E-01  0.14529E-01  0.14860E-01
  0.15146E-01  0.15384E-01  0.15573E-01  0.15708E-01  0.15791E-01  0.15820E-01
  0.14057E+01  0.11257E+02
  0.79020E+02  0.70628E+02  0.50950E+02  0.31144E+02  0.17637E+02  0.10248E+02
  0.63861E+01  0.41813E+01  0.28284E+01  0.20010E+01  0.14857E+01  0.86647E+00
  0.54668E+00  0.37304E+00  0.26328E+00  0.19615E+00  0.14918E+00  0.11692E+00
  0.93449E-01  0.76067E-01  0.62832E-01  0.52691E-01  0.44630E-01  0.38308E-01
  0.33162E-01  0.28978E-01  0.25557E-01  0.22692E-01  0.20320E-01  0.18298E-01
  0.16580E-01  0.15103E-01  0.13820E-01  0.12700E-01  0.11712E-01  0.10833E-01
  0.10045E-01  0.93328E-02  0.86849E-02  0.80907E-02  0.75431E-02  0.70371E-02
  0.65649E-02  0.61276E-02  0.57218E-02  0.53399E-02  0.49877E-02  0.46628E-02
  0.43604E-02  0.40845E-02  0.38359E-02  0.36117E-02  0.34139E-02  0.32440E-02
  0.31003E-02  0.29840E-02  0.28950E-02  0.28339E-02  0.28014E-02  0.27969E-02
  0.28178E-02  0.28664E-02  0.29442E-02  0.30464E-02  0.31719E-02  0.33212E-02
  0.34956E-02  0.36949E-02  0.39082E-02  0.41384E-02  0.43887E-02  0.46534E-02
  0.49321E-02  0.52183E-02  0.55120E-02  0.58137E-02  0.61182E-02  0.64256E-02
  0.67355E-02  0.70408E-02  0.73392E-02  0.76296E-02  0.79097E-02  0.81785E-02
  0.84347E-02  0.86754E-02  0.89004E-02  0.91063E-02  0.92884E-02  0.94530E-02
  0.95937E-02  0.97069E-02  0.98003E-02  0.98675E-02  0.99039E-02  0.99147E-02
  0.12739E+01  0.12422E+02
  0.82694E+02  0.72703E+02  0.50153E+02  0.29026E+02  0.15848E+02  0.91288E+01
  0.56696E+01  0.36770E+01  0.24813E+01  0.17672E+01  0.13067E+01  0.75006E+00
  0.48066E+00  0.32259E+00  0.23062E+00  0.17018E+00  0.12989E+00  0.10163E+00
  0.81228E-01  0.66090E-01  0.54645E-01  0.45748E-01  0.38833E-01  0.33259E-01
  0.28817E-01  0.25150E-01  0.22156E-01  0.19647E-01  0.17538E-01  0.15751E-01
  0.14217E-01  0.12894E-01  0.11740E-01  0.10728E-01  0.98326E-02  0.90359E-02
  0.83228E-02  0.76787E-02  0.70987E-02  0.65682E-02  0.60860E-02  0.56472E-02
  0.52432E-02  0.48757E-02  0.45366E-02  0.42279E-02  0.39494E-02  0.36947E-02
  0.34677E-02  0.32653E-02  0.30842E-02  0.29279E-02  0.27951E-02  0.26830E-02
  0.25933E-02  0.25248E-02  0.24769E-02  0.24493E-02  0.24401E-02  0.24500E-02
  0.24797E-02  0.25248E-02  0.25855E-02  0.26634E-02  0.27571E-02  0.28621E-02
  0.29774E-02  0.31086E-02  0.32497E-02  0.34005E-02  0.35543E-02  0.37168E-02
  0.38898E-02  0.40637E-02  0.42409E-02  0.44176E-02  0.45950E-02  0.47740E-02
  0.49503E-02  0.51271E-02  0.52980E-02  0.54588E-02  0.56157E-02  0.57653E-02
  0.59039E-02  0.60382E-02  0.61617E-02  0.62748E-02  0.63766E-02  0.64648E-02
  0.65423E-02  0.66000E-02  0.66504E-02  0.66878E-02  0.67071E-02  0.67137E-02
  0.11702E+01  0.13522E+02
  0.85925E+02  0.74325E+02  0.49108E+02  0.27063E+02  0.14387E+02  0.82547E+01
  0.50975E+01  0.32780E+01  0.22165E+01  0.15813E+01  0.11575E+01  0.66701E+00
  0.42542E+00  0.28618E+00  0.20437E+00  0.15060E+00  0.11502E+00  0.89896E-01
  0.71838E-01  0.58436E-01  0.48245E-01  0.40412E-01  0.34212E-01  0.29313E-01
  0.25317E-01  0.22083E-01  0.19387E-01  0.17149E-01  0.15254E-01  0.13649E-01
  0.12267E-01  0.11073E-01  0.10033E-01  0.91212E-02  0.83176E-02  0.76044E-02
  0.69695E-02  0.63998E-02  0.58893E-02  0.54286E-02  0.50140E-02  0.46379E-02
  0.42968E-02  0.39913E-02  0.37139E-02  0.34673E-02  0.32451E-02  0.30443E-02
  0.28699E-02  0.27142E-02  0.25809E-02  0.24686E-02  0.23712E-02  0.22939E-02
  0.22328E-02  0.21873E-02  0.21574E-02  0.21417E-02  0.21403E-02  0.21511E-02
  0.21738E-02  0.22090E-02  0.22548E-02  0.23088E-02  0.23716E-02  0.24465E-02
  0.25257E-02  0.26103E-02  0.27011E-02  0.28005E-02  0.29023E-02  0.30046E-02
  0.31103E-02  0.32212E-02  0.33324E-02  0.34431E-02  0.35517E-02  0.36601E-02
  0.37655E-02  0.38726E-02  0.39773E-02  0.40739E-02  0.41681E-02  0.42551E-02
  0.43389E-02  0.44139E-02  0.44886E-02  0.45536E-02  0.46121E-02  0.46686E-02
  0.47109E-02  0.47449E-02  0.47775E-02  0.47919E-02  0.48081E-02  0.48240E-02
  0.10864E+01  0.14565E+02
  0.88819E+02  0.75604E+02  0.47916E+02  0.25277E+02  0.13185E+02  0.75480E+01
  0.46250E+01  0.29571E+01  0.20061E+01  0.14255E+01  0.10355E+01  0.60299E+00
  0.38008E+00  0.25826E+00  0.18282E+00  0.13541E+00  0.10302E+00  0.80606E-01
  0.64326E-01  0.52251E-01  0.43123E-01  0.36025E-01  0.30479E-01  0.26032E-01
  0.22459E-01  0.19517E-01  0.17092E-01  0.15061E-01  0.13354E-01  0.11900E-01
  0.10654E-01  0.95778E-02  0.86430E-02  0.78263E-02  0.71081E-02  0.64733E-02
  0.59123E-02  0.54116E-02  0.49674E-02  0.45667E-02  0.42116E-02  0.38917E-02
  0.36074E-02  0.33525E-02  0.31220E-02  0.29211E-02  0.27379E-02  0.25813E-02
  0.24434E-02  0.23210E-02  0.22192E-02  0.21300E-02  0.20574E-02  0.19986E-02
  0.19520E-02  0.19191E-02  0.18975E-02  0.18858E-02  0.18842E-02  0.18917E-02
  0.19080E-02  0.19315E-02  0.19623E-02  0.20011E-02  0.20442E-02  0.20912E-02
  0.21454E-02  0.22046E-02  0.22636E-02  0.23269E-02  0.23944E-02  0.24631E-02
  0.25325E-02  0.26011E-02  0.26718E-02  0.27420E-02  0.28157E-02  0.28829E-02
  0.29492E-02  0.30152E-02  0.30787E-02  0.31417E-02  0.32011E-02  0.32581E-02
  0.33070E-02  0.33559E-02  0.34002E-02  0.34394E-02  0.34775E-02  0.35053E-02
  0.35347E-02  0.35607E-02  0.35754E-02  0.35935E-02  0.35999E-02  0.35878E-02
  0.10167E+01  0.15564E+02
  0.91443E+02  0.76612E+02  0.46642E+02  0.23669E+02  0.12186E+02  0.69594E+01
  0.42271E+01  0.26956E+01  0.18319E+01  0.12934E+01  0.93799E+00  0.54880E+00
  0.34480E+00  0.23434E+00  0.16594E+00  0.12262E+00  0.93385E-01  0.72903E-01
  0.58118E-01  0.47155E-01  0.38815E-01  0.32397E-01  0.27323E-01  0.23297E-01
  0.20032E-01  0.17362E-01  0.15156E-01  0.13315E-01  0.11764E-01  0.10446E-01
  0.93199E-02  0.83485E-02  0.75099E-02  0.67793E-02  0.61391E-02  0.55763E-02
  0.50808E-02  0.46418E-02  0.42537E-02  0.39075E-02  0.36022E-02  0.33286E-02
  0.30876E-02  0.28724E-02  0.26800E-02  0.25124E-02  0.23623E-02  0.22354E-02
  0.21206E-02  0.20232E-02  0.19389E-02  0.18671E-02  0.18114E-02  0.17628E-02
  0.17259E-02  0.16986E-02  0.16788E-02  0.16686E-02  0.16650E-02  0.16685E-02
  0.16782E-02  0.16932E-02  0.17140E-02  0.17382E-02  0.17667E-02  0.18000E-02
  0.18361E-02  0.18725E-02  0.19142E-02  0.19572E-02  0.20014E-02  0.20436E-02
  0.20917E-02  0.21387E-02  0.21854E-02  0.22298E-02  0.22757E-02  0.23198E-02
  0.23670E-02  0.24101E-02  0.24494E-02  0.24894E-02  0.25260E-02  0.25619E-02
  0.25960E-02  0.26292E-02  0.26554E-02  0.26860E-02  0.27049E-02  0.27256E-02
  0.27435E-02  0.27538E-02  0.27686E-02  0.27761E-02  0.27804E-02  0.27979E-02
  0.95737E+00  0.16528E+02
  0.10181E+03  0.78972E+02  0.40134E+02  0.17844E+02  0.89768E+01  0.49770E+01
  0.29365E+01  0.18774E+01  0.12602E+01  0.88712E+00  0.64817E+00  0.37398E+00
  0.23561E+00  0.15896E+00  0.11228E+00  0.82303E-01  0.62206E-01  0.48133E-01
  0.37991E-01  0.30493E-01  0.24829E-01  0.20474E-01  0.17067E-01  0.14370E-01
  0.12209E-01  0.10448E-01  0.90108E-02  0.78227E-02  0.68338E-02  0.60035E-02
  0.53038E-02  0.47130E-02  0.42041E-02  0.37682E-02  0.33943E-02  0.30711E-02
  0.27912E-02  0.25471E-02  0.23350E-02  0.21487E-02  0.19868E-02  0.18432E-02
  0.17190E-02  0.16099E-02  0.15123E-02  0.14290E-02  0.13526E-02  0.12915E-02
  0.12318E-02  0.11836E-02  0.11383E-02  0.11041E-02  0.10708E-02  0.10449E-02
  0.10187E-02  0.10013E-02  0.98345E-03  0.97046E-03  0.96159E-03  0.95119E-03
  0.94579E-03  0.94071E-03  0.93776E-03  0.93760E-03  0.93713E-03  0.93858E-03
  0.94029E-03  0.94273E-03  0.94662E-03  0.95089E-03  0.95546E-03  0.96100E-03
  0.96673E-03  0.97251E-03  0.97835E-03  0.98407E-03  0.98984E-03  0.99582E-03
  0.10017E-02  0.10079E-02  0.10138E-02  0.10193E-02  0.10249E-02  0.10302E-02
  0.10348E-02  0.10393E-02  0.10434E-02  0.10464E-02  0.10506E-02  0.10522E-02
  0.10547E-02  0.10547E-02  0.10567E-02  0.10559E-02  0.10579E-02  0.10521E-02
  0.75610E+00  0.20928E+02
  0.10947E+03  0.78867E+02  0.34512E+02  0.14426E+02  0.71403E+01  0.38200E+01
  0.22553E+01  0.14320E+01  0.96211E+00  0.67391E+00  0.48885E+00  0.28137E+00
  0.17684E+00  0.11830E+00  0.82860E-01  0.60199E-01  0.45045E-01  0.34510E-01
  0.26964E-01  0.21428E-01  0.17282E-01  0.14119E-01  0.11669E-01  0.97455E-02
  0.82152E-02  0.69849E-02  0.59890E-02  0.51736E-02  0.44993E-02  0.39372E-02
  0.34683E-02  0.30749E-02  0.27404E-02  0.24557E-02  0.22133E-02  0.20034E-02
  0.18226E-02  0.16666E-02  0.15308E-02  0.14124E-02  0.13085E-02  0.12181E-02
  0.11387E-02  0.10679E-02  0.10061E-02  0.95277E-03  0.90221E-03  0.86069E-03
  0.82226E-03  0.78823E-03  0.76068E-03  0.73024E-03  0.70909E-03  0.68724E-03
  0.67036E-03  0.65166E-03  0.63802E-03  0.62507E-03  0.61423E-03  0.60385E-03
  0.59534E-03  0.58575E-03  0.58123E-03  0.57319E-03  0.57094E-03  0.56444E-03
  0.56065E-03  0.55783E-03  0.55332E-03  0.55308E-03  0.55116E-03  0.54906E-03
  0.54787E-03  0.54672E-03  0.54516E-03  0.54472E-03  0.54494E-03  0.54374E-03
  0.54337E-03  0.54427E-03  0.54490E-03  0.54410E-03  0.54361E-03  0.54315E-03
  0.54387E-03  0.54482E-03  0.54481E-03  0.54409E-03  0.54406E-03  0.54413E-03
  0.54487E-03  0.54576E-03  0.54608E-03  0.54759E-03  0.54758E-03  0.55063E-03
  0.63703E+00  0.24840E+02
  0.11555E+03  0.77545E+02  0.30043E+02  0.12218E+02  0.58688E+01  0.30952E+01
  0.18276E+01  0.11558E+01  0.77241E+00  0.53889E+00  0.39132E+00  0.22376E+00
  0.13939E+00  0.92419E-01  0.64177E-01  0.46249E-01  0.34300E-01  0.26063E-01
  0.20206E-01  0.15940E-01  0.12770E-01  0.10370E-01  0.85270E-02  0.70835E-02
  0.59497E-02  0.50414E-02  0.43113E-02  0.37180E-02  0.32284E-02  0.28218E-02
  0.24822E-02  0.22012E-02  0.19636E-02  0.17616E-02  0.15872E-02  0.14377E-02
  0.13099E-02  0.11991E-02  0.11030E-02  0.10181E-02  0.94427E-03  0.87929E-03
  0.82184E-03  0.77161E-03  0.72692E-03  0.68624E-03  0.65084E-03  0.61979E-03
  0.59025E-03  0.56499E-03  0.54324E-03  0.52134E-03  0.50385E-03  0.48620E-03
  0.47034E-03  0.45869E-03  0.44519E-03  0.43509E-03  0.42312E-03  0.41565E-03
  0.40645E-03  0.39911E-03  0.39238E-03  0.38562E-03  0.38042E-03  0.37556E-03
  0.37052E-03  0.36668E-03  0.36155E-03  0.35943E-03  0.35535E-03  0.35276E-03
  0.35245E-03  0.34647E-03  0.34525E-03  0.34384E-03  0.34187E-03  0.33929E-03
  0.34039E-03  0.33852E-03  0.33574E-03  0.33452E-03  0.33510E-03  0.33491E-03
  0.33180E-03  0.33083E-03  0.33098E-03  0.33147E-03  0.33149E-03  0.33117E-03
  0.33103E-03  0.32893E-03  0.32972E-03  0.32843E-03  0.32644E-03  0.33051E-03
  0.55661E+00  0.28429E+02
  0.12063E+03  0.75608E+02  0.26558E+02  0.10631E+02  0.49387E+01  0.26072E+01
  0.15306E+01  0.96441E+00  0.64073E+00  0.44712E+00  0.32216E+00  0.18310E+00
  0.11333E+00  0.74614E-01  0.51457E-01  0.36796E-01  0.27102E-01  0.20458E-01
  0.15769E-01  0.12377E-01  0.98702E-02  0.79844E-02  0.65406E-02  0.54244E-02
  0.45451E-02  0.38437E-02  0.32857E-02  0.28288E-02  0.24553E-02  0.21475E-02
  0.18873E-02  0.16738E-02  0.14935E-02  0.13383E-02  0.12079E-02  0.10963E-02
  0.99964E-03  0.91496E-03  0.84057E-03  0.77592E-03  0.71976E-03  0.67034E-03
  0.62630E-03  0.58732E-03  0.55274E-03  0.52160E-03  0.49328E-03  0.46844E-03
  0.44635E-03  0.42612E-03  0.40747E-03  0.39103E-03  0.37684E-03  0.36207E-03
  0.35014E-03  0.33906E-03  0.32700E-03  0.31974E-03  0.31014E-03  0.30155E-03
  0.29586E-03  0.28777E-03  0.28366E-03  0.27605E-03  0.27178E-03  0.26590E-03
  0.26346E-03  0.25778E-03  0.25560E-03  0.25048E-03  0.24912E-03  0.24501E-03
  0.24257E-03  0.24095E-03  0.23700E-03  0.23696E-03  0.23354E-03  0.23047E-03
  0.23087E-03  0.22939E-03  0.22812E-03  0.22627E-03  0.22571E-03  0.22529E-03
  0.22243E-03  0.22158E-03  0.22127E-03  0.22094E-03  0.22201E-03  0.22125E-03
  0.21917E-03  0.21954E-03  0.22006E-03  0.21727E-03  0.21768E-03  0.22237E-03
  0.49738E+00  0.31814E+02