  0.23338E+01  0.23326E+01  0.23290E+01  0.23231E+01  0.23148E+01  0.23043E+01
  0.22915E+01  0.22765E+01  0.22594E+01  0.22402E+01  0.22191E+01  0.21712E+01
  0.21165E+01  0.20558E+01  0.19898E+01  0.19193E+01  0.18451E+01  0.17677E+01
  0.16878E+01  0.16058E+01  0.15222E+01  0.14372E+01  0.13512E+01  0.12644E+01
  0.11769E+01  0.10891E+01  0.10013E+01  0.91376E+00  0.82697E+00  0.74148E+00
  0.65789E+00  0.57693E+00  0.49939E+00  0.42612E+00  0.35798E+00  0.29582E+00
  0.24045E+00  0.19260E+00  0.15283E+00  0.12157E+00  0.99051E-01  0.85267E-01
  0.79988E-01  0.82737E-01  0.92799E-01  0.10923E+00  0.13090E+00  0.15650E+00
  0.18461E+00  0.21373E+00  0.24234E+00  0.26897E+00  0.29225E+00  0.31094E+00
  0.32403E+00  0.33077E+00  0.33067E+00  0.32360E+00  0.30975E+00  0.28966E+00
  0.26423E+00  0.23467E+00  0.20252E+00  0.16955E+00  0.13778E+00  0.10936E+00
  0.86563E-01  0.71667E-01  0.66918E-01  0.74444E-01  0.96187E-01  0.13384E+00
  0.18878E+00  0.26201E+00  0.35414E+00  0.46531E+00  0.59522E+00  0.74306E+00
  0.90757E+00  0.10870E+01  0.12792E+01  0.14816E+01  0.16913E+01  0.19052E+01
  0.21197E+01  0.23315E+01  0.25368E+01  0.27321E+01  0.29139E+01  0.30790E+01
  0.32242E+01  0.33470E+01  0.34450E+01  0.35163E+01  0.35597E+01  0.35742E+01
  0.74867E+01  0.19645E+01
  0.11637E+02  0.11617E+02  0.11555E+02  0.11454E+02  0.11313E+02  0.11136E+02
  0.10923E+02  0.10677E+02  0.10400E+02  0.10097E+02  0.97689E+01  0.90549E+01
  0.82865E+01  0.74924E+01  0.66997E+01  0.59326E+01  0.52111E+01  0.45507E+01
  0.39612E+01  0.34478E+01  0.30104E+01  0.26452E+01  0.23450E+01  0.21005E+01
  0.19013E+01  0.17367E+01  0.15965E+01  0.14719E+01  0.13556E+01  0.12425E+01
  0.11290E+01  0.10138E+01  0.89694E+00  0.77974E+00  0.66448E+00  0.55393E+00
  0.45104E+00  0.35862E+00  0.27908E+00  0.21427E+00  0.16535E+00  0.13279E+00
  0.11631E+00  0.11501E+00  0.12744E+00  0.15166E+00  0.18545E+00  0.22639E+00
  0.27196E+00  0.31969E+00  0.36724E+00  0.41247E+00  0.45352E+00  0.48882E+00
  0.51714E+00  0.53760E+00  0.54968E+00  0.55316E+00  0.54815E+00  0.53506E+00
  0.51450E+00  0.48733E+00  0.45456E+00  0.41734E+00  0.37688E+00  0.33445E+00
  0.29132E+00  0.24873E+00  0.20785E+00  0.16976E+00  0.13544E+00  0.10569E+00
  0.81197E-01  0.62469E-01  0.49846E-01  0.43499E-01  0.43434E-01  0.49493E-01
  0.61372E-01  0.78627E-01  0.10069E+00  0.12691E+00  0.15651E+00  0.18869E+00
  0.22259E+00  0.25732E+00  0.29199E+00  0.32574E+00  0.35774E+00  0.38720E+00
  0.41342E+00  0.43577E+00  0.45372E+00  0.46685E+00  0.47486E+00  0.47754E+00
  0.11171E+02  0.13166E+01
  0.19664E+02  0.19619E+02  0.19483E+02  0.19258E+02  0.18947E+02  0.18555E+02
  0.18088E+02  0.17552E+02  0.16953E+02  0.16301E+02  0.15603E+02  0.14105E+02
  0.12530E+02  0.10947E+02  0.94133E+01  0.79791E+01  0.66795E+01  0.55362E+01
  0.45577E+01  0.37411E+01  0.30747E+01  0.25407E+01  0.21180E+01  0.17847E+01
  0.15201E+01  0.13064E+01  0.11290E+01  0.97726E+00  0.84380E+00  0.72430E+00
  0.61672E+00  0.52052E+00  0.43604E+00  0.36390E+00  0.30462E+00  0.25835E+00
  0.22477E+00  0.20307E+00  0.19203E+00  0.19010E+00  0.19560E+00  0.20676E+00
  0.22186E+00  0.23931E+00  0.25769E+00  0.27575E+00  0.29247E+00  0.30700E+00
  0.31869E+00  0.32706E+00  0.33176E+00  0.33261E+00  0.32955E+00  0.32265E+00
  0.31207E+00  0.29810E+00  0.28110E+00  0.26152E+00  0.23987E+00  0.21671E+00
  0.19263E+00  0.16822E+00  0.14405E+00  0.12066E+00  0.98551E-01  0.78144E-01
  0.59790E-01  0.43755E-01  0.30216E-01  0.19266E-01  0.10913E-01  0.50915E-02
  0.16689E-02  0.45957E-03  0.12361E-02  0.37424E-02  0.77057E-02  0.12849E-01
  0.18898E-01  0.25595E-01  0.32701E-01  0.39999E-01  0.47301E-01  0.54448E-01
  0.61305E-01  0.67767E-01  0.73750E-01  0.79192E-01  0.84048E-01  0.88287E-01
  0.91890E-01  0.94844E-01  0.97144E-01  0.98787E-01  0.99773E-01  0.10010E+00
  0.11188E+02  0.13146E+01
  0.25393E+02  0.25321E+02  0.25104E+02  0.24746E+02  0.24254E+02  0.23636E+02
  0.22903E+02  0.22066E+02  0.21140E+02  0.20138E+02  0.19077E+02  0.16837E+02
  0.14540E+02  0.12294E+02  0.10190E+02  0.82907E+01  0.66350E+01  0.52370E+01
  0.40905E+01  0.31743E+01  0.24581E+01  0.19076E+01  0.14894E+01  0.11731E+01
  0.93366E+00  0.75159E+00  0.61255E+00  0.50643E+00  0.42621E+00  0.36690E+00
  0.32465E+00  0.29621E+00  0.27857E+00  0.26890E+00  0.26460E+00  0.26338E+00
  0.26341E+00  0.26332E+00  0.26228E+00  0.25990E+00  0.25615E+00  0.25125E+00
  0.24553E+00  0.23932E+00  0.23290E+00  0.22640E+00  0.21984E+00  0.21308E+00
  0.20589E+00  0.19799E+00  0.18911E+00  0.17899E+00  0.16751E+00  0.15461E+00
  0.14041E+00  0.12514E+00  0.10915E+00  0.92870E-01  0.76813E-01  0.61496E-01
  0.47420E-01  0.35030E-01  0.24684E-01  0.16627E-01  0.10978E-01  0.77231E-02
  0.67237E-02  0.77270E-02  0.10389E-01  0.14298E-01  0.19008E-01  0.24068E-01
  0.29046E-01  0.33563E-01  0.37306E-01  0.40046E-01  0.41645E-01  0.42055E-01
  0.41313E-01  0.39530E-01  0.36875E-01  0.33556E-01  0.29800E-01  0.25835E-01
  0.21874E-01  0.18098E-01  0.14648E-01  0.11623E-01  0.90745E-02  0.70124E-02
  0.54130E-02  0.42284E-02  0.33978E-02  0.28592E-02  0.25597E-02  0.24642E-02
  0.10540E+02  0.13954E+01
  0.31668E+02  0.31507E+02  0.31025E+02  0.30239E+02  0.29174E+02  0.27862E+02
  0.26343E+02  0.24660E+02  0.22859E+02  0.20987E+02  0.19087E+02  0.15362E+02
  0.11950E+02  0.90117E+01  0.66133E+01  0.47387E+01  0.33217E+01  0.22757E+01
  0.15157E+01  0.97207E+00  0.59341E+00  0.34397E+00  0.19807E+00  0.13480E+00
  0.13463E+00  0.17824E+00  0.24701E+00  0.32430E+00  0.39662E+00  0.45435E+00
  0.49189E+00  0.50716E+00  0.50088E+00  0.47571E+00  0.43546E+00  0.38444E+00
  0.32697E+00  0.26712E+00  0.20847E+00  0.15408E+00  0.10634E+00  0.66980E-01
  0.36996E-01  0.16667E-01  0.55726E-02  0.26692E-02  0.64214E-02  0.14971E-01
  0.26330E-01  0.38576E-01  0.50018E-01  0.59332E-01  0.65637E-01  0.68516E-01
  0.67993E-01  0.64469E-01  0.58620E-01  0.51298E-01  0.43412E-01  0.35828E-01
  0.29283E-01  0.24320E-01  0.21246E-01  0.20122E-01  0.20768E-01  0.22802E-01
  0.25687E-01  0.28801E-01  0.31507E-01  0.33228E-01  0.33515E-01  0.32108E-01
  0.28975E-01  0.24335E-01  0.18658E-01  0.12646E-01  0.71816E-02  0.32720E-02
  0.19707E-02  0.42936E-02  0.11133E-01  0.23178E-01  0.40843E-01  0.64218E-01
  0.93033E-01  0.12666E+00  0.16411E+00  0.20410E+00  0.24511E+00  0.28545E+00
  0.32338E+00  0.35719E+00  0.38531E+00  0.40643E+00  0.41952E+00  0.42395E+00
  0.76243E+01  0.19291E+01
  0.31615E+02  0.31373E+02  0.30652E+02  0.29489E+02  0.27938E+02  0.26071E+02
  0.23967E+02  0.21714E+02  0.19395E+02  0.17088E+02  0.14862E+02  0.10854E+02
  0.76257E+01  0.52165E+01  0.35160E+01  0.23515E+01  0.15565E+01  0.10077E+01
  0.62917E+00  0.37979E+00  0.23506E+00  0.17454E+00  0.17643E+00  0.21794E+00
  0.27797E+00  0.33964E+00  0.39143E+00  0.42694E+00  0.44372E+00  0.44193E+00
  0.42318E+00  0.38982E+00  0.34472E+00  0.29125E+00  0.23329E+00  0.17507E+00
  0.12085E+00  0.74440E-01  0.38742E-01  0.15471E-01  0.50466E-02  0.67024E-02
  0.18729E-01  0.38778E-01  0.64157E-01  0.92091E-01  0.11992E+00  0.14525E+00
  0.16609E+00  0.18090E+00  0.18871E+00  0.18910E+00  0.18228E+00  0.16896E+00
  0.15035E+00  0.12799E+00  0.10364E+00  0.79112E-01  0.56096E-01  0.36049E-01
  0.20081E-01  0.88831E-02  0.27025E-02  0.13530E-02  0.42608E-02  0.10539E-01
  0.19083E-01  0.28679E-01  0.38115E-01  0.46286E-01  0.52290E-01  0.55507E-01
  0.55643E-01  0.52765E-01  0.47289E-01  0.39957E-01  0.31773E-01  0.23930E-01
  0.17711E-01  0.14391E-01  0.15131E-01  0.20880E-01  0.32294E-01  0.49671E-01
  0.72912E-01  0.10150E+00  0.13455E+00  0.17079E+00  0.20870E+00  0.24657E+00
  0.28258E+00  0.31497E+00  0.34209E+00  0.36254E+00  0.37526E+00  0.37957E+00
  0.58155E+01  0.25290E+01
  0.32389E+02  0.32059E+02  0.31078E+02  0.29512E+02  0.27459E+02  0.25040E+02
  0.22389E+02  0.19640E+02  0.16920E+02  0.14332E+02  0.11956E+02  0.80201E+01
  0.52253E+01  0.33944E+01  0.22388E+01  0.14981E+01  0.10013E+01  0.66100E+00
  0.43916E+00  0.31385E+00  0.26284E+00  0.26100E+00  0.28442E+00  0.31456E+00
  0.34000E+00  0.35547E+00  0.35952E+00  0.35233E+00  0.33430E+00  0.30592E+00
  0.26832E+00  0.22372E+00  0.17553E+00  0.12776E+00  0.84334E-01  0.48417E-01
  0.22081E-01  0.62841E-02  0.10450E-02  0.56608E-02  0.18880E-01  0.39014E-01
  0.64008E-01  0.91545E-01  0.11918E+00  0.14453E+00  0.16550E+00  0.18046E+00
  0.18836E+00  0.18881E+00  0.18206E+00  0.16888E+00  0.15052E+00  0.12851E+00
  0.10457E+00  0.80463E-01  0.57882E-01  0.38343E-01  0.23087E-01  0.12997E-01
  0.85475E-02  0.97758E-02  0.16288E-01  0.27298E-01  0.41693E-01  0.58129E-01
  0.75136E-01  0.91238E-01  0.10506E+00  0.11545E+00  0.12153E+00  0.12279E+00
  0.11913E+00  0.11083E+00  0.98540E-01  0.83269E-01  0.66264E-01  0.48947E-01
  0.32804E-01  0.19289E-01  0.97087E-02  0.51395E-02  0.63419E-02  0.13705E-01
  0.27214E-01  0.46442E-01  0.70572E-01  0.98447E-01  0.12863E+00  0.15952E+00
  0.18940E+00  0.21660E+00  0.23958E+00  0.25701E+00  0.26788E+00  0.27157E+00
  0.48507E+01  0.30321E+01
  0.33849E+02  0.33421E+02  0.32159E+02  0.30166E+02  0.27593E+02  0.24625E+02
  0.21457E+02  0.18275E+02  0.15241E+02  0.12475E+02  0.10053E+02  0.63379E+01
  0.39761E+01  0.25704E+01  0.17245E+01  0.11778E+01  0.80604E+00  0.56151E+00
  0.41918E+00  0.35217E+00  0.33062E+00  0.32869E+00  0.32972E+00  0.32646E+00
  0.31771E+00  0.30416E+00  0.28580E+00  0.26178E+00  0.23159E+00  0.19612E+00
  0.15777E+00  0.11969E+00  0.84857E-01  0.55474E-01  0.32892E-01  0.17787E-01
  0.10384E-01  0.10547E-01  0.17738E-01  0.30941E-01  0.48654E-01  0.69016E-01
  0.90016E-01  0.10973E+00  0.12651E+00  0.13909E+00  0.14660E+00  0.14862E+00
  0.14510E+00  0.13639E+00  0.12318E+00  0.10651E+00  0.87645E-01  0.68054E-01
  0.49238E-01  0.32627E-01  0.19467E-01  0.10717E-01  0.69921E-02  0.85223E-02
  0.15152E-01  0.26358E-01  0.41300E-01  0.58875E-01  0.77802E-01  0.96709E-01
  0.11422E+00  0.12907E+00  0.14016E+00  0.14666E+00  0.14806E+00  0.14422E+00
  0.13536E+00  0.12206E+00  0.10525E+00  0.86088E-01  0.65958E-01  0.46330E-01
  0.28684E-01  0.14406E-01  0.46985E-02  0.49982E-03  0.24207E-02  0.10700E-01
  0.25184E-01  0.45331E-01  0.70237E-01  0.98693E-01  0.12925E+00  0.16029E+00
  0.19017E+00  0.21724E+00  0.24004E+00  0.25729E+00  0.26804E+00  0.27168E+00
  0.42839E+01  0.34333E+01
  0.35608E+02  0.35077E+02  0.33517E+02  0.31079E+02  0.27978E+02  0.24472E+02
  0.20824E+02  0.17271E+02  0.14001E+02  0.11136E+02  0.87370E+01  0.52995E+01
  0.32973E+01  0.21635E+01  0.14745E+01  0.10175E+01  0.71443E+00  0.53175E+00
  0.43636E+00  0.39150E+00  0.36665E+00  0.34458E+00  0.32044E+00  0.29556E+00
  0.27137E+00  0.24701E+00  0.22055E+00  0.19110E+00  0.15962E+00  0.12826E+00
  0.99186E-01  0.73910E-01  0.53226E-01  0.37561E-01  0.27245E-01  0.22514E-01
  0.23317E-01  0.29136E-01  0.38971E-01  0.51501E-01  0.65305E-01  0.79033E-01
  0.91488E-01  0.10165E+00  0.10867E+00  0.11192E+00  0.11107E+00  0.10609E+00
  0.97325E-01  0.85457E-01  0.71425E-01  0.56335E-01  0.41356E-01  0.27629E-01
  0.16194E-01  0.79265E-02  0.34898E-02  0.32906E-02  0.74494E-02  0.15786E-01
  0.27826E-01  0.42828E-01  0.59831E-01  0.77724E-01  0.95319E-01  0.11144E+00
  0.12499E+00  0.13505E+00  0.14091E+00  0.14215E+00  0.13865E+00  0.13061E+00
  0.11853E+00  0.10321E+00  0.85685E-01  0.67163E-01  0.48973E-01  0.32468E-01
  0.18949E-01  0.95847E-02  0.53320E-02  0.68784E-02  0.14592E-01  0.28492E-01
  0.48241E-01  0.73157E-01  0.10224E+00  0.13424E+00  0.16769E+00  0.20103E+00
  0.23264E+00  0.26098E+00  0.28465E+00  0.30246E+00  0.31351E+00  0.31725E+00
  0.39094E+01  0.37621E+01
  0.37460E+02  0.36819E+02  0.34948E+02  0.32051E+02  0.28422E+02  0.24397E+02
  0.20312E+02  0.16447E+02  0.13009E+02  0.10109E+02  0.77761E+01  0.46223E+01
  0.28940E+01  0.19227E+01  0.13143E+01  0.91256E+00  0.66292E+00  0.52488E+00
  0.45270E+00  0.40710E+00  0.36642E+00  0.32592E+00  0.28860E+00  0.25643E+00
  0.22779E+00  0.19991E+00  0.17157E+00  0.14357E+00  0.11750E+00  0.94497E-01
  0.74950E-01  0.58893E-01  0.46482E-01  0.38071E-01  0.33922E-01  0.33904E-01
  0.37426E-01  0.43602E-01  0.51460E-01  0.60076E-01  0.68580E-01  0.76132E-01
  0.81940E-01  0.85333E-01  0.85856E-01  0.83343E-01  0.77927E-01  0.69994E-01
  0.60119E-01  0.49006E-01  0.37439E-01  0.26243E-01  0.16249E-01  0.82349E-02
  0.28727E-02  0.66472E-03  0.19008E-02  0.66322E-02  0.14667E-01  0.25586E-01
  0.38769E-01  0.53438E-01  0.68708E-01  0.83634E-01  0.97276E-01  0.10875E+00
  0.11731E+00  0.12235E+00  0.12351E+00  0.12067E+00  0.11397E+00  0.10383E+00
  0.90887E-01  0.76025E-01  0.60279E-01  0.44792E-01  0.30756E-01  0.19332E-01
  0.11592E-01  0.84471E-02  0.10592E-01  0.18460E-01  0.32189E-01  0.51607E-01
  0.76232E-01  0.10529E+00  0.13774E+00  0.17233E+00  0.20767E+00  0.24228E+00
  0.27467E+00  0.30341E+00  0.32723E+00  0.34506E+00  0.35609E+00  0.35981E+00
  0.36372E+01  0.40437E+01
  0.39301E+02  0.38547E+02  0.36354E+02  0.32990E+02  0.28836E+02  0.24317E+02
  0.19837E+02  0.15719E+02  0.12170E+02  0.92814E+01  0.70414E+01  0.41524E+01
  0.26232E+01  0.17485E+01  0.11909E+01  0.83653E+00  0.63229E+00  0.52277E+00
  0.45548E+00  0.39852E+00  0.34367E+00  0.29480E+00  0.25492E+00  0.22208E+00
  0.19260E+00  0.16467E+00  0.13873E+00  0.11582E+00  0.96280E-01  0.79773E-01
  0.65970E-01  0.55011E-01  0.47291E-01  0.42993E-01  0.41846E-01  0.43234E-01
  0.46453E-01  0.50849E-01  0.55813E-01  0.60707E-01  0.64863E-01  0.67666E-01
  0.68659E-01  0.67611E-01  0.64500E-01  0.59472E-01  0.52795E-01  0.44844E-01
  0.36097E-01  0.27133E-01  0.18594E-01  0.11129E-01  0.53361E-02  0.17050E-02
  0.58399E-03  0.21608E-02  0.64538E-02  0.13310E-01  0.22411E-01  0.33282E-01
  0.45318E-01  0.57815E-01  0.70016E-01  0.81162E-01  0.90541E-01  0.97540E-01
  0.10169E+00  0.10267E+00  0.10040E+00  0.94972E-01  0.86705E-01  0.76119E-01
  0.63911E-01  0.50924E-01  0.38108E-01  0.26468E-01  0.17010E-01  0.10683E-01
  0.83244E-02  0.10612E-01  0.18016E-01  0.30770E-01  0.48844E-01  0.71941E-01
  0.99502E-01  0.13072E+00  0.16458E+00  0.19990E+00  0.23539E+00  0.26969E+00
  0.30146E+00  0.32944E+00  0.35249E+00  0.36968E+00  0.38028E+00  0.38386E+00
  0.34248E+01  0.42945E+01
  0.41084E+02  0.40212E+02  0.37687E+02  0.33852E+02  0.29182E+02  0.24196E+02
  0.19366E+02  0.15046E+02  0.11436E+02  0.85929E+01  0.64589E+01  0.38046E+01
  0.24175E+01  0.16047E+01  0.10900E+01  0.78109E+00  0.61260E+00  0.51644E+00
  0.44309E+00  0.37447E+00  0.31329E+00  0.26441E+00  0.22635E+00  0.19443E+00
  0.16581E+00  0.14039E+00  0.11880E+00  0.10085E+00  0.85700E-01  0.72834E-01
  0.62405E-01  0.54803E-01  0.50083E-01  0.47841E-01  0.47474E-01  0.48449E-01
  0.50336E-01  0.52703E-01  0.55046E-01  0.56841E-01  0.57660E-01  0.57237E-01
  0.55460E-01  0.52316E-01  0.47868E-01  0.42265E-01  0.35773E-01  0.28771E-01
  0.21726E-01  0.15136E-01  0.94757E-02  0.51654E-02  0.25489E-02  0.18798E-02
  0.33053E-02  0.68488E-02  0.12398E-01  0.19702E-01  0.28386E-01  0.37971E-01
  0.47909E-01  0.57613E-01  0.66499E-01  0.74013E-01  0.79669E-01  0.83079E-01
  0.83981E-01  0.82265E-01  0.77985E-01  0.71365E-01  0.62801E-01  0.52841E-01
  0.42167E-01  0.31557E-01  0.21846E-01  0.13889E-01  0.85072E-02  0.64512E-02
  0.83527E-02  0.14688E-01  0.25747E-01  0.41611E-01  0.62137E-01  0.86958E-01
  0.11549E+00  0.14695E+00  0.18039E+00  0.21472E+00  0.24880E+00  0.28142E+00
  0.31140E+00  0.33765E+00  0.35918E+00  0.37518E+00  0.38503E+00  0.38835E+00
  0.32505E+01  0.45247E+01
  0.42786E+02  0.41792E+02  0.38929E+02  0.34621E+02  0.29446E+02  0.24022E+02
  0.18885E+02  0.14411E+02  0.10781E+02  0.80070E+01  0.59833E+01  0.35308E+01
  0.22458E+01  0.14798E+01  0.10079E+01  0.74085E+00  0.59676E+00  0.50234E+00
  0.41962E+00  0.34469E+00  0.28434E+00  0.23902E+00  0.20331E+00  0.17280E+00
  0.14650E+00  0.12473E+00  0.10701E+00  0.92155E-01  0.79430E-01  0.68967E-01
  0.61127E-01  0.55839E-01  0.52589E-01  0.50791E-01  0.50049E-01  0.50086E-01
  0.50582E-01  0.51126E-01  0.51320E-01  0.50879E-01  0.49645E-01  0.47530E-01
  0.44484E-01  0.40514E-01  0.35730E-01  0.30354E-01  0.24701E-01  0.19124E-01
  0.13973E-01  0.95770E-02  0.62350E-02  0.42089E-02  0.37014E-02  0.48303E-02
  0.76104E-02  0.11948E-01  0.17648E-01  0.24426E-01  0.31924E-01  0.39730E-01
  0.47399E-01  0.54469E-01  0.60495E-01  0.65075E-01  0.67883E-01  0.68693E-01
  0.67400E-01  0.64028E-01  0.58741E-01  0.51836E-01  0.43735E-01  0.34970E-01
  0.26161E-01  0.17987E-01  0.11157E-01  0.63717E-02  0.42876E-02  0.54815E-02
  0.10419E-01  0.19423E-01  0.32654E-01  0.50090E-01  0.71520E-01  0.96549E-01
  0.12460E+00  0.15495E+00  0.18673E+00  0.21897E+00  0.25067E+00  0.28078E+00
  0.30829E+00  0.33224E+00  0.35182E+00  0.36633E+00  0.37525E+00  0.37825E+00
  0.31027E+01  0.47404E+01
  0.55629E+02  0.53300E+02  0.46883E+02  0.38040E+02  0.28720E+02  0.20482E+02
  0.14113E+02  0.96651E+01  0.67485E+01  0.48631E+01  0.36037E+01  0.20767E+01
  0.12863E+01  0.90083E+00  0.67411E+00  0.49844E+00  0.37254E+00  0.29247E+00
  0.23655E+00  0.19308E+00  0.16022E+00  0.13525E+00  0.11520E+00  0.99324E-01
  0.86982E-01  0.76731E-01  0.67849E-01  0.60454E-01  0.54368E-01  0.49048E-01
  0.44237E-01  0.39979E-01  0.36230E-01  0.32845E-01  0.29759E-01  0.26971E-01
  0.24453E-01  0.22178E-01  0.20162E-01  0.18427E-01  0.16964E-01  0.15754E-01
  0.14805E-01  0.14135E-01  0.13739E-01  0.13591E-01  0.13663E-01  0.13935E-01
  0.14378E-01  0.14949E-01  0.15596E-01  0.16270E-01  0.16919E-01  0.17487E-01
  0.17922E-01  0.18173E-01  0.18201E-01  0.17977E-01  0.17478E-01  0.16695E-01
  0.15633E-01  0.14314E-01  0.12778E-01  0.11079E-01  0.92862E-02  0.74806E-02
  0.57570E-02  0.42207E-02  0.29824E-02  0.21539E-02  0.18471E-02  0.21694E-02
  0.32178E-02  0.50770E-02  0.78154E-02  0.11480E-01  0.16093E-01  0.21653E-01
  0.28136E-01  0.35486E-01  0.43622E-01  0.52432E-01  0.61782E-01  0.71518E-01
  0.81478E-01  0.91475E-01  0.10131E+00  0.11077E+00  0.11968E+00  0.12785E+00
  0.13509E+00  0.14125E+00  0.14619E+00  0.14980E+00  0.15200E+00  0.15273E+00
  0.22546E+01  0.65235E+01
  0.64020E+02  0.60234E+02  0.50231E+02  0.37549E+02  0.25709E+02  0.16705E+02
  0.10779E+02  0.71719E+01  0.49746E+01  0.35571E+01  0.25937E+01  0.14936E+01
  0.98970E+00  0.68215E+00  0.47507E+00  0.35394E+00  0.27366E+00  0.21398E+00
  0.17200E+00  0.14100E+00  0.11712E+00  0.98738E-01  0.83884E-01  0.71945E-01
  0.62451E-01  0.54418E-01  0.47609E-01  0.42035E-01  0.37309E-01  0.33211E-01
  0.29753E-01  0.26823E-01  0.24302E-01  0.22160E-01  0.20348E-01  0.18818E-01
  0.17550E-01  0.16501E-01  0.15631E-01  0.14927E-01  0.14370E-01  0.13925E-01
  0.13564E-01  0.13273E-01  0.13033E-01  0.12817E-01  0.12607E-01  0.12389E-01
  0.12147E-01  0.11870E-01  0.11546E-01  0.11169E-01  0.10735E-01  0.10242E-01
  0.96936E-02  0.90941E-02  0.84520E-02  0.77796E-02  0.70931E-02  0.64098E-02
  0.57498E-02  0.51354E-02  0.45902E-02  0.41390E-02  0.38070E-02  0.36193E-02
  0.36001E-02  0.37711E-02  0.41528E-02  0.47638E-02  0.56181E-02  0.67257E-02
  0.80926E-02  0.97196E-02  0.11604E-01  0.13737E-01  0.16105E-01  0.18685E-01
  0.21454E-01  0.24384E-01  0.27443E-01  0.30591E-01  0.33788E-01  0.36995E-01
  0.40163E-01  0.43244E-01  0.46202E-01  0.48995E-01  0.51566E-01  0.53876E-01
  0.55901E-01  0.57611E-01  0.58968E-01  0.59942E-01  0.60518E-01  0.60705E-01
  0.18455E+01  0.79697E+01
  0.70339E+02  0.65027E+02  0.51555E+02  0.35787E+02  0.22637E+02  0.13860E+02
  0.87198E+01  0.57754E+01  0.39780E+01  0.28090E+01  0.20438E+01  0.12252E+01
  0.79077E+00  0.52529E+00  0.37902E+00  0.28127E+00  0.21412E+00  0.16895E+00
  0.13536E+00  0.11042E+00  0.91327E-01  0.76588E-01  0.64970E-01  0.55466E-01
  0.47927E-01  0.41744E-01  0.36562E-01  0.32354E-01  0.28826E-01  0.25839E-01
  0.23360E-01  0.21268E-01  0.19498E-01  0.18003E-01  0.16732E-01  0.15653E-01
  0.14724E-01  0.13919E-01  0.13222E-01  0.12603E-01  0.12042E-01  0.11531E-01
  0.11052E-01  0.10594E-01  0.10151E-01  0.97148E-02  0.92786E-02  0.88401E-02
  0.83961E-02  0.79470E-02  0.74944E-02  0.70401E-02  0.65880E-02  0.61432E-02
  0.57113E-02  0.52978E-02  0.49103E-02  0.45567E-02  0.42434E-02  0.39784E-02
  0.37707E-02  0.36287E-02  0.35582E-02  0.35648E-02  0.36539E-02  0.38315E-02
  0.41039E-02  0.44728E-02  0.49375E-02  0.54997E-02  0.61588E-02  0.69125E-02
  0.77578E-02  0.86893E-02  0.97001E-02  0.10783E-01  0.11928E-01  0.13124E-01
  0.14363E-01  0.15632E-01  0.16916E-01  0.18203E-01  0.19482E-01  0.20735E-01
  0.21951E-01  0.23113E-01  0.24210E-01  0.25230E-01  0.26161E-01  0.26992E-01
  0.27709E-01  0.28306E-01  0.28784E-01  0.29128E-01  0.29330E-01  0.29396E-01
  0.15929E+01  0.92333E+01
  0.75448E+02  0.68567E+02  0.51797E+02  0.33623E+02  0.19975E+02  0.11815E+02
  0.73780E+01  0.48661E+01  0.33161E+01  0.23331E+01  0.17189E+01  0.10306E+01
  0.64278E+00  0.43940E+00  0.31313E+00  0.23088E+00  0.17746E+00  0.13872E+00
  0.11104E+00  0.90391E-01  0.74767E-01  0.62515E-01  0.53000E-01  0.45388E-01
  0.39199E-01  0.34255E-01  0.30129E-01  0.26740E-01  0.23928E-01  0.21551E-01
  0.19566E-01  0.17872E-01  0.16422E-01  0.15174E-01  0.14090E-01  0.13139E-01
  0.12294E-01  0.11539E-01  0.10853E-01  0.10226E-01  0.96467E-02  0.91029E-02
  0.85894E-02  0.81009E-02  0.76318E-02  0.71828E-02  0.67510E-02  0.63360E-02
  0.59394E-02  0.55598E-02  0.51987E-02  0.48587E-02  0.45425E-02  0.42519E-02
  0.39904E-02  0.37600E-02  0.35635E-02  0.34050E-02  0.32853E-02  0.32062E-02
  0.31698E-02  0.31797E-02  0.32387E-02  0.33432E-02  0.34919E-02  0.36910E-02
  0.39395E-02  0.42328E-02  0.45715E-02  0.49510E-02  0.53707E-02  0.58310E-02
  0.63263E-02  0.68519E-02  0.74030E-02  0.79759E-02  0.85676E-02  0.91727E-02
  0.97855E-02  0.10402E-01  0.11016E-01  0.11621E-01  0.12212E-01  0.12783E-01
  0.13330E-01  0.13848E-01  0.14333E-01  0.14779E-01  0.15184E-01  0.15544E-01
  0.15855E-01  0.16114E-01  0.16319E-01  0.16465E-01  0.16557E-01  0.16588E-01
  0.14166E+01  0.10382E+02
  0.79751E+02  0.71272E+02  0.51397E+02  0.31400E+02  0.17772E+02  0.10322E+02
  0.64290E+01  0.42067E+01  0.28443E+01  0.20125E+01  0.14948E+01  0.87191E+00
  0.55027E+00  0.37564E+00  0.26520E+00  0.19763E+00  0.15034E+00  0.11782E+00
  0.94175E-01  0.76650E-01  0.63300E-01  0.53074E-01  0.44941E-01  0.38567E-01
  0.33379E-01  0.29164E-01  0.25721E-01  0.22839E-01  0.20456E-01  0.18428E-01
  0.16707E-01  0.15229E-01  0.13949E-01  0.12831E-01  0.11846E-01  0.10971E-01
  0.10186E-01  0.94770E-02  0.88312E-02  0.82380E-02  0.76902E-02  0.71825E-02
  0.67073E-02  0.62657E-02  0.58540E-02  0.54650E-02  0.51044E-02  0.47700E-02
  0.44572E-02  0.41702E-02  0.39097E-02  0.36735E-02  0.34636E-02  0.32814E-02
  0.31261E-02  0.29988E-02  0.28994E-02  0.28292E-02  0.27888E-02  0.27778E-02
  0.27936E-02  0.28390E-02  0.29154E-02  0.30183E-02  0.31465E-02  0.33005E-02
  0.34818E-02  0.36901E-02  0.39144E-02  0.41576E-02  0.44228E-02  0.47043E-02
  0.50012E-02  0.53073E-02  0.56223E-02  0.59464E-02  0.62744E-02  0.66061E-02
  0.69404E-02  0.72706E-02  0.75940E-02  0.79092E-02  0.82137E-02  0.85062E-02
  0.87850E-02  0.90475E-02  0.92925E-02  0.95169E-02  0.97167E-02  0.98959E-02
  0.10049E-01  0.10174E-01  0.10276E-01  0.10348E-01  0.10390E-01  0.10402E-01
  0.12842E+01  0.11453E+02
  0.83475E+02  0.73380E+02  0.50601E+02  0.29270E+02  0.15973E+02  0.91967E+01
  0.57084E+01  0.36998E+01  0.24962E+01  0.17784E+01  0.13153E+01  0.75495E+00
  0.48400E+00  0.32491E+00  0.23234E+00  0.17148E+00  0.13088E+00  0.10241E+00
  0.81847E-01  0.66586E-01  0.55052E-01  0.46083E-01  0.39117E-01  0.33503E-01
  0.29033E-01  0.25344E-01  0.22335E-01  0.19815E-01  0.17699E-01  0.15906E-01
  0.14369E-01  0.13045E-01  0.11890E-01  0.10876E-01  0.99796E-02  0.91814E-02
  0.84661E-02  0.78190E-02  0.72355E-02  0.67005E-02  0.62129E-02  0.57680E-02
  0.53570E-02  0.49819E-02  0.46345E-02  0.43171E-02  0.40294E-02  0.37654E-02
  0.35289E-02  0.33170E-02  0.31268E-02  0.29615E-02  0.28201E-02  0.27003E-02
  0.26035E-02  0.25286E-02  0.24754E-02  0.24435E-02  0.24309E-02  0.24388E-02
  0.24680E-02  0.25136E-02  0.25760E-02  0.26570E-02  0.27552E-02  0.28659E-02
  0.29880E-02  0.31274E-02  0.32779E-02  0.34391E-02  0.36043E-02  0.37791E-02
  0.39651E-02  0.41529E-02  0.43444E-02  0.45360E-02  0.47286E-02  0.49230E-02
  0.51149E-02  0.53070E-02  0.54931E-02  0.56690E-02  0.58404E-02  0.60040E-02
  0.61562E-02  0.63030E-02  0.64383E-02  0.65623E-02  0.66739E-02  0.67709E-02
  0.68557E-02  0.69202E-02  0.69753E-02  0.70160E-02  0.70376E-02  0.70450E-02
  0.11800E+01  0.12464E+02
  0.86751E+02  0.75030E+02  0.49555E+02  0.27294E+02  0.14503E+02  0.83175E+01
  0.51329E+01  0.32990E+01  0.22309E+01  0.15920E+01  0.11653E+01  0.67153E+00
  0.42844E+00  0.28827E+00  0.20590E+00  0.15175E+00  0.11590E+00  0.90592E-01
  0.72392E-01  0.58891E-01  0.48622E-01  0.40735E-01  0.34492E-01  0.29562E-01
  0.25543E-01  0.22291E-01  0.19581E-01  0.17333E-01  0.15430E-01  0.13818E-01
  0.12430E-01  0.11231E-01  0.10186E-01  0.92693E-02  0.84606E-02  0.77416E-02
  0.71009E-02  0.65249E-02  0.60077E-02  0.55399E-02  0.51179E-02  0.47340E-02
  0.43848E-02  0.40712E-02  0.37856E-02  0.35309E-02  0.33005E-02  0.30920E-02
  0.29100E-02  0.27471E-02  0.26071E-02  0.24886E-02  0.23858E-02  0.23036E-02
  0.22384E-02  0.21896E-02  0.21572E-02  0.21398E-02  0.21379E-02  0.21487E-02
  0.21723E-02  0.22096E-02  0.22582E-02  0.23158E-02  0.23830E-02  0.24635E-02
  0.25487E-02  0.26399E-02  0.27380E-02  0.28455E-02  0.29559E-02  0.30670E-02
  0.31822E-02  0.33029E-02  0.34241E-02  0.35449E-02  0.36638E-02  0.37825E-02
  0.38981E-02  0.40154E-02  0.41299E-02  0.42362E-02  0.43396E-02  0.44354E-02
  0.45275E-02  0.46105E-02  0.46924E-02  0.47642E-02  0.48289E-02  0.48906E-02
  0.49377E-02  0.49756E-02  0.50111E-02  0.50279E-02  0.50453E-02  0.50610E-02
  0.10957E+01  0.13423E+02
  0.89687E+02  0.76333E+02  0.48359E+02  0.25497E+02  0.13294E+02  0.76064E+01
  0.46576E+01  0.29769E+01  0.20198E+01  0.14355E+01  0.10425E+01  0.60722E+00
  0.38281E+00  0.26017E+00  0.18421E+00  0.13645E+00  0.10383E+00  0.81246E-01
  0.64849E-01  0.52683E-01  0.43494E-01  0.36346E-01  0.30764E-01  0.26289E-01
  0.22694E-01  0.19734E-01  0.17295E-01  0.15252E-01  0.13535E-01  0.12072E-01
  0.10817E-01  0.97323E-02  0.87895E-02  0.79650E-02  0.72390E-02  0.65963E-02
  0.60277E-02  0.55190E-02  0.50669E-02  0.46580E-02  0.42951E-02  0.39674E-02
  0.36754E-02  0.34130E-02  0.31752E-02  0.29674E-02  0.27776E-02  0.26149E-02
  0.24712E-02  0.23438E-02  0.22371E-02  0.21439E-02  0.20679E-02  0.20062E-02
  0.19575E-02  0.19230E-02  0.19003E-02  0.18886E-02  0.18873E-02  0.18960E-02
  0.19141E-02  0.19398E-02  0.19735E-02  0.20161E-02  0.20630E-02  0.21143E-02
  0.21736E-02  0.22385E-02  0.23030E-02  0.23725E-02  0.24466E-02  0.25219E-02
  0.25982E-02  0.26736E-02  0.27513E-02  0.28287E-02  0.29097E-02  0.29839E-02
  0.30572E-02  0.31300E-02  0.32004E-02  0.32699E-02  0.33357E-02  0.33986E-02
  0.34530E-02  0.35070E-02  0.35560E-02  0.35996E-02  0.36416E-02  0.36729E-02
  0.37053E-02  0.37339E-02  0.37507E-02  0.37703E-02  0.37776E-02  0.37660E-02
  0.10256E+01  0.14340E+02
  0.92349E+02  0.77360E+02  0.47078E+02  0.23878E+02  0.12289E+02  0.70138E+01
  0.42572E+01  0.27143E+01  0.18449E+01  0.13025E+01  0.94445E+00  0.55272E+00
  0.34731E+00  0.23610E+00  0.16723E+00  0.12359E+00  0.94146E-01  0.73516E-01
  0.58622E-01  0.47582E-01  0.39182E-01  0.32721E-01  0.27611E-01  0.23558E-01
  0.20270E-01  0.17582E-01  0.15360E-01  0.13505E-01  0.11942E-01  0.10611E-01
  0.94749E-02  0.84934E-02  0.76450E-02  0.69048E-02  0.62557E-02  0.56839E-02
  0.51800E-02  0.47326E-02  0.43364E-02  0.39823E-02  0.36695E-02  0.33887E-02
  0.31409E-02  0.29192E-02  0.27207E-02  0.25474E-02  0.23921E-02  0.22605E-02
  0.21415E-02  0.20404E-02  0.19529E-02  0.18786E-02  0.18205E-02  0.17704E-02
  0.17325E-02  0.17045E-02  0.16849E-02  0.16750E-02  0.16725E-02  0.16775E-02
  0.16889E-02  0.17062E-02  0.17300E-02  0.17570E-02  0.17889E-02  0.18262E-02
  0.18664E-02  0.19068E-02  0.19531E-02  0.20009E-02  0.20500E-02  0.20969E-02
  0.21503E-02  0.22026E-02  0.22545E-02  0.23039E-02  0.23550E-02  0.24041E-02
  0.24564E-02  0.25044E-02  0.25483E-02  0.25927E-02  0.26336E-02  0.26736E-02
  0.27116E-02  0.27487E-02  0.27782E-02  0.28120E-02  0.28333E-02  0.28563E-02
  0.28761E-02  0.28879E-02  0.29040E-02  0.29125E-02  0.29173E-02  0.29353E-02
  0.96595E+00  0.15226E+02
  0.10287E+03  0.79782E+02  0.40529E+02  0.18012E+02  0.90561E+01  0.50171E+01
  0.29595E+01  0.18921E+01  0.12697E+01  0.89383E+00  0.65314E+00  0.37694E+00
  0.23757E+00  0.16037E+00  0.11334E+00  0.83139E-01  0.62880E-01  0.48690E-01
  0.38460E-01  0.30892E-01  0.25173E-01  0.20773E-01  0.17328E-01  0.14599E-01
  0.12412E-01  0.10627E-01  0.91692E-02  0.79632E-02  0.69584E-02  0.61141E-02
  0.54020E-02  0.47999E-02  0.42812E-02  0.38365E-02  0.34547E-02  0.31244E-02
  0.28381E-02  0.25885E-02  0.23716E-02  0.21808E-02  0.20150E-02  0.18680E-02
  0.17410E-02  0.16294E-02  0.15295E-02  0.14445E-02  0.13666E-02  0.13043E-02
  0.12437E-02  0.11948E-02  0.11492E-02  0.11148E-02  0.10815E-02  0.10557E-02
  0.10301E-02  0.10130E-02  0.99594E-03  0.98374E-03  0.97563E-03  0.96643E-03
  0.96201E-03  0.95818E-03  0.95655E-03  0.95752E-03  0.95855E-03  0.96129E-03
  0.96447E-03  0.96849E-03  0.97372E-03  0.97940E-03  0.98571E-03  0.99262E-03
  0.99950E-03  0.10070E-02  0.10143E-02  0.10212E-02  0.10283E-02  0.10358E-02
  0.10430E-02  0.10504E-02  0.10572E-02  0.10636E-02  0.10704E-02  0.10770E-02
  0.10824E-02  0.10877E-02  0.10923E-02  0.10958E-02  0.11009E-02  0.11029E-02
  0.11060E-02  0.11062E-02  0.11088E-02  0.11080E-02  0.11106E-02  0.11034E-02
  0.76341E+00  0.19266E+02
  0.11066E+03  0.79704E+02  0.34864E+02  0.14567E+02  0.72050E+01  0.38529E+01
  0.22745E+01  0.14438E+01  0.97012E+00  0.67957E+00  0.49304E+00  0.28395E+00
  0.17859E+00  0.11957E+00  0.83827E-01  0.60956E-01  0.45649E-01  0.35001E-01
  0.27369E-01  0.21765E-01  0.17565E-01  0.14358E-01  0.11872E-01  0.99183E-02
  0.83631E-02  0.71117E-02  0.60982E-02  0.52677E-02  0.45806E-02  0.40076E-02
  0.35294E-02  0.31280E-02  0.27867E-02  0.24961E-02  0.22486E-02  0.20345E-02
  0.18500E-02  0.16908E-02  0.15523E-02  0.14317E-02  0.13258E-02  0.12339E-02
  0.11532E-02  0.10811E-02  0.10186E-02  0.96464E-03  0.91338E-03  0.87157E-03
  0.83289E-03  0.79874E-03  0.77124E-03  0.74073E-03  0.71977E-03  0.69813E-03
  0.68153E-03  0.66315E-03  0.64988E-03  0.63736E-03  0.62697E-03  0.61708E-03
  0.60904E-03  0.60002E-03  0.59595E-03  0.58860E-03  0.58675E-03  0.58093E-03
  0.57768E-03  0.57536E-03  0.57159E-03  0.57175E-03  0.57041E-03  0.56890E-03
  0.56823E-03  0.56756E-03  0.56657E-03  0.56661E-03  0.56716E-03  0.56657E-03
  0.56669E-03  0.56787E-03  0.56878E-03  0.56852E-03  0.56835E-03  0.56834E-03
  0.56926E-03  0.57030E-03  0.57059E-03  0.57033E-03  0.57039E-03  0.57076E-03
  0.57160E-03  0.57252E-03  0.57325E-03  0.57440E-03  0.57510E-03  0.57616E-03
  0.64354E+00  0.22854E+02
  0.11683E+03  0.78391E+02  0.30361E+02  0.12342E+02  0.59239E+01  0.31238E+01
  0.18441E+01  0.11662E+01  0.77947E+00  0.54393E+00  0.39513E+00  0.22612E+00
  0.14100E+00  0.93575E-01  0.65043E-01  0.46914E-01  0.34822E-01  0.26479E-01
  0.20540E-01  0.16213E-01  0.12994E-01  0.10555E-01  0.86807E-02  0.72117E-02
  0.60575E-02  0.51323E-02  0.43884E-02  0.37836E-02  0.32845E-02  0.28700E-02
  0.25237E-02  0.22372E-02  0.19949E-02  0.17890E-02  0.16114E-02  0.14592E-02
  0.13291E-02  0.12164E-02  0.11185E-02  0.10325E-02  0.95759E-03  0.89153E-03
  0.83332E-03  0.78265E-03  0.73750E-03  0.69631E-03  0.66067E-03  0.62951E-03
  0.59973E-03  0.57443E-03  0.55275E-03  0.53078E-03  0.51340E-03  0.49578E-03
  0.48004E-03  0.46864E-03  0.45527E-03  0.44536E-03  0.43354E-03  0.42632E-03
  0.41733E-03  0.41021E-03  0.40371E-03  0.39719E-03  0.39224E-03  0.38762E-03
  0.38281E-03  0.37920E-03  0.37433E-03  0.37242E-03  0.36860E-03  0.36623E-03
  0.36604E-03  0.36041E-03  0.35934E-03  0.35811E-03  0.35632E-03  0.35403E-03
  0.35518E-03  0.35349E-03  0.35094E-03  0.34989E-03  0.35052E-03  0.35038E-03
  0.34753E-03  0.34665E-03  0.34688E-03  0.34746E-03  0.34759E-03  0.34735E-03
  0.34722E-03  0.34531E-03  0.34588E-03  0.34461E-03  0.34283E-03  0.34640E-03
  0.56257E+00  0.26144E+02
  0.12200E+03  0.76454E+02  0.26848E+02  0.10742E+02  0.49874E+01  0.26327E+01
  0.15453E+01  0.97386E+00  0.64711E+00  0.45176E+00  0.32563E+00  0.18526E+00
  0.11479E+00  0.75649E-01  0.52218E-01  0.37371E-01  0.27545E-01  0.20804E-01
  0.16043E-01  0.12596E-01  0.10047E-01  0.81287E-02  0.66589E-02  0.55223E-02
  0.46265E-02  0.39117E-02  0.33431E-02  0.28774E-02  0.24968E-02  0.21831E-02
  0.19181E-02  0.17006E-02  0.15170E-02  0.13591E-02  0.12264E-02  0.11129E-02
  0.10146E-02  0.92866E-03  0.85326E-03  0.78778E-03  0.73085E-03  0.68071E-03
  0.63612E-03  0.59678E-03  0.56196E-03  0.53055E-03  0.50189E-03  0.47693E-03
  0.45478E-03  0.43449E-03  0.41572E-03  0.39924E-03  0.38515E-03  0.37031E-03
  0.35843E-03  0.34739E-03  0.33527E-03  0.32823E-03  0.31864E-03  0.31008E-03
  0.30457E-03  0.29650E-03  0.29256E-03  0.28495E-03  0.28080E-03  0.27500E-03
  0.27272E-03  0.26709E-03  0.26503E-03  0.25997E-03  0.25873E-03  0.25471E-03
  0.25238E-03  0.25084E-03  0.24697E-03  0.24698E-03  0.24364E-03  0.24066E-03
  0.24116E-03  0.23976E-03  0.23852E-03  0.23674E-03  0.23625E-03  0.23586E-03
  0.23304E-03  0.23220E-03  0.23195E-03  0.23173E-03  0.23282E-03  0.23208E-03
  0.23006E-03  0.23038E-03  0.23083E-03  0.22811E-03  0.22854E-03  0.23308E-03
  0.50291E+00  0.29245E+02