  0.13437E+01  0.13430E+01  0.13410E+01  0.13376E+01  0.13330E+01  0.13270E+01
  0.13198E+01  0.13115E+01  0.13020E+01  0.12914E+01  0.12798E+01  0.12539E+01
  0.12249E+01  0.11933E+01  0.11597E+01  0.11247E+01  0.10886E+01  0.10518E+01
  0.10145E+01  0.97674E+00  0.93857E+00  0.89983E+00  0.86033E+00  0.81983E+00
  0.77809E+00  0.73487E+00  0.69003E+00  0.64350E+00  0.59533E+00  0.54572E+00
  0.49501E+00  0.44369E+00  0.39240E+00  0.34189E+00  0.29299E+00  0.24663E+00
  0.20370E+00  0.16510E+00  0.13165E+00  0.10404E+00  0.82819E-01  0.68328E-01
  0.60702E-01  0.59837E-01  0.65389E-01  0.76778E-01  0.93204E-01  0.11367E+00
  0.13703E+00  0.16201E+00  0.18727E+00  0.21149E+00  0.23335E+00  0.25168E+00
  0.26544E+00  0.27382E+00  0.27624E+00  0.27243E+00  0.26243E+00  0.24660E+00
  0.22564E+00  0.20058E+00  0.17274E+00  0.14371E+00  0.11532E+00  0.89567E-01
  0.68580E-01  0.54526E-01  0.49564E-01  0.55764E-01  0.75041E-01  0.10909E+00
  0.15931E+00  0.22678E+00  0.31216E+00  0.41571E+00  0.53723E+00  0.67606E+00
  0.83104E+00  0.10006E+01  0.11827E+01  0.13750E+01  0.15746E+01  0.17786E+01
  0.19836E+01  0.21863E+01  0.23831E+01  0.25705E+01  0.27452E+01  0.29039E+01
  0.30438E+01  0.31620E+01  0.32564E+01  0.33252E+01  0.33670E+01  0.33810E+01
  0.58111E+01  0.24186E+01
  0.10892E+02  0.10873E+02  0.10813E+02  0.10715E+02  0.10580E+02  0.10408E+02
  0.10202E+02  0.99648E+01  0.96983E+01  0.94057E+01  0.90902E+01  0.84039E+01
  0.76673E+01  0.69085E+01  0.61541E+01  0.54278E+01  0.47491E+01  0.41326E+01
  0.35877E+01  0.31188E+01  0.27253E+01  0.24029E+01  0.21438E+01  0.19383E+01
  0.17754E+01  0.16442E+01  0.15343E+01  0.14366E+01  0.13437E+01  0.12503E+01
  0.11531E+01  0.10506E+01  0.94297E+00  0.83183E+00  0.71962E+00  0.60942E+00
  0.50449E+00  0.40798E+00  0.32269E+00  0.25088E+00  0.19414E+00  0.15331E+00
  0.12856E+00  0.11935E+00  0.12457E+00  0.14259E+00  0.17144E+00  0.20887E+00
  0.25250E+00  0.29991E+00  0.34872E+00  0.39672E+00  0.44189E+00  0.48246E+00
  0.51694E+00  0.54419E+00  0.56335E+00  0.57392E+00  0.57570E+00  0.56881E+00
  0.55363E+00  0.53080E+00  0.50118E+00  0.46581E+00  0.42589E+00  0.38270E+00
  0.33760E+00  0.29198E+00  0.24719E+00  0.20456E+00  0.16531E+00  0.13054E+00
  0.10123E+00  0.78158E-01  0.61948E-01  0.53009E-01  0.51551E-01  0.57576E-01
  0.70885E-01  0.91085E-01  0.11760E+00  0.14971E+00  0.18651E+00  0.22703E+00
  0.27018E+00  0.31481E+00  0.35974E+00  0.40381E+00  0.44585E+00  0.48477E+00
  0.51958E+00  0.54937E+00  0.57336E+00  0.59096E+00  0.60170E+00  0.60530E+00
  0.10870E+02  0.12930E+01
  0.18724E+02  0.18681E+02  0.18551E+02  0.18336E+02  0.18040E+02  0.17666E+02
  0.17221E+02  0.16709E+02  0.16139E+02  0.15518E+02  0.14854E+02  0.13430E+02
  0.11936E+02  0.10437E+02  0.89878E+01  0.76362E+01  0.64146E+01  0.53429E+01
  0.44279E+01  0.36659E+01  0.30446E+01  0.25462E+01  0.21501E+01  0.18351E+01
  0.15817E+01  0.13732E+01  0.11964E+01  0.10419E+01  0.90340E+00  0.77769E+00
  0.66350E+00  0.56090E+00  0.47066E+00  0.39363E+00  0.33042E+00  0.28113E+00
  0.24535E+00  0.22209E+00  0.20997E+00  0.20729E+00  0.21223E+00  0.22292E+00
  0.23758E+00  0.25462E+00  0.27260E+00  0.29033E+00  0.30682E+00  0.32128E+00
  0.33309E+00  0.34180E+00  0.34709E+00  0.34876E+00  0.34672E+00  0.34099E+00
  0.33168E+00  0.31900E+00  0.30323E+00  0.28475E+00  0.26397E+00  0.24140E+00
  0.21756E+00  0.19300E+00  0.16826E+00  0.14389E+00  0.12039E+00  0.98236E-01
  0.77817E-01  0.59475E-01  0.43471E-01  0.29993E-01  0.19149E-01  0.10980E-01
  0.54559E-02  0.24899E-02  0.19440E-02  0.36388E-02  0.73629E-02  0.12882E-01
  0.19946E-01  0.28297E-01  0.37676E-01  0.47824E-01  0.58492E-01  0.69438E-01
  0.80431E-01  0.91255E-01  0.10171E+00  0.11159E+00  0.12075E+00  0.12901E+00
  0.13625E+00  0.14234E+00  0.14718E+00  0.15070E+00  0.15283E+00  0.15354E+00
  0.11137E+02  0.12619E+01
  0.24482E+02  0.24413E+02  0.24204E+02  0.23861E+02  0.23388E+02  0.22794E+02
  0.22090E+02  0.21287E+02  0.20398E+02  0.19438E+02  0.18421E+02  0.16276E+02
  0.14080E+02  0.11936E+02  0.99302E+01  0.81224E+01  0.65481E+01  0.52191E+01
  0.41278E+01  0.32527E+01  0.25639E+01  0.20286E+01  0.16149E+01  0.12945E+01
  0.10448E+01  0.84845E+00  0.69313E+00  0.57043E+00  0.47469E+00  0.40184E+00
  0.34858E+00  0.31186E+00  0.28863E+00  0.27581E+00  0.27041E+00  0.26972E+00
  0.27144E+00  0.27383E+00  0.27568E+00  0.27634E+00  0.27555E+00  0.27338E+00
  0.27008E+00  0.26591E+00  0.26113E+00  0.25587E+00  0.25013E+00  0.24380E+00
  0.23666E+00  0.22844E+00  0.21887E+00  0.20772E+00  0.19487E+00  0.18031E+00
  0.16417E+00  0.14670E+00  0.12832E+00  0.10949E+00  0.90777E-01  0.72756E-01
  0.55988E-01  0.40976E-01  0.28136E-01  0.17769E-01  0.10045E-01  0.49948E-02
  0.25143E-02  0.23771E-02  0.42541E-02  0.77391E-02  0.12378E-01  0.17701E-01
  0.23248E-01  0.28600E-01  0.33401E-01  0.37369E-01  0.40311E-01  0.42124E-01
  0.42791E-01  0.42372E-01  0.40992E-01  0.38820E-01  0.36056E-01  0.32910E-01
  0.29587E-01  0.26269E-01  0.23111E-01  0.20228E-01  0.17699E-01  0.15564E-01
  0.13831E-01  0.12484E-01  0.11492E-01  0.10818E-01  0.10429E-01  0.10302E-01
  0.10603E+02  0.13255E+01
  0.31482E+02  0.31324E+02  0.30850E+02  0.30076E+02  0.29027E+02  0.27736E+02
  0.26241E+02  0.24585E+02  0.22814E+02  0.20973E+02  0.19105E+02  0.15445E+02
  0.12090E+02  0.92001E+01  0.68343E+01  0.49752E+01  0.35568E+01  0.24941E+01
  0.17059E+01  0.11264E+01  0.70885E+00  0.42146E+00  0.24168E+00  0.15066E+00
  0.12985E+00  0.16000E+00  0.22187E+00  0.29775E+00  0.37292E+00  0.43651E+00
  0.48174E+00  0.50554E+00  0.50779E+00  0.49048E+00  0.45692E+00  0.41104E+00
  0.35695E+00  0.29861E+00  0.23965E+00  0.18326E+00  0.13211E+00  0.88234E-01
  0.53032E-01  0.27176E-01  0.10624E-01  0.26654E-02  0.20318E-02  0.70499E-02
  0.15833E-01  0.26476E-01  0.37238E-01  0.46689E-01  0.53801E-01  0.57991E-01
  0.59112E-01  0.57399E-01  0.53390E-01  0.47817E-01  0.41505E-01  0.35267E-01
  0.29819E-01  0.25706E-01  0.23260E-01  0.22581E-01  0.23537E-01  0.25793E-01
  0.28857E-01  0.32142E-01  0.35031E-01  0.36955E-01  0.37455E-01  0.36247E-01
  0.33262E-01  0.28674E-01  0.22902E-01  0.16591E-01  0.10576E-01  0.58188E-02
  0.33406E-02  0.41372E-02  0.90969E-02  0.18920E-01  0.34051E-01  0.54623E-01
  0.80426E-01  0.11090E+00  0.14513E+00  0.18194E+00  0.21987E+00  0.25734E+00
  0.29268E+00  0.32425E+00  0.35057E+00  0.37035E+00  0.38263E+00  0.38678E+00
  0.77812E+01  0.18062E+01
  0.31729E+02  0.31488E+02  0.30769E+02  0.29610E+02  0.28064E+02  0.26203E+02
  0.24108E+02  0.21863E+02  0.19553E+02  0.17257E+02  0.15040E+02  0.11050E+02
  0.78337E+01  0.54265E+01  0.37167E+01  0.25315E+01  0.17071E+01  0.11237E+01
  0.70961E+00  0.42724E+00  0.25468E+00  0.17284E+00  0.16020E+00  0.19350E+00
  0.25075E+00  0.31404E+00  0.37080E+00  0.41361E+00  0.43909E+00  0.44646E+00
  0.43648E+00  0.41074E+00  0.37149E+00  0.32168E+00  0.26499E+00  0.20573E+00
  0.14840E+00  0.97256E-01  0.55709E-01  0.26024E-01  0.91451E-02  0.47645E-02
  0.11540E-01  0.27385E-01  0.49768E-01  0.75970E-01  0.10330E+00  0.12926E+00
  0.15167E+00  0.16879E+00  0.17940E+00  0.18285E+00  0.17907E+00  0.16858E+00
  0.15240E+00  0.13194E+00  0.10887E+00  0.84974E-01  0.61964E-01  0.41355E-01
  0.24351E-01  0.11759E-01  0.39558E-02  0.88323E-03  0.20896E-02  0.67943E-02
  0.13979E-01  0.22490E-01  0.31151E-01  0.38871E-01  0.44739E-01  0.48104E-01
  0.48632E-01  0.46338E-01  0.41585E-01  0.35060E-01  0.27717E-01  0.20706E-01
  0.15276E-01  0.12680E-01  0.14062E-01  0.20369E-01  0.32259E-01  0.50036E-01
  0.73611E-01  0.10249E+00  0.13577E+00  0.17223E+00  0.21033E+00  0.24836E+00
  0.28453E+00  0.31704E+00  0.34427E+00  0.36480E+00  0.37757E+00  0.38190E+00
  0.59239E+01  0.23725E+01
  0.32631E+02  0.32299E+02  0.31314E+02  0.29743E+02  0.27683E+02  0.25256E+02
  0.22596E+02  0.19840E+02  0.17111E+02  0.14516E+02  0.12134E+02  0.81865E+01
  0.53790E+01  0.35319E+01  0.23552E+01  0.15896E+01  0.10663E+01  0.70086E+00
  0.45741E+00  0.31528E+00  0.25253E+00  0.24369E+00  0.26421E+00  0.29488E+00
  0.32359E+00  0.34439E+00  0.35510E+00  0.35508E+00  0.34392E+00  0.32141E+00
  0.28811E+00  0.24595E+00  0.19825E+00  0.14921E+00  0.10303E+00  0.63267E-01
  0.32401E-01  0.11800E-01  0.18591E-02  0.22045E-02  0.11858E-01  0.29331E-01
  0.52699E-01  0.79683E-01  0.10780E+00  0.13454E+00  0.15765E+00  0.17525E+00
  0.18608E+00  0.18948E+00  0.18548E+00  0.17467E+00  0.15814E+00  0.13733E+00
  0.11389E+00  0.89599E-01  0.66198E-01  0.45285E-01  0.28218E-01  0.16015E-01
  0.92958E-02  0.82435E-02  0.12599E-01  0.21692E-01  0.34501E-01  0.49746E-01
  0.65989E-01  0.81756E-01  0.95650E-01  0.10646E+00  0.11327E+00  0.11547E+00
  0.11290E+00  0.10574E+00  0.94608E-01  0.80427E-01  0.64408E-01  0.47943E-01
  0.32507E-01  0.19550E-01  0.10395E-01  0.61356E-02  0.75590E-02  0.15082E-01
  0.28716E-01  0.48058E-01  0.72308E-01  0.10032E+00  0.13066E+00  0.16171E+00
  0.19177E+00  0.21915E+00  0.24228E+00  0.25983E+00  0.27078E+00  0.27450E+00
  0.49214E+01  0.28558E+01
  0.34140E+02  0.33709E+02  0.32438E+02  0.30432E+02  0.27843E+02  0.24855E+02
  0.21667E+02  0.18466E+02  0.15413E+02  0.12630E+02  0.10193E+02  0.64541E+01
  0.40724E+01  0.26479E+01  0.17828E+01  0.12171E+01  0.82805E+00  0.56945E+00
  0.41678E+00  0.34303E+00  0.31787E+00  0.31495E+00  0.31719E+00  0.31692E+00
  0.31246E+00  0.30387E+00  0.29048E+00  0.27082E+00  0.24391E+00  0.21041E+00
  0.17267E+00  0.13396E+00  0.97426E-01  0.65533E-01  0.39888E-01  0.21444E-01
  0.10703E-01  0.77975E-02  0.12426E-01  0.23752E-01  0.40390E-01  0.60516E-01
  0.82087E-01  0.10309E+00  0.12172E+00  0.13655E+00  0.14652E+00  0.15101E+00
  0.14980E+00  0.14306E+00  0.13136E+00  0.11564E+00  0.97137E-01  0.77292E-01
  0.57653E-01  0.39727E-01  0.24865E-01  0.14154E-01  0.83449E-02  0.78044E-02
  0.12503E-01  0.22027E-01  0.35620E-01  0.52238E-01  0.70628E-01  0.89416E-01
  0.10720E+00  0.12266E+00  0.13463E+00  0.14220E+00  0.14477E+00  0.14211E+00
  0.13436E+00  0.12204E+00  0.10600E+00  0.87393E-01  0.67566E-01  0.47993E-01
  0.30171E-01  0.15517E-01  0.52743E-02  0.42893E-03  0.16406E-02  0.91954E-02
  0.22982E-01  0.42491E-01  0.66845E-01  0.94846E-01  0.12505E+00  0.15584E+00
  0.18554E+00  0.21251E+00  0.23525E+00  0.25248E+00  0.26322E+00  0.26686E+00
  0.43318E+01  0.32445E+01
  0.35915E+02  0.35379E+02  0.33807E+02  0.31349E+02  0.28224E+02  0.24691E+02
  0.21015E+02  0.17436E+02  0.14141E+02  0.11255E+02  0.88386E+01  0.53748E+01
  0.33538E+01  0.22043E+01  0.15011E+01  0.10318E+01  0.71910E+00  0.52969E+00
  0.43018E+00  0.38330E+00  0.35811E+00  0.33712E+00  0.31523E+00  0.29342E+00
  0.27262E+00  0.25145E+00  0.22758E+00  0.19988E+00  0.16922E+00  0.13781E+00
  0.10792E+00  0.81178E-01  0.58536E-01  0.40604E-01  0.27921E-01  0.20938E-01
  0.19800E-01  0.24142E-01  0.33065E-01  0.45294E-01  0.59402E-01  0.73988E-01
  0.87771E-01  0.99609E-01  0.10852E+00  0.11374E+00  0.11476E+00  0.11142E+00
  0.10397E+00  0.92982E-01  0.79357E-01  0.64186E-01  0.48658E-01  0.33968E-01
  0.21233E-01  0.11425E-01  0.53172E-02  0.34285E-02  0.59898E-02  0.12920E-01
  0.23828E-01  0.38033E-01  0.54610E-01  0.72457E-01  0.90370E-01  0.10713E+00
  0.12158E+00  0.13273E+00  0.13978E+00  0.14222E+00  0.13985E+00  0.13278E+00
  0.12147E+00  0.10665E+00  0.89340E-01  0.70738E-01  0.52178E-01  0.35042E-01
  0.20670E-01  0.10280E-01  0.48879E-02  0.52387E-02  0.11757E-01  0.24514E-01
  0.43214E-01  0.67206E-01  0.95512E-01  0.12688E+00  0.15985E+00  0.19284E+00
  0.22422E+00  0.25242E+00  0.27601E+00  0.29379E+00  0.30483E+00  0.30857E+00
  0.39443E+01  0.35633E+01
  0.37771E+02  0.37125E+02  0.35237E+02  0.32316E+02  0.28656E+02  0.24599E+02
  0.20480E+02  0.16585E+02  0.13120E+02  0.10198E+02  0.78476E+01  0.46699E+01
  0.29263E+01  0.19435E+01  0.13255E+01  0.91653E+00  0.66212E+00  0.52139E+00
  0.44802E+00  0.40229E+00  0.36236E+00  0.32338E+00  0.28811E+00  0.25814E+00
  0.23150E+00  0.20513E+00  0.17770E+00  0.15001E+00  0.12369E+00  0.99946E-01
  0.79239E-01  0.61710E-01  0.47660E-01  0.37606E-01  0.31964E-01  0.30730E-01
  0.33402E-01  0.39146E-01  0.47014E-01  0.56070E-01  0.65400E-01  0.74094E-01
  0.81264E-01  0.86124E-01  0.88105E-01  0.86932E-01  0.82642E-01  0.75544E-01
  0.66163E-01  0.55174E-01  0.43360E-01  0.31570E-01  0.20681E-01  0.11539E-01
  0.48981E-02  0.13522E-02  0.12847E-02  0.48354E-02  0.11890E-01  0.22091E-01
  0.34860E-01  0.49440E-01  0.64941E-01  0.80397E-01  0.94823E-01  0.10728E+00
  0.11694E+00  0.12314E+00  0.12542E+00  0.12360E+00  0.11775E+00  0.10822E+00
  0.95623E-01  0.80816E-01  0.64825E-01  0.48809E-01  0.33986E-01  0.21562E-01
  0.12658E-01  0.82437E-02  0.90751E-02  0.15644E-01  0.28140E-01  0.46437E-01
  0.70085E-01  0.98329E-01  0.13014E+00  0.16427E+00  0.19930E+00  0.23373E+00
  0.26603E+00  0.29477E+00  0.31863E+00  0.33650E+00  0.34757E+00  0.35131E+00
  0.36644E+01  0.38355E+01
  0.39614E+02  0.38853E+02  0.36640E+02  0.33248E+02  0.29058E+02  0.24501E+02
  0.19985E+02  0.15834E+02  0.12258E+02  0.93480E+01  0.70921E+01  0.41830E+01
  0.26421E+01  0.17591E+01  0.11953E+01  0.83706E+00  0.63085E+00  0.52059E+00
  0.45326E+00  0.39675E+00  0.34282E+00  0.29522E+00  0.25673E+00  0.22512E+00
  0.19650E+00  0.16902E+00  0.14314E+00  0.11994E+00  0.99795E-01  0.82396E-01
  0.67506E-01  0.55377E-01  0.46525E-01  0.41235E-01  0.39311E-01  0.40194E-01
  0.43213E-01  0.47732E-01  0.53129E-01  0.58726E-01  0.63793E-01  0.67637E-01
  0.69719E-01  0.69725E-01  0.67558E-01  0.63298E-01  0.57160E-01  0.49479E-01
  0.40717E-01  0.31455E-01  0.22356E-01  0.14117E-01  0.73903E-02  0.27357E-02
  0.57419E-03  0.11661E-02  0.45976E-02  0.10774E-01  0.19423E-01  0.30099E-01
  0.42210E-01  0.55047E-01  0.67831E-01  0.79764E-01  0.90083E-01  0.98113E-01
  0.10331E+00  0.10531E+00  0.10393E+00  0.99236E-01  0.91483E-01  0.81161E-01
  0.68948E-01  0.55685E-01  0.42332E-01  0.29923E-01  0.19500E-01  0.12062E-01
  0.85011E-02  0.95512E-02  0.15739E-01  0.27349E-01  0.44395E-01  0.66615E-01
  0.93470E-01  0.12417E+00  0.15768E+00  0.19283E+00  0.22827E+00  0.26265E+00
  0.29457E+00  0.32273E+00  0.34598E+00  0.36332E+00  0.37403E+00  0.37764E+00
  0.34474E+01  0.40768E+01
  0.41399E+02  0.40519E+02  0.37972E+02  0.34104E+02  0.29394E+02  0.24366E+02
  0.19497E+02  0.15143E+02  0.11507E+02  0.86442E+01  0.64961E+01  0.38254E+01
  0.24293E+01  0.16105E+01  0.10919E+01  0.78116E+00  0.61214E+00  0.51603E+00
  0.44293E+00  0.37477E+00  0.31430E+00  0.26625E+00  0.22891E+00  0.19746E+00
  0.16902E+00  0.14354E+00  0.12167E+00  0.10322E+00  0.87389E-01  0.73722E-01
  0.62457E-01  0.54070E-01  0.48679E-01  0.45927E-01  0.45252E-01  0.46146E-01
  0.48188E-01  0.50932E-01  0.53837E-01  0.56329E-01  0.57923E-01  0.58298E-01
  0.57283E-01  0.54810E-01  0.50890E-01  0.45634E-01  0.39277E-01  0.32190E-01
  0.24848E-01  0.17769E-01  0.11467E-01  0.64058E-02  0.29822E-02  0.15061E-02
  0.21811E-02  0.50836E-02  0.10147E-01  0.17157E-01  0.25761E-01  0.35490E-01
  0.45789E-01  0.56052E-01  0.65660E-01  0.74017E-01  0.80584E-01  0.84918E-01
  0.86700E-01  0.85765E-01  0.82116E-01  0.75939E-01  0.67599E-01  0.57629E-01
  0.46705E-01  0.35616E-01  0.25221E-01  0.16408E-01  0.10042E-01  0.69217E-02
  0.77311E-02  0.12998E-01  0.23061E-01  0.38041E-01  0.57831E-01  0.82084E-01
  0.11023E+00  0.14148E+00  0.17489E+00  0.20933E+00  0.24364E+00  0.27657E+00
  0.30690E+00  0.33351E+00  0.35536E+00  0.37161E+00  0.38162E+00  0.38500E+00
  0.32705E+01  0.42973E+01
  0.43106E+02  0.42103E+02  0.39216E+02  0.34870E+02  0.29651E+02  0.24182E+02
  0.19005E+02  0.14496E+02  0.10840E+02  0.80484E+01  0.60123E+01  0.35463E+01
  0.22541E+01  0.14836E+01  0.10093E+01  0.74156E+00  0.59757E+00  0.50335E+00
  0.42080E+00  0.34616E+00  0.28622E+00  0.24129E+00  0.20579E+00  0.17530E+00
  0.14886E+00  0.12682E+00  0.10870E+00  0.93319E-01  0.79997E-01  0.68930E-01
  0.60536E-01  0.54786E-01  0.51194E-01  0.49206E-01  0.48443E-01  0.48633E-01
  0.49438E-01  0.50415E-01  0.51132E-01  0.51267E-01  0.50620E-01  0.49060E-01
  0.46493E-01  0.42886E-01  0.38320E-01  0.33000E-01  0.27237E-01  0.21392E-01
  0.15832E-01  0.10914E-01  0.69703E-02  0.43054E-02  0.31661E-02  0.37150E-02
  0.60089E-02  0.99904E-02  0.15492E-01  0.22246E-01  0.29902E-01  0.38043E-01
  0.46207E-01  0.53906E-01  0.60659E-01  0.66023E-01  0.69623E-01  0.71189E-01
  0.70568E-01  0.67744E-01  0.62845E-01  0.56142E-01  0.48043E-01  0.39076E-01
  0.29867E-01  0.21116E-01  0.13559E-01  0.79340E-02  0.49388E-02  0.51963E-02
  0.92178E-02  0.17371E-01  0.29856E-01  0.46682E-01  0.67664E-01  0.92417E-01
  0.12037E+00  0.15079E+00  0.18279E+00  0.21539E+00  0.24752E+00  0.27812E+00
  0.30613E+00  0.33057E+00  0.35057E+00  0.36539E+00  0.37451E+00  0.37758E+00
  0.31211E+01  0.45031E+01
  0.56065E+02  0.53715E+02  0.47240E+02  0.38318E+02  0.28918E+02  0.20613E+02
  0.14196E+02  0.97179E+01  0.67833E+01  0.48870E+01  0.36206E+01  0.20851E+01
  0.12914E+01  0.90527E+00  0.67786E+00  0.50120E+00  0.37456E+00  0.29399E+00
  0.23766E+00  0.19390E+00  0.16085E+00  0.13573E+00  0.11556E+00  0.99628E-01
  0.87273E-01  0.77026E-01  0.68160E-01  0.60796E-01  0.54749E-01  0.49468E-01
  0.44692E-01  0.40463E-01  0.36729E-01  0.33343E-01  0.30241E-01  0.27422E-01
  0.24855E-01  0.22513E-01  0.20417E-01  0.18593E-01  0.17032E-01  0.15723E-01
  0.14677E-01  0.13917E-01  0.13444E-01  0.13235E-01  0.13268E-01  0.13525E-01
  0.13979E-01  0.14587E-01  0.15298E-01  0.16062E-01  0.16822E-01  0.17520E-01
  0.18097E-01  0.18496E-01  0.18672E-01  0.18588E-01  0.18215E-01  0.17537E-01
  0.16552E-01  0.15278E-01  0.13751E-01  0.12022E-01  0.10160E-01  0.82488E-02
  0.63852E-02  0.46800E-02  0.32505E-02  0.22170E-02  0.17008E-02  0.18194E-02
  0.26808E-02  0.43802E-02  0.69963E-02  0.10585E-01  0.15177E-01  0.20778E-01
  0.27367E-01  0.34890E-01  0.43265E-01  0.52378E-01  0.62089E-01  0.72237E-01
  0.82649E-01  0.93126E-01  0.10345E+00  0.11341E+00  0.12280E+00  0.13143E+00
  0.13908E+00  0.14560E+00  0.15083E+00  0.15465E+00  0.15698E+00  0.15775E+00
  0.22692E+01  0.61937E+01
  0.64554E+02  0.60732E+02  0.50635E+02  0.37837E+02  0.25893E+02  0.16815E+02
  0.10845E+02  0.72133E+01  0.50013E+01  0.35745E+01  0.26050E+01  0.14997E+01
  0.99453E+00  0.68560E+00  0.47743E+00  0.35574E+00  0.27506E+00  0.21513E+00
  0.17298E+00  0.14183E+00  0.11786E+00  0.99429E-01  0.84515E-01  0.72528E-01
  0.62996E-01  0.54920E-01  0.48065E-01  0.42445E-01  0.37670E-01  0.33520E-01
  0.30009E-01  0.27024E-01  0.24450E-01  0.22258E-01  0.20399E-01  0.18826E-01
  0.17522E-01  0.16445E-01  0.15553E-01  0.14836E-01  0.14277E-01  0.13838E-01
  0.13492E-01  0.13224E-01  0.13014E-01  0.12835E-01  0.12667E-01  0.12494E-01
  0.12299E-01  0.12068E-01  0.11789E-01  0.11452E-01  0.11053E-01  0.10588E-01
  0.10058E-01  0.94684E-02  0.88250E-02  0.81402E-02  0.74304E-02  0.67130E-02
  0.60088E-02  0.53415E-02  0.47358E-02  0.42186E-02  0.38175E-02  0.35598E-02
  0.34724E-02  0.35800E-02  0.39059E-02  0.44713E-02  0.52929E-02  0.63831E-02
  0.77503E-02  0.93967E-02  0.11321E-01  0.13517E-01  0.15968E-01  0.18653E-01
  0.21547E-01  0.24622E-01  0.27843E-01  0.31168E-01  0.34554E-01  0.37959E-01
  0.41329E-01  0.44612E-01  0.47770E-01  0.50756E-01  0.53509E-01  0.55984E-01
  0.58156E-01  0.59990E-01  0.61447E-01  0.62494E-01  0.63114E-01  0.63315E-01
  0.18583E+01  0.75631E+01
  0.70946E+02  0.65583E+02  0.51981E+02  0.36066E+02  0.22801E+02  0.13953E+02
  0.87743E+01  0.58089E+01  0.39988E+01  0.28221E+01  0.20528E+01  0.12314E+01
  0.79502E+00  0.52816E+00  0.38123E+00  0.28301E+00  0.21555E+00  0.17013E+00
  0.13636E+00  0.11129E+00  0.92062E-01  0.77225E-01  0.65520E-01  0.55930E-01
  0.48319E-01  0.42070E-01  0.36828E-01  0.32567E-01  0.28991E-01  0.25964E-01
  0.23450E-01  0.21329E-01  0.19538E-01  0.18028E-01  0.16748E-01  0.15666E-01
  0.14739E-01  0.13942E-01  0.13257E-01  0.12654E-01  0.12111E-01  0.11620E-01
  0.11163E-01  0.10726E-01  0.10304E-01  0.98876E-02  0.94687E-02  0.90444E-02
  0.86112E-02  0.81688E-02  0.77184E-02  0.72618E-02  0.68026E-02  0.63462E-02
  0.58980E-02  0.54640E-02  0.50524E-02  0.46714E-02  0.43284E-02  0.40321E-02
  0.37924E-02  0.36185E-02  0.35173E-02  0.34953E-02  0.35590E-02  0.37154E-02
  0.39715E-02  0.43300E-02  0.47911E-02  0.53570E-02  0.60277E-02  0.68014E-02
  0.76750E-02  0.86431E-02  0.96992E-02  0.10835E-01  0.12041E-01  0.13306E-01
  0.14620E-01  0.15969E-01  0.17337E-01  0.18712E-01  0.20080E-01  0.21424E-01
  0.22729E-01  0.23978E-01  0.25160E-01  0.26259E-01  0.27264E-01  0.28162E-01
  0.28937E-01  0.29583E-01  0.30101E-01  0.30473E-01  0.30691E-01  0.30762E-01
  0.16046E+01  0.87592E+01
  0.76116E+02  0.69167E+02  0.52234E+02  0.33889E+02  0.20122E+02  0.11896E+02
  0.74252E+01  0.48945E+01  0.33333E+01  0.23445E+01  0.17278E+01  0.10366E+01
  0.64654E+00  0.44218E+00  0.31524E+00  0.23253E+00  0.17878E+00  0.13980E+00
  0.11192E+00  0.91112E-01  0.75365E-01  0.63001E-01  0.53399E-01  0.45714E-01
  0.39462E-01  0.34468E-01  0.30300E-01  0.26878E-01  0.24041E-01  0.21646E-01
  0.19648E-01  0.17947E-01  0.16496E-01  0.15249E-01  0.14170E-01  0.13226E-01
  0.12391E-01  0.11646E-01  0.10971E-01  0.10355E-01  0.97866E-02  0.92522E-02
  0.87466E-02  0.82643E-02  0.77991E-02  0.73517E-02  0.69191E-02  0.65007E-02
  0.60980E-02  0.57100E-02  0.53382E-02  0.49854E-02  0.46544E-02  0.43475E-02
  0.40687E-02  0.38200E-02  0.36050E-02  0.34280E-02  0.32904E-02  0.31944E-02
  0.31425E-02  0.31389E-02  0.31867E-02  0.32827E-02  0.34260E-02  0.36230E-02
  0.38730E-02  0.41716E-02  0.45195E-02  0.49124E-02  0.53496E-02  0.58313E-02
  0.63516E-02  0.69061E-02  0.74897E-02  0.80985E-02  0.87288E-02  0.93748E-02
  0.10031E-01  0.10692E-01  0.11351E-01  0.12002E-01  0.12639E-01  0.13256E-01
  0.13847E-01  0.14408E-01  0.14933E-01  0.15417E-01  0.15856E-01  0.16248E-01
  0.16584E-01  0.16866E-01  0.17088E-01  0.17247E-01  0.17346E-01  0.17382E-01
  0.14275E+01  0.98459E+01
  0.80474E+02  0.71910E+02  0.51839E+02  0.31654E+02  0.17906E+02  0.10395E+02
  0.64712E+01  0.42316E+01  0.28598E+01  0.20236E+01  0.15037E+01  0.87727E+00
  0.55381E+00  0.37822E+00  0.26712E+00  0.19911E+00  0.15150E+00  0.11874E+00
  0.94905E-01  0.77238E-01  0.63771E-01  0.53458E-01  0.45252E-01  0.38824E-01
  0.33592E-01  0.29344E-01  0.25877E-01  0.22977E-01  0.20583E-01  0.18547E-01
  0.16823E-01  0.15345E-01  0.14067E-01  0.12953E-01  0.11972E-01  0.11101E-01
  0.10322E-01  0.96164E-02  0.89741E-02  0.83832E-02  0.78366E-02  0.73287E-02
  0.68518E-02  0.64069E-02  0.59904E-02  0.55951E-02  0.52268E-02  0.48832E-02
  0.45604E-02  0.42623E-02  0.39899E-02  0.37414E-02  0.35190E-02  0.33241E-02
  0.31563E-02  0.30171E-02  0.29066E-02  0.28261E-02  0.27769E-02  0.27582E-02
  0.27680E-02  0.28090E-02  0.28832E-02  0.29858E-02  0.31158E-02  0.32740E-02
  0.34616E-02  0.36783E-02  0.39134E-02  0.41697E-02  0.44498E-02  0.47481E-02
  0.50637E-02  0.53903E-02  0.57274E-02  0.60747E-02  0.64273E-02  0.67843E-02
  0.71442E-02  0.75005E-02  0.78504E-02  0.81918E-02  0.85222E-02  0.88399E-02
  0.91429E-02  0.94284E-02  0.96948E-02  0.99390E-02  0.10158E-01  0.10352E-01
  0.10520E-01  0.10657E-01  0.10767E-01  0.10846E-01  0.10892E-01  0.10907E-01
  0.12943E+01  0.10859E+02
  0.84248E+02  0.74050E+02  0.51045E+02  0.29511E+02  0.16096E+02  0.92636E+01
  0.57466E+01  0.37223E+01  0.25109E+01  0.17894E+01  0.13238E+01  0.75979E+00
  0.48732E+00  0.32722E+00  0.23405E+00  0.17277E+00  0.13188E+00  0.10319E+00
  0.82467E-01  0.67080E-01  0.55454E-01  0.46412E-01  0.39395E-01  0.33739E-01
  0.29239E-01  0.25529E-01  0.22504E-01  0.19973E-01  0.17850E-01  0.16053E-01
  0.14514E-01  0.13188E-01  0.12033E-01  0.11019E-01  0.10122E-01  0.93238E-02
  0.86076E-02  0.79586E-02  0.73726E-02  0.68340E-02  0.63420E-02  0.58918E-02
  0.54745E-02  0.50923E-02  0.47370E-02  0.44110E-02  0.41142E-02  0.38408E-02
  0.35947E-02  0.33730E-02  0.31732E-02  0.29985E-02  0.28480E-02  0.27198E-02
  0.26151E-02  0.25332E-02  0.24740E-02  0.24371E-02  0.24204E-02  0.24256E-02
  0.24536E-02  0.24991E-02  0.25628E-02  0.26465E-02  0.27488E-02  0.28648E-02
  0.29937E-02  0.31412E-02  0.33011E-02  0.34728E-02  0.36497E-02  0.38372E-02
  0.40367E-02  0.42389E-02  0.44453E-02  0.46525E-02  0.48611E-02  0.50717E-02
  0.52800E-02  0.54883E-02  0.56905E-02  0.58826E-02  0.60695E-02  0.62479E-02
  0.64147E-02  0.65748E-02  0.67228E-02  0.68585E-02  0.69806E-02  0.70871E-02
  0.71796E-02  0.72515E-02  0.73115E-02  0.73557E-02  0.73800E-02  0.73882E-02
  0.11897E+01  0.11814E+02
  0.87570E+02  0.75728E+02  0.49997E+02  0.27523E+02  0.14618E+02  0.83794E+01
  0.51677E+01  0.33197E+01  0.22450E+01  0.16025E+01  0.11731E+01  0.67602E+00
  0.43145E+00  0.29036E+00  0.20743E+00  0.15290E+00  0.11678E+00  0.91284E-01
  0.72940E-01  0.59338E-01  0.48991E-01  0.41048E-01  0.34762E-01  0.29801E-01
  0.25758E-01  0.22489E-01  0.19766E-01  0.17509E-01  0.15598E-01  0.13981E-01
  0.12588E-01  0.11385E-01  0.10336E-01  0.94152E-02  0.86024E-02  0.78787E-02
  0.72330E-02  0.66513E-02  0.61282E-02  0.56539E-02  0.52249E-02  0.48335E-02
  0.44765E-02  0.41549E-02  0.38611E-02  0.35981E-02  0.33595E-02  0.31429E-02
  0.29529E-02  0.27825E-02  0.26354E-02  0.25101E-02  0.24014E-02  0.23138E-02
  0.22439E-02  0.21914E-02  0.21559E-02  0.21363E-02  0.21335E-02  0.21439E-02
  0.21681E-02  0.22070E-02  0.22583E-02  0.23193E-02  0.23908E-02  0.24768E-02
  0.25680E-02  0.26659E-02  0.27716E-02  0.28874E-02  0.30066E-02  0.31270E-02
  0.32520E-02  0.33829E-02  0.35147E-02  0.36462E-02  0.37759E-02  0.39055E-02
  0.40320E-02  0.41600E-02  0.42851E-02  0.44017E-02  0.45149E-02  0.46202E-02
  0.47212E-02  0.48127E-02  0.49023E-02  0.49815E-02  0.50528E-02  0.51201E-02
  0.51724E-02  0.52146E-02  0.52530E-02  0.52726E-02  0.52911E-02  0.53064E-02
  0.11049E+01  0.12720E+02
  0.90547E+02  0.77054E+02  0.48796E+02  0.25714E+02  0.13401E+02  0.76639E+01
  0.46896E+01  0.29963E+01  0.20334E+01  0.14453E+01  0.10495E+01  0.61142E+00
  0.38553E+00  0.26208E+00  0.18559E+00  0.13749E+00  0.10463E+00  0.81876E-01
  0.65361E-01  0.53105E-01  0.43853E-01  0.36655E-01  0.31038E-01  0.26535E-01
  0.22919E-01  0.19943E-01  0.17490E-01  0.15437E-01  0.13710E-01  0.12239E-01
  0.10977E-01  0.98848E-02  0.89351E-02  0.81035E-02  0.73706E-02  0.67206E-02
  0.61449E-02  0.56287E-02  0.51691E-02  0.47523E-02  0.43817E-02  0.40462E-02
  0.37466E-02  0.34766E-02  0.32313E-02  0.30163E-02  0.28197E-02  0.26505E-02
  0.25007E-02  0.23677E-02  0.22559E-02  0.21583E-02  0.20783E-02  0.20133E-02
  0.19622E-02  0.19256E-02  0.19016E-02  0.18896E-02  0.18882E-02  0.18979E-02
  0.19176E-02  0.19454E-02  0.19819E-02  0.20282E-02  0.20790E-02  0.21347E-02
  0.21992E-02  0.22698E-02  0.23402E-02  0.24160E-02  0.24969E-02  0.25793E-02
  0.26627E-02  0.27453E-02  0.28305E-02  0.29155E-02  0.30042E-02  0.30860E-02
  0.31666E-02  0.32468E-02  0.33244E-02  0.34010E-02  0.34735E-02  0.35428E-02
  0.36032E-02  0.36627E-02  0.37168E-02  0.37650E-02  0.38112E-02  0.38464E-02
  0.38820E-02  0.39133E-02  0.39325E-02  0.39536E-02  0.39619E-02  0.39511E-02
  0.10344E+01  0.13587E+02
  0.93247E+02  0.78101E+02  0.47509E+02  0.24085E+02  0.12390E+02  0.70674E+01
  0.42869E+01  0.27328E+01  0.18579E+01  0.13115E+01  0.95086E+00  0.55663E+00
  0.34980E+00  0.23785E+00  0.16850E+00  0.12455E+00  0.94894E-01  0.74115E-01
  0.59113E-01  0.47997E-01  0.39537E-01  0.33033E-01  0.27889E-01  0.23811E-01
  0.20501E-01  0.17796E-01  0.15559E-01  0.13691E-01  0.12116E-01  0.10775E-01
  0.96289E-02  0.86381E-02  0.77805E-02  0.70315E-02  0.63738E-02  0.57935E-02
  0.52815E-02  0.48259E-02  0.44217E-02  0.40597E-02  0.37395E-02  0.34513E-02
  0.31965E-02  0.29682E-02  0.27633E-02  0.25841E-02  0.24233E-02  0.22866E-02
  0.21631E-02  0.20580E-02  0.19670E-02  0.18897E-02  0.18291E-02  0.17772E-02
  0.17379E-02  0.17091E-02  0.16894E-02  0.16796E-02  0.16780E-02  0.16844E-02
  0.16974E-02  0.17169E-02  0.17437E-02  0.17737E-02  0.18090E-02  0.18503E-02
  0.18948E-02  0.19393E-02  0.19904E-02  0.20433E-02  0.20975E-02  0.21494E-02
  0.22084E-02  0.22663E-02  0.23237E-02  0.23785E-02  0.24350E-02  0.24895E-02
  0.25473E-02  0.26005E-02  0.26493E-02  0.26985E-02  0.27440E-02  0.27884E-02
  0.28307E-02  0.28718E-02  0.29050E-02  0.29421E-02  0.29663E-02  0.29917E-02
  0.30136E-02  0.30270E-02  0.30444E-02  0.30539E-02  0.30593E-02  0.30776E-02
  0.97444E+00  0.14423E+02
  0.10393E+03  0.80586E+02  0.40920E+02  0.18178E+02  0.91346E+01  0.50568E+01
  0.29823E+01  0.19066E+01  0.12791E+01  0.90046E+00  0.65804E+00  0.37985E+00
  0.23950E+00  0.16176E+00  0.11438E+00  0.83955E-01  0.63538E-01  0.49233E-01
  0.38918E-01  0.31284E-01  0.25511E-01  0.21068E-01  0.17586E-01  0.14828E-01
  0.12614E-01  0.10807E-01  0.93286E-02  0.81050E-02  0.70846E-02  0.62264E-02
  0.55020E-02  0.48887E-02  0.43601E-02  0.39065E-02  0.35166E-02  0.31793E-02
  0.28863E-02  0.26310E-02  0.24091E-02  0.22136E-02  0.20438E-02  0.18931E-02
  0.17631E-02  0.16489E-02  0.15466E-02  0.14597E-02  0.13801E-02  0.13167E-02
  0.12550E-02  0.12054E-02  0.11593E-02  0.11246E-02  0.10913E-02  0.10657E-02
  0.10404E-02  0.10238E-02  0.10075E-02  0.99607E-03  0.98874E-03  0.98080E-03
  0.97739E-03  0.97489E-03  0.97465E-03  0.97682E-03  0.97944E-03  0.98356E-03
  0.98831E-03  0.99403E-03  0.10007E-02  0.10079E-02  0.10161E-02  0.10245E-02
  0.10326E-02  0.10419E-02  0.10508E-02  0.10590E-02  0.10676E-02  0.10767E-02
  0.10854E-02  0.10940E-02  0.11018E-02  0.11093E-02  0.11174E-02  0.11253E-02
  0.11317E-02  0.11378E-02  0.11430E-02  0.11470E-02  0.11531E-02  0.11556E-02
  0.11594E-02  0.11597E-02  0.11630E-02  0.11622E-02  0.11653E-02  0.11569E-02
  0.77066E+00  0.18237E+02
  0.11183E+03  0.80534E+02  0.35213E+02  0.14708E+02  0.72691E+01  0.38853E+01
  0.22935E+01  0.14554E+01  0.97800E+00  0.68514E+00  0.49715E+00  0.28648E+00
  0.18032E+00  0.12083E+00  0.84776E-01  0.61699E-01  0.46245E-01  0.35487E-01
  0.27770E-01  0.22101E-01  0.17848E-01  0.14597E-01  0.12075E-01  0.10093E-01
  0.85125E-02  0.72403E-02  0.62090E-02  0.53635E-02  0.46635E-02  0.40794E-02
  0.35917E-02  0.31821E-02  0.28338E-02  0.25373E-02  0.22844E-02  0.20660E-02
  0.18778E-02  0.17152E-02  0.15738E-02  0.14510E-02  0.13430E-02  0.12494E-02
  0.11673E-02  0.10940E-02  0.10305E-02  0.97599E-03  0.92401E-03  0.88189E-03
  0.84294E-03  0.80866E-03  0.78120E-03  0.75065E-03  0.72988E-03  0.70847E-03
  0.69217E-03  0.67415E-03  0.66127E-03  0.64922E-03  0.63932E-03  0.62997E-03
  0.62243E-03  0.61407E-03  0.61047E-03  0.60388E-03  0.60244E-03  0.59740E-03
  0.59475E-03  0.59297E-03  0.59002E-03  0.59061E-03  0.58991E-03  0.58907E-03
  0.58896E-03  0.58882E-03  0.58846E-03  0.58902E-03  0.58996E-03  0.59003E-03
  0.59070E-03  0.59219E-03  0.59341E-03  0.59374E-03  0.59395E-03  0.59444E-03
  0.59558E-03  0.59672E-03  0.59735E-03  0.59758E-03  0.59775E-03  0.59844E-03
  0.59940E-03  0.60035E-03  0.60152E-03  0.60228E-03  0.60372E-03  0.60268E-03
  0.65000E+00  0.21623E+02
  0.11810E+03  0.79231E+02  0.30676E+02  0.12465E+02  0.59785E+01  0.31521E+01
  0.18603E+01  0.11764E+01  0.78641E+00  0.54888E+00  0.39886E+00  0.22844E+00
  0.14258E+00  0.94714E-01  0.65897E-01  0.47573E-01  0.35341E-01  0.26893E-01
  0.20875E-01  0.16486E-01  0.13219E-01  0.10742E-01  0.88362E-02  0.73417E-02
  0.61669E-02  0.52247E-02  0.44667E-02  0.38504E-02  0.33416E-02  0.29189E-02
  0.25659E-02  0.22736E-02  0.20266E-02  0.18166E-02  0.16357E-02  0.14807E-02
  0.13482E-02  0.12335E-02  0.11338E-02  0.10466E-02  0.97057E-03  0.90338E-03
  0.84441E-03  0.79327E-03  0.74765E-03  0.70596E-03  0.67007E-03  0.63881E-03
  0.60882E-03  0.58349E-03  0.56189E-03  0.53988E-03  0.52263E-03  0.50508E-03
  0.48947E-03  0.47833E-03  0.46513E-03  0.45544E-03  0.44382E-03  0.43686E-03
  0.42813E-03  0.42126E-03  0.41502E-03  0.40879E-03  0.40412E-03  0.39977E-03
  0.39523E-03  0.39186E-03  0.38731E-03  0.38562E-03  0.38210E-03  0.37998E-03
  0.37991E-03  0.37470E-03  0.37380E-03  0.37276E-03  0.37119E-03  0.36923E-03
  0.37043E-03  0.36895E-03  0.36666E-03  0.36581E-03  0.36650E-03  0.36640E-03
  0.36386E-03  0.36310E-03  0.36341E-03  0.36407E-03  0.36432E-03  0.36418E-03
  0.36405E-03  0.36236E-03  0.36269E-03  0.36147E-03  0.35994E-03  0.36294E-03
  0.56848E+00  0.24723E+02
  0.12337E+03  0.77293E+02  0.27135E+02  0.10852E+02  0.50355E+01  0.26579E+01
  0.15598E+01  0.98316E+00  0.65338E+00  0.45632E+00  0.32903E+00  0.18738E+00
  0.11622E+00  0.76673E-01  0.52975E-01  0.37945E-01  0.27988E-01  0.21152E-01
  0.16319E-01  0.12818E-01  0.10226E-01  0.82748E-02  0.67788E-02  0.56216E-02
  0.47091E-02  0.39807E-02  0.34012E-02  0.29266E-02  0.25386E-02  0.22190E-02
  0.19490E-02  0.17274E-02  0.15404E-02  0.13798E-02  0.12448E-02  0.11293E-02
  0.10294E-02  0.94206E-03  0.86565E-03  0.79932E-03  0.74161E-03  0.69075E-03
  0.64562E-03  0.60590E-03  0.57086E-03  0.53919E-03  0.51022E-03  0.48514E-03
  0.46295E-03  0.44261E-03  0.42374E-03  0.40725E-03  0.39328E-03  0.37838E-03
  0.36658E-03  0.35560E-03  0.34345E-03  0.33665E-03  0.32709E-03  0.31860E-03
  0.31326E-03  0.30526E-03  0.30150E-03  0.29393E-03  0.28991E-03  0.28423E-03
  0.28211E-03  0.27658E-03  0.27463E-03  0.26966E-03  0.26855E-03  0.26465E-03
  0.26245E-03  0.26100E-03  0.25722E-03  0.25730E-03  0.25406E-03  0.25120E-03
  0.25178E-03  0.25048E-03  0.24929E-03  0.24761E-03  0.24718E-03  0.24681E-03
  0.24407E-03  0.24324E-03  0.24306E-03  0.24296E-03  0.24405E-03  0.24335E-03
  0.24141E-03  0.24168E-03  0.24205E-03  0.23943E-03  0.23986E-03  0.24419E-03
  0.50839E+00  0.27645E+02