  0.83467E+00  0.83311E+00  0.82839E+00  0.82058E+00  0.80974E+00  0.79597E+00
  0.77941E+00  0.76020E+00  0.73851E+00  0.71454E+00  0.68851E+00  0.63116E+00
  0.56846E+00  0.50250E+00  0.43540E+00  0.36924E+00  0.30591E+00  0.24709E+00
  0.19416E+00  0.14816E+00  0.10977E+00  0.79268E-01  0.56595E-01  0.41345E-01
  0.32821E-01  0.30094E-01  0.32063E-01  0.37527E-01  0.45258E-01  0.54064E-01
  0.62856E-01  0.70691E-01  0.76823E-01  0.80718E-01  0.82079E-01  0.80833E-01
  0.77127E-01  0.71298E-01  0.63835E-01  0.55344E-01  0.46496E-01  0.37980E-01
  0.30456E-01  0.24510E-01  0.20618E-01  0.19115E-01  0.20175E-01  0.23797E-01
  0.29808E-01  0.37870E-01  0.47501E-01  0.58104E-01  0.68996E-01  0.79455E-01
  0.88761E-01  0.96239E-01  0.10130E+00  0.10350E+00  0.10254E+00  0.98327E-01
  0.90997E-01  0.80900E-01  0.68627E-01  0.54994E-01  0.41024E-01  0.27926E-01
  0.17056E-01  0.98755E-02  0.79026E-02  0.12661E-01  0.25623E-01  0.48153E-01
  0.81457E-01  0.12652E+00  0.18409E+00  0.25458E+00  0.33811E+00  0.43442E+00
  0.54291E+00  0.66260E+00  0.79216E+00  0.92993E+00  0.10740E+01  0.12220E+01
  0.13717E+01  0.15204E+01  0.16654E+01  0.18042E+01  0.19339E+01  0.20522E+01
  0.21567E+01  0.22453E+01  0.23161E+01  0.23678E+01  0.23992E+01  0.24098E+01
  0.24911E+01  0.98649E+01
  0.83370E+01  0.83193E+01  0.82657E+01  0.81771E+01  0.80547E+01  0.79000E+01
  0.77149E+01  0.75016E+01  0.72627E+01  0.70012E+01  0.67200E+01  0.61117E+01
  0.54650E+01  0.48066E+01  0.41620E+01  0.35534E+01  0.29990E+01  0.25121E+01
  0.21006E+01  0.17676E+01  0.15111E+01  0.13253E+01  0.12013E+01  0.11281E+01
  0.10936E+01  0.10856E+01  0.10927E+01  0.11045E+01  0.11128E+01  0.11114E+01
  0.10958E+01  0.10641E+01  0.10159E+01  0.95222E+00  0.87553E+00  0.78896E+00
  0.69617E+00  0.60100E+00  0.50719E+00  0.41825E+00  0.33721E+00  0.26663E+00
  0.20844E+00  0.16400E+00  0.13409E+00  0.11888E+00  0.11807E+00  0.13085E+00
  0.15601E+00  0.19197E+00  0.23686E+00  0.28860E+00  0.34491E+00  0.40343E+00
  0.46178E+00  0.51762E+00  0.56875E+00  0.61312E+00  0.64898E+00  0.67488E+00
  0.68975E+00  0.69291E+00  0.68414E+00  0.66368E+00  0.63223E+00  0.59089E+00
  0.54122E+00  0.48510E+00  0.42471E+00  0.36246E+00  0.30089E+00  0.24258E+00
  0.19008E+00  0.14579E+00  0.11189E+00  0.90242E-01  0.82335E-01  0.89210E-01
  0.11142E+00  0.14902E+00  0.20151E+00  0.26791E+00  0.34671E+00  0.43599E+00
  0.53342E+00  0.63635E+00  0.74193E+00  0.84712E+00  0.94890E+00  0.10443E+01
  0.11304E+01  0.12047E+01  0.12650E+01  0.13094E+01  0.13366E+01  0.13457E+01
  0.94797E+01  0.25923E+01
  0.13723E+02  0.13690E+02  0.13589E+02  0.13423E+02  0.13194E+02  0.12906E+02
  0.12564E+02  0.12172E+02  0.11737E+02  0.11265E+02  0.10762E+02  0.96931E+01
  0.85853E+01  0.74900E+01  0.64509E+01  0.55016E+01  0.46640E+01  0.39487E+01
  0.33554E+01  0.28754E+01  0.24939E+01  0.21929E+01  0.19531E+01  0.17569E+01
  0.15889E+01  0.14376E+01  0.12953E+01  0.11579E+01  0.10240E+01  0.89485E+00
  0.77263E+00  0.66016E+00  0.56004E+00  0.47426E+00  0.40391E+00  0.34910E+00
  0.30909E+00  0.28242E+00  0.26715E+00  0.26111E+00  0.26211E+00  0.26813E+00
  0.27741E+00  0.28850E+00  0.30033E+00  0.31212E+00  0.32338E+00  0.33380E+00
  0.34322E+00  0.35157E+00  0.35878E+00  0.36479E+00  0.36948E+00  0.37271E+00
  0.37429E+00  0.37401E+00  0.37161E+00  0.36687E+00  0.35959E+00  0.34961E+00
  0.33682E+00  0.32121E+00  0.30284E+00  0.28189E+00  0.25863E+00  0.23344E+00
  0.20679E+00  0.17926E+00  0.15149E+00  0.12421E+00  0.98184E-01  0.74205E-01
  0.53067E-01  0.35540E-01  0.22337E-01  0.14089E-01  0.11317E-01  0.14402E-01
  0.23567E-01  0.38856E-01  0.60121E-01  0.87017E-01  0.11900E+00  0.15535E+00
  0.19516E+00  0.23739E+00  0.28088E+00  0.32440E+00  0.36665E+00  0.40639E+00
  0.44240E+00  0.47355E+00  0.49887E+00  0.51756E+00  0.52902E+00  0.53287E+00
  0.99790E+01  0.24626E+01
  0.19030E+02  0.18975E+02  0.18808E+02  0.18534E+02  0.18157E+02  0.17685E+02
  0.17126E+02  0.16491E+02  0.15790E+02  0.15036E+02  0.14242E+02  0.12580E+02
  0.10900E+02  0.92858E+01  0.78008E+01  0.64875E+01  0.53658E+01  0.44359E+01
  0.36824E+01  0.30803E+01  0.26001E+01  0.22127E+01  0.18925E+01  0.16197E+01
  0.13808E+01  0.11679E+01  0.97765E+00  0.80969E+00  0.66492E+00  0.54439E+00
  0.44842E+00  0.37618E+00  0.32566E+00  0.29388E+00  0.27729E+00  0.27220E+00
  0.27510E+00  0.28294E+00  0.29330E+00  0.30440E+00  0.31504E+00  0.32451E+00
  0.33242E+00  0.33858E+00  0.34289E+00  0.34525E+00  0.34553E+00  0.34355E+00
  0.33910E+00  0.33199E+00  0.32204E+00  0.30921E+00  0.29353E+00  0.27518E+00
  0.25450E+00  0.23194E+00  0.20806E+00  0.18349E+00  0.15892E+00  0.13499E+00
  0.11232E+00  0.91452E-01  0.72803E-01  0.56670E-01  0.43220E-01  0.32485E-01
  0.24380E-01  0.18723E-01  0.15255E-01  0.13674E-01  0.13662E-01  0.14911E-01
  0.17150E-01  0.20162E-01  0.23792E-01  0.27958E-01  0.32645E-01  0.37894E-01
  0.43790E-01  0.50438E-01  0.57950E-01  0.66412E-01  0.75874E-01  0.86325E-01
  0.97686E-01  0.10980E+00  0.12243E+00  0.13529E+00  0.14799E+00  0.16016E+00
  0.17137E+00  0.18121E+00  0.18931E+00  0.19535E+00  0.19907E+00  0.20032E+00
  0.99304E+01  0.24747E+01
  0.28631E+02  0.28489E+02  0.28064E+02  0.27372E+02  0.26435E+02  0.25283E+02
  0.23953E+02  0.22484E+02  0.20917E+02  0.19294E+02  0.17654E+02  0.14461E+02
  0.11558E+02  0.90723E+01  0.70394E+01  0.54259E+01  0.41608E+01  0.31640E+01
  0.23670E+01  0.17222E+01  0.12027E+01  0.79590E+00  0.49543E+00  0.29457E+00
  0.18245E+00  0.14350E+00  0.15895E+00  0.20938E+00  0.27703E+00  0.34743E+00
  0.41014E+00  0.45857E+00  0.48949E+00  0.50209E+00  0.49729E+00  0.47704E+00
  0.44389E+00  0.40070E+00  0.35052E+00  0.29644E+00  0.24151E+00  0.18858E+00
  0.14014E+00  0.98177E-01  0.64004E-01  0.38213E-01  0.20676E-01  0.10629E-01
  0.68271E-02  0.77281E-02  0.11696E-01  0.17182E-01  0.22869E-01  0.27772E-01
  0.31275E-01  0.33136E-01  0.33437E-01  0.32518E-01  0.30884E-01  0.29119E-01
  0.27789E-01  0.27375E-01  0.28206E-01  0.30426E-01  0.33974E-01  0.38596E-01
  0.43872E-01  0.49259E-01  0.54152E-01  0.57950E-01  0.60123E-01  0.60271E-01
  0.58183E-01  0.53864E-01  0.47559E-01  0.39743E-01  0.31099E-01  0.22470E-01
  0.14801E-01  0.90604E-02  0.61654E-02  0.69023E-02  0.11856E-01  0.21351E-01
  0.35413E-01  0.53750E-01  0.75755E-01  0.10054E+00  0.12697E+00  0.15376E+00
  0.17953E+00  0.20289E+00  0.22259E+00  0.23751E+00  0.24681E+00  0.24997E+00
  0.79830E+01  0.30784E+01
  0.30706E+02  0.30475E+02  0.29787E+02  0.28678E+02  0.27201E+02  0.25426E+02
  0.23431E+02  0.21300E+02  0.19115E+02  0.16949E+02  0.14867E+02  0.11139E+02
  0.81523E+01  0.59184E+01  0.43105E+01  0.31537E+01  0.22931E+01  0.16258E+01
  0.11006E+01  0.69900E+00  0.41405E+00  0.23647E+00  0.14966E+00  0.13149E+00
  0.15878E+00  0.21118E+00  0.27312E+00  0.33399E+00  0.38700E+00  0.42782E+00
  0.45355E+00  0.46225E+00  0.45299E+00  0.42621E+00  0.38397E+00  0.32990E+00
  0.26882E+00  0.20605E+00  0.14666E+00  0.94882E-01  0.53714E-01  0.24794E-01
  0.84816E-02  0.40659E-02  0.10015E-01  0.24232E-01  0.44274E-01  0.67555E-01
  0.91522E-01  0.11381E+00  0.13241E+00  0.14577E+00  0.15289E+00  0.15340E+00
  0.14751E+00  0.13598E+00  0.11999E+00  0.10103E+00  0.80705E-01  0.60615E-01
  0.42183E-01  0.26554E-01  0.14516E-01  0.64587E-02  0.23742E-02  0.18898E-02
  0.43337E-02  0.88217E-02  0.14358E-01  0.19943E-01  0.24672E-01  0.27830E-01
  0.28964E-01  0.27926E-01  0.24899E-01  0.20381E-01  0.15155E-01  0.10218E-01
  0.67008E-02  0.57716E-02  0.85303E-02  0.15909E-01  0.28580E-01  0.46885E-01
  0.70786E-01  0.99837E-01  0.13320E+00  0.16968E+00  0.20780E+00  0.24585E+00
  0.28204E+00  0.31460E+00  0.34189E+00  0.36247E+00  0.37528E+00  0.37961E+00
  0.61782E+01  0.39776E+01
  0.32672E+02  0.32342E+02  0.31361E+02  0.29798E+02  0.27750E+02  0.25341E+02
  0.22705E+02  0.19980E+02  0.17288E+02  0.14734E+02  0.12396E+02  0.85371E+01
  0.57988E+01  0.39843E+01  0.27965E+01  0.19801E+01  0.13791E+01  0.92470E+00
  0.59451E+00  0.37699E+00  0.25464E+00  0.20314E+00  0.19726E+00  0.21641E+00
  0.24679E+00  0.28042E+00  0.31259E+00  0.33953E+00  0.35738E+00  0.36252E+00
  0.35260E+00  0.32751E+00  0.28949E+00  0.24259E+00  0.19163E+00  0.14127E+00
  0.95405E-01  0.56949E-01  0.27850E-01  0.92185E-02  0.14189E-02  0.40978E-02
  0.16193E-01  0.35973E-01  0.61154E-01  0.89102E-01  0.11709E+00  0.14255E+00
  0.16335E+00  0.17788E+00  0.18520E+00  0.18501E+00  0.17764E+00  0.16393E+00
  0.14515E+00  0.12289E+00  0.98881E-01  0.74923E-01  0.52709E-01  0.33710E-01
  0.19078E-01  0.95559E-02  0.54409E-02  0.65715E-02  0.12360E-01  0.21859E-01
  0.33852E-01  0.46968E-01  0.59802E-01  0.71040E-01  0.79564E-01  0.84549E-01
  0.85524E-01  0.82415E-01  0.75544E-01  0.65610E-01  0.53625E-01  0.40842E-01
  0.28648E-01  0.18464E-01  0.11626E-01  0.92788E-02  0.12285E-01  0.21148E-01
  0.35966E-01  0.56411E-01  0.81740E-01  0.11084E+00  0.14229E+00  0.17445E+00
  0.20557E+00  0.23393E+00  0.25790E+00  0.27610E+00  0.28747E+00  0.29132E+00
  0.51305E+01  0.47899E+01
  0.34752E+02  0.34315E+02  0.33025E+02  0.30989E+02  0.28363E+02  0.25336E+02
  0.22109E+02  0.18875E+02  0.15796E+02  0.12994E+02  0.10545E+02  0.67947E+01
  0.44025E+01  0.29524E+01  0.20419E+01  0.14162E+01  0.96285E+00  0.64486E+00
  0.44309E+00  0.33226E+00  0.28179E+00  0.26448E+00  0.26243E+00  0.26702E+00
  0.27505E+00  0.28433E+00  0.29139E+00  0.29191E+00  0.28250E+00  0.26221E+00
  0.23255E+00  0.19665E+00  0.15799E+00  0.11966E+00  0.84112E-01  0.53292E-01
  0.28832E-01  0.12042E-01  0.37674E-02  0.41804E-02  0.12674E-01  0.27916E-01
  0.48041E-01  0.70914E-01  0.94372E-01  0.11640E+00  0.13525E+00  0.14951E+00
  0.15816E+00  0.16063E+00  0.15683E+00  0.14715E+00  0.13246E+00  0.11401E+00
  0.93328E-01  0.72087E-01  0.51949E-01  0.34434E-01  0.20800E-01  0.11964E-01
  0.84378E-02  0.10309E-01  0.17245E-01  0.28534E-01  0.43139E-01  0.59787E-01
  0.77062E-01  0.93517E-01  0.10778E+00  0.11867E+00  0.12527E+00  0.12700E+00
  0.12368E+00  0.11554E+00  0.10316E+00  0.87523E-01  0.69849E-01  0.51570E-01
  0.34201E-01  0.19241E-01  0.80591E-02  0.17974E-02  0.12874E-02  0.69849E-02
  0.18933E-01  0.36752E-01  0.59657E-01  0.86505E-01  0.11587E+00  0.14612E+00
  0.17553E+00  0.20240E+00  0.22517E+00  0.24247E+00  0.25328E+00  0.25695E+00
  0.44943E+01  0.54679E+01
  0.36820E+02  0.36271E+02  0.34659E+02  0.32141E+02  0.28940E+02  0.25325E+02
  0.21567E+02  0.17912E+02  0.14552E+02  0.11614E+02  0.91566E+01  0.56373E+01
  0.35768E+01  0.23869E+01  0.16376E+01  0.11214E+01  0.76704E+00  0.54466E+00
  0.42127E+00  0.35861E+00  0.32489E+00  0.30217E+00  0.28486E+00  0.27279E+00
  0.26498E+00  0.25781E+00  0.24689E+00  0.22965E+00  0.20623E+00  0.17855E+00
  0.14893E+00  0.11922E+00  0.90785E-01  0.64827E-01  0.42685E-01  0.25724E-01
  0.15019E-01  0.11034E-01  0.13524E-01  0.21648E-01  0.34192E-01  0.49752E-01
  0.66857E-01  0.84008E-01  0.99739E-01  0.11269E+00  0.12174E+00  0.12611E+00
  0.12545E+00  0.11988E+00  0.10991E+00  0.96448E-01  0.80608E-01  0.63673E-01
  0.46974E-01  0.31808E-01  0.19349E-01  0.10569E-01  0.61667E-02  0.65132E-02
  0.11623E-01  0.21150E-01  0.34412E-01  0.50443E-01  0.68065E-01  0.85978E-01
  0.10286E+00  0.11744E+00  0.12864E+00  0.13559E+00  0.13775E+00  0.13490E+00
  0.12721E+00  0.11518E+00  0.99666E-01  0.81775E-01  0.62831E-01  0.44273E-01
  0.27563E-01  0.14087E-01  0.50625E-02  0.14547E-02  0.39058E-02  0.12688E-01
  0.27680E-01  0.48361E-01  0.73845E-01  0.10292E+00  0.13412E+00  0.16584E+00
  0.19636E+00  0.22403E+00  0.24734E+00  0.26498E+00  0.27598E+00  0.27971E+00
  0.40722E+01  0.60347E+01
  0.38825E+02  0.38160E+02  0.36216E+02  0.33209E+02  0.29443E+02  0.25272E+02
  0.21041E+02  0.17045E+02  0.13494E+02  0.10504E+02  0.81015E+01  0.48555E+01
  0.30678E+01  0.20466E+01  0.13923E+01  0.95213E+00  0.67427E+00  0.51752E+00
  0.43399E+00  0.38282E+00  0.34186E+00  0.30614E+00  0.27767E+00  0.25656E+00
  0.23908E+00  0.22080E+00  0.19956E+00  0.17587E+00  0.15124E+00  0.12687E+00
  0.10333E+00  0.81038E-01  0.60803E-01  0.43797E-01  0.31141E-01  0.23477E-01
  0.20835E-01  0.22777E-01  0.28611E-01  0.37512E-01  0.48533E-01  0.60586E-01
  0.72472E-01  0.82999E-01  0.91131E-01  0.96106E-01  0.97496E-01  0.95202E-01
  0.89416E-01  0.80580E-01  0.69351E-01  0.56568E-01  0.43206E-01  0.30315E-01
  0.18938E-01  0.10018E-01  0.43286E-02  0.24012E-02  0.44925E-02  0.10565E-01
  0.20294E-01  0.33087E-01  0.48130E-01  0.64436E-01  0.80913E-01  0.96437E-01
  0.10993E+00  0.12044E+00  0.12719E+00  0.12967E+00  0.12767E+00  0.12126E+00
  0.11085E+00  0.97161E-01  0.81135E-01  0.63937E-01  0.46857E-01  0.31233E-01
  0.18367E-01  0.94461E-02  0.54577E-02  0.71276E-02  0.14866E-01  0.28734E-01
  0.48433E-01  0.73312E-01  0.10240E+00  0.13444E+00  0.16799E+00  0.20146E+00
  0.23324E+00  0.26177E+00  0.28561E+00  0.30356E+00  0.31471E+00  0.31848E+00
  0.37688E+01  0.65206E+01
  0.40749E+02  0.39963E+02  0.37680E+02  0.34180E+02  0.29860E+02  0.25166E+02
  0.20518E+02  0.16250E+02  0.12579E+02  0.95960E+01  0.72865E+01  0.43110E+01
  0.27304E+01  0.18159E+01  0.12263E+01  0.84952E+00  0.63175E+00  0.51484E+00
  0.44394E+00  0.38648E+00  0.33438E+00  0.29111E+00  0.25839E+00  0.23263E+00
  0.20898E+00  0.18513E+00  0.16143E+00  0.13890E+00  0.11784E+00  0.98000E-01
  0.79366E-01  0.62613E-01  0.48764E-01  0.38594E-01  0.32325E-01  0.29743E-01
  0.30444E-01  0.33971E-01  0.39771E-01  0.47113E-01  0.55098E-01  0.62772E-01
  0.69280E-01  0.73959E-01  0.76360E-01  0.76225E-01  0.73468E-01  0.68182E-01
  0.60659E-01  0.51398E-01  0.41080E-01  0.30501E-01  0.20504E-01  0.11895E-01
  0.53868E-02  0.15515E-02  0.78516E-03  0.32812E-02  0.90129E-02  0.17728E-01
  0.28957E-01  0.42041E-01  0.56172E-01  0.70451E-01  0.83943E-01  0.95749E-01
  0.10507E+00  0.11124E+00  0.11381E+00  0.11257E+00  0.10755E+00  0.99056E-01
  0.87639E-01  0.74082E-01  0.59350E-01  0.44545E-01  0.30837E-01  0.19396E-01
  0.11319E-01  0.75666E-02  0.88929E-02  0.15799E-01  0.28494E-01  0.46870E-01
  0.70501E-01  0.98655E-01  0.13033E+00  0.16429E+00  0.19914E+00  0.23339E+00
  0.26553E+00  0.29413E+00  0.31787E+00  0.33567E+00  0.34669E+00  0.35041E+00
  0.35364E+01  0.69491E+01
  0.42586E+02  0.41677E+02  0.39046E+02  0.35052E+02  0.30190E+02  0.25006E+02
  0.19992E+02  0.15513E+02  0.11779E+02  0.88438E+01  0.66451E+01  0.39153E+01
  0.24857E+01  0.16423E+01  0.11065E+01  0.78588E+00  0.61223E+00  0.51394E+00
  0.43998E+00  0.37247E+00  0.31439E+00  0.26988E+00  0.23618E+00  0.20767E+00
  0.18126E+00  0.15686E+00  0.13510E+00  0.11569E+00  0.97847E-01  0.81291E-01
  0.66607E-01  0.54637E-01  0.45824E-01  0.40084E-01  0.37094E-01  0.36544E-01
  0.38141E-01  0.41468E-01  0.45916E-01  0.50766E-01  0.55338E-01  0.59081E-01
  0.61573E-01  0.62481E-01  0.61558E-01  0.58682E-01  0.53910E-01  0.47495E-01
  0.39869E-01  0.31580E-01  0.23233E-01  0.15447E-01  0.88127E-02  0.38693E-02
  0.10656E-02  0.72453E-03  0.30101E-02  0.79070E-02  0.15216E-01  0.24564E-01
  0.35430E-01  0.47177E-01  0.59092E-01  0.70431E-01  0.80463E-01  0.88521E-01
  0.94047E-01  0.96632E-01  0.96054E-01  0.92297E-01  0.85565E-01  0.76279E-01
  0.65060E-01  0.52697E-01  0.40108E-01  0.28292E-01  0.18267E-01  0.11020E-01
  0.74420E-02  0.82742E-02  0.14061E-01  0.25112E-01  0.41472E-01  0.62913E-01
  0.88932E-01  0.11877E+00  0.15144E+00  0.18577E+00  0.22047E+00  0.25417E+00
  0.28551E+00  0.31320E+00  0.33606E+00  0.35313E+00  0.36368E+00  0.36724E+00
  0.33495E+01  0.73369E+01
  0.44334E+02  0.43298E+02  0.40313E+02  0.35824E+02  0.30436E+02  0.24796E+02
  0.19463E+02  0.14826E+02  0.11073E+02  0.82120E+01  0.61300E+01  0.36128E+01
  0.22925E+01  0.15029E+01  0.10177E+01  0.74566E+00  0.60050E+00  0.50578E+00
  0.42311E+00  0.34936E+00  0.29130E+00  0.24847E+00  0.21460E+00  0.18506E+00
  0.15898E+00  0.13671E+00  0.11767E+00  0.10064E+00  0.85091E-01  0.71482E-01
  0.60495E-01  0.52312E-01  0.46629E-01  0.43067E-01  0.41396E-01  0.41427E-01
  0.42820E-01  0.45066E-01  0.47625E-01  0.50038E-01  0.51943E-01  0.53016E-01
  0.52952E-01  0.51520E-01  0.48626E-01  0.44351E-01  0.38930E-01  0.32697E-01
  0.26047E-01  0.19406E-01  0.13227E-01  0.79664E-02  0.40544E-02  0.18512E-02
  0.16120E-02  0.34639E-02  0.73966E-02  0.13263E-01  0.20788E-01  0.29580E-01
  0.39148E-01  0.48931E-01  0.58327E-01  0.66737E-01  0.73603E-01  0.78451E-01
  0.80924E-01  0.80811E-01  0.78066E-01  0.72818E-01  0.65375E-01  0.56212E-01
  0.45951E-01  0.35337E-01  0.25198E-01  0.16401E-01  0.98082E-02  0.62249E-02
  0.63545E-02  0.10755E-01  0.19802E-01  0.33658E-01  0.52254E-01  0.75286E-01
  0.10222E+00  0.13230E+00  0.16460E+00  0.19804E+00  0.23143E+00  0.26357E+00
  0.29324E+00  0.31929E+00  0.34072E+00  0.35666E+00  0.36649E+00  0.36981E+00
  0.31935E+01  0.76953E+01
  0.57755E+02  0.55322E+02  0.48618E+02  0.39390E+02  0.29680E+02  0.21116E+02
  0.14514E+02  0.99192E+01  0.69158E+01  0.49783E+01  0.36849E+01  0.21172E+01
  0.13115E+01  0.92314E+00  0.69320E+00  0.51264E+00  0.38304E+00  0.30043E+00
  0.24235E+00  0.19730E+00  0.16340E+00  0.13756E+00  0.11680E+00  0.10053E+00
  0.88042E-01  0.77755E-01  0.68928E-01  0.61693E-01  0.55828E-01  0.50751E-01
  0.46196E-01  0.42177E-01  0.38611E-01  0.35337E-01  0.32293E-01  0.29463E-01
  0.26799E-01  0.24274E-01  0.21920E-01  0.19773E-01  0.17833E-01  0.16101E-01
  0.14613E-01  0.13414E-01  0.12526E-01  0.11951E-01  0.11689E-01  0.11743E-01
  0.12100E-01  0.12729E-01  0.13584E-01  0.14617E-01  0.15765E-01  0.16956E-01
  0.18110E-01  0.19149E-01  0.19998E-01  0.20589E-01  0.20862E-01  0.20764E-01
  0.20264E-01  0.19349E-01  0.18034E-01  0.16352E-01  0.14361E-01  0.12144E-01
  0.98050E-02  0.74703E-02  0.52820E-02  0.33925E-02  0.19619E-02  0.11519E-02
  0.11181E-02  0.20046E-02  0.39379E-02  0.70196E-02  0.11321E-01  0.16882E-01
  0.23704E-01  0.31750E-01  0.40942E-01  0.51157E-01  0.62236E-01  0.73989E-01
  0.86199E-01  0.98616E-01  0.11097E+00  0.12299E+00  0.13439E+00  0.14492E+00
  0.15432E+00  0.16235E+00  0.16881E+00  0.17355E+00  0.17644E+00  0.17740E+00
  0.23257E+01  0.10566E+02
  0.66637E+02  0.62673E+02  0.52207E+02  0.38955E+02  0.26608E+02  0.17245E+02
  0.11103E+02  0.73742E+01  0.51056E+01  0.36423E+01  0.26493E+01  0.15240E+01
  0.10137E+01  0.69922E+00  0.48664E+00  0.36263E+00  0.28031E+00  0.21933E+00
  0.17648E+00  0.14476E+00  0.12048E+00  0.10188E+00  0.86790E-01  0.74683E-01
  0.65071E-01  0.56890E-01  0.49917E-01  0.44170E-01  0.39243E-01  0.34927E-01
  0.31229E-01  0.28037E-01  0.25253E-01  0.22849E-01  0.20775E-01  0.18999E-01
  0.17511E-01  0.16271E-01  0.15244E-01  0.14425E-01  0.13801E-01  0.13338E-01
  0.13007E-01  0.12795E-01  0.12680E-01  0.12630E-01  0.12622E-01  0.12634E-01
  0.12643E-01  0.12626E-01  0.12562E-01  0.12435E-01  0.12230E-01  0.11935E-01
  0.11544E-01  0.11054E-01  0.10466E-01  0.97887E-02  0.90355E-02  0.82232E-02
  0.73735E-02  0.65134E-02  0.56726E-02  0.48852E-02  0.41876E-02  0.36175E-02
  0.32135E-02  0.30131E-02  0.30528E-02  0.33671E-02  0.39851E-02  0.49324E-02
  0.62287E-02  0.78859E-02  0.99108E-02  0.12303E-01  0.15048E-01  0.18126E-01
  0.21510E-01  0.25166E-01  0.29052E-01  0.33116E-01  0.37302E-01  0.41553E-01
  0.45798E-01  0.49968E-01  0.54005E-01  0.57844E-01  0.61401E-01  0.64617E-01
  0.67448E-01  0.69844E-01  0.71752E-01  0.73128E-01  0.73947E-01  0.74215E-01
  0.19083E+01  0.12877E+02
  0.73318E+02  0.67751E+02  0.53642E+02  0.37155E+02  0.23440E+02  0.14315E+02
  0.89862E+01  0.59386E+01  0.40788E+01  0.28721E+01  0.20871E+01  0.12551E+01
  0.81119E+00  0.53896E+00  0.38954E+00  0.28952E+00  0.22089E+00  0.17456E+00
  0.14016E+00  0.11462E+00  0.94948E-01  0.79775E-01  0.67765E-01  0.57872E-01
  0.49999E-01  0.43499E-01  0.38020E-01  0.33538E-01  0.29758E-01  0.26548E-01
  0.23868E-01  0.21604E-01  0.19698E-01  0.18094E-01  0.16747E-01  0.15627E-01
  0.14685E-01  0.13896E-01  0.13244E-01  0.12693E-01  0.12218E-01  0.11810E-01
  0.11446E-01  0.11109E-01  0.10789E-01  0.10472E-01  0.10148E-01  0.98095E-02
  0.94497E-02  0.90655E-02  0.86551E-02  0.82187E-02  0.77589E-02  0.72801E-02
  0.67874E-02  0.62868E-02  0.57889E-02  0.53039E-02  0.48412E-02  0.44130E-02
  0.40331E-02  0.37145E-02  0.34684E-02  0.33060E-02  0.32388E-02  0.32786E-02
  0.34365E-02  0.37196E-02  0.41331E-02  0.46827E-02  0.53713E-02  0.61997E-02
  0.71660E-02  0.82654E-02  0.94925E-02  0.10839E-01  0.12292E-01  0.13839E-01
  0.15469E-01  0.17162E-01  0.18895E-01  0.20653E-01  0.22417E-01  0.24164E-01
  0.25871E-01  0.27516E-01  0.29079E-01  0.30541E-01  0.31884E-01  0.33089E-01
  0.34131E-01  0.35002E-01  0.35702E-01  0.36207E-01  0.36502E-01  0.36598E-01
  0.16499E+01  0.14895E+02
  0.78727E+02  0.71511E+02  0.53937E+02  0.34928E+02  0.20693E+02  0.12210E+02
  0.76075E+01  0.50031E+01  0.33991E+01  0.23880E+01  0.17613E+01  0.10593E+01
  0.66078E+00  0.45275E+00  0.32329E+00  0.23891E+00  0.18391E+00  0.14405E+00
  0.11545E+00  0.94041E-01  0.77830E-01  0.65032E-01  0.55084E-01  0.47096E-01
  0.40581E-01  0.35368E-01  0.31013E-01  0.27437E-01  0.24474E-01  0.21985E-01
  0.19914E-01  0.18167E-01  0.16692E-01  0.15439E-01  0.14371E-01  0.13453E-01
  0.12654E-01  0.11955E-01  0.11331E-01  0.10770E-01  0.10258E-01  0.97777E-02
  0.93217E-02  0.88829E-02  0.84534E-02  0.80322E-02  0.76154E-02  0.72016E-02
  0.67913E-02  0.63838E-02  0.59810E-02  0.55861E-02  0.52021E-02  0.48333E-02
  0.44853E-02  0.41605E-02  0.38649E-02  0.36053E-02  0.33846E-02  0.32070E-02
  0.30776E-02  0.30031E-02  0.29881E-02  0.30317E-02  0.31352E-02  0.33060E-02
  0.35448E-02  0.38492E-02  0.42203E-02  0.46556E-02  0.51546E-02  0.57154E-02
  0.63333E-02  0.70037E-02  0.77214E-02  0.84812E-02  0.92760E-02  0.10099E-01
  0.10944E-01  0.11802E-01  0.12662E-01  0.13520E-01  0.14367E-01  0.15191E-01
  0.15984E-01  0.16742E-01  0.17456E-01  0.18113E-01  0.18711E-01  0.19248E-01
  0.19709E-01  0.20096E-01  0.20399E-01  0.20613E-01  0.20751E-01  0.20802E-01
  0.14695E+01  0.16723E+02
  0.83298E+02  0.74400E+02  0.53562E+02  0.32640E+02  0.18425E+02  0.10677E+02
  0.66330E+01  0.43263E+01  0.29186E+01  0.20660E+01  0.15376E+01  0.89775E+00
  0.56745E+00  0.38824E+00  0.27465E+00  0.20496E+00  0.15615E+00  0.12245E+00
  0.97892E-01  0.79655E-01  0.65709E-01  0.55034E-01  0.46518E-01  0.39852E-01
  0.34426E-01  0.30027E-01  0.26443E-01  0.23460E-01  0.21004E-01  0.18932E-01
  0.17188E-01  0.15706E-01  0.14436E-01  0.13338E-01  0.12380E-01  0.11536E-01
  0.10786E-01  0.10110E-01  0.94951E-02  0.89280E-02  0.84007E-02  0.79063E-02
  0.74366E-02  0.69921E-02  0.65685E-02  0.61589E-02  0.57689E-02  0.53964E-02
  0.50388E-02  0.47000E-02  0.43812E-02  0.40829E-02  0.38080E-02  0.35573E-02
  0.33337E-02  0.31396E-02  0.29752E-02  0.28441E-02  0.27483E-02  0.26880E-02
  0.26619E-02  0.26744E-02  0.27283E-02  0.28191E-02  0.29468E-02  0.31127E-02
  0.33181E-02  0.35622E-02  0.38361E-02  0.41419E-02  0.44807E-02  0.48476E-02
  0.52403E-02  0.56536E-02  0.60857E-02  0.65341E-02  0.69946E-02  0.74641E-02
  0.79384E-02  0.84127E-02  0.88826E-02  0.93441E-02  0.97938E-02  0.10228E-01
  0.10643E-01  0.11036E-01  0.11402E-01  0.11739E-01  0.12046E-01  0.12314E-01
  0.12546E-01  0.12743E-01  0.12892E-01  0.13001E-01  0.13071E-01  0.13095E-01
  0.13338E+01  0.18424E+02
  0.87265E+02  0.76665E+02  0.52772E+02  0.30447E+02  0.16574E+02  0.95217E+01
  0.58929E+01  0.38077E+01  0.25668E+01  0.18316E+01  0.13564E+01  0.77852E+00
  0.50029E+00  0.33638E+00  0.24090E+00  0.17800E+00  0.13593E+00  0.10636E+00
  0.84979E-01  0.69071E-01  0.57060E-01  0.47706E-01  0.40460E-01  0.34623E-01
  0.29991E-01  0.26182E-01  0.23087E-01  0.20509E-01  0.18358E-01  0.16545E-01
  0.15001E-01  0.13676E-01  0.12528E-01  0.11524E-01  0.10638E-01  0.98493E-02
  0.91413E-02  0.84970E-02  0.79129E-02  0.73712E-02  0.68719E-02  0.64099E-02
  0.59758E-02  0.55720E-02  0.51908E-02  0.48349E-02  0.45044E-02  0.41947E-02
  0.39096E-02  0.36471E-02  0.34061E-02  0.31897E-02  0.29973E-02  0.28296E-02
  0.26868E-02  0.25694E-02  0.24782E-02  0.24134E-02  0.23728E-02  0.23596E-02
  0.23751E-02  0.24133E-02  0.24756E-02  0.25645E-02  0.26783E-02  0.28122E-02
  0.29655E-02  0.31437E-02  0.33404E-02  0.35547E-02  0.37804E-02  0.40218E-02
  0.42789E-02  0.45435E-02  0.48159E-02  0.50926E-02  0.53733E-02  0.56571E-02
  0.59403E-02  0.62225E-02  0.64987E-02  0.67659E-02  0.70248E-02  0.72730E-02
  0.75084E-02  0.77312E-02  0.79388E-02  0.81292E-02  0.83009E-02  0.84522E-02
  0.85816E-02  0.86885E-02  0.87725E-02  0.88332E-02  0.88699E-02  0.88821E-02
  0.12272E+01  0.20025E+02
  0.90765E+02  0.78450E+02  0.51717E+02  0.28413E+02  0.15063E+02  0.86184E+01
  0.53014E+01  0.33989E+01  0.22994E+01  0.16433E+01  0.12030E+01  0.69362E+00
  0.44335E+00  0.29871E+00  0.21357E+00  0.15753E+00  0.12031E+00  0.94048E-01
  0.75109E-01  0.61083E-01  0.50404E-01  0.42225E-01  0.35754E-01  0.30663E-01
  0.26521E-01  0.23183E-01  0.20411E-01  0.18120E-01  0.16187E-01  0.14555E-01
  0.13153E-01  0.11944E-01  0.10890E-01  0.99643E-02  0.91461E-02  0.84140E-02
  0.77584E-02  0.71635E-02  0.66247E-02  0.61315E-02  0.56808E-02  0.52646E-02
  0.48801E-02  0.45290E-02  0.42039E-02  0.39080E-02  0.36356E-02  0.33848E-02
  0.31602E-02  0.29564E-02  0.27765E-02  0.26191E-02  0.24820E-02  0.23668E-02
  0.22725E-02  0.21993E-02  0.21458E-02  0.21120E-02  0.20998E-02  0.21037E-02
  0.21257E-02  0.21675E-02  0.22259E-02  0.22979E-02  0.23849E-02  0.24911E-02
  0.26060E-02  0.27313E-02  0.28683E-02  0.30187E-02  0.31757E-02  0.33369E-02
  0.35052E-02  0.36814E-02  0.38602E-02  0.40401E-02  0.42194E-02  0.43988E-02
  0.45760E-02  0.47534E-02  0.49270E-02  0.50922E-02  0.52516E-02  0.54020E-02
  0.55452E-02  0.56778E-02  0.58038E-02  0.59178E-02  0.60209E-02  0.61142E-02
  0.61914E-02  0.62546E-02  0.63067E-02  0.63403E-02  0.63639E-02  0.63760E-02
  0.11408E+01  0.21541E+02
  0.93906E+02  0.79869E+02  0.50502E+02  0.26561E+02  0.13819E+02  0.78864E+01
  0.48128E+01  0.30712E+01  0.20861E+01  0.14836E+01  0.10768E+01  0.62799E+00
  0.39633E+00  0.26970E+00  0.19112E+00  0.14162E+00  0.10781E+00  0.84342E-01
  0.67338E-01  0.54705E-01  0.45191E-01  0.37789E-01  0.32029E-01  0.27416E-01
  0.23722E-01  0.20686E-01  0.18190E-01  0.16102E-01  0.14349E-01  0.12856E-01
  0.11574E-01  0.10465E-01  0.94973E-02  0.86471E-02  0.78952E-02  0.72240E-02
  0.66273E-02  0.60868E-02  0.56021E-02  0.51577E-02  0.47591E-02  0.43943E-02
  0.40650E-02  0.37645E-02  0.34886E-02  0.32431E-02  0.30169E-02  0.28185E-02
  0.26409E-02  0.24820E-02  0.23453E-02  0.22257E-02  0.21255E-02  0.20428E-02
  0.19774E-02  0.19286E-02  0.18950E-02  0.18779E-02  0.18731E-02  0.18835E-02
  0.19071E-02  0.19412E-02  0.19874E-02  0.20470E-02  0.21131E-02  0.21865E-02
  0.22722E-02  0.23667E-02  0.24625E-02  0.25659E-02  0.26764E-02  0.27898E-02
  0.29053E-02  0.30211E-02  0.31404E-02  0.32601E-02  0.33837E-02  0.35007E-02
  0.36163E-02  0.37309E-02  0.38425E-02  0.39519E-02  0.40563E-02  0.41555E-02
  0.42449E-02  0.43307E-02  0.44094E-02  0.44803E-02  0.45462E-02  0.46004E-02
  0.46513E-02  0.46952E-02  0.47258E-02  0.47532E-02  0.47666E-02  0.47615E-02
  0.10688E+01  0.22992E+02
  0.96758E+02  0.80996E+02  0.49194E+02  0.24891E+02  0.12784E+02  0.72753E+01
  0.44016E+01  0.28043E+01  0.19082E+01  0.13468E+01  0.97599E+00  0.57206E+00
  0.35973E+00  0.24482E+00  0.17354E+00  0.12833E+00  0.97801E-01  0.76414E-01
  0.60967E-01  0.49541E-01  0.40843E-01  0.34172E-01  0.28897E-01  0.24723E-01
  0.21338E-01  0.18575E-01  0.16290E-01  0.14382E-01  0.12772E-01  0.11400E-01
  0.10224E-01  0.92060E-02  0.83203E-02  0.75431E-02  0.68579E-02  0.62487E-02
  0.57085E-02  0.52234E-02  0.47898E-02  0.43978E-02  0.40483E-02  0.37307E-02
  0.34471E-02  0.31905E-02  0.29582E-02  0.27528E-02  0.25673E-02  0.24071E-02
  0.22622E-02  0.21372E-02  0.20286E-02  0.19362E-02  0.18614E-02  0.17991E-02
  0.17510E-02  0.17157E-02  0.16932E-02  0.16811E-02  0.16811E-02  0.16913E-02
  0.17094E-02  0.17368E-02  0.17748E-02  0.18165E-02  0.18661E-02  0.19241E-02
  0.19864E-02  0.20492E-02  0.21212E-02  0.21961E-02  0.22732E-02  0.23483E-02
  0.24325E-02  0.25157E-02  0.25986E-02  0.26787E-02  0.27606E-02  0.28405E-02
  0.29235E-02  0.30012E-02  0.30736E-02  0.31457E-02  0.32133E-02  0.32789E-02
  0.33416E-02  0.34016E-02  0.34526E-02  0.35050E-02  0.35435E-02  0.35807E-02
  0.36126E-02  0.36347E-02  0.36582E-02  0.36726E-02  0.36812E-02  0.36982E-02
  0.10076E+01  0.24390E+02
  0.10806E+03  0.83734E+02  0.42450E+02  0.18829E+02  0.94410E+01  0.52112E+01
  0.30712E+01  0.19632E+01  0.13157E+01  0.92631E+00  0.67717E+00  0.39116E+00
  0.24694E+00  0.16704E+00  0.11833E+00  0.87029E-01  0.66007E-01  0.51271E-01
  0.40638E-01  0.32759E-01  0.26794E-01  0.22196E-01  0.18585E-01  0.15718E-01
  0.13410E-01  0.11521E-01  0.99695E-02  0.86811E-02  0.76023E-02  0.66916E-02
  0.59196E-02  0.52623E-02  0.46946E-02  0.42054E-02  0.37824E-02  0.34156E-02
  0.30949E-02  0.28149E-02  0.25714E-02  0.23553E-02  0.21676E-02  0.20003E-02
  0.18563E-02  0.17296E-02  0.16161E-02  0.15198E-02  0.14321E-02  0.13621E-02
  0.12950E-02  0.12411E-02  0.11923E-02  0.11554E-02  0.11216E-02  0.10956E-02
  0.10720E-02  0.10565E-02  0.10432E-02  0.10351E-02  0.10309E-02  0.10284E-02
  0.10295E-02  0.10329E-02  0.10389E-02  0.10465E-02  0.10563E-02  0.10669E-02
  0.10790E-02  0.10926E-02  0.11062E-02  0.11206E-02  0.11374E-02  0.11529E-02
  0.11674E-02  0.11853E-02  0.12019E-02  0.12166E-02  0.12323E-02  0.12491E-02
  0.12648E-02  0.12798E-02  0.12927E-02  0.13055E-02  0.13197E-02  0.13339E-02
  0.13452E-02  0.13553E-02  0.13639E-02  0.13707E-02  0.13811E-02  0.13862E-02
  0.13933E-02  0.13949E-02  0.14010E-02  0.14008E-02  0.14059E-02  0.13937E-02
  0.79897E+00  0.30758E+02
  0.11643E+03  0.83792E+02  0.36582E+02  0.15257E+02  0.75185E+01  0.40113E+01
  0.23672E+01  0.15003E+01  0.10084E+01  0.70657E+00  0.51293E+00  0.29613E+00
  0.18687E+00  0.12557E+00  0.88380E-01  0.64532E-01  0.48527E-01  0.37359E-01
  0.29331E-01  0.23415E-01  0.18965E-01  0.15552E-01  0.12896E-01  0.10800E-01
  0.91246E-02  0.77707E-02  0.66694E-02  0.57636E-02  0.50115E-02  0.43823E-02
  0.38553E-02  0.34115E-02  0.30338E-02  0.27115E-02  0.24358E-02  0.21982E-02
  0.19935E-02  0.18159E-02  0.16617E-02  0.15286E-02  0.14111E-02  0.13099E-02
  0.12212E-02  0.11422E-02  0.10744E-02  0.10167E-02  0.96150E-03  0.91763E-03
  0.87734E-03  0.84234E-03  0.81472E-03  0.78429E-03  0.76410E-03  0.74380E-03
  0.72872E-03  0.71256E-03  0.70148E-03  0.69162E-03  0.68402E-03  0.67727E-03
  0.67221E-03  0.66712E-03  0.66572E-03  0.66293E-03  0.66346E-03  0.66230E-03
  0.66263E-03  0.66361E-03  0.66475E-03  0.66744E-03  0.66991E-03  0.67242E-03
  0.67518E-03  0.67781E-03  0.68068E-03  0.68388E-03  0.68683E-03  0.69024E-03
  0.69365E-03  0.69673E-03  0.69961E-03  0.70289E-03  0.70507E-03  0.70805E-03
  0.71036E-03  0.71218E-03  0.71452E-03  0.71716E-03  0.71812E-03  0.72034E-03
  0.72186E-03  0.72300E-03  0.72606E-03  0.72518E-03  0.72968E-03  0.71979E-03
  0.67523E+00  0.36394E+02
  0.12311E+03  0.82528E+02  0.31909E+02  0.12945E+02  0.61901E+01  0.32614E+01
  0.19228E+01  0.12158E+01  0.81301E+00  0.56779E+00  0.41313E+00  0.23728E+00
  0.14860E+00  0.99083E-01  0.69196E-01  0.50135E-01  0.37373E-01  0.28529E-01
  0.22210E-01  0.17585E-01  0.14131E-01  0.11503E-01  0.94750E-02  0.78790E-02
  0.66214E-02  0.56101E-02  0.47946E-02  0.41300E-02  0.35806E-02  0.31238E-02
  0.27421E-02  0.24253E-02  0.21575E-02  0.19298E-02  0.17345E-02  0.15674E-02
  0.14243E-02  0.13007E-02  0.11932E-02  0.11005E-02  0.10195E-02  0.94743E-03
  0.88503E-03  0.83174E-03  0.78404E-03  0.74025E-03  0.70333E-03  0.67158E-03
  0.64084E-03  0.61545E-03  0.59422E-03  0.57235E-03  0.55572E-03  0.53874E-03
  0.52403E-03  0.51402E-03  0.50189E-03  0.49331E-03  0.48296E-03  0.47726E-03
  0.46997E-03  0.46446E-03  0.45961E-03  0.45493E-03  0.45171E-03  0.44878E-03
  0.44574E-03  0.44371E-03  0.44091E-03  0.44033E-03  0.43846E-03  0.43765E-03
  0.43812E-03  0.43537E-03  0.43533E-03  0.43532E-03  0.43497E-03  0.43473E-03
  0.43604E-03  0.43576E-03  0.43497E-03  0.43518E-03  0.43609E-03  0.43629E-03
  0.43551E-03  0.43541E-03  0.43612E-03  0.43711E-03  0.43791E-03  0.43830E-03
  0.43824E-03  0.43777E-03  0.43703E-03  0.43616E-03  0.43592E-03  0.43608E-03
  0.59157E+00  0.41541E+02
  0.12872E+03  0.80589E+02  0.28261E+02  0.11280E+02  0.52218E+01  0.27550E+01
  0.16155E+01  0.10188E+01  0.67738E+00  0.47376E+00  0.34206E+00  0.19552E+00
  0.12177E+00  0.80657E-01  0.55941E-01  0.40211E-01  0.29753E-01  0.22547E-01
  0.17435E-01  0.13719E-01  0.10961E-01  0.88771E-02  0.72753E-02  0.60339E-02
  0.50526E-02  0.42679E-02  0.36431E-02  0.31309E-02  0.27120E-02  0.23667E-02
  0.20757E-02  0.18365E-02  0.16350E-02  0.14625E-02  0.13173E-02  0.11932E-02
  0.10861E-02  0.99309E-03  0.91233E-03  0.84236E-03  0.78136E-03  0.72748E-03
  0.68012E-03  0.63890E-03  0.60294E-03  0.57033E-03  0.54023E-03  0.51482E-03
  0.49258E-03  0.47221E-03  0.45319E-03  0.43682E-03  0.42346E-03  0.40867E-03
  0.39735E-03  0.38686E-03  0.37502E-03  0.36918E-03  0.36010E-03  0.35220E-03
  0.34768E-03  0.34035E-03  0.33731E-03  0.33038E-03  0.32705E-03  0.32218E-03
  0.32074E-03  0.31602E-03  0.31459E-03  0.31041E-03  0.30980E-03  0.30675E-03
  0.30522E-03  0.30424E-03  0.30127E-03  0.30149E-03  0.29901E-03  0.29697E-03
  0.29781E-03  0.29708E-03  0.29619E-03  0.29507E-03  0.29499E-03  0.29474E-03
  0.29264E-03  0.29196E-03  0.29211E-03  0.29252E-03  0.29349E-03  0.29304E-03
  0.29168E-03  0.29166E-03  0.29163E-03  0.28979E-03  0.29018E-03  0.29303E-03
  0.52983E+00  0.46382E+02