  0.35210E+01  0.35164E+01  0.35028E+01  0.34801E+01  0.34485E+01  0.34084E+01
  0.33598E+01  0.33032E+01  0.32389E+01  0.31673E+01  0.30889E+01  0.29138E+01
  0.27180E+01  0.25062E+01  0.22835E+01  0.20548E+01  0.18253E+01  0.15994E+01
  0.13813E+01  0.11748E+01  0.98289E+00  0.80785E+00  0.65134E+00  0.51427E+00
  0.39688E+00  0.29880E+00  0.21907E+00  0.15633E+00  0.10882E+00  0.74585E-01
  0.51496E-01  0.37412E-01  0.30249E-01  0.28061E-01  0.29112E-01  0.31914E-01
  0.35266E-01  0.38260E-01  0.40279E-01  0.40981E-01  0.40267E-01  0.38238E-01
  0.35156E-01  0.31390E-01  0.27366E-01  0.23523E-01  0.20268E-01  0.17941E-01
  0.16788E-01  0.16943E-01  0.18419E-01  0.21111E-01  0.24803E-01  0.29186E-01
  0.33887E-01  0.38493E-01  0.42587E-01  0.45781E-01  0.47749E-01  0.48260E-01
  0.47200E-01  0.44600E-01  0.40646E-01  0.35687E-01  0.30238E-01  0.24964E-01
  0.20669E-01  0.18272E-01  0.18771E-01  0.23213E-01  0.32651E-01  0.48101E-01
  0.70501E-01  0.10067E+00  0.13925E+00  0.18671E+00  0.24327E+00  0.30891E+00
  0.38334E+00  0.46599E+00  0.55602E+00  0.65233E+00  0.75358E+00  0.85821E+00
  0.96449E+00  0.10705E+01  0.11744E+01  0.12741E+01  0.13677E+01  0.14532E+01
  0.15289E+01  0.15932E+01  0.16447E+01  0.16824E+01  0.17053E+01  0.17129E+01
  0.36220E+01  0.97798E+01
  0.73888E+01  0.73715E+01  0.73193E+01  0.72330E+01  0.71136E+01  0.69628E+01
  0.67824E+01  0.65745E+01  0.63418E+01  0.60871E+01  0.58133E+01  0.52216E+01
  0.45932E+01  0.39545E+01  0.33309E+01  0.27443E+01  0.22129E+01  0.17500E+01
  0.13641E+01  0.10583E+01  0.83142E+00  0.67799E+00  0.58962E+00  0.55568E+00
  0.56434E+00  0.60343E+00  0.66125E+00  0.72721E+00  0.79223E+00  0.84901E+00
  0.89216E+00  0.91816E+00  0.92519E+00  0.91293E+00  0.88232E+00  0.83526E+00
  0.77437E+00  0.70274E+00  0.62374E+00  0.54082E+00  0.45741E+00  0.37677E+00
  0.30192E+00  0.23558E+00  0.18006E+00  0.13726E+00  0.10859E+00  0.94955E-01
  0.96696E-01  0.11359E+00  0.14486E+00  0.18916E+00  0.24461E+00  0.30889E+00
  0.37929E+00  0.45281E+00  0.52627E+00  0.59645E+00  0.66024E+00  0.71472E+00
  0.75737E+00  0.78612E+00  0.79949E+00  0.79668E+00  0.77759E+00  0.74289E+00
  0.69396E+00  0.63289E+00  0.56241E+00  0.48577E+00  0.40663E+00  0.32893E+00
  0.25671E+00  0.19395E+00  0.14444E+00  0.11158E+00  0.98235E-01  0.10664E+00
  0.13825E+00  0.19370E+00  0.27275E+00  0.37425E+00  0.49621E+00  0.63579E+00
  0.78945E+00  0.95304E+00  0.11219E+01  0.12912E+01  0.14558E+01  0.16106E+01
  0.17510E+01  0.18725E+01  0.19712E+01  0.20441E+01  0.20888E+01  0.21038E+01
  0.87268E+01  0.40591E+01
  0.98246E+01  0.97980E+01  0.97177E+01  0.95856E+01  0.94038E+01  0.91757E+01
  0.89050E+01  0.85964E+01  0.82551E+01  0.78864E+01  0.74963E+01  0.66753E+01
  0.58388E+01  0.50292E+01  0.42813E+01  0.36203E+01  0.30607E+01  0.26065E+01
  0.22524E+01  0.19861E+01  0.17910E+01  0.16483E+01  0.15395E+01  0.14488E+01
  0.13636E+01  0.12755E+01  0.11801E+01  0.10767E+01  0.96723E+00  0.85551E+00
  0.74609E+00  0.64349E+00  0.55151E+00  0.47284E+00  0.40884E+00  0.35966E+00
  0.32430E+00  0.30102E+00  0.28756E+00  0.28150E+00  0.28052E+00  0.28263E+00
  0.28622E+00  0.29022E+00  0.29401E+00  0.29738E+00  0.30047E+00  0.30364E+00
  0.30735E+00  0.31208E+00  0.31823E+00  0.32605E+00  0.33562E+00  0.34679E+00
  0.35922E+00  0.37237E+00  0.38551E+00  0.39783E+00  0.40840E+00  0.41631E+00
  0.42064E+00  0.42061E+00  0.41556E+00  0.40502E+00  0.38875E+00  0.36680E+00
  0.33948E+00  0.30740E+00  0.27145E+00  0.23280E+00  0.19285E+00  0.15317E+00
  0.11549E+00  0.81566E-01  0.53171E-01  0.31974E-01  0.19476E-01  0.16933E-01
  0.25287E-01  0.45111E-01  0.76558E-01  0.11934E+00  0.17272E+00  0.23552E+00
  0.30613E+00  0.38261E+00  0.46269E+00  0.54392E+00  0.62368E+00  0.69938E+00
  0.76847E+00  0.82861E+00  0.87771E+00  0.91407E+00  0.93641E+00  0.94392E+00
  0.84700E+01  0.41822E+01
  0.14360E+02  0.14314E+02  0.14178E+02  0.13953E+02  0.13645E+02  0.13260E+02
  0.12806E+02  0.12292E+02  0.11729E+02  0.11126E+02  0.10494E+02  0.91887E+01
  0.78950E+01  0.66817E+01  0.55992E+01  0.46767E+01  0.39228E+01  0.33283E+01
  0.28714E+01  0.25227E+01  0.22513E+01  0.20288E+01  0.18325E+01  0.16468E+01
  0.14634E+01  0.12803E+01  0.10998E+01  0.92702E+00  0.76782E+00  0.62739E+00
  0.50939E+00  0.41553E+00  0.34555E+00  0.29761E+00  0.26874E+00  0.25540E+00
  0.25391E+00  0.26085E+00  0.27328E+00  0.28880E+00  0.30560E+00  0.32232E+00
  0.33800E+00  0.35193E+00  0.36359E+00  0.37254E+00  0.37843E+00  0.38095E+00
  0.37988E+00  0.37511E+00  0.36661E+00  0.35454E+00  0.33919E+00  0.32098E+00
  0.30047E+00  0.27830E+00  0.25517E+00  0.23178E+00  0.20876E+00  0.18669E+00
  0.16602E+00  0.14706E+00  0.12997E+00  0.11480E+00  0.10144E+00  0.89707E-01
  0.79358E-01  0.70130E-01  0.61780E-01  0.54129E-01  0.47086E-01  0.40678E-01
  0.35056E-01  0.30499E-01  0.27398E-01  0.26237E-01  0.27553E-01  0.31900E-01
  0.39798E-01  0.51685E-01  0.67874E-01  0.88509E-01  0.11353E+00  0.14267E+00
  0.17542E+00  0.21106E+00  0.24865E+00  0.28710E+00  0.32519E+00  0.36165E+00
  0.39518E+00  0.42456E+00  0.44868E+00  0.46662E+00  0.47767E+00  0.48140E+00
  0.87300E+01  0.40576E+01
  0.24893E+02  0.24767E+02  0.24390E+02  0.23776E+02  0.22948E+02  0.21932E+02
  0.20763E+02  0.19478E+02  0.18114E+02  0.16709E+02  0.15300E+02  0.12586E+02
  0.10162E+02  0.81268E+01  0.64905E+01  0.52037E+01  0.41868E+01  0.33597E+01
  0.26606E+01  0.20536E+01  0.15259E+01  0.10797E+01  0.72198E+00  0.45717E+00
  0.28261E+00  0.18822E+00  0.15838E+00  0.17499E+00  0.22031E+00  0.27912E+00
  0.33966E+00  0.39382E+00  0.43663E+00  0.46554E+00  0.47969E+00  0.47932E+00
  0.46545E+00  0.43962E+00  0.40385E+00  0.36056E+00  0.31245E+00  0.26240E+00
  0.21320E+00  0.16735E+00  0.12683E+00  0.92985E-01  0.66403E-01  0.46993E-01
  0.34071E-01  0.26539E-01  0.23071E-01  0.22302E-01  0.22995E-01  0.24152E-01
  0.25086E-01  0.25435E-01  0.25144E-01  0.24408E-01  0.23598E-01  0.23174E-01
  0.23600E-01  0.25272E-01  0.28449E-01  0.33214E-01  0.39451E-01  0.46850E-01
  0.54925E-01  0.63058E-01  0.70558E-01  0.76725E-01  0.80921E-01  0.82637E-01
  0.81548E-01  0.77558E-01  0.70826E-01  0.61761E-01  0.51008E-01  0.39403E-01
  0.27913E-01  0.17564E-01  0.93603E-02  0.42004E-02  0.28027E-02  0.56406E-02
  0.12896E-01  0.24436E-01  0.39809E-01  0.58268E-01  0.78819E-01  0.10029E+00
  0.12139E+00  0.14084E+00  0.15742E+00  0.17008E+00  0.17802E+00  0.18071E+00
  0.76921E+01  0.46051E+01
  0.28582E+02  0.28364E+02  0.27714E+02  0.26668E+02  0.25279E+02  0.23613E+02
  0.21747E+02  0.19762E+02  0.17735E+02  0.15739E+02  0.13832E+02  0.10456E+02
  0.77989E+01  0.58434E+01  0.44457E+01  0.34247E+01  0.26298E+01  0.19704E+01
  0.14115E+01  0.95121E+00  0.59695E+00  0.35016E+00  0.20125E+00  0.13205E+00
  0.12117E+00  0.14863E+00  0.19840E+00  0.25877E+00  0.32130E+00  0.37960E+00
  0.42823E+00  0.46253E+00  0.47882E+00  0.47508E+00  0.45141E+00  0.41012E+00
  0.35544E+00  0.29272E+00  0.22765E+00  0.16548E+00  0.11046E+00  0.65578E-01
  0.32525E-01  0.11795E-01  0.28785E-02  0.44710E-02  0.14676E-01  0.31198E-01
  0.51536E-01  0.73163E-01  0.93717E-01  0.11117E+00  0.12395E+00  0.13108E+00
  0.13217E+00  0.12745E+00  0.11765E+00  0.10390E+00  0.87597E-01  0.70241E-01
  0.53271E-01  0.37945E-01  0.25233E-01  0.15755E-01  0.97536E-02  0.71015E-02
  0.73491E-02  0.97953E-02  0.13578E-01  0.17779E-01  0.21524E-01  0.24082E-01
  0.24945E-01  0.23888E-01  0.20998E-01  0.16679E-01  0.11625E-01  0.67599E-02
  0.31645E-02  0.19781E-02  0.42966E-02  0.11069E-01  0.23002E-01  0.40481E-01
  0.63517E-01  0.91715E-01  0.12428E+00  0.16005E+00  0.19755E+00  0.23511E+00
  0.27092E+00  0.30321E+00  0.33030E+00  0.35077E+00  0.36351E+00  0.36783E+00
  0.61468E+01  0.57628E+01
  0.31755E+02  0.31431E+02  0.30469E+02  0.28938E+02  0.26934E+02  0.24581E+02
  0.22014E+02  0.19367E+02  0.16763E+02  0.14303E+02  0.12063E+02  0.83983E+01
  0.58311E+01  0.41447E+01  0.30326E+01  0.22416E+01  0.16264E+01  0.11320E+01
  0.74967E+00  0.47786E+00  0.30554E+00  0.21190E+00  0.17341E+00  0.17023E+00
  0.18877E+00  0.22068E+00  0.26021E+00  0.30183E+00  0.33928E+00  0.36623E+00
  0.37772E+00  0.37140E+00  0.34793E+00  0.31039E+00  0.26333E+00  0.21160E+00
  0.15972E+00  0.11146E+00  0.69830E-01  0.37061E-01  0.14669E-01  0.33929E-02
  0.31323E-02  0.12928E-01  0.31028E-01  0.55061E-01  0.82293E-01  0.10991E+00
  0.13530E+00  0.15627E+00  0.17116E+00  0.17898E+00  0.17936E+00  0.17258E+00
  0.15942E+00  0.14115E+00  0.11932E+00  0.95710E-01  0.72100E-01  0.50186E-01
  0.31423E-01  0.16919E-01  0.73590E-02  0.29696E-02  0.35191E-02  0.83620E-02
  0.16515E-01  0.26762E-01  0.37770E-01  0.48221E-01  0.56926E-01  0.62933E-01
  0.65612E-01  0.64709E-01  0.60365E-01  0.53107E-01  0.43803E-01  0.33591E-01
  0.23783E-01  0.15757E-01  0.10841E-01  0.10198E-01  0.14727E-01  0.24978E-01
  0.41098E-01  0.62798E-01  0.89367E-01  0.11970E+00  0.15237E+00  0.18572E+00
  0.21798E+00  0.24735E+00  0.27217E+00  0.29102E+00  0.30279E+00  0.30678E+00
  0.51814E+01  0.68366E+01
  0.34592E+02  0.34154E+02  0.32863E+02  0.30826E+02  0.28202E+02  0.25182E+02
  0.21968E+02  0.18754E+02  0.15703E+02  0.12935E+02  0.10525E+02  0.68566E+01
  0.45342E+01  0.31262E+01  0.22257E+01  0.15836E+01  0.10978E+01  0.74111E+00
  0.50135E+00  0.35688E+00  0.27875E+00  0.24066E+00  0.22530E+00  0.22437E+00
  0.23443E+00  0.25217E+00  0.27233E+00  0.28837E+00  0.29477E+00  0.28877E+00
  0.27064E+00  0.24273E+00  0.20817E+00  0.17003E+00  0.13103E+00  0.93628E-01
  0.60156E-01  0.32808E-01  0.13393E-01  0.30502E-02  0.20417E-02  0.97318E-02
  0.24730E-01  0.45130E-01  0.68757E-01  0.93375E-01  0.11684E+00  0.13724E+00
  0.15295E+00  0.16280E+00  0.16610E+00  0.16271E+00  0.15304E+00  0.13802E+00
  0.11899E+00  0.97568E-01  0.75499E-01  0.54512E-01  0.36172E-01  0.21765E-01
  0.12211E-01  0.80053E-02  0.91964E-02  0.15399E-01  0.25835E-01  0.39405E-01
  0.54782E-01  0.70521E-01  0.85175E-01  0.97416E-01  0.10614E+00  0.11054E+00
  0.11022E+00  0.10515E+00  0.95737E-01  0.82778E-01  0.67380E-01  0.50896E-01
  0.34817E-01  0.20660E-01  0.98516E-02  0.36199E-02  0.28961E-02  0.82412E-02
  0.19797E-01  0.37266E-01  0.59925E-01  0.86668E-01  0.11607E+00  0.14650E+00
  0.17619E+00  0.20340E+00  0.22650E+00  0.24408E+00  0.25508E+00  0.25881E+00
  0.45662E+01  0.77576E+01
  0.37105E+02  0.36549E+02  0.34919E+02  0.32372E+02  0.29139E+02  0.25490E+02
  0.21702E+02  0.18025E+02  0.14651E+02  0.11708E+02  0.92522E+01  0.57500E+01
  0.37058E+01  0.25178E+01  0.17542E+01  0.12131E+01  0.83076E+00  0.58202E+00
  0.43597E+00  0.35495E+00  0.30756E+00  0.27643E+00  0.25637E+00  0.24698E+00
  0.24622E+00  0.24885E+00  0.24880E+00  0.24204E+00  0.22768E+00  0.20696E+00
  0.18177E+00  0.15373E+00  0.12418E+00  0.94526E-01  0.66558E-01  0.42278E-01
  0.23514E-01  0.11504E-01  0.67118E-02  0.88748E-02  0.17194E-01  0.30509E-01
  0.47414E-01  0.66321E-01  0.85529E-01  0.10333E+00  0.11816E+00  0.12875E+00
  0.13424E+00  0.13426E+00  0.12895E+00  0.11884E+00  0.10486E+00  0.88202E-01
  0.70227E-01  0.52371E-01  0.36041E-01  0.22511E-01  0.12827E-01  0.77268E-02
  0.75849E-02  0.12381E-01  0.21706E-01  0.34795E-01  0.50593E-01  0.67833E-01
  0.85141E-01  0.10114E+00  0.11455E+00  0.12428E+00  0.12955E+00  0.12988E+00
  0.12521E+00  0.11582E+00  0.10241E+00  0.85964E-01  0.67760E-01  0.49228E-01
  0.31877E-01  0.17183E-01  0.64854E-02  0.88901E-03  0.11845E-02  0.77866E-02
  0.20699E-01  0.39504E-01  0.63384E-01  0.91170E-01  0.12141E+00  0.15245E+00
  0.18255E+00  0.21001E+00  0.23323E+00  0.25087E+00  0.26189E+00  0.26562E+00
  0.41445E+01  0.85469E+01
  0.39367E+02  0.38690E+02  0.36713E+02  0.33656E+02  0.29829E+02  0.25593E+02
  0.21302E+02  0.17254E+02  0.13663E+02  0.10645E+02  0.82249E+01  0.49633E+01
  0.31675E+01  0.21329E+01  0.14590E+01  0.99773E+00  0.70097E+00  0.52874E+00
  0.43289E+00  0.37249E+00  0.32584E+00  0.28843E+00  0.26214E+00  0.24617E+00
  0.23551E+00  0.22446E+00  0.21001E+00  0.19204E+00  0.17168E+00  0.14979E+00
  0.12674E+00  0.10293E+00  0.79375E-01  0.57666E-01  0.39455E-01  0.25955E-01
  0.17736E-01  0.14829E-01  0.16915E-01  0.23438E-01  0.33600E-01  0.46334E-01
  0.60346E-01  0.74233E-01  0.86655E-01  0.96485E-01  0.10289E+00  0.10539E+00
  0.10380E+00  0.98267E-01  0.89220E-01  0.77364E-01  0.63637E-01  0.49141E-01
  0.35061E-01  0.22559E-01  0.12678E-01  0.62599E-02  0.38771E-02  0.57959E-02
  0.11957E-01  0.21983E-01  0.35205E-01  0.50710E-01  0.67406E-01  0.84097E-01
  0.99570E-01  0.11268E+00  0.12245E+00  0.12812E+00  0.12922E+00  0.12562E+00
  0.11753E+00  0.10549E+00  0.90351E-01  0.73236E-01  0.55434E-01  0.38344E-01
  0.23371E-01  0.11837E-01  0.48889E-02  0.34206E-02  0.80064E-02  0.18857E-01
  0.35797E-01  0.58267E-01  0.85349E-01  0.11582E+00  0.14821E+00  0.18090E+00
  0.21221E+00  0.24049E+00  0.26425E+00  0.28220E+00  0.29338E+00  0.29717E+00
  0.38358E+01  0.92347E+01
  0.41442E+02  0.40640E+02  0.38311E+02  0.34741E+02  0.30338E+02  0.25556E+02
  0.20826E+02  0.16488E+02  0.12763E+02  0.97396E+01  0.74032E+01  0.43986E+01
  0.28008E+01  0.18691E+01  0.12621E+01  0.87065E+00  0.64185E+00  0.51667E+00
  0.43952E+00  0.37796E+00  0.32445E+00  0.28255E+00  0.25330E+00  0.23208E+00
  0.21312E+00  0.19359E+00  0.17351E+00  0.15360E+00  0.13391E+00  0.11399E+00
  0.93842E-01  0.74361E-01  0.56908E-01  0.42656E-01  0.32219E-01  0.25746E-01
  0.23158E-01  0.24264E-01  0.28701E-01  0.35838E-01  0.44772E-01  0.54451E-01
  0.63837E-01  0.72023E-01  0.78273E-01  0.82026E-01  0.82895E-01  0.80703E-01
  0.75514E-01  0.67666E-01  0.57744E-01  0.46535E-01  0.34940E-01  0.23900E-01
  0.14320E-01  0.70007E-02  0.25932E-02  0.15476E-02  0.40800E-02  0.10151E-01
  0.19460E-01  0.31465E-01  0.45410E-01  0.60386E-01  0.75386E-01  0.89382E-01
  0.10140E+00  0.11057E+00  0.11622E+00  0.11792E+00  0.11549E+00  0.10905E+00
  0.99015E-01  0.86074E-01  0.71151E-01  0.55353E-01  0.39909E-01  0.26089E-01
  0.15126E-01  0.81361E-02  0.60438E-02  0.95191E-02  0.18926E-01  0.34293E-01
  0.55296E-01  0.81273E-01  0.11125E+00  0.14399E+00  0.17807E+00  0.21191E+00
  0.24394E+00  0.27261E+00  0.29653E+00  0.31452E+00  0.32569E+00  0.32947E+00
  0.35975E+01  0.98467E+01
  0.43372E+02  0.42443E+02  0.39754E+02  0.35674E+02  0.30711E+02  0.25422E+02
  0.20310E+02  0.15751E+02  0.11954E+02  0.89740E+01  0.67454E+01  0.39827E+01
  0.25337E+01  0.16741E+01  0.11252E+01  0.79568E+00  0.61636E+00  0.51399E+00
  0.43705E+00  0.36816E+00  0.31065E+00  0.26829E+00  0.23750E+00  0.21196E+00
  0.18822E+00  0.16605E+00  0.14587E+00  0.12716E+00  0.10898E+00  0.91082E-01
  0.74242E-01  0.59567E-01  0.47772E-01  0.39036E-01  0.33291E-01  0.30468E-01
  0.30471E-01  0.33017E-01  0.37551E-01  0.43337E-01  0.49610E-01  0.55679E-01
  0.60935E-01  0.64826E-01  0.66872E-01  0.66721E-01  0.64220E-01  0.59456E-01
  0.52739E-01  0.44558E-01  0.35518E-01  0.26294E-01  0.17590E-01  0.10098E-01
  0.44541E-02  0.11851E-02  0.66562E-03  0.30804E-02  0.84056E-02  0.16407E-01
  0.26656E-01  0.38552E-01  0.51368E-01  0.64290E-01  0.76472E-01  0.87097E-01
  0.95426E-01  0.10086E+00  0.10298E+00  0.10159E+00  0.96723E-01  0.88682E-01
  0.77994E-01  0.65407E-01  0.51842E-01  0.38346E-01  0.26031E-01  0.16004E-01
  0.93060E-02  0.68387E-02  0.93105E-02  0.17185E-01  0.30644E-01  0.49567E-01
  0.73529E-01  0.10181E+00  0.13342E+00  0.16717E+00  0.20171E+00  0.23557E+00
  0.26729E+00  0.29547E+00  0.31885E+00  0.33636E+00  0.34720E+00  0.35086E+00
  0.34054E+01  0.10402E+02
  0.45182E+02  0.44122E+02  0.41070E+02  0.36480E+02  0.30974E+02  0.25215E+02
  0.19774E+02  0.15050E+02  0.11231E+02  0.83254E+01  0.62139E+01  0.36644E+01
  0.23255E+01  0.15221E+01  0.10279E+01  0.75134E+00  0.60369E+00  0.50702E+00
  0.42300E+00  0.34911E+00  0.29218E+00  0.25111E+00  0.21903E+00  0.19104E+00
  0.16623E+00  0.14485E+00  0.12609E+00  0.10862E+00  0.91922E-01  0.76628E-01
  0.63611E-01  0.53236E-01  0.45377E-01  0.39841E-01  0.36581E-01  0.35549E-01
  0.36493E-01  0.38931E-01  0.42306E-01  0.46097E-01  0.49838E-01  0.53060E-01
  0.55289E-01  0.56111E-01  0.55257E-01  0.52651E-01  0.48403E-01  0.42762E-01
  0.36077E-01  0.28777E-01  0.21360E-01  0.14372E-01  0.83658E-02  0.38543E-02
  0.12602E-02  0.88209E-03  0.28721E-02  0.72250E-02  0.13775E-01  0.22204E-01
  0.32052E-01  0.42744E-01  0.53627E-01  0.64006E-01  0.73198E-01  0.80578E-01
  0.85622E-01  0.87951E-01  0.87354E-01  0.83820E-01  0.77538E-01  0.68901E-01
  0.58490E-01  0.47046E-01  0.35437E-01  0.24606E-01  0.15522E-01  0.91215E-02
  0.62546E-02  0.76309E-02  0.13772E-01  0.24975E-01  0.41283E-01  0.62473E-01
  0.88060E-01  0.11731E+00  0.14926E+00  0.18279E+00  0.21664E+00  0.24950E+00
  0.28003E+00  0.30699E+00  0.32925E+00  0.34587E+00  0.35613E+00  0.35959E+00
  0.32455E+01  0.10915E+02
  0.58966E+02  0.56471E+02  0.49604E+02  0.40155E+02  0.30221E+02  0.21471E+02
  0.14737E+02  0.10059E+02  0.70077E+01  0.50415E+01  0.37292E+01  0.21394E+01
  0.13259E+01  0.93649E+00  0.70496E+00  0.52165E+00  0.38991E+00  0.30576E+00
  0.24631E+00  0.20018E+00  0.16552E+00  0.13902E+00  0.11767E+00  0.10102E+00
  0.88320E-01  0.77904E-01  0.69035E-01  0.61851E-01  0.56106E-01  0.51196E-01
  0.46854E-01  0.43071E-01  0.39729E-01  0.36658E-01  0.33788E-01  0.31088E-01
  0.28487E-01  0.25950E-01  0.23511E-01  0.21206E-01  0.19035E-01  0.17007E-01
  0.15173E-01  0.13594E-01  0.12311E-01  0.11346E-01  0.10725E-01  0.10471E-01
  0.10591E-01  0.11070E-01  0.11878E-01  0.12976E-01  0.14303E-01  0.15786E-01
  0.17334E-01  0.18855E-01  0.20253E-01  0.21438E-01  0.22318E-01  0.22813E-01
  0.22858E-01  0.22413E-01  0.21463E-01  0.20019E-01  0.18122E-01  0.15843E-01
  0.13283E-01  0.10573E-01  0.78680E-02  0.53423E-02  0.31839E-02  0.15890E-02
  0.75245E-03  0.86060E-03  0.20833E-02  0.45649E-02  0.84170E-02  0.13713E-01
  0.20484E-01  0.28711E-01  0.38327E-01  0.49210E-01  0.61192E-01  0.74061E-01
  0.87567E-01  0.10142E+00  0.11531E+00  0.12891E+00  0.14189E+00  0.15392E+00
  0.16470E+00  0.17394E+00  0.18140E+00  0.18687E+00  0.19022E+00  0.19134E+00
  0.23661E+01  0.14971E+02
  0.68142E+02  0.64075E+02  0.53341E+02  0.39761E+02  0.27122E+02  0.17553E+02
  0.11288E+02  0.74903E+01  0.51811E+01  0.36916E+01  0.26817E+01  0.15422E+01
  0.10283E+01  0.70951E+00  0.49353E+00  0.36765E+00  0.28398E+00  0.22214E+00
  0.17872E+00  0.14654E+00  0.12204E+00  0.10334E+00  0.88160E-01  0.76022E-01
  0.66418E-01  0.58232E-01  0.51249E-01  0.45478E-01  0.40504E-01  0.36121E-01
  0.32331E-01  0.29018E-01  0.26096E-01  0.23540E-01  0.21299E-01  0.19348E-01
  0.17689E-01  0.16284E-01  0.15104E-01  0.14151E-01  0.13419E-01  0.12875E-01
  0.12497E-01  0.12274E-01  0.12182E-01  0.12193E-01  0.12280E-01  0.12418E-01
  0.12579E-01  0.12737E-01  0.12862E-01  0.12932E-01  0.12924E-01  0.12817E-01
  0.12598E-01  0.12255E-01  0.11782E-01  0.11183E-01  0.10465E-01  0.96416E-02
  0.87338E-02  0.77680E-02  0.67762E-02  0.57964E-02  0.48710E-02  0.40456E-02
  0.33681E-02  0.28864E-02  0.26491E-02  0.27026E-02  0.30885E-02  0.38447E-02
  0.50028E-02  0.65849E-02  0.86073E-02  0.11077E-01  0.13984E-01  0.17311E-01
  0.21032E-01  0.25110E-01  0.29498E-01  0.34135E-01  0.38956E-01  0.43891E-01
  0.48856E-01  0.53763E-01  0.58539E-01  0.63098E-01  0.67344E-01  0.71198E-01
  0.74598E-01  0.77481E-01  0.79780E-01  0.81445E-01  0.82442E-01  0.82771E-01
  0.19445E+01  0.18217E+02
  0.75040E+02  0.69325E+02  0.54847E+02  0.37944E+02  0.23902E+02  0.14576E+02
  0.91396E+01  0.60323E+01  0.41364E+01  0.29080E+01  0.21118E+01  0.12722E+01
  0.82266E+00  0.54649E+00  0.39521E+00  0.29388E+00  0.22445E+00  0.17749E+00
  0.14271E+00  0.11691E+00  0.96971E-01  0.81619E-01  0.69445E-01  0.59379E-01
  0.51351E-01  0.44695E-01  0.39057E-01  0.34418E-01  0.30481E-01  0.27123E-01
  0.24299E-01  0.21901E-01  0.19877E-01  0.18169E-01  0.16735E-01  0.15549E-01
  0.14562E-01  0.13748E-01  0.13093E-01  0.12559E-01  0.12121E-01  0.11765E-01
  0.11469E-01  0.11211E-01  0.10979E-01  0.10755E-01  0.10526E-01  0.10280E-01
  0.10007E-01  0.97016E-02  0.93574E-02  0.89727E-02  0.85477E-02  0.80854E-02
  0.75890E-02  0.70640E-02  0.65215E-02  0.59727E-02  0.54281E-02  0.49019E-02
  0.44110E-02  0.39715E-02  0.35978E-02  0.33054E-02  0.31102E-02  0.30288E-02
  0.30762E-02  0.32640E-02  0.36026E-02  0.41013E-02  0.47663E-02  0.56019E-02
  0.66082E-02  0.77820E-02  0.91194E-02  0.10612E-01  0.12247E-01  0.14010E-01
  0.15888E-01  0.17857E-01  0.19890E-01  0.21968E-01  0.24068E-01  0.26159E-01
  0.28214E-01  0.30203E-01  0.32102E-01  0.33885E-01  0.35529E-01  0.37007E-01
  0.38289E-01  0.39364E-01  0.40228E-01  0.40851E-01  0.41218E-01  0.41337E-01
  0.16826E+01  0.21052E+02
  0.80624E+02  0.73212E+02  0.55173E+02  0.35680E+02  0.21106E+02  0.12436E+02
  0.77382E+01  0.50804E+01  0.34453E+01  0.24183E+01  0.17847E+01  0.10751E+01
  0.67062E+00  0.46003E+00  0.32885E+00  0.24337E+00  0.18754E+00  0.14712E+00
  0.11804E+00  0.96250E-01  0.79736E-01  0.66641E-01  0.56452E-01  0.48242E-01
  0.41526E-01  0.36136E-01  0.31623E-01  0.27908E-01  0.24825E-01  0.22238E-01
  0.20087E-01  0.18279E-01  0.16763E-01  0.15484E-01  0.14409E-01  0.13497E-01
  0.12718E-01  0.12050E-01  0.11467E-01  0.10953E-01  0.10493E-01  0.10066E-01
  0.96646E-02  0.92779E-02  0.88966E-02  0.85175E-02  0.81354E-02  0.77476E-02
  0.73531E-02  0.69510E-02  0.65428E-02  0.61316E-02  0.57199E-02  0.53133E-02
  0.49185E-02  0.45378E-02  0.41794E-02  0.38518E-02  0.35592E-02  0.33079E-02
  0.31050E-02  0.29595E-02  0.28778E-02  0.28610E-02  0.29131E-02  0.30427E-02
  0.32519E-02  0.35406E-02  0.39107E-02  0.43617E-02  0.48934E-02  0.55031E-02
  0.61872E-02  0.69411E-02  0.77598E-02  0.86371E-02  0.95636E-02  0.10531E-01
  0.11534E-01  0.12558E-01  0.13590E-01  0.14627E-01  0.15658E-01  0.16665E-01
  0.17639E-01  0.18572E-01  0.19456E-01  0.20270E-01  0.21014E-01  0.21683E-01
  0.22257E-01  0.22741E-01  0.23118E-01  0.23384E-01  0.23557E-01  0.23622E-01
  0.14998E+01  0.23619E+02
  0.85347E+02  0.76205E+02  0.54809E+02  0.33352E+02  0.18798E+02  0.10878E+02
  0.67479E+01  0.43927E+01  0.29595E+01  0.20955E+01  0.15613E+01  0.91203E+00
  0.57703E+00  0.39535E+00  0.28007E+00  0.20924E+00  0.15962E+00  0.12526E+00
  0.10020E+00  0.81550E-01  0.67250E-01  0.56297E-01  0.47534E-01  0.40671E-01
  0.35077E-01  0.30541E-01  0.26848E-01  0.23779E-01  0.21258E-01  0.19141E-01
  0.17369E-01  0.15873E-01  0.14603E-01  0.13514E-01  0.12575E-01  0.11756E-01
  0.11035E-01  0.10391E-01  0.98089E-02  0.92739E-02  0.87766E-02  0.83087E-02
  0.78612E-02  0.74333E-02  0.70200E-02  0.66147E-02  0.62217E-02  0.58390E-02
  0.54649E-02  0.51029E-02  0.47544E-02  0.44214E-02  0.41073E-02  0.38127E-02
  0.35429E-02  0.33011E-02  0.30881E-02  0.29090E-02  0.27670E-02  0.26631E-02
  0.25970E-02  0.25748E-02  0.25996E-02  0.26683E-02  0.27817E-02  0.29417E-02
  0.31498E-02  0.34049E-02  0.37006E-02  0.40382E-02  0.44174E-02  0.48343E-02
  0.52854E-02  0.57670E-02  0.62757E-02  0.68073E-02  0.73582E-02  0.79232E-02
  0.84960E-02  0.90729E-02  0.96485E-02  0.10217E-01  0.10773E-01  0.11313E-01
  0.11829E-01  0.12320E-01  0.12778E-01  0.13200E-01  0.13588E-01  0.13925E-01
  0.14217E-01  0.14468E-01  0.14655E-01  0.14791E-01  0.14882E-01  0.14916E-01
  0.13623E+01  0.26002E+02
  0.89453E+02  0.78559E+02  0.54021E+02  0.31121E+02  0.16917E+02  0.97056E+01
  0.59962E+01  0.38674E+01  0.26058E+01  0.18611E+01  0.13793E+01  0.79179E+00
  0.50962E+00  0.34307E+00  0.24599E+00  0.18194E+00  0.13902E+00  0.10881E+00
  0.86933E-01  0.70623E-01  0.58304E-01  0.48695E-01  0.41256E-01  0.35261E-01
  0.30509E-01  0.26609E-01  0.23448E-01  0.20824E-01  0.18642E-01  0.16814E-01
  0.15265E-01  0.13944E-01  0.12806E-01  0.11816E-01  0.10947E-01  0.10177E-01
  0.94877E-02  0.88600E-02  0.82905E-02  0.77600E-02  0.72683E-02  0.68097E-02
  0.63745E-02  0.59646E-02  0.55728E-02  0.52018E-02  0.48516E-02  0.45187E-02
  0.42064E-02  0.39136E-02  0.36407E-02  0.33901E-02  0.31621E-02  0.29593E-02
  0.27812E-02  0.26295E-02  0.25061E-02  0.24114E-02  0.23437E-02  0.23074E-02
  0.23042E-02  0.23280E-02  0.23811E-02  0.24662E-02  0.25816E-02  0.27231E-02
  0.28903E-02  0.30878E-02  0.33098E-02  0.35548E-02  0.38180E-02  0.41018E-02
  0.44049E-02  0.47209E-02  0.50484E-02  0.53845E-02  0.57275E-02  0.60751E-02
  0.64243E-02  0.67721E-02  0.71147E-02  0.74500E-02  0.77746E-02  0.80867E-02
  0.83854E-02  0.86662E-02  0.89288E-02  0.91701E-02  0.93879E-02  0.95809E-02
  0.97450E-02  0.98847E-02  0.99913E-02  0.10068E-01  0.10116E-01  0.10132E-01
  0.12542E+01  0.28243E+02
  0.93082E+02  0.80423E+02  0.52961E+02  0.29053E+02  0.15382E+02  0.87886E+01
  0.53957E+01  0.34544E+01  0.23376E+01  0.16723E+01  0.12244E+01  0.70632E+00
  0.45208E+00  0.30493E+00  0.21820E+00  0.16106E+00  0.12302E+00  0.96166E-01
  0.76760E-01  0.62394E-01  0.51444E-01  0.43067E-01  0.36440E-01  0.31236E-01
  0.27009E-01  0.23612E-01  0.20799E-01  0.18482E-01  0.16535E-01  0.14895E-01
  0.13494E-01  0.12288E-01  0.11241E-01  0.10323E-01  0.95119E-02  0.87852E-02
  0.81338E-02  0.75402E-02  0.70003E-02  0.65027E-02  0.60445E-02  0.56173E-02
  0.52187E-02  0.48505E-02  0.45056E-02  0.41874E-02  0.38904E-02  0.36139E-02
  0.33618E-02  0.31302E-02  0.29220E-02  0.27361E-02  0.25722E-02  0.24306E-02
  0.23116E-02  0.22162E-02  0.21425E-02  0.20913E-02  0.20653E-02  0.20580E-02
  0.20724E-02  0.21108E-02  0.21695E-02  0.22457E-02  0.23411E-02  0.24594E-02
  0.25905E-02  0.27358E-02  0.28964E-02  0.30736E-02  0.32608E-02  0.34557E-02
  0.36604E-02  0.38746E-02  0.40938E-02  0.43159E-02  0.45389E-02  0.47628E-02
  0.49855E-02  0.52074E-02  0.54249E-02  0.56346E-02  0.58368E-02  0.60292E-02
  0.62118E-02  0.63831E-02  0.65431E-02  0.66900E-02  0.68228E-02  0.69404E-02
  0.70411E-02  0.71243E-02  0.71892E-02  0.72364E-02  0.72646E-02  0.72734E-02
  0.11667E+01  0.30362E+02
  0.96343E+02  0.81910E+02  0.51735E+02  0.27170E+02  0.14118E+02  0.80451E+01
  0.49000E+01  0.31240E+01  0.21235E+01  0.15110E+01  0.10965E+01  0.64013E+00
  0.40436E+00  0.27543E+00  0.19531E+00  0.14475E+00  0.11021E+00  0.86185E-01
  0.68790E-01  0.55853E-01  0.46126E-01  0.38558E-01  0.32680E-01  0.27981E-01
  0.24226E-01  0.21147E-01  0.18621E-01  0.16515E-01  0.14750E-01  0.13249E-01
  0.11964E-01  0.10852E-01  0.98822E-02  0.90289E-02  0.82733E-02  0.75963E-02
  0.69929E-02  0.64426E-02  0.59463E-02  0.54874E-02  0.50728E-02  0.46900E-02
  0.43410E-02  0.40192E-02  0.37209E-02  0.34519E-02  0.32021E-02  0.29796E-02
  0.27780E-02  0.25960E-02  0.24363E-02  0.22956E-02  0.21752E-02  0.20742E-02
  0.19928E-02  0.19295E-02  0.18837E-02  0.18577E-02  0.18459E-02  0.18526E-02
  0.18753E-02  0.19110E-02  0.19618E-02  0.20291E-02  0.21053E-02  0.21914E-02
  0.22928E-02  0.24054E-02  0.25216E-02  0.26476E-02  0.27824E-02  0.29219E-02
  0.30651E-02  0.32100E-02  0.33592E-02  0.35100E-02  0.36642E-02  0.38133E-02
  0.39610E-02  0.41072E-02  0.42500E-02  0.43898E-02  0.45235E-02  0.46506E-02
  0.47677E-02  0.48784E-02  0.49804E-02  0.50731E-02  0.51577E-02  0.52304E-02
  0.52955E-02  0.53508E-02  0.53926E-02  0.54254E-02  0.54436E-02  0.54451E-02
  0.10937E+01  0.32388E+02
  0.99306E+02  0.83095E+02  0.50412E+02  0.25473E+02  0.13066E+02  0.74237E+01
  0.44830E+01  0.28552E+01  0.19443E+01  0.13723E+01  0.99427E+00  0.58345E+00
  0.36716E+00  0.25006E+00  0.17734E+00  0.13115E+00  0.99948E-01  0.78082E-01
  0.62281E-01  0.50609E-01  0.41723E-01  0.34922E-01  0.29549E-01  0.25306E-01
  0.21871E-01  0.19071E-01  0.16759E-01  0.14832E-01  0.13207E-01  0.11823E-01
  0.10635E-01  0.96068E-02  0.87100E-02  0.79210E-02  0.72234E-02  0.66000E-02
  0.60452E-02  0.55434E-02  0.50921E-02  0.46809E-02  0.43117E-02  0.39733E-02
  0.36685E-02  0.33902E-02  0.31361E-02  0.29091E-02  0.27026E-02  0.25215E-02
  0.23572E-02  0.22135E-02  0.20877E-02  0.19798E-02  0.18900E-02  0.18157E-02
  0.17570E-02  0.17129E-02  0.16845E-02  0.16674E-02  0.16655E-02  0.16759E-02
  0.16957E-02  0.17272E-02  0.17720E-02  0.18219E-02  0.18818E-02  0.19522E-02
  0.20284E-02  0.21065E-02  0.21955E-02  0.22888E-02  0.23853E-02  0.24812E-02
  0.25868E-02  0.26924E-02  0.27980E-02  0.29013E-02  0.30063E-02  0.31097E-02
  0.32153E-02  0.33157E-02  0.34107E-02  0.35042E-02  0.35928E-02  0.36785E-02
  0.37602E-02  0.38378E-02  0.39061E-02  0.39725E-02  0.40254E-02  0.40740E-02
  0.41154E-02  0.41466E-02  0.41756E-02  0.41948E-02  0.42064E-02  0.42201E-02
  0.10315E+01  0.34341E+02
  0.11107E+03  0.86027E+02  0.43563E+02  0.19301E+02  0.96629E+01  0.53226E+01
  0.31354E+01  0.20043E+01  0.13423E+01  0.94517E+00  0.69115E+00  0.39941E+00
  0.25232E+00  0.17081E+00  0.12110E+00  0.89159E-01  0.67696E-01  0.52654E-01
  0.41803E-01  0.33760E-01  0.27670E-01  0.22973E-01  0.19282E-01  0.16347E-01
  0.13982E-01  0.12041E-01  0.10445E-01  0.91153E-02  0.79987E-02  0.70533E-02
  0.62492E-02  0.55612E-02  0.49658E-02  0.44506E-02  0.40029E-02  0.36135E-02
  0.32710E-02  0.29713E-02  0.27101E-02  0.24767E-02  0.22735E-02  0.20918E-02
  0.19351E-02  0.17968E-02  0.16729E-02  0.15675E-02  0.14718E-02  0.13947E-02
  0.13220E-02  0.12632E-02  0.12109E-02  0.11709E-02  0.11356E-02  0.11083E-02
  0.10853E-02  0.10700E-02  0.10587E-02  0.10527E-02  0.10507E-02  0.10525E-02
  0.10571E-02  0.10653E-02  0.10765E-02  0.10889E-02  0.11049E-02  0.11213E-02
  0.11400E-02  0.11607E-02  0.11806E-02  0.12019E-02  0.12263E-02  0.12486E-02
  0.12694E-02  0.12950E-02  0.13190E-02  0.13401E-02  0.13627E-02  0.13868E-02
  0.14092E-02  0.14303E-02  0.14485E-02  0.14667E-02  0.14867E-02  0.15067E-02
  0.15228E-02  0.15370E-02  0.15492E-02  0.15591E-02  0.15733E-02  0.15814E-02
  0.15914E-02  0.15950E-02  0.16033E-02  0.16042E-02  0.16104E-02  0.15969E-02
  0.81954E+00  0.43223E+02
  0.11980E+03  0.86171E+02  0.37581E+02  0.15657E+02  0.76992E+01  0.41022E+01
  0.24204E+01  0.15327E+01  0.10303E+01  0.72192E+00  0.52420E+00  0.30297E+00
  0.19146E+00  0.12888E+00  0.90878E-01  0.66495E-01  0.50115E-01  0.38672E-01
  0.30436E-01  0.24357E-01  0.19776E-01  0.16256E-01  0.13509E-01  0.11336E-01
  0.95943E-02  0.81830E-02  0.70315E-02  0.60818E-02  0.52910E-02  0.46277E-02
  0.40704E-02  0.35998E-02  0.31986E-02  0.28555E-02  0.25610E-02  0.23072E-02
  0.20884E-02  0.18978E-02  0.17325E-02  0.15901E-02  0.14640E-02  0.13557E-02
  0.12608E-02  0.11764E-02  0.11044E-02  0.10433E-02  0.98507E-03  0.93911E-03
  0.89729E-03  0.86134E-03  0.83308E-03  0.80281E-03  0.78274E-03  0.76330E-03
  0.74906E-03  0.73461E-03  0.72501E-03  0.71708E-03  0.71150E-03  0.70712E-03
  0.70437E-03  0.70240E-03  0.70302E-03  0.70384E-03  0.70624E-03  0.70881E-03
  0.71207E-03  0.71581E-03  0.72084E-03  0.72566E-03  0.73124E-03  0.73701E-03
  0.74266E-03  0.74813E-03  0.75420E-03  0.76008E-03  0.76520E-03  0.77184E-03
  0.77795E-03  0.78278E-03  0.78746E-03  0.79359E-03  0.79787E-03  0.80326E-03
  0.80688E-03  0.80962E-03  0.81366E-03  0.81854E-03  0.82049E-03  0.82412E-03
  0.82625E-03  0.82767E-03  0.83217E-03  0.83014E-03  0.83678E-03  0.82057E-03
  0.69359E+00  0.51072E+02
  0.12677E+03  0.84937E+02  0.32810E+02  0.13294E+02  0.63428E+01  0.33401E+01
  0.19675E+01  0.12439E+01  0.83189E+00  0.58117E+00  0.42318E+00  0.24348E+00
  0.15282E+00  0.10215E+00  0.71523E-01  0.51957E-01  0.38834E-01  0.29719E-01
  0.23193E-01  0.18406E-01  0.14820E-01  0.12085E-01  0.99696E-02  0.82996E-02
  0.69806E-02  0.59172E-02  0.50577E-02  0.43556E-02  0.37742E-02  0.32901E-02
  0.28852E-02  0.25482E-02  0.22631E-02  0.20206E-02  0.18129E-02  0.16354E-02
  0.14832E-02  0.13516E-02  0.12373E-02  0.11396E-02  0.10540E-02  0.97768E-03
  0.91217E-03  0.85673E-03  0.80707E-03  0.76151E-03  0.72358E-03  0.69124E-03
  0.65998E-03  0.63452E-03  0.61349E-03  0.59195E-03  0.57584E-03  0.55958E-03
  0.54584E-03  0.53674E-03  0.52583E-03  0.51829E-03  0.50944E-03  0.50487E-03
  0.49914E-03  0.49502E-03  0.49162E-03  0.48858E-03  0.48681E-03  0.48536E-03
  0.48392E-03  0.48329E-03  0.48237E-03  0.48290E-03  0.48280E-03  0.48336E-03
  0.48442E-03  0.48431E-03  0.48520E-03  0.48629E-03  0.48724E-03  0.48875E-03
  0.49021E-03  0.49123E-03  0.49207E-03  0.49336E-03  0.49454E-03  0.49519E-03
  0.49622E-03  0.49688E-03  0.49800E-03  0.49929E-03  0.50061E-03  0.50152E-03
  0.50164E-03  0.50237E-03  0.50084E-03  0.50043E-03  0.50138E-03  0.49903E-03
  0.60836E+00  0.58227E+02
  0.13264E+03  0.82998E+02  0.29082E+02  0.11591E+02  0.53558E+01  0.28245E+01
  0.16550E+01  0.10440E+01  0.69432E+00  0.48604E+00  0.35123E+00  0.20126E+00
  0.12570E+00  0.83500E-01  0.58079E-01  0.41863E-01  0.31055E-01  0.23590E-01
  0.18280E-01  0.14409E-01  0.11529E-01  0.93475E-02  0.76664E-02  0.63610E-02
  0.53266E-02  0.44979E-02  0.38371E-02  0.32948E-02  0.28509E-02  0.24847E-02
  0.21764E-02  0.19225E-02  0.17087E-02  0.15261E-02  0.13721E-02  0.12407E-02
  0.11275E-02  0.10295E-02  0.94497E-03  0.87183E-03  0.80799E-03  0.75160E-03
  0.70239E-03  0.65989E-03  0.62312E-03  0.58979E-03  0.55894E-03  0.53333E-03
  0.51112E-03  0.49085E-03  0.47192E-03  0.45581E-03  0.44302E-03  0.42866E-03
  0.41790E-03  0.40800E-03  0.39686E-03  0.39177E-03  0.38344E-03  0.37634E-03
  0.37255E-03  0.36617E-03  0.36374E-03  0.35783E-03  0.35521E-03  0.35137E-03
  0.35050E-03  0.34686E-03  0.34592E-03  0.34282E-03  0.34264E-03  0.34063E-03
  0.33983E-03  0.33935E-03  0.33742E-03  0.33773E-03  0.33624E-03  0.33519E-03
  0.33616E-03  0.33604E-03  0.33556E-03  0.33511E-03  0.33536E-03  0.33529E-03
  0.33406E-03  0.33363E-03  0.33408E-03  0.33492E-03  0.33569E-03  0.33555E-03
  0.33491E-03  0.33465E-03  0.33426E-03  0.33335E-03  0.33365E-03  0.33481E-03
  0.54541E+00  0.64947E+02