  0.47926E+01  0.47869E+01  0.47695E+01  0.47407E+01  0.47006E+01  0.46495E+01
  0.45877E+01  0.45156E+01  0.44337E+01  0.43423E+01  0.42422E+01  0.40181E+01
  0.37667E+01  0.34937E+01  0.32053E+01  0.29078E+01  0.26072E+01  0.23092E+01
  0.20194E+01  0.17422E+01  0.14819E+01  0.12414E+01  0.10233E+01  0.82904E+00
  0.65928E+00  0.51396E+00  0.39231E+00  0.29300E+00  0.21418E+00  0.15369E+00
  0.10910E+00  0.77891E-01  0.57544E-01  0.45631E-01  0.39907E-01  0.38376E-01
  0.39334E-01  0.41397E-01  0.43510E-01  0.44938E-01  0.45245E-01  0.44255E-01
  0.42014E-01  0.38736E-01  0.34753E-01  0.30463E-01  0.26282E-01  0.22602E-01
  0.19752E-01  0.17977E-01  0.17415E-01  0.18091E-01  0.19921E-01  0.22719E-01
  0.26216E-01  0.30083E-01  0.33961E-01  0.37492E-01  0.40347E-01  0.42262E-01
  0.43061E-01  0.42685E-01  0.41202E-01  0.38826E-01  0.35918E-01  0.32980E-01
  0.30648E-01  0.29671E-01  0.30887E-01  0.35192E-01  0.43505E-01  0.56730E-01
  0.75717E-01  0.10122E+00  0.13387E+00  0.17411E+00  0.22222E+00  0.27823E+00
  0.34195E+00  0.41295E+00  0.49052E+00  0.57375E+00  0.66149E+00  0.75239E+00
  0.84494E+00  0.93749E+00  0.10283E+01  0.11156E+01  0.11977E+01  0.12728E+01
  0.13394E+01  0.13960E+01  0.14413E+01  0.14745E+01  0.14947E+01  0.15014E+01
  0.45428E+01  0.76789E+02
  0.72283E+01  0.72111E+01  0.71593E+01  0.70736E+01  0.69551E+01  0.68054E+01
  0.66262E+01  0.64199E+01  0.61888E+01  0.59357E+01  0.56636E+01  0.50753E+01
  0.44499E+01  0.38138E+01  0.31918E+01  0.26058E+01  0.20741E+01  0.16099E+01
  0.12219E+01  0.91356E+00  0.68398E+00  0.52826E+00  0.43843E+00  0.40434E+00
  0.41458E+00  0.45733E+00  0.52114E+00  0.59552E+00  0.67133E+00  0.74110E+00
  0.79911E+00  0.84136E+00  0.86548E+00  0.87053E+00  0.85677E+00  0.82547E+00
  0.77863E+00  0.71885E+00  0.64907E+00  0.57251E+00  0.49246E+00  0.41223E+00
  0.33506E+00  0.26396E+00  0.20174E+00  0.15082E+00  0.11321E+00  0.90439E-01
  0.83460E-01  0.92617E-01  0.11761E+00  0.15748E+00  0.21062E+00  0.27486E+00
  0.34746E+00  0.42531E+00  0.50497E+00  0.58288E+00  0.65546E+00  0.71933E+00
  0.77143E+00  0.80918E+00  0.83064E+00  0.83457E+00  0.82054E+00  0.78898E+00
  0.74117E+00  0.67922E+00  0.60598E+00  0.52496E+00  0.44020E+00  0.35610E+00
  0.27722E+00  0.20813E+00  0.15319E+00  0.11638E+00  0.10110E+00  0.11004E+00
  0.14503E+00  0.20695E+00  0.29568E+00  0.41003E+00  0.54785E+00  0.70600E+00
  0.88049E+00  0.10666E+01  0.12591E+01  0.14523E+01  0.16404E+01  0.18176E+01
  0.19783E+01  0.21175E+01  0.22307E+01  0.23143E+01  0.23656E+01  0.23828E+01
  0.85561E+01  0.40771E+02
  0.86981E+01  0.86733E+01  0.85984E+01  0.84753E+01  0.83060E+01  0.80936E+01
  0.78420E+01  0.75555E+01  0.72391E+01  0.68980E+01  0.65379E+01  0.57833E+01
  0.50196E+01  0.42871E+01  0.36182E+01  0.30360E+01  0.25529E+01  0.21712E+01
  0.18843E+01  0.16788E+01  0.15375E+01  0.14413E+01  0.13720E+01  0.13141E+01
  0.12556E+01  0.11888E+01  0.11103E+01  0.10202E+01  0.92122E+00  0.81795E+00
  0.71550E+00  0.61884E+00  0.53207E+00  0.45806E+00  0.39826E+00  0.35276E+00
  0.32054E+00  0.29973E+00  0.28799E+00  0.28282E+00  0.28187E+00  0.28314E+00
  0.28512E+00  0.28683E+00  0.28782E+00  0.28810E+00  0.28804E+00  0.28823E+00
  0.28939E+00  0.29222E+00  0.29732E+00  0.30510E+00  0.31575E+00  0.32916E+00
  0.34499E+00  0.36259E+00  0.38113E+00  0.39957E+00  0.41676E+00  0.43150E+00
  0.44259E+00  0.44892E+00  0.44954E+00  0.44374E+00  0.43104E+00  0.41131E+00
  0.38477E+00  0.35201E+00  0.31396E+00  0.27192E+00  0.22749E+00  0.18254E+00
  0.13909E+00  0.99296E-01  0.65312E-01  0.39207E-01  0.22864E-01  0.17886E-01
  0.25511E-01  0.46533E-01  0.81248E-01  0.12942E+00  0.19025E+00  0.26241E+00
  0.34407E+00  0.43293E+00  0.52634E+00  0.62137E+00  0.71493E+00  0.80389E+00
  0.88523E+00  0.95611E+00  0.10141E+01  0.10570E+01  0.10834E+01  0.10923E+01
  0.79205E+01  0.44042E+02
  0.12940E+02  0.12898E+02  0.12769E+02  0.12558E+02  0.12268E+02  0.11907E+02
  0.11481E+02  0.11001E+02  0.10474E+02  0.99118E+01  0.93248E+01  0.81179E+01
  0.69315E+01  0.58312E+01  0.48636E+01  0.40544E+01  0.34091E+01  0.29158E+01
  0.25505E+01  0.22825E+01  0.20800E+01  0.19145E+01  0.17635E+01  0.16123E+01
  0.14538E+01  0.12871E+01  0.11163E+01  0.94783E+00  0.78886E+00  0.64588E+00
  0.52359E+00  0.42460E+00  0.34936E+00  0.29653E+00  0.26351E+00  0.24697E+00
  0.24334E+00  0.24919E+00  0.26150E+00  0.27775E+00  0.29595E+00  0.31456E+00
  0.33241E+00  0.34863E+00  0.36251E+00  0.37349E+00  0.38114E+00  0.38510E+00
  0.38514E+00  0.38117E+00  0.37326E+00  0.36163E+00  0.34667E+00  0.32892E+00
  0.30903E+00  0.28772E+00  0.26571E+00  0.24372E+00  0.22237E+00  0.20217E+00
  0.18347E+00  0.16647E+00  0.15121E+00  0.13757E+00  0.12531E+00  0.11414E+00
  0.10371E+00  0.93710E-01  0.83878E-01  0.74075E-01  0.64299E-01  0.54715E-01
  0.45657E-01  0.37623E-01  0.31254E-01  0.27290E-01  0.26531E-01  0.29772E-01
  0.37748E-01  0.51066E-01  0.70153E-01  0.95201E-01  0.12613E+00  0.16257E+00
  0.20385E+00  0.24901E+00  0.29682E+00  0.34585E+00  0.39451E+00  0.44113E+00
  0.48405E+00  0.52168E+00  0.55258E+00  0.57557E+00  0.58973E+00  0.59451E+00
  0.82648E+01  0.42208E+02
  0.23490E+02  0.23370E+02  0.23009E+02  0.22422E+02  0.21629E+02  0.20660E+02
  0.19545E+02  0.18322E+02  0.17027E+02  0.15696E+02  0.14365E+02  0.11817E+02
  0.95608E+01  0.76853E+01  0.61936E+01  0.50299E+01  0.41115E+01  0.33574E+01
  0.27070E+01  0.21277E+01  0.16107E+01  0.11625E+01  0.79453E+00  0.51458E+00
  0.32299E+00  0.21181E+00  0.16685E+00  0.17087E+00  0.20661E+00  0.25895E+00
  0.31605E+00  0.36954E+00  0.41407E+00  0.44662E+00  0.46582E+00  0.47138E+00
  0.46378E+00  0.44410E+00  0.41395E+00  0.37544E+00  0.33108E+00  0.28364E+00
  0.23590E+00  0.19045E+00  0.14940E+00  0.11426E+00  0.85796E-01  0.64112E-01
  0.48696E-01  0.38597E-01  0.32616E-01  0.29486E-01  0.28041E-01  0.27331E-01
  0.26697E-01  0.25792E-01  0.24560E-01  0.23189E-01  0.22036E-01  0.21541E-01
  0.22150E-01  0.24231E-01  0.28016E-01  0.33556E-01  0.40703E-01  0.49105E-01
  0.58233E-01  0.67424E-01  0.75938E-01  0.83025E-01  0.88001E-01  0.90312E-01
  0.89596E-01  0.85730E-01  0.78851E-01  0.69364E-01  0.57918E-01  0.45365E-01
  0.32703E-01  0.20993E-01  0.11285E-01  0.45258E-02  0.14839E-02  0.26818E-02
  0.83465E-02  0.18383E-01  0.32369E-01  0.49584E-01  0.69046E-01  0.89585E-01
  0.10992E+00  0.12876E+00  0.14488E+00  0.15722E+00  0.16497E+00  0.16760E+00
  0.75228E+01  0.46370E+02
  0.27682E+02  0.27469E+02  0.26833E+02  0.25811E+02  0.24454E+02  0.22829E+02
  0.21011E+02  0.19081E+02  0.17115E+02  0.15182E+02  0.13342E+02  0.10101E+02
  0.75728E+01  0.57299E+01  0.44219E+01  0.34647E+01  0.27085E+01  0.20661E+01
  0.15074E+01  0.10360E+01  0.66424E+00  0.39741E+00  0.22871E+00  0.14179E+00
  0.11633E+00  0.13296E+00  0.17587E+00  0.23328E+00  0.29648E+00  0.35853E+00
  0.41331E+00  0.45528E+00  0.47988E+00  0.48423E+00  0.46766E+00  0.43196E+00
  0.38098E+00  0.31996E+00  0.25464E+00  0.19050E+00  0.13210E+00  0.82833E-01
  0.44800E-01  0.18902E-01  0.49926E-02  0.20735E-02  0.84822E-02  0.22081E-01
  0.40443E-01  0.61047E-01  0.81467E-01  0.99557E-01  0.11360E+00  0.12244E+00
  0.12551E+00  0.12285E+00  0.11505E+00  0.10311E+00  0.88344E-01  0.72193E-01
  0.56077E-01  0.41268E-01  0.28774E-01  0.19267E-01  0.13052E-01  0.10068E-01
  0.99238E-02  0.11969E-01  0.15378E-01  0.19257E-01  0.22740E-01  0.25092E-01
  0.25793E-01  0.24596E-01  0.21566E-01  0.17086E-01  0.11827E-01  0.67031E-02
  0.27863E-02  0.12175E-02  0.31011E-02  0.93999E-02  0.20839E-01  0.37825E-01
  0.60386E-01  0.88147E-01  0.12033E+00  0.15577E+00  0.19301E+00  0.23036E+00
  0.26604E+00  0.29823E+00  0.32526E+00  0.34569E+00  0.35841E+00  0.36272E+00
  0.60926E+01  0.57256E+02
  0.31292E+02  0.30970E+02  0.30017E+02  0.28499E+02  0.26515E+02  0.24187E+02
  0.21649E+02  0.19037E+02  0.16470E+02  0.14051E+02  0.11853E+02  0.82714E+01
  0.57798E+01  0.41533E+01  0.30817E+01  0.23121E+01  0.17023E+01  0.12020E+01
  0.80708E+00  0.51971E+00  0.33146E+00  0.22313E+00  0.17217E+00  0.15938E+00
  0.17155E+00  0.20051E+00  0.24038E+00  0.28522E+00  0.32811E+00  0.36186E+00
  0.38062E+00  0.38125E+00  0.36370E+00  0.33064E+00  0.28632E+00  0.23556E+00
  0.18294E+00  0.13245E+00  0.87367E-01  0.50297E-01  0.23134E-01  0.70024E-02
  0.21644E-02  0.79732E-02  0.22919E-01  0.44787E-01  0.70906E-01  0.98441E-01
  0.12467E+00  0.14723E+00  0.16427E+00  0.17454E+00  0.17748E+00  0.17312E+00
  0.16208E+00  0.14549E+00  0.12481E+00  0.10177E+00  0.78165E-01  0.55734E-01
  0.36008E-01  0.20201E-01  0.91151E-02  0.30999E-02  0.20408E-02  0.53962E-02
  0.12267E-01  0.21497E-01  0.31790E-01  0.41836E-01  0.50433E-01  0.56601E-01
  0.59664E-01  0.59316E-01  0.55643E-01  0.49122E-01  0.40575E-01  0.31105E-01
  0.21999E-01  0.14620E-01  0.10294E-01  0.10188E-01  0.15212E-01  0.25930E-01
  0.42501E-01  0.64650E-01  0.91670E-01  0.12246E+00  0.15559E+00  0.18939E+00
  0.22206E+00  0.25182E+00  0.27696E+00  0.29605E+00  0.30797E+00  0.31202E+00
  0.51748E+01  0.67410E+02
  0.34423E+02  0.33985E+02  0.32696E+02  0.30663E+02  0.28044E+02  0.25032E+02
  0.21830E+02  0.18630E+02  0.15596E+02  0.12847E+02  0.10458E+02  0.68325E+01
  0.45472E+01  0.31651E+01  0.22774E+01  0.16369E+01  0.11451E+01  0.77847E+00
  0.52732E+00  0.37165E+00  0.28344E+00  0.23695E+00  0.21535E+00  0.21073E+00
  0.21973E+00  0.23889E+00  0.26245E+00  0.28322E+00  0.29495E+00  0.29421E+00
  0.28076E+00  0.25655E+00  0.22449E+00  0.18752E+00  0.14836E+00  0.10955E+00
  0.73625E-01  0.43039E-01  0.19923E-01  0.57526E-02  0.11210E-02  0.56771E-02
  0.18249E-01  0.37070E-01  0.60019E-01  0.84838E-01  0.10929E+00  0.13132E+00
  0.14914E+00  0.16135E+00  0.16708E+00  0.16597E+00  0.15828E+00  0.14480E+00
  0.12675E+00  0.10571E+00  0.83423E-01  0.61662E-01  0.42071E-01  0.26044E-01
  0.14629E-01  0.84557E-02  0.77061E-02  0.12113E-01  0.20999E-01  0.33338E-01
  0.47849E-01  0.63105E-01  0.77649E-01  0.90119E-01  0.99356E-01  0.10450E+00
  0.10506E+00  0.10095E+00  0.92505E-01  0.80460E-01  0.65879E-01  0.50085E-01
  0.34555E-01  0.20806E-01  0.10278E-01  0.42224E-02  0.35985E-02  0.89980E-02
  0.20592E-01  0.38107E-01  0.60840E-01  0.87692E-01  0.11724E+00  0.14785E+00
  0.17774E+00  0.20514E+00  0.22842E+00  0.24614E+00  0.25723E+00  0.26100E+00
  0.45778E+01  0.76202E+02
  0.37118E+02  0.36561E+02  0.34926E+02  0.32374E+02  0.29134E+02  0.25479E+02
  0.21688E+02  0.18009E+02  0.14637E+02  0.11699E+02  0.92502E+01  0.57647E+01
  0.37352E+01  0.25550E+01  0.17917E+01  0.12458E+01  0.85593E+00  0.59913E+00
  0.44539E+00  0.35750E+00  0.30441E+00  0.26915E+00  0.24683E+00  0.23714E+00
  0.23784E+00  0.24322E+00  0.24665E+00  0.24362E+00  0.23279E+00  0.21511E+00
  0.19220E+00  0.16555E+00  0.13640E+00  0.10616E+00  0.76728E-01  0.50277E-01
  0.28882E-01  0.14049E-01  0.65046E-02  0.62202E-02  0.12582E-01  0.24558E-01
  0.40813E-01  0.59771E-01  0.79687E-01  0.98766E-01  0.11531E+00  0.12790E+00
  0.13551E+00  0.13759E+00  0.13410E+00  0.12546E+00  0.11249E+00  0.96314E-01
  0.78286E-01  0.59860E-01  0.42500E-01  0.27567E-01  0.16216E-01  0.93060E-02
  0.73352E-02  0.10403E-01  0.18204E-01  0.30060E-01  0.44972E-01  0.61705E-01
  0.78885E-01  0.95107E-01  0.10904E+00  0.11955E+00  0.12575E+00  0.12709E+00
  0.12342E+00  0.11497E+00  0.10235E+00  0.86528E-01  0.68733E-01  0.50392E-01
  0.33022E-01  0.18122E-01  0.70649E-02  0.99828E-03  0.75804E-03  0.68038E-02
  0.19179E-01  0.37501E-01  0.60975E-01  0.88443E-01  0.11845E+00  0.14935E+00
  0.17939E+00  0.20684E+00  0.23008E+00  0.24774E+00  0.25878E+00  0.26253E+00
  0.41622E+01  0.83811E+02
  0.39492E+02  0.38812E+02  0.36825E+02  0.33754E+02  0.29910E+02  0.25658E+02
  0.21352E+02  0.17292E+02  0.13692E+02  0.10669E+02  0.82480E+01  0.49886E+01
  0.31957E+01  0.21605E+01  0.14826E+01  0.10156E+01  0.71305E+00  0.53552E+00
  0.43502E+00  0.37072E+00  0.32122E+00  0.28230E+00  0.25594E+00  0.24112E+00
  0.23244E+00  0.22380E+00  0.21184E+00  0.19620E+00  0.17780E+00  0.15734E+00
  0.13504E+00  0.11126E+00  0.87020E-01  0.64020E-01  0.44075E-01  0.28588E-01
  0.18325E-01  0.13499E-01  0.13948E-01  0.19240E-01  0.28661E-01  0.41193E-01
  0.55539E-01  0.70255E-01  0.83917E-01  0.95285E-01  0.10340E+00  0.10762E+00
  0.10765E+00  0.10350E+00  0.95499E-01  0.84290E-01  0.70767E-01  0.56028E-01
  0.41285E-01  0.27759E-01  0.16574E-01  0.86711E-02  0.47312E-02  0.51288E-02
  0.99058E-02  0.18770E-01  0.31120E-01  0.46083E-01  0.62583E-01  0.79417E-01
  0.95339E-01  0.10916E+00  0.11982E+00  0.12648E+00  0.12861E+00  0.12599E+00
  0.11875E+00  0.10738E+00  0.92698E-01  0.75780E-01  0.57919E-01  0.40523E-01
  0.25025E-01  0.12787E-01  0.50054E-02  0.26264E-02  0.62780E-02  0.16220E-01
  0.32320E-01  0.54050E-01  0.80515E-01  0.11050E+00  0.14253E+00  0.17498E+00
  0.20614E+00  0.23435E+00  0.25808E+00  0.27604E+00  0.28723E+00  0.29102E+00
  0.38548E+01  0.90495E+02
  0.41635E+02  0.40828E+02  0.38485E+02  0.34895E+02  0.30466E+02  0.25659E+02
  0.20906E+02  0.16549E+02  0.12808E+02  0.97755E+01  0.74331E+01  0.44233E+01
  0.28229E+01  0.18874E+01  0.12757E+01  0.87980E+00  0.64725E+00  0.51893E+00
  0.43912E+00  0.37554E+00  0.32091E+00  0.27893E+00  0.25047E+00  0.23059E+00
  0.21323E+00  0.19534E+00  0.17678E+00  0.15815E+00  0.13934E+00  0.11981E+00
  0.99525E-01  0.79405E-01  0.60911E-01  0.45338E-01  0.33440E-01  0.25498E-01
  0.21560E-01  0.21548E-01  0.25191E-01  0.31919E-01  0.40857E-01  0.50947E-01
  0.61109E-01  0.70364E-01  0.77885E-01  0.83004E-01  0.85228E-01  0.84274E-01
  0.80118E-01  0.73018E-01  0.63509E-01  0.52351E-01  0.40448E-01  0.28770E-01
  0.18275E-01  0.98355E-02  0.41865E-02  0.18677E-02  0.31841E-02  0.81787E-02
  0.16622E-01  0.28024E-01  0.41664E-01  0.56642E-01  0.71941E-01  0.86499E-01
  0.99288E-01  0.10938E+00  0.11604E+00  0.11873E+00  0.11723E+00  0.11157E+00
  0.10213E+00  0.89538E-01  0.74708E-01  0.58740E-01  0.42872E-01  0.28401E-01
  0.16601E-01  0.86353E-02  0.54850E-02  0.78752E-02  0.16224E-01  0.30605E-01
  0.50734E-01  0.75974E-01  0.10536E+00  0.13767E+00  0.17145E+00  0.20513E+00
  0.23709E+00  0.26576E+00  0.28972E+00  0.30776E+00  0.31896E+00  0.32275E+00
  0.36160E+01  0.96472E+02
  0.43607E+02  0.42671E+02  0.39965E+02  0.35858E+02  0.30864E+02  0.25543E+02
  0.20402E+02  0.15819E+02  0.12004E+02  0.90112E+01  0.67746E+01  0.40035E+01
  0.25498E+01  0.16857E+01  0.11327E+01  0.80028E+00  0.61883E+00  0.51472E+00
  0.43634E+00  0.36654E+00  0.30886E+00  0.26698E+00  0.23705E+00  0.21254E+00
  0.18984E+00  0.16865E+00  0.14929E+00  0.13112E+00  0.11312E+00  0.95018E-01
  0.77635E-01  0.62149E-01  0.49365E-01  0.39555E-01  0.32746E-01  0.28961E-01
  0.28190E-01  0.30215E-01  0.34527E-01  0.40402E-01  0.47065E-01  0.53792E-01
  0.59916E-01  0.64818E-01  0.67935E-01  0.68833E-01  0.67276E-01  0.63279E-01
  0.57095E-01  0.49175E-01  0.40108E-01  0.30576E-01  0.21308E-01  0.13039E-01
  0.64619E-02  0.21739E-02  0.62331E-03  0.20692E-02  0.65567E-02  0.13910E-01
  0.23743E-01  0.35483E-01  0.48408E-01  0.61692E-01  0.74461E-01  0.85851E-01
  0.95067E-01  0.10145E+00  0.10450E+00  0.10397E+00  0.99832E-01  0.92330E-01
  0.81957E-01  0.69437E-01  0.55685E-01  0.41757E-01  0.28789E-01  0.17926E-01
  0.10254E-01  0.67286E-02  0.81125E-02  0.14922E-01  0.27388E-01  0.45429E-01
  0.68649E-01  0.96345E-01  0.12754E+00  0.16103E+00  0.19543E+00  0.22927E+00
  0.26106E+00  0.28937E+00  0.31288E+00  0.33051E+00  0.34143E+00  0.34512E+00
  0.34230E+01  0.10191E+03
  0.45446E+02  0.44379E+02  0.41305E+02  0.36683E+02  0.31140E+02  0.25344E+02
  0.19870E+02  0.15119E+02  0.11280E+02  0.83603E+01  0.62400E+01  0.36812E+01
  0.23369E+01  0.15293E+01  0.10322E+01  0.75394E+00  0.60520E+00  0.50758E+00
  0.42282E+00  0.34865E+00  0.29194E+00  0.25140E+00  0.21994E+00  0.19258E+00
  0.16837E+00  0.14749E+00  0.12905E+00  0.11163E+00  0.94718E-01  0.78973E-01
  0.65330E-01  0.54214E-01  0.45561E-01  0.39247E-01  0.35295E-01  0.33721E-01
  0.34319E-01  0.36637E-01  0.40122E-01  0.44249E-01  0.48523E-01  0.52436E-01
  0.55459E-01  0.57113E-01  0.57063E-01  0.55171E-01  0.51493E-01  0.46236E-01
  0.39721E-01  0.32364E-01  0.24667E-01  0.17195E-01  0.10539E-01  0.52576E-02
  0.18319E-02  0.62118E-03  0.18381E-02  0.55331E-02  0.11588E-01  0.19719E-01
  0.29489E-01  0.40329E-01  0.51575E-01  0.62509E-01  0.72411E-01  0.80607E-01
  0.86518E-01  0.89704E-01  0.89898E-01  0.87034E-01  0.81255E-01  0.72920E-01
  0.62587E-01  0.50989E-01  0.39000E-01  0.27581E-01  0.17734E-01  0.10437E-01
  0.65882E-02  0.69479E-02  0.12089E-01  0.22356E-01  0.37832E-01  0.58327E-01
  0.83375E-01  0.11225E+00  0.14400E+00  0.17748E+00  0.21140E+00  0.24441E+00
  0.27517E+00  0.30239E+00  0.32488E+00  0.34169E+00  0.35208E+00  0.35558E+00
  0.32622E+01  0.10693E+03
  0.59376E+02  0.56861E+02  0.49937E+02  0.40413E+02  0.30403E+02  0.21589E+02
  0.14811E+02  0.10105E+02  0.70376E+01  0.50619E+01  0.37435E+01  0.21465E+01
  0.13306E+01  0.94094E+00  0.70896E+00  0.52478E+00  0.39234E+00  0.30766E+00
  0.24774E+00  0.20124E+00  0.16631E+00  0.13956E+00  0.11800E+00  0.10119E+00
  0.88384E-01  0.77899E-01  0.68993E-01  0.61810E-01  0.56094E-01  0.51237E-01
  0.46967E-01  0.43268E-01  0.40015E-01  0.37029E-01  0.34241E-01  0.31612E-01
  0.29063E-01  0.26552E-01  0.24110E-01  0.21776E-01  0.19549E-01  0.17437E-01
  0.15493E-01  0.13785E-01  0.12362E-01  0.11253E-01  0.10489E-01  0.10104E-01
  0.10112E-01  0.10507E-01  0.11264E-01  0.12348E-01  0.13706E-01  0.15262E-01
  0.16924E-01  0.18595E-01  0.20174E-01  0.21564E-01  0.22665E-01  0.23384E-01
  0.23644E-01  0.23393E-01  0.22604E-01  0.21280E-01  0.19455E-01  0.17196E-01
  0.14598E-01  0.11792E-01  0.89344E-02  0.62065E-02  0.38057E-02  0.19397E-02
  0.81660E-03  0.63747E-03  0.15875E-02  0.38269E-02  0.74831E-02  0.12644E-01
  0.19350E-01  0.27592E-01  0.37307E-01  0.48377E-01  0.60631E-01  0.73850E-01
  0.87770E-01  0.10209E+00  0.11649E+00  0.13062E+00  0.14412E+00  0.15666E+00
  0.16791E+00  0.17756E+00  0.18536E+00  0.19108E+00  0.19459E+00  0.19576E+00
  0.23796E+01  0.14660E+03
  0.68681E+02  0.64577E+02  0.53746E+02  0.40046E+02  0.27302E+02  0.17659E+02
  0.11350E+02  0.75291E+01  0.52063E+01  0.37081E+01  0.26926E+01  0.15484E+01
  0.10333E+01  0.71311E+00  0.49590E+00  0.36936E+00  0.28519E+00  0.22304E+00
  0.17941E+00  0.14706E+00  0.12248E+00  0.10375E+00  0.88540E-01  0.76399E-01
  0.66810E-01  0.58637E-01  0.51663E-01  0.45899E-01  0.40926E-01  0.36534E-01
  0.32724E-01  0.29383E-01  0.26423E-01  0.23822E-01  0.21527E-01  0.19517E-01
  0.17797E-01  0.16333E-01  0.15093E-01  0.14086E-01  0.13306E-01  0.12723E-01
  0.12315E-01  0.12073E-01  0.11978E-01  0.11998E-01  0.12108E-01  0.12282E-01
  0.12491E-01  0.12705E-01  0.12897E-01  0.13039E-01  0.13104E-01  0.13069E-01
  0.12918E-01  0.12639E-01  0.12222E-01  0.11665E-01  0.10973E-01  0.10160E-01
  0.92459E-02  0.82567E-02  0.72228E-02  0.61838E-02  0.51846E-02  0.42731E-02
  0.35001E-02  0.29177E-02  0.25777E-02  0.25310E-02  0.28246E-02  0.35010E-02
  0.45955E-02  0.61351E-02  0.81390E-02  0.10615E-01  0.13560E-01  0.16959E-01
  0.20785E-01  0.24999E-01  0.29552E-01  0.34383E-01  0.39420E-01  0.44588E-01
  0.49802E-01  0.54969E-01  0.60002E-01  0.64811E-01  0.69300E-01  0.73387E-01
  0.76995E-01  0.80049E-01  0.82491E-01  0.84271E-01  0.85349E-01  0.85707E-01
  0.19569E+01  0.17826E+03
  0.75694E+02  0.69920E+02  0.55298E+02  0.38234E+02  0.24067E+02  0.14667E+02
  0.91915E+01  0.60639E+01  0.41558E+01  0.29201E+01  0.21201E+01  0.12780E+01
  0.82653E+00  0.54896E+00  0.39703E+00  0.29524E+00  0.22555E+00  0.17839E+00
  0.14349E+00  0.11761E+00  0.97603E-01  0.82207E-01  0.69994E-01  0.59880E-01
  0.51815E-01  0.45116E-01  0.39429E-01  0.34741E-01  0.30755E-01  0.27347E-01
  0.24473E-01  0.22027E-01  0.19959E-01  0.18210E-01  0.16739E-01  0.15525E-01
  0.14515E-01  0.13684E-01  0.13022E-01  0.12488E-01  0.12055E-01  0.11714E-01
  0.11440E-01  0.11207E-01  0.11003E-01  0.10813E-01  0.10618E-01  0.10407E-01
  0.10169E-01  0.98961E-02  0.95816E-02  0.92228E-02  0.88173E-02  0.83666E-02
  0.78758E-02  0.73508E-02  0.67998E-02  0.62331E-02  0.56645E-02  0.51092E-02
  0.45820E-02  0.40996E-02  0.36795E-02  0.33397E-02  0.30979E-02  0.29705E-02
  0.29736E-02  0.31217E-02  0.34274E-02  0.39009E-02  0.45500E-02  0.53799E-02
  0.63920E-02  0.75853E-02  0.89549E-02  0.10492E-01  0.12186E-01  0.14020E-01
  0.15979E-01  0.18040E-01  0.20178E-01  0.22370E-01  0.24588E-01  0.26801E-01
  0.28982E-01  0.31098E-01  0.33120E-01  0.35021E-01  0.36771E-01  0.38347E-01
  0.39721E-01  0.40875E-01  0.41794E-01  0.42459E-01  0.42861E-01  0.42997E-01
  0.16941E+01  0.20591E+03
  0.81389E+02  0.73894E+02  0.55658E+02  0.35965E+02  0.21255E+02  0.12514E+02
  0.77820E+01  0.51062E+01  0.34606E+01  0.24283E+01  0.17925E+01  0.10803E+01
  0.67380E+00  0.46235E+00  0.33060E+00  0.24477E+00  0.18870E+00  0.14811E+00
  0.11889E+00  0.96980E-01  0.80379E-01  0.67194E-01  0.56930E-01  0.48644E-01
  0.41862E-01  0.36418E-01  0.31847E-01  0.28083E-01  0.24959E-01  0.22333E-01
  0.20148E-01  0.18314E-01  0.16779E-01  0.15486E-01  0.14403E-01  0.13492E-01
  0.12714E-01  0.12056E-01  0.11487E-01  0.10985E-01  0.10542E-01  0.10137E-01
  0.97537E-02  0.93891E-02  0.90296E-02  0.86684E-02  0.83030E-02  0.79288E-02
  0.75437E-02  0.71479E-02  0.67422E-02  0.63292E-02  0.59125E-02  0.54962E-02
  0.50865E-02  0.46891E-02  0.43113E-02  0.39594E-02  0.36411E-02  0.33644E-02
  0.31359E-02  0.29634E-02  0.28533E-02  0.28120E-02  0.28444E-02  0.29557E-02
  0.31496E-02  0.34284E-02  0.37940E-02  0.42466E-02  0.47857E-02  0.54090E-02
  0.61134E-02  0.68940E-02  0.77456E-02  0.86611E-02  0.96322E-02  0.10651E-01
  0.11706E-01  0.12789E-01  0.13886E-01  0.14987E-01  0.16081E-01  0.17155E-01
  0.18196E-01  0.19193E-01  0.20136E-01  0.21011E-01  0.21810E-01  0.22524E-01
  0.23141E-01  0.23659E-01  0.24066E-01  0.24360E-01  0.24540E-01  0.24599E-01
  0.15107E+01  0.23092E+03
  0.86222E+02  0.76969E+02  0.55320E+02  0.33627E+02  0.18931E+02  0.10947E+02
  0.67860E+01  0.44146E+01  0.29728E+01  0.21051E+01  0.15691E+01  0.91666E+00
  0.58010E+00  0.39761E+00  0.28179E+00  0.21063E+00  0.16077E+00  0.12620E+00
  0.10098E+00  0.82201E-01  0.67784E-01  0.56740E-01  0.47890E-01  0.40960E-01
  0.35307E-01  0.30724E-01  0.26990E-01  0.23885E-01  0.21338E-01  0.19201E-01
  0.17416E-01  0.15912E-01  0.14640E-01  0.13551E-01  0.12619E-01  0.11808E-01
  0.11095E-01  0.10465E-01  0.98939E-02  0.93722E-02  0.88896E-02  0.84313E-02
  0.79968E-02  0.75774E-02  0.71690E-02  0.67704E-02  0.63792E-02  0.59949E-02
  0.56185E-02  0.52510E-02  0.48944E-02  0.45510E-02  0.42240E-02  0.39160E-02
  0.36307E-02  0.33713E-02  0.31416E-02  0.29449E-02  0.27843E-02  0.26627E-02
  0.25826E-02  0.25471E-02  0.25576E-02  0.26159E-02  0.27226E-02  0.28788E-02
  0.30843E-02  0.33387E-02  0.36403E-02  0.39879E-02  0.43794E-02  0.48120E-02
  0.52825E-02  0.57873E-02  0.63223E-02  0.68832E-02  0.74651E-02  0.80632E-02
  0.86716E-02  0.92853E-02  0.98985E-02  0.10506E-01  0.11101E-01  0.11679E-01
  0.12233E-01  0.12760E-01  0.13253E-01  0.13708E-01  0.14122E-01  0.14487E-01
  0.14803E-01  0.15067E-01  0.15274E-01  0.15423E-01  0.15514E-01  0.15547E-01
  0.13728E+01  0.25411E+03
  0.90437E+02  0.79400E+02  0.54550E+02  0.31385E+02  0.17038E+02  0.97673E+01
  0.60303E+01  0.38869E+01  0.26185E+01  0.18709E+01  0.13869E+01  0.79608E+00
  0.51266E+00  0.34522E+00  0.24767E+00  0.18326E+00  0.14007E+00  0.10965E+00
  0.87605E-01  0.71160E-01  0.58735E-01  0.49036E-01  0.41532E-01  0.35476E-01
  0.30684E-01  0.26747E-01  0.23560E-01  0.20917E-01  0.18723E-01  0.16887E-01
  0.15334E-01  0.14013E-01  0.12879E-01  0.11894E-01  0.11033E-01  0.10271E-01
  0.95877E-02  0.89716E-02  0.84057E-02  0.78846E-02  0.73981E-02  0.69408E-02
  0.65097E-02  0.60983E-02  0.57071E-02  0.53335E-02  0.49772E-02  0.46384E-02
  0.43175E-02  0.40148E-02  0.37318E-02  0.34697E-02  0.32298E-02  0.30139E-02
  0.28230E-02  0.26591E-02  0.25228E-02  0.24160E-02  0.23390E-02  0.22932E-02
  0.22792E-02  0.22970E-02  0.23464E-02  0.24280E-02  0.25408E-02  0.26843E-02
  0.28570E-02  0.30589E-02  0.32875E-02  0.35417E-02  0.38186E-02  0.41169E-02
  0.44341E-02  0.47675E-02  0.51144E-02  0.54721E-02  0.58376E-02  0.62082E-02
  0.65808E-02  0.69522E-02  0.73195E-02  0.76797E-02  0.80297E-02  0.83667E-02
  0.86884E-02  0.89915E-02  0.92740E-02  0.95335E-02  0.97676E-02  0.99748E-02
  0.10153E-01  0.10301E-01  0.10417E-01  0.10500E-01  0.10551E-01  0.10569E-01
  0.12644E+01  0.27590E+03
  0.94186E+02  0.81345E+02  0.53507E+02  0.29305E+02  0.15493E+02  0.88451E+01
  0.54268E+01  0.34726E+01  0.23502E+01  0.16819E+01  0.12315E+01  0.71046E+00
  0.45494E+00  0.30699E+00  0.21975E+00  0.16226E+00  0.12394E+00  0.96890E-01
  0.77325E-01  0.62841E-01  0.51794E-01  0.43350E-01  0.36664E-01  0.31419E-01
  0.27159E-01  0.23742E-01  0.20911E-01  0.18587E-01  0.16631E-01  0.14990E-01
  0.13589E-01  0.12386E-01  0.11343E-01  0.10429E-01  0.96218E-02  0.89011E-02
  0.82513E-02  0.76629E-02  0.71226E-02  0.66271E-02  0.61666E-02  0.57386E-02
  0.53387E-02  0.49648E-02  0.46154E-02  0.42888E-02  0.39841E-02  0.37009E-02
  0.34390E-02  0.31988E-02  0.29804E-02  0.27841E-02  0.26102E-02  0.24589E-02
  0.23307E-02  0.22259E-02  0.21445E-02  0.20866E-02  0.20524E-02  0.20412E-02
  0.20531E-02  0.20878E-02  0.21445E-02  0.22225E-02  0.23207E-02  0.24392E-02
  0.25754E-02  0.27289E-02  0.28981E-02  0.30824E-02  0.32793E-02  0.34875E-02
  0.37054E-02  0.39318E-02  0.41642E-02  0.44012E-02  0.46408E-02  0.48813E-02
  0.51210E-02  0.53582E-02  0.55910E-02  0.58176E-02  0.60364E-02  0.62458E-02
  0.64445E-02  0.66310E-02  0.68040E-02  0.69625E-02  0.71052E-02  0.72309E-02
  0.73389E-02  0.74284E-02  0.74983E-02  0.75491E-02  0.75793E-02  0.75893E-02
  0.11766E+01  0.29648E+03
  0.97566E+02  0.82910E+02  0.52292E+02  0.27410E+02  0.14222E+02  0.80976E+01
  0.49288E+01  0.31414E+01  0.21360E+01  0.15202E+01  0.11030E+01  0.64417E+00
  0.40699E+00  0.27736E+00  0.19673E+00  0.14582E+00  0.11103E+00  0.86810E-01
  0.69281E-01  0.56235E-01  0.46431E-01  0.38806E-01  0.32889E-01  0.28152E-01
  0.24376E-01  0.21281E-01  0.18749E-01  0.16635E-01  0.14867E-01  0.13364E-01
  0.12079E-01  0.10968E-01  0.99998E-02  0.91485E-02  0.83930E-02  0.77185E-02
  0.71113E-02  0.65621E-02  0.60611E-02  0.56031E-02  0.51823E-02  0.47957E-02
  0.44392E-02  0.41107E-02  0.38075E-02  0.35292E-02  0.32737E-02  0.30413E-02
  0.28306E-02  0.26411E-02  0.24725E-02  0.23243E-02  0.21964E-02  0.20884E-02
  0.20001E-02  0.19312E-02  0.18809E-02  0.18495E-02  0.18356E-02  0.18394E-02
  0.18601E-02  0.18965E-02  0.19486E-02  0.20154E-02  0.20957E-02  0.21882E-02
  0.22934E-02  0.24094E-02  0.25346E-02  0.26687E-02  0.28106E-02  0.29588E-02
  0.31119E-02  0.32692E-02  0.34293E-02  0.35915E-02  0.37546E-02  0.39167E-02
  0.40771E-02  0.42350E-02  0.43893E-02  0.45388E-02  0.46827E-02  0.48196E-02
  0.49488E-02  0.50696E-02  0.51813E-02  0.52832E-02  0.53747E-02  0.54551E-02
  0.55243E-02  0.55817E-02  0.56265E-02  0.56591E-02  0.56784E-02  0.56848E-02
  0.11035E+01  0.31613E+03
  0.10065E+03  0.84171E+02  0.50976E+02  0.25700E+02  0.13163E+02  0.74728E+01
  0.45099E+01  0.28721E+01  0.19565E+01  0.13808E+01  0.10003E+01  0.58725E+00
  0.36962E+00  0.25184E+00  0.17863E+00  0.13211E+00  0.10067E+00  0.78641E-01
  0.62715E-01  0.50957E-01  0.42004E-01  0.35157E-01  0.29748E-01  0.25484E-01
  0.22028E-01  0.19220E-01  0.16899E-01  0.14966E-01  0.13338E-01  0.11952E-01
  0.10763E-01  0.97332E-02  0.88341E-02  0.80436E-02  0.73426E-02  0.67181E-02
  0.61580E-02  0.56532E-02  0.51964E-02  0.47818E-02  0.44049E-02  0.40615E-02
  0.37483E-02  0.34632E-02  0.32034E-02  0.29682E-02  0.27556E-02  0.25648E-02
  0.23944E-02  0.22434E-02  0.21115E-02  0.19977E-02  0.19016E-02  0.18222E-02
  0.17592E-02  0.17117E-02  0.16796E-02  0.16614E-02  0.16574E-02  0.16664E-02
  0.16875E-02  0.17205E-02  0.17647E-02  0.18188E-02  0.18823E-02  0.19549E-02
  0.20351E-02  0.21216E-02  0.22153E-02  0.23140E-02  0.24175E-02  0.25240E-02
  0.26345E-02  0.27470E-02  0.28604E-02  0.29743E-02  0.30880E-02  0.32008E-02
  0.33124E-02  0.34211E-02  0.35267E-02  0.36286E-02  0.37264E-02  0.38193E-02
  0.39071E-02  0.39892E-02  0.40644E-02  0.41336E-02  0.41943E-02  0.42483E-02
  0.42942E-02  0.43317E-02  0.43619E-02  0.43830E-02  0.43962E-02  0.44010E-02
  0.10411E+01  0.33507E+03
  0.11311E+03  0.87477E+02  0.44121E+02  0.19474E+02  0.97364E+01  0.53598E+01
  0.31569E+01  0.20182E+01  0.13511E+01  0.95144E+00  0.69580E+00  0.40219E+00
  0.25410E+00  0.17205E+00  0.12201E+00  0.89845E-01  0.68239E-01  0.53092E-01
  0.42170E-01  0.34072E-01  0.27940E-01  0.23219E-01  0.19503E-01  0.16545E-01
  0.14163E-01  0.12210E-01  0.10599E-01  0.92601E-02  0.81317E-02  0.71760E-02
  0.63620E-02  0.56630E-02  0.50597E-02  0.45366E-02  0.40812E-02  0.36835E-02
  0.33347E-02  0.30283E-02  0.27589E-02  0.25212E-02  0.23115E-02  0.21263E-02
  0.19637E-02  0.18204E-02  0.16940E-02  0.15838E-02  0.14873E-02  0.14041E-02
  0.13316E-02  0.12701E-02  0.12177E-02  0.11745E-02  0.11388E-02  0.11104E-02
  0.10883E-02  0.10724E-02  0.10618E-02  0.10561E-02  0.10549E-02  0.10577E-02
  0.10640E-02  0.10737E-02  0.10862E-02  0.11011E-02  0.11186E-02  0.11377E-02
  0.11586E-02  0.11810E-02  0.12044E-02  0.12286E-02  0.12540E-02  0.12796E-02
  0.13051E-02  0.13314E-02  0.13575E-02  0.13830E-02  0.14083E-02  0.14334E-02
  0.14578E-02  0.14813E-02  0.15034E-02  0.15249E-02  0.15458E-02  0.15654E-02
  0.15835E-02  0.16003E-02  0.16153E-02  0.16287E-02  0.16417E-02  0.16524E-02
  0.16617E-02  0.16689E-02  0.16755E-02  0.16791E-02  0.16821E-02  0.16817E-02
  0.82874E+00  0.42093E+03
  0.12262E+03  0.87953E+02  0.38086E+02  0.15792E+02  0.77593E+01  0.41325E+01
  0.24383E+01  0.15434E+01  0.10375E+01  0.72695E+00  0.52788E+00  0.30523E+00
  0.19294E+00  0.12994E+00  0.91686E-01  0.67118E-01  0.50617E-01  0.39090E-01
  0.30788E-01  0.24661E-01  0.20040E-01  0.16487E-01  0.13710E-01  0.11513E-01
  0.97528E-02  0.83244E-02  0.71543E-02  0.61893E-02  0.53871E-02  0.47142E-02
  0.41468E-02  0.36662E-02  0.32569E-02  0.29065E-02  0.26055E-02  0.23461E-02
  0.21218E-02  0.19273E-02  0.17582E-02  0.16112E-02  0.14829E-02  0.13714E-02
  0.12739E-02  0.11886E-02  0.11145E-02  0.10501E-02  0.99352E-03  0.94515E-03
  0.90304E-03  0.86677E-03  0.83606E-03  0.80913E-03  0.78727E-03  0.76870E-03
  0.75363E-03  0.74107E-03  0.73149E-03  0.72421E-03  0.71905E-03  0.71563E-03
  0.71384E-03  0.71345E-03  0.71448E-03  0.71658E-03  0.71964E-03  0.72354E-03
  0.72812E-03  0.73327E-03  0.73908E-03  0.74513E-03  0.75163E-03  0.75839E-03
  0.76525E-03  0.77214E-03  0.77916E-03  0.78615E-03  0.79298E-03  0.79999E-03
  0.80671E-03  0.81300E-03  0.81911E-03  0.82532E-03  0.83095E-03  0.83645E-03
  0.84129E-03  0.84568E-03  0.85003E-03  0.85425E-03  0.85755E-03  0.86068E-03
  0.86313E-03  0.86517E-03  0.86744E-03  0.86818E-03  0.86984E-03  0.86667E-03
  0.70267E+00  0.49645E+03
  0.13053E+03  0.87020E+02  0.33242E+02  0.13407E+02  0.63938E+01  0.33661E+01
  0.19824E+01  0.12532E+01  0.83805E+00  0.58555E+00  0.42652E+00  0.24550E+00
  0.15419E+00  0.10314E+00  0.72283E-01  0.52542E-01  0.39307E-01  0.30106E-01
  0.23515E-01  0.18676E-01  0.15048E-01  0.12280E-01  0.10134E-01  0.84464E-02
  0.71043E-02  0.60248E-02  0.51486E-02  0.44317E-02  0.38402E-02  0.33486E-02
  0.29375E-02  0.25922E-02  0.23002E-02  0.20521E-02  0.18404E-02  0.16592E-02
  0.15034E-02  0.13691E-02  0.12528E-02  0.11522E-02  0.10647E-02  0.98814E-03
  0.92161E-03  0.86382E-03  0.81313E-03  0.76850E-03  0.72979E-03  0.69607E-03
  0.66614E-03  0.64025E-03  0.61788E-03  0.59792E-03  0.58097E-03  0.56597E-03
  0.55313E-03  0.54251E-03  0.53302E-03  0.52522E-03  0.51833E-03  0.51302E-03
  0.50840E-03  0.50474E-03  0.50187E-03  0.49966E-03  0.49816E-03  0.49716E-03
  0.49657E-03  0.49643E-03  0.49658E-03  0.49716E-03  0.49790E-03  0.49889E-03
  0.50007E-03  0.50131E-03  0.50270E-03  0.50421E-03  0.50575E-03  0.50743E-03
  0.50903E-03  0.51062E-03  0.51218E-03  0.51375E-03  0.51521E-03  0.51656E-03
  0.51798E-03  0.51921E-03  0.52040E-03  0.52152E-03  0.52255E-03  0.52342E-03
  0.52405E-03  0.52473E-03  0.52485E-03  0.52512E-03  0.52554E-03  0.52531E-03
  0.61752E+00  0.56490E+03
  0.13742E+03  0.85324E+02  0.29442E+02  0.11690E+02  0.53998E+01  0.28475E+01
  0.16680E+01  0.10523E+01  0.69979E+00  0.49013E+00  0.35423E+00  0.20307E+00
  0.12697E+00  0.84416E-01  0.58771E-01  0.42404E-01  0.31484E-01  0.23935E-01
  0.18561E-01  0.14641E-01  0.11721E-01  0.95076E-02  0.78020E-02  0.64718E-02
  0.54199E-02  0.45791E-02  0.39023E-02  0.33506E-02  0.28983E-02  0.25247E-02
  0.22133E-02  0.19533E-02  0.17344E-02  0.15488E-02  0.13912E-02  0.12567E-02
  0.11411E-02  0.10416E-02  0.95555E-03  0.88099E-03  0.81610E-03  0.75938E-03
  0.70982E-03  0.66647E-03  0.62849E-03  0.59494E-03  0.56516E-03  0.53911E-03
  0.51617E-03  0.49582E-03  0.47765E-03  0.46165E-03  0.44774E-03  0.43497E-03
  0.42395E-03  0.41415E-03  0.40514E-03  0.39790E-03  0.39094E-03  0.38485E-03
  0.37987E-03  0.37506E-03  0.37131E-03  0.36749E-03  0.36454E-03  0.36178E-03
  0.35974E-03  0.35760E-03  0.35607E-03  0.35447E-03  0.35347E-03  0.35239E-03
  0.35164E-03  0.35104E-03  0.35038E-03  0.35010E-03  0.34968E-03  0.34942E-03
  0.34946E-03  0.34943E-03  0.34936E-03  0.34936E-03  0.34946E-03  0.34953E-03
  0.34948E-03  0.34953E-03  0.34971E-03  0.34996E-03  0.35016E-03  0.35025E-03
  0.35028E-03  0.35029E-03  0.35027E-03  0.35023E-03  0.35030E-03  0.35039E-03
  0.55466E+00  0.62892E+03