  0.10723E+02  0.10712E+02  0.10679E+02  0.10623E+02  0.10546E+02  0.10447E+02
  0.10328E+02  0.10188E+02  0.10029E+02  0.98518E+01  0.96569E+01  0.92188E+01
  0.87242E+01  0.81832E+01  0.76068E+01  0.70061E+01  0.63921E+01  0.57756E+01
  0.51669E+01  0.45750E+01  0.40082E+01  0.34733E+01  0.29760E+01  0.25205E+01
  0.21094E+01  0.17441E+01  0.14247E+01  0.11503E+01  0.91865E+00  0.72696E+00
  0.57170E+00  0.44888E+00  0.35427E+00  0.28352E+00  0.23239E+00  0.19680E+00
  0.17301E+00  0.15769E+00  0.14797E+00  0.14149E+00  0.13638E+00  0.13129E+00
  0.12531E+00  0.11794E+00  0.10907E+00  0.98834E-01  0.87601E-01  0.75882E-01
  0.64259E-01  0.53332E-01  0.43662E-01  0.35727E-01  0.29894E-01  0.26396E-01
  0.25327E-01  0.26638E-01  0.30154E-01  0.35589E-01  0.42575E-01  0.50690E-01
  0.59489E-01  0.68536E-01  0.77438E-01  0.85868E-01  0.93589E-01  0.10047E+00
  0.10651E+00  0.11181E+00  0.11659E+00  0.12120E+00  0.12606E+00  0.13166E+00
  0.13854E+00  0.14724E+00  0.15831E+00  0.17222E+00  0.18940E+00  0.21014E+00
  0.23462E+00  0.26290E+00  0.29486E+00  0.33023E+00  0.36857E+00  0.40932E+00
  0.45177E+00  0.49508E+00  0.53836E+00  0.58063E+00  0.62091E+00  0.65820E+00
  0.69158E+00  0.72019E+00  0.74328E+00  0.76022E+00  0.77058E+00  0.77405E+00
  0.99324E+01  0.68730E+01
  0.67007E+01  0.66852E+01  0.66382E+01  0.65606E+01  0.64533E+01  0.63175E+01
  0.61548E+01  0.59672E+01  0.57569E+01  0.55262E+01  0.52777E+01  0.47385E+01
  0.41619E+01  0.35711E+01  0.29876E+01  0.24310E+01  0.19174E+01  0.14593E+01
  0.10649E+01  0.73867E+00  0.48110E+00  0.28965E+00  0.15918E+00  0.82729E-01
  0.52209E-01  0.59014E-01  0.94571E-01  0.15074E+00  0.22008E+00  0.29605E+00
  0.37302E+00  0.44628E+00  0.51201E+00  0.56718E+00  0.60947E+00  0.63728E+00
  0.64961E+00  0.64614E+00  0.62715E+00  0.59359E+00  0.54705E+00  0.48973E+00
  0.42443E+00  0.35443E+00  0.28335E+00  0.21504E+00  0.15338E+00  0.10204E+00
  0.64325E-01  0.42935E-01  0.39814E-01  0.55999E-01  0.91527E-01  0.14540E+00
  0.21558E+00  0.29911E+00  0.39221E+00  0.49045E+00  0.58901E+00  0.68291E+00
  0.76727E+00  0.83758E+00  0.88998E+00  0.92144E+00  0.92999E+00  0.91483E+00
  0.87646E+00  0.81664E+00  0.73841E+00  0.64592E+00  0.54435E+00  0.43963E+00
  0.33822E+00  0.24680E+00  0.17199E+00  0.12004E+00  0.96509E-01  0.10602E+00
  0.15200E+00  0.23650E+00  0.36004E+00  0.52157E+00  0.71843E+00  0.94643E+00
  0.12000E+01  0.14723E+01  0.17555E+01  0.20413E+01  0.23206E+01  0.25848E+01
  0.28252E+01  0.30339E+01  0.32040E+01  0.33298E+01  0.34071E+01  0.34330E+01
  0.79535E+01  0.85830E+01
  0.59604E+01  0.59387E+01  0.58734E+01  0.57660E+01  0.56187E+01  0.54344E+01
  0.52167E+01  0.49699E+01  0.46986E+01  0.44079E+01  0.41031E+01  0.34725E+01
  0.28483E+01  0.22671E+01  0.17581E+01  0.13403E+01  0.10224E+01  0.80310E+00
  0.67255E+00  0.61474E+00  0.61013E+00  0.63829E+00  0.68023E+00  0.72019E+00
  0.74671E+00  0.75309E+00  0.73708E+00  0.70023E+00  0.64685E+00  0.58283E+00
  0.51462E+00  0.44821E+00  0.38846E+00  0.33873E+00  0.30072E+00  0.27454E+00
  0.25902E+00  0.25206E+00  0.25107E+00  0.25332E+00  0.25631E+00  0.25803E+00
  0.25711E+00  0.25288E+00  0.24540E+00  0.23531E+00  0.22378E+00  0.21227E+00
  0.20245E+00  0.19594E+00  0.19424E+00  0.19852E+00  0.20961E+00  0.22781E+00
  0.25297E+00  0.28440E+00  0.32095E+00  0.36100E+00  0.40264E+00  0.44366E+00
  0.48176E+00  0.51464E+00  0.54013E+00  0.55634E+00  0.56177E+00  0.55544E+00
  0.53693E+00  0.50650E+00  0.46509E+00  0.41429E+00  0.35633E+00  0.29400E+00
  0.23052E+00  0.16944E+00  0.11442E+00  0.69135E-01  0.37023E-01  0.21147E-01
  0.24016E-01  0.47434E-01  0.92390E-01  0.15897E+00  0.24631E+00  0.35260E+00
  0.47514E+00  0.61042E+00  0.75424E+00  0.90189E+00  0.10483E+01  0.11884E+01
  0.13171E+01  0.14297E+01  0.15220E+01  0.15905E+01  0.16327E+01  0.16469E+01
  0.59070E+01  0.11557E+02
  0.90512E+01  0.90136E+01  0.89006E+01  0.87154E+01  0.84624E+01  0.81478E+01
  0.77788E+01  0.73641E+01  0.69131E+01  0.64356E+01  0.59418E+01  0.49448E+01
  0.39958E+01  0.31546E+01  0.24614E+01  0.19349E+01  0.15730E+01  0.13570E+01
  0.12562E+01  0.12342E+01  0.12547E+01  0.12859E+01  0.13037E+01  0.12926E+01
  0.12463E+01  0.11658E+01  0.10573E+01  0.93054E+00  0.79591E+00  0.66334E+00
  0.54094E+00  0.43445E+00  0.34718E+00  0.28023E+00  0.23301E+00  0.20371E+00
  0.18983E+00  0.18855E+00  0.19707E+00  0.21274E+00  0.23316E+00  0.25618E+00
  0.27996E+00  0.30287E+00  0.32356E+00  0.34089E+00  0.35403E+00  0.36242E+00
  0.36580E+00  0.36425E+00  0.35815E+00  0.34815E+00  0.33515E+00  0.32016E+00
  0.30430E+00  0.28862E+00  0.27408E+00  0.26142E+00  0.25112E+00  0.24337E+00
  0.23803E+00  0.23465E+00  0.23253E+00  0.23078E+00  0.22840E+00  0.22439E+00
  0.21781E+00  0.20798E+00  0.19444E+00  0.17713E+00  0.15639E+00  0.13297E+00
  0.10804E+00  0.83144E-01  0.60107E-01  0.40964E-01  0.27826E-01  0.22749E-01
  0.27599E-01  0.43918E-01  0.72804E-01  0.11481E+00  0.16987E+00  0.23725E+00
  0.31557E+00  0.40282E+00  0.49641E+00  0.59331E+00  0.69018E+00  0.78349E+00
  0.86974E+00  0.94557E+00  0.10080E+01  0.10545E+01  0.10832E+01  0.10928E+01
  0.64706E+01  0.10550E+02
  0.17998E+02  0.17895E+02  0.17587E+02  0.17088E+02  0.16418E+02  0.15602E+02
  0.14671E+02  0.13658E+02  0.12598E+02  0.11524E+02  0.10466E+02  0.85008E+01
  0.68492E+01  0.55670E+01  0.46290E+01  0.39566E+01  0.34516E+01  0.30260E+01
  0.26199E+01  0.22071E+01  0.17899E+01  0.13877E+01  0.10251E+01  0.72237E+00
  0.49047E+00  0.33009E+00  0.23377E+00  0.18924E+00  0.18270E+00  0.20128E+00
  0.23435E+00  0.27386E+00  0.31405E+00  0.35092E+00  0.38166E+00  0.40427E+00
  0.41740E+00  0.42032E+00  0.41301E+00  0.39617E+00  0.37125E+00  0.34022E+00
  0.30542E+00  0.26926E+00  0.23390E+00  0.20106E+00  0.17186E+00  0.14684E+00
  0.12595E+00  0.10873E+00  0.94466E-01  0.82352E-01  0.71651E-01  0.61806E-01
  0.52501E-01  0.43684E-01  0.35544E-01  0.28458E-01  0.22916E-01  0.19435E-01
  0.18479E-01  0.20378E-01  0.25270E-01  0.33058E-01  0.43398E-01  0.55703E-01
  0.69177E-01  0.82872E-01  0.95760E-01  0.10682E+00  0.11511E+00  0.11987E+00
  0.12061E+00  0.11709E+00  0.10946E+00  0.98176E-01  0.84011E-01  0.68007E-01
  0.51392E-01  0.35490E-01  0.21619E-01  0.10988E-01  0.45963E-02  0.31508E-02
  0.70047E-02  0.16121E-01  0.30067E-01  0.48039E-01  0.68917E-01  0.91341E-01
  0.11381E+00  0.13481E+00  0.15288E+00  0.16677E+00  0.17551E+00  0.17849E+00
  0.66100E+01  0.10328E+02
  0.23708E+02  0.23513E+02  0.22931E+02  0.21996E+02  0.20761E+02  0.19289E+02
  0.17653E+02  0.15931E+02  0.14195E+02  0.12511E+02  0.10933E+02  0.82370E+01
  0.62433E+01  0.48876E+01  0.39898E+01  0.33493E+01  0.28133E+01  0.23028E+01
  0.18030E+01  0.13357E+01  0.93093E+00  0.60925E+00  0.37580E+00  0.22315E+00
  0.13734E+00  0.10335E+00  0.10816E+00  0.14145E+00  0.19472E+00  0.26008E+00
  0.32947E+00  0.39462E+00  0.44780E+00  0.48281E+00  0.49592E+00  0.48633E+00
  0.45596E+00  0.40888E+00  0.35039E+00  0.28615E+00  0.22149E+00  0.16093E+00
  0.10793E+00  0.64857E-01  0.32996E-01  0.12648E-01  0.32383E-02  0.34578E-02
  0.11427E-01  0.24886E-01  0.41412E-01  0.58634E-01  0.74440E-01  0.87146E-01
  0.95607E-01  0.99269E-01  0.98159E-01  0.92810E-01  0.84146E-01  0.73343E-01
  0.61673E-01  0.50359E-01  0.40451E-01  0.32726E-01  0.27632E-01  0.25261E-01
  0.25372E-01  0.27435E-01  0.30709E-01  0.34343E-01  0.37478E-01  0.39349E-01
  0.39385E-01  0.37277E-01  0.33034E-01  0.26990E-01  0.19800E-01  0.12383E-01
  0.58538E-02  0.14241E-02  0.29347E-03  0.35367E-02  0.11997E-01  0.26195E-01
  0.46260E-01  0.71890E-01  0.10235E+00  0.13650E+00  0.17286E+00  0.20969E+00
  0.24514E+00  0.27730E+00  0.30443E+00  0.32500E+00  0.33783E+00  0.34218E+00
  0.56927E+01  0.11992E+02
  0.29004E+02  0.28693E+02  0.27774E+02  0.26313E+02  0.24407E+02  0.22180E+02
  0.19765E+02  0.17293E+02  0.14886E+02  0.12639E+02  0.10623E+02  0.74145E+01
  0.52745E+01  0.39450E+01  0.30956E+01  0.24693E+01  0.19327E+01  0.14514E+01
  0.10382E+01  0.71035E+00  0.47045E+00  0.30733E+00  0.20418E+00  0.14605E+00
  0.12295E+00  0.12884E+00  0.15875E+00  0.20626E+00  0.26268E+00  0.31814E+00
  0.36352E+00  0.39235E+00  0.40159E+00  0.39147E+00  0.36451E+00  0.32452E+00
  0.27576E+00  0.22248E+00  0.16873E+00  0.11826E+00  0.74352E-01  0.39658E-01
  0.15970E-01  0.40604E-02  0.36257E-02  0.13365E-01  0.31180E-01  0.54444E-01
  0.80306E-01  0.10597E+00  0.12892E+00  0.14712E+00  0.15911E+00  0.16407E+00
  0.16187E+00  0.15296E+00  0.13834E+00  0.11943E+00  0.97914E-01  0.75570E-01
  0.54132E-01  0.35122E-01  0.19732E-01  0.87377E-02  0.24555E-02  0.74115E-03
  0.30338E-02  0.84356E-02  0.15819E-01  0.23950E-01  0.31620E-01  0.37767E-01
  0.41582E-01  0.42589E-01  0.40695E-01  0.36202E-01  0.29781E-01  0.22416E-01
  0.15317E-01  0.98105E-02  0.72208E-02  0.87461E-02  0.15344E-01  0.27636E-01
  0.45832E-01  0.69697E-01  0.98541E-01  0.13125E+00  0.16637E+00  0.20215E+00
  0.23673E+00  0.26822E+00  0.29483E+00  0.31504E+00  0.32766E+00  0.33194E+00
  0.50383E+01  0.13549E+02
  0.33372E+02  0.32938E+02  0.31658E+02  0.29644E+02  0.27054E+02  0.24083E+02
  0.20936E+02  0.17806E+02  0.14856E+02  0.12203E+02  0.99188E+01  0.65109E+01
  0.44245E+01  0.31955E+01  0.24046E+01  0.18091E+01  0.13233E+01  0.93794E+00
  0.65442E+00  0.46020E+00  0.33215E+00  0.24825E+00  0.19492E+00  0.16691E+00
  0.16260E+00  0.17894E+00  0.20921E+00  0.24419E+00  0.27504E+00  0.29565E+00
  0.30332E+00  0.29798E+00  0.28097E+00  0.25419E+00  0.21980E+00  0.18028E+00
  0.13857E+00  0.97927E-01  0.61614E-01  0.32429E-01  0.12348E-01  0.23329E-02
  0.23356E-02  0.11437E-01  0.28044E-01  0.50095E-01  0.75248E-01  0.10107E+00
  0.12519E+00  0.14551E+00  0.16034E+00  0.16854E+00  0.16959E+00  0.16359E+00
  0.15125E+00  0.13378E+00  0.11276E+00  0.89963E-01  0.67236E-01  0.46311E-01
  0.28676E-01  0.15468E-01  0.73911E-02  0.46770E-02  0.70872E-02  0.13951E-01
  0.24238E-01  0.36662E-01  0.49797E-01  0.62210E-01  0.72588E-01  0.79854E-01
  0.83259E-01  0.82451E-01  0.77505E-01  0.68918E-01  0.57570E-01  0.44652E-01
  0.31567E-01  0.19817E-01  0.10874E-01  0.60594E-02  0.64281E-02  0.12677E-01
  0.25076E-01  0.43437E-01  0.67112E-01  0.95028E-01  0.12576E+00  0.15761E+00
  0.18877E+00  0.21737E+00  0.24169E+00  0.26023E+00  0.27184E+00  0.27578E+00
  0.45615E+01  0.14965E+02
  0.36884E+02  0.36322E+02  0.34675E+02  0.32105E+02  0.28847E+02  0.25180E+02
  0.21386E+02  0.17718E+02  0.14371E+02  0.11470E+02  0.90693E+01  0.56925E+01
  0.37614E+01  0.26475E+01  0.19143E+01  0.13703E+01  0.96545E+00  0.68516E+00
  0.50435E+00  0.38861E+00  0.30929E+00  0.25196E+00  0.21403E+00  0.19651E+00
  0.19717E+00  0.20917E+00  0.22404E+00  0.23530E+00  0.23976E+00  0.23674E+00
  0.22652E+00  0.20949E+00  0.18612E+00  0.15750E+00  0.12555E+00  0.92948E-01
  0.62545E-01  0.36857E-01  0.17702E-01  0.61148E-02  0.24172E-02  0.63273E-02
  0.17032E-01  0.33241E-01  0.53263E-01  0.75134E-01  0.96792E-01  0.11628E+00
  0.13191E+00  0.14243E+00  0.14709E+00  0.14564E+00  0.13836E+00  0.12599E+00
  0.10965E+00  0.90750E-01  0.70868E-01  0.51620E-01  0.34529E-01  0.20904E-01
  0.11734E-01  0.76151E-02  0.87076E-02  0.14734E-01  0.25007E-01  0.38497E-01
  0.53919E-01  0.69844E-01  0.84821E-01  0.97491E-01  0.10671E+00  0.11162E+00
  0.11174E+00  0.10702E+00  0.97813E-01  0.84866E-01  0.69277E-01  0.52403E-01
  0.35756E-01  0.20893E-01  0.92928E-02  0.22464E-02  0.74976E-03  0.54245E-02
  0.16463E-01  0.33603E-01  0.56139E-01  0.82962E-01  0.11263E+00  0.14345E+00
  0.17363E+00  0.20135E+00  0.22493E+00  0.24290E+00  0.25416E+00  0.25798E+00
  0.41974E+01  0.16264E+02
  0.39780E+02  0.39088E+02  0.37069E+02  0.33948E+02  0.30047E+02  0.25738E+02
  0.21384E+02  0.17290E+02  0.13673E+02  0.10648E+02  0.82373E+01  0.50187E+01
  0.32652E+01  0.22498E+01  0.15719E+01  0.10930E+01  0.77342E+00  0.57724E+00
  0.45766E+00  0.37511E+00  0.31012E+00  0.26043E+00  0.22909E+00  0.21493E+00
  0.21142E+00  0.21104E+00  0.20908E+00  0.20398E+00  0.19559E+00  0.18359E+00
  0.16737E+00  0.14674E+00  0.12254E+00  0.96626E-01  0.71275E-01  0.48563E-01
  0.30028E-01  0.16674E-01  0.90901E-02  0.74987E-02  0.11717E-01  0.21095E-01
  0.34534E-01  0.50595E-01  0.67672E-01  0.84170E-01  0.98641E-01  0.10988E+00
  0.11698E+00  0.11940E+00  0.11696E+00  0.10990E+00  0.98843E-01  0.84745E-01
  0.68812E-01  0.52393E-01  0.36867E-01  0.23522E-01  0.13454E-01  0.74856E-02
  0.61004E-02  0.94100E-02  0.17148E-01  0.28693E-01  0.43117E-01  0.59261E-01
  0.75825E-01  0.91466E-01  0.10491E+00  0.11504E+00  0.12100E+00  0.12225E+00
  0.11864E+00  0.11037E+00  0.98069E-01  0.82663E-01  0.65377E-01  0.47624E-01
  0.30911E-01  0.16728E-01  0.64398E-02  0.11881E-02  0.18031E-02  0.87370E-02
  0.22025E-01  0.41270E-01  0.65667E-01  0.94040E-01  0.12492E+00  0.15663E+00
  0.18740E+00  0.21548E+00  0.23925E+00  0.25730E+00  0.26858E+00  0.27241E+00
  0.39106E+01  0.17456E+02
  0.42256E+02  0.41432E+02  0.39037E+02  0.35370E+02  0.30851E+02  0.25952E+02
  0.21116E+02  0.16694E+02  0.12907E+02  0.98478E+01  0.74938E+01  0.44862E+01
  0.28933E+01  0.19555E+01  0.13331E+01  0.92399E+00  0.67841E+00  0.53732E+00
  0.44504E+00  0.37046E+00  0.30805E+00  0.26253E+00  0.23459E+00  0.21833E+00
  0.20660E+00  0.19546E+00  0.18403E+00  0.17216E+00  0.15896E+00  0.14324E+00
  0.12458E+00  0.10384E+00  0.82661E-01  0.62734E-01  0.45301E-01  0.31191E-01
  0.21017E-01  0.15251E-01  0.14112E-01  0.17429E-01  0.24600E-01  0.34689E-01
  0.46583E-01  0.59115E-01  0.71149E-01  0.81615E-01  0.89572E-01  0.94277E-01
  0.95268E-01  0.92419E-01  0.85953E-01  0.76414E-01  0.64609E-01  0.51525E-01
  0.38254E-01  0.25902E-01  0.15512E-01  0.79814E-02  0.39921E-02  0.39569E-02
  0.79834E-02  0.15863E-01  0.27083E-01  0.40864E-01  0.56215E-01  0.72010E-01
  0.87069E-01  0.10025E+00  0.11053E+00  0.11709E+00  0.11938E+00  0.11717E+00
  0.11057E+00  0.10001E+00  0.86278E-01  0.70400E-01  0.53622E-01  0.37315E-01
  0.22881E-01  0.11660E-01  0.48357E-02  0.33497E-02  0.78316E-02  0.18547E-01
  0.35370E-01  0.57781E-01  0.84890E-01  0.11548E+00  0.14809E+00  0.18106E+00
  0.21270E+00  0.24132E+00  0.26539E+00  0.28359E+00  0.29493E+00  0.29877E+00
  0.36785E+01  0.18558E+02
  0.44444E+02  0.43484E+02  0.40710E+02  0.36502E+02  0.31389E+02  0.25948E+02
  0.20700E+02  0.16029E+02  0.12152E+02  0.91188E+01  0.68589E+01  0.40699E+01
  0.26078E+01  0.17323E+01  0.11672E+01  0.82466E+00  0.63471E+00  0.52242E+00
  0.43631E+00  0.36063E+00  0.30008E+00  0.25836E+00  0.23078E+00  0.20992E+00
  0.19164E+00  0.17518E+00  0.16033E+00  0.14585E+00  0.13020E+00  0.11285E+00
  0.94629E-01  0.76890E-01  0.60715E-01  0.46715E-01  0.35307E-01  0.26935E-01
  0.22005E-01  0.20671E-01  0.22714E-01  0.27604E-01  0.34637E-01  0.43038E-01
  0.51986E-01  0.60614E-01  0.68052E-01  0.73518E-01  0.76421E-01  0.76429E-01
  0.73489E-01  0.67805E-01  0.59806E-01  0.50106E-01  0.39465E-01  0.28737E-01
  0.18809E-01  0.10535E-01  0.46577E-02  0.17533E-02  0.21797E-02  0.60472E-02
  0.13207E-01  0.23256E-01  0.35569E-01  0.49332E-01  0.63606E-01  0.77387E-01
  0.89686E-01  0.99595E-01  0.10636E+00  0.10944E+00  0.10856E+00  0.10372E+00
  0.95216E-01  0.83645E-01  0.69851E-01  0.54887E-01  0.39953E-01  0.26313E-01
  0.15218E-01  0.78245E-02  0.51096E-02  0.78061E-02  0.16345E-01  0.30820E-01
  0.50965E-01  0.76167E-01  0.10549E+00  0.13770E+00  0.17140E+00  0.20499E+00
  0.23688E+00  0.26549E+00  0.28941E+00  0.30741E+00  0.31860E+00  0.32238E+00
  0.34866E+01  0.19579E+02
  0.46425E+02  0.45328E+02  0.42171E+02  0.37427E+02  0.31743E+02  0.25804E+02
  0.20205E+02  0.15353E+02  0.11442E+02  0.84754E+01  0.63266E+01  0.37406E+01
  0.23808E+01  0.15596E+01  0.10525E+01  0.76791E+00  0.61420E+00  0.51151E+00
  0.42225E+00  0.34551E+00  0.28852E+00  0.24936E+00  0.22016E+00  0.19554E+00
  0.17435E+00  0.15640E+00  0.14033E+00  0.12431E+00  0.10764E+00  0.91031E-01
  0.75553E-01  0.61816E-01  0.49988E-01  0.40232E-01  0.32890E-01  0.28293E-01
  0.26504E-01  0.27283E-01  0.30210E-01  0.34806E-01  0.40537E-01  0.46771E-01
  0.52791E-01  0.57879E-01  0.61430E-01  0.63025E-01  0.62447E-01  0.59660E-01
  0.54798E-01  0.48157E-01  0.40190E-01  0.31486E-01  0.22731E-01  0.14642E-01
  0.79101E-02  0.31406E-02  0.80999E-03  0.12282E-02  0.45124E-02  0.10574E-01
  0.19116E-01  0.29654E-01  0.41537E-01  0.53999E-01  0.66206E-01  0.77316E-01
  0.86541E-01  0.93200E-01  0.96780E-01  0.96971E-01  0.93702E-01  0.87151E-01
  0.77750E-01  0.66161E-01  0.53244E-01  0.40010E-01  0.27563E-01  0.17028E-01
  0.94854E-02  0.58967E-02  0.70425E-02  0.13466E-01  0.25430E-01  0.42888E-01
  0.65477E-01  0.92528E-01  0.12309E+00  0.15598E+00  0.18984E+00  0.22321E+00
  0.25460E+00  0.28257E+00  0.30583E+00  0.32328E+00  0.33409E+00  0.33774E+00
  0.33244E+01  0.20534E+02
  0.60881E+02  0.58290E+02  0.51159E+02  0.41356E+02  0.31066E+02  0.22021E+02
  0.15080E+02  0.10272E+02  0.71458E+01  0.51355E+01  0.37946E+01  0.21714E+01
  0.13474E+01  0.95769E+00  0.72437E+00  0.53711E+00  0.40223E+00  0.31570E+00
  0.25401E+00  0.20605E+00  0.16999E+00  0.14217E+00  0.11963E+00  0.10207E+00
  0.88719E-01  0.77810E-01  0.68620E-01  0.61308E-01  0.55589E-01  0.50848E-01
  0.46817E-01  0.43451E-01  0.40579E-01  0.38003E-01  0.35641E-01  0.33420E-01
  0.31218E-01  0.28969E-01  0.26692E-01  0.24406E-01  0.22095E-01  0.19764E-01
  0.17473E-01  0.15305E-01  0.13327E-01  0.11597E-01  0.10182E-01  0.91530E-02
  0.85625E-02  0.84412E-02  0.88032E-02  0.96434E-02  0.10930E-01  0.12602E-01
  0.14575E-01  0.16744E-01  0.18993E-01  0.21194E-01  0.23210E-01  0.24904E-01
  0.26152E-01  0.26848E-01  0.26914E-01  0.26301E-01  0.24999E-01  0.23036E-01
  0.20488E-01  0.17473E-01  0.14151E-01  0.10717E-01  0.73981E-02  0.44450E-02
  0.21194E-02  0.68479E-03  0.39432E-03  0.14783E-02  0.41330E-02  0.85096E-02
  0.14705E-01  0.22754E-01  0.32623E-01  0.44210E-01  0.57343E-01  0.71785E-01
  0.87232E-01  0.10333E+00  0.11970E+00  0.13591E+00  0.15153E+00  0.16613E+00
  0.17929E+00  0.19064E+00  0.19983E+00  0.20661E+00  0.21076E+00  0.21215E+00
  0.24297E+01  0.28095E+02
  0.70539E+02  0.66307E+02  0.55145E+02  0.41039E+02  0.27935E+02  0.18040E+02
  0.11580E+02  0.76739E+01  0.53010E+01  0.37703E+01  0.27338E+01  0.15726E+01
  0.10532E+01  0.72744E+00  0.50563E+00  0.37636E+00  0.29012E+00  0.22660E+00
  0.18199E+00  0.14888E+00  0.12390E+00  0.10498E+00  0.89660E-01  0.77519E-01
  0.68006E-01  0.59928E-01  0.53065E-01  0.47402E-01  0.42503E-01  0.38162E-01
  0.34357E-01  0.30968E-01  0.27919E-01  0.25187E-01  0.22715E-01  0.20493E-01
  0.18535E-01  0.16813E-01  0.15308E-01  0.14039E-01  0.13012E-01  0.12208E-01
  0.11617E-01  0.11237E-01  0.11053E-01  0.11041E-01  0.11181E-01  0.11445E-01
  0.11804E-01  0.12223E-01  0.12665E-01  0.13096E-01  0.13480E-01  0.13779E-01
  0.13963E-01  0.14003E-01  0.13875E-01  0.13566E-01  0.13071E-01  0.12390E-01
  0.11532E-01  0.10520E-01  0.93824E-02  0.81592E-02  0.68992E-02  0.56584E-02
  0.44994E-02  0.34884E-02  0.26955E-02  0.21908E-02  0.20414E-02  0.23115E-02
  0.30584E-02  0.43295E-02  0.61632E-02  0.85850E-02  0.11602E-01  0.15207E-01
  0.19379E-01  0.24082E-01  0.29260E-01  0.34843E-01  0.40747E-01  0.46879E-01
  0.53127E-01  0.59376E-01  0.65512E-01  0.71415E-01  0.76957E-01  0.82023E-01
  0.86513E-01  0.90329E-01  0.93385E-01  0.95612E-01  0.96961E-01  0.97410E-01
  0.20022E+01  0.34095E+02
  0.77805E+02  0.71851E+02  0.56779E+02  0.39208E+02  0.24642E+02  0.14996E+02
  0.93863E+01  0.61835E+01  0.42296E+01  0.29663E+01  0.21521E+01  0.13002E+01
  0.84131E+00  0.55844E+00  0.40388E+00  0.30029E+00  0.22952E+00  0.18155E+00
  0.14619E+00  0.12006E+00  0.99829E-01  0.84321E-01  0.72015E-01  0.61798E-01
  0.53636E-01  0.46824E-01  0.41009E-01  0.36171E-01  0.32015E-01  0.28427E-01
  0.25359E-01  0.22715E-01  0.20452E-01  0.18514E-01  0.16869E-01  0.15499E-01
  0.14356E-01  0.13422E-01  0.12685E-01  0.12109E-01  0.11669E-01  0.11351E-01
  0.11130E-01  0.10983E-01  0.10890E-01  0.10830E-01  0.10782E-01  0.10728E-01
  0.10653E-01  0.10540E-01  0.10377E-01  0.10156E-01  0.98701E-02  0.95167E-02
  0.90933E-02  0.86015E-02  0.80510E-02  0.74516E-02  0.68142E-02  0.61549E-02
  0.54940E-02  0.48521E-02  0.42495E-02  0.37089E-02  0.32547E-02  0.29123E-02
  0.27060E-02  0.26570E-02  0.27864E-02  0.31126E-02  0.36508E-02  0.44135E-02
  0.54072E-02  0.66345E-02  0.80960E-02  0.97864E-02  0.11692E-01  0.13798E-01
  0.16089E-01  0.18535E-01  0.21103E-01  0.23764E-01  0.26485E-01  0.29225E-01
  0.31945E-01  0.34601E-01  0.37156E-01  0.39572E-01  0.41810E-01  0.43832E-01
  0.45598E-01  0.47084E-01  0.48275E-01  0.49139E-01  0.49654E-01  0.49823E-01
  0.17352E+01  0.39342E+02
  0.83677E+02  0.75950E+02  0.57159E+02  0.36887E+02  0.21768E+02  0.12799E+02
  0.79473E+01  0.52035E+01  0.35183E+01  0.24661E+01  0.18216E+01  0.10997E+01
  0.68561E+00  0.47091E+00  0.33705E+00  0.24991E+00  0.19289E+00  0.15174E+00
  0.12205E+00  0.99768E-01  0.82881E-01  0.69400E-01  0.58889E-01  0.50366E-01
  0.43348E-01  0.37674E-01  0.32888E-01  0.28918E-01  0.25598E-01  0.22801E-01
  0.20460E-01  0.18493E-01  0.16850E-01  0.15472E-01  0.14331E-01  0.13385E-01
  0.12599E-01  0.11953E-01  0.11417E-01  0.10972E-01  0.10599E-01  0.10273E-01
  0.99816E-02  0.97100E-02  0.94448E-02  0.91777E-02  0.88998E-02  0.86045E-02
  0.82868E-02  0.79436E-02  0.75746E-02  0.71808E-02  0.67630E-02  0.63273E-02
  0.58815E-02  0.54271E-02  0.49750E-02  0.45365E-02  0.41179E-02  0.37294E-02
  0.33820E-02  0.30887E-02  0.28601E-02  0.27020E-02  0.26238E-02  0.26371E-02
  0.27483E-02  0.29623E-02  0.32839E-02  0.37170E-02  0.42635E-02  0.49208E-02
  0.56877E-02  0.65606E-02  0.75354E-02  0.86046E-02  0.97555E-02  0.10979E-01
  0.12265E-01  0.13596E-01  0.14955E-01  0.16334E-01  0.17719E-01  0.19086E-01
  0.20418E-01  0.21703E-01  0.22928E-01  0.24061E-01  0.25102E-01  0.26040E-01
  0.26848E-01  0.27529E-01  0.28063E-01  0.28440E-01  0.28683E-01  0.28772E-01
  0.15483E+01  0.44092E+02
  0.88644E+02  0.79109E+02  0.56812E+02  0.34493E+02  0.19394E+02  0.11199E+02
  0.69292E+01  0.44964E+01  0.30224E+01  0.21407E+01  0.15976E+01  0.93372E+00
  0.59149E+00  0.40609E+00  0.28836E+00  0.21589E+00  0.16514E+00  0.12985E+00
  0.10408E+00  0.84832E-01  0.69997E-01  0.58607E-01  0.49439E-01  0.42233E-01
  0.36332E-01  0.31530E-01  0.27608E-01  0.24349E-01  0.21669E-01  0.19431E-01
  0.17568E-01  0.16010E-01  0.14707E-01  0.13609E-01  0.12683E-01  0.11896E-01
  0.11222E-01  0.10638E-01  0.10124E-01  0.96624E-02  0.92401E-02  0.88458E-02
  0.84679E-02  0.81026E-02  0.77424E-02  0.73801E-02  0.70168E-02  0.66495E-02
  0.62777E-02  0.59030E-02  0.55265E-02  0.51525E-02  0.47847E-02  0.44232E-02
  0.40772E-02  0.37514E-02  0.34477E-02  0.31742E-02  0.29363E-02  0.27370E-02
  0.25790E-02  0.24708E-02  0.24176E-02  0.24190E-02  0.24781E-02  0.25987E-02
  0.27828E-02  0.30302E-02  0.33391E-02  0.37103E-02  0.41415E-02  0.46304E-02
  0.51729E-02  0.57669E-02  0.64070E-02  0.70861E-02  0.78010E-02  0.85432E-02
  0.93025E-02  0.10077E-01  0.10858E-01  0.11637E-01  0.12407E-01  0.13157E-01
  0.13880E-01  0.14571E-01  0.15217E-01  0.15816E-01  0.16371E-01  0.16852E-01
  0.17271E-01  0.17632E-01  0.17902E-01  0.18097E-01  0.18230E-01  0.18279E-01
  0.14077E+01  0.48492E+02
  0.92972E+02  0.81604E+02  0.56022E+02  0.32199E+02  0.17461E+02  0.99960E+01
  0.61573E+01  0.39591E+01  0.26652E+01  0.19064E+01  0.14145E+01  0.81208E+00
  0.52403E+00  0.35357E+00  0.25412E+00  0.18839E+00  0.14421E+00  0.11302E+00
  0.90361E-01  0.73396E-01  0.60556E-01  0.50498E-01  0.42699E-01  0.36399E-01
  0.31403E-01  0.27306E-01  0.23989E-01  0.21250E-01  0.18986E-01  0.17103E-01
  0.15527E-01  0.14198E-01  0.13073E-01  0.12107E-01  0.11274E-01  0.10548E-01
  0.99060E-02  0.93274E-02  0.88065E-02  0.83213E-02  0.78701E-02  0.74454E-02
  0.70362E-02  0.66431E-02  0.62588E-02  0.58852E-02  0.55218E-02  0.51666E-02
  0.48220E-02  0.44879E-02  0.41670E-02  0.38610E-02  0.35714E-02  0.33041E-02
  0.30581E-02  0.28373E-02  0.26452E-02  0.24838E-02  0.23524E-02  0.22576E-02
  0.22022E-02  0.21813E-02  0.21985E-02  0.22571E-02  0.23564E-02  0.24936E-02
  0.26692E-02  0.28859E-02  0.31397E-02  0.34286E-02  0.37502E-02  0.41035E-02
  0.44848E-02  0.48915E-02  0.53193E-02  0.57656E-02  0.62264E-02  0.66967E-02
  0.71745E-02  0.76517E-02  0.81272E-02  0.85995E-02  0.90581E-02  0.95017E-02
  0.99304E-02  0.10332E-01  0.10709E-01  0.11057E-01  0.11371E-01  0.11652E-01
  0.11890E-01  0.12098E-01  0.12253E-01  0.12363E-01  0.12435E-01  0.12459E-01
  0.12973E+01  0.52619E+02
  0.96804E+02  0.83589E+02  0.54951E+02  0.30074E+02  0.15887E+02  0.90559E+01
  0.55420E+01  0.35395E+01  0.23963E+01  0.17169E+01  0.12574E+01  0.72614E+00
  0.46595E+00  0.31503E+00  0.22587E+00  0.16702E+00  0.12768E+00  0.99867E-01
  0.79670E-01  0.64708E-01  0.53267E-01  0.44513E-01  0.37581E-01  0.32145E-01
  0.27738E-01  0.24209E-01  0.21302E-01  0.18922E-01  0.16939E-01  0.15282E-01
  0.13881E-01  0.12688E-01  0.11662E-01  0.10771E-01  0.99905E-02  0.92939E-02
  0.86719E-02  0.81044E-02  0.75865E-02  0.71053E-02  0.66571E-02  0.62329E-02
  0.58301E-02  0.54502E-02  0.50867E-02  0.47426E-02  0.44135E-02  0.40997E-02
  0.38044E-02  0.35265E-02  0.32682E-02  0.30291E-02  0.28130E-02  0.26174E-02
  0.24458E-02  0.23003E-02  0.21787E-02  0.20837E-02  0.20192E-02  0.19781E-02
  0.19652E-02  0.19833E-02  0.20290E-02  0.21001E-02  0.21987E-02  0.23274E-02
  0.24779E-02  0.26514E-02  0.28483E-02  0.30681E-02  0.33061E-02  0.35605E-02
  0.38308E-02  0.41150E-02  0.44099E-02  0.47126E-02  0.50210E-02  0.53327E-02
  0.56462E-02  0.59574E-02  0.62641E-02  0.65653E-02  0.68559E-02  0.71362E-02
  0.74017E-02  0.76544E-02  0.78866E-02  0.81028E-02  0.82986E-02  0.84680E-02
  0.86184E-02  0.87438E-02  0.88368E-02  0.89119E-02  0.89505E-02  0.89539E-02
  0.12079E+01  0.56513E+02
  0.10026E+03  0.85184E+02  0.53707E+02  0.28140E+02  0.14592E+02  0.82938E+01
  0.50351E+01  0.32055E+01  0.21817E+01  0.15538E+01  0.11273E+01  0.65949E+00
  0.41745E+00  0.28494E+00  0.20240E+00  0.15012E+00  0.11436E+00  0.89380E-01
  0.71293E-01  0.57801E-01  0.47670E-01  0.39782E-01  0.33671E-01  0.28796E-01
  0.24916E-01  0.21750E-01  0.19167E-01  0.17027E-01  0.15245E-01  0.13741E-01
  0.12462E-01  0.11362E-01  0.10407E-01  0.95689E-02  0.88282E-02  0.81632E-02
  0.75698E-02  0.70238E-02  0.65274E-02  0.60623E-02  0.56368E-02  0.52376E-02
  0.48670E-02  0.45187E-02  0.41896E-02  0.38855E-02  0.35983E-02  0.33346E-02
  0.30902E-02  0.28651E-02  0.26606E-02  0.24768E-02  0.23137E-02  0.21718E-02
  0.20527E-02  0.19539E-02  0.18762E-02  0.18235E-02  0.17888E-02  0.17782E-02
  0.17888E-02  0.18179E-02  0.18680E-02  0.19403E-02  0.20275E-02  0.21309E-02
  0.22549E-02  0.23953E-02  0.25458E-02  0.27108E-02  0.28887E-02  0.30759E-02
  0.32707E-02  0.34716E-02  0.36789E-02  0.38905E-02  0.41052E-02  0.43192E-02
  0.45321E-02  0.47430E-02  0.49504E-02  0.51526E-02  0.53477E-02  0.55334E-02
  0.57095E-02  0.58736E-02  0.60257E-02  0.61653E-02  0.62900E-02  0.64025E-02
  0.64981E-02  0.65775E-02  0.66429E-02  0.66870E-02  0.67156E-02  0.67313E-02
  0.11334E+01  0.60231E+02
  0.10340E+03  0.86464E+02  0.52361E+02  0.26398E+02  0.13514E+02  0.76567E+01
  0.46095E+01  0.29345E+01  0.20010E+01  0.14126E+01  0.10233E+01  0.60195E+00
  0.37946E+00  0.25887E+00  0.18380E+00  0.13599E+00  0.10362E+00  0.80903E-01
  0.64461E-01  0.52330E-01  0.43091E-01  0.36041E-01  0.30481E-01  0.26109E-01
  0.22582E-01  0.19721E-01  0.17371E-01  0.15421E-01  0.13784E-01  0.12396E-01
  0.11209E-01  0.10183E-01  0.92882E-02  0.84997E-02  0.78014E-02  0.71732E-02
  0.66112E-02  0.60974E-02  0.56303E-02  0.51991E-02  0.48066E-02  0.44412E-02
  0.41064E-02  0.37952E-02  0.35063E-02  0.32426E-02  0.29989E-02  0.27792E-02
  0.25772E-02  0.23959E-02  0.22340E-02  0.20919E-02  0.19685E-02  0.18649E-02
  0.17791E-02  0.17110E-02  0.16634E-02  0.16295E-02  0.16160E-02  0.16187E-02
  0.16347E-02  0.16672E-02  0.17177E-02  0.17775E-02  0.18517E-02  0.19406E-02
  0.20391E-02  0.21436E-02  0.22622E-02  0.23884E-02  0.25209E-02  0.26568E-02
  0.28029E-02  0.29517E-02  0.31022E-02  0.32524E-02  0.34044E-02  0.35558E-02
  0.37076E-02  0.38552E-02  0.39978E-02  0.41366E-02  0.42702E-02  0.43985E-02
  0.45206E-02  0.46353E-02  0.47408E-02  0.48367E-02  0.49215E-02  0.49953E-02
  0.50580E-02  0.51098E-02  0.51504E-02  0.51802E-02  0.51985E-02  0.52035E-02
  0.10698E+01  0.63811E+02
  0.11592E+03  0.89720E+02  0.45351E+02  0.20059E+02  0.10018E+02  0.54999E+01
  0.32382E+01  0.20705E+01  0.13853E+01  0.97592E+00  0.71407E+00  0.41301E+00
  0.26116E+00  0.17693E+00  0.12552E+00  0.92479E-01  0.70268E-01  0.54716E-01
  0.43512E-01  0.35213E-01  0.28937E-01  0.24102E-01  0.20303E-01  0.17283E-01
  0.14847E-01  0.12845E-01  0.11193E-01  0.98138E-02  0.86505E-02  0.76611E-02
  0.68147E-02  0.60847E-02  0.54503E-02  0.48972E-02  0.44118E-02  0.39868E-02
  0.36089E-02  0.32759E-02  0.29835E-02  0.27193E-02  0.24873E-02  0.22782E-02
  0.20962E-02  0.19345E-02  0.17889E-02  0.16635E-02  0.15502E-02  0.14566E-02
  0.13704E-02  0.12991E-02  0.12372E-02  0.11882E-02  0.11469E-02  0.11145E-02
  0.10898E-02  0.10724E-02  0.10624E-02  0.10585E-02  0.10591E-02  0.10672E-02
  0.10776E-02  0.10939E-02  0.11141E-02  0.11354E-02  0.11628E-02  0.11905E-02
  0.12219E-02  0.12562E-02  0.12893E-02  0.13245E-02  0.13641E-02  0.14007E-02
  0.14357E-02  0.14769E-02  0.15161E-02  0.15518E-02  0.15893E-02  0.16284E-02
  0.16652E-02  0.16997E-02  0.17305E-02  0.17611E-02  0.17935E-02  0.18253E-02
  0.18522E-02  0.18760E-02  0.18967E-02  0.19148E-02  0.19364E-02  0.19516E-02
  0.19675E-02  0.19763E-02  0.19886E-02  0.19926E-02  0.20003E-02  0.19882E-02
  0.85264E+00  0.80063E+02
  0.12524E+03  0.90017E+02  0.39193E+02  0.16302E+02  0.79891E+01  0.42481E+01
  0.25059E+01  0.15848E+01  0.10655E+01  0.74665E+00  0.54231E+00  0.31384E+00
  0.19866E+00  0.13397E+00  0.94678E-01  0.69454E-01  0.52498E-01  0.40645E-01
  0.32108E-01  0.25799E-01  0.21035E-01  0.17365E-01  0.14493E-01  0.12212E-01
  0.10376E-01  0.88820E-02  0.76565E-02  0.66402E-02  0.57895E-02  0.50720E-02
  0.44655E-02  0.39500E-02  0.35086E-02  0.31290E-02  0.28006E-02  0.25172E-02
  0.22717E-02  0.20563E-02  0.18690E-02  0.17076E-02  0.15639E-02  0.14406E-02
  0.13322E-02  0.12361E-02  0.11543E-02  0.10848E-02  0.10195E-02  0.96784E-03
  0.92169E-03  0.88259E-03  0.85165E-03  0.82103E-03  0.80003E-03  0.78148E-03
  0.76804E-03  0.75645E-03  0.74923E-03  0.74467E-03  0.74276E-03  0.74290E-03
  0.74470E-03  0.74890E-03  0.75374E-03  0.76171E-03  0.76832E-03  0.77846E-03
  0.78803E-03  0.79787E-03  0.81086E-03  0.82077E-03  0.83305E-03  0.84588E-03
  0.85799E-03  0.86996E-03  0.88303E-03  0.89498E-03  0.90543E-03  0.91893E-03
  0.93099E-03  0.94027E-03  0.94948E-03  0.96161E-03  0.97088E-03  0.98140E-03
  0.98847E-03  0.99403E-03  0.10019E-02  0.10112E-02  0.10158E-02  0.10223E-02
  0.10260E-02  0.10283E-02  0.10350E-02  0.10318E-02  0.10409E-02  0.10172E-02
  0.72318E+00  0.94396E+02
  0.13270E+03  0.88838E+02  0.34266E+02  0.13857E+02  0.65875E+01  0.34660E+01
  0.20389E+01  0.12886E+01  0.86183E+00  0.60229E+00  0.43897E+00  0.25311E+00
  0.15931E+00  0.10683E+00  0.75080E-01  0.54753E-01  0.41095E-01  0.31584E-01
  0.24755E-01  0.19730E-01  0.15952E-01  0.13058E-01  0.10809E-01  0.90249E-02
  0.76093E-02  0.64625E-02  0.55308E-02  0.47660E-02  0.41300E-02  0.35984E-02
  0.31523E-02  0.27786E-02  0.24616E-02  0.21912E-02  0.19598E-02  0.17619E-02
  0.15914E-02  0.14440E-02  0.13156E-02  0.12072E-02  0.11118E-02  0.10265E-02
  0.95413E-03  0.89343E-03  0.83917E-03  0.78973E-03  0.74912E-03  0.71490E-03
  0.68238E-03  0.65633E-03  0.63517E-03  0.61429E-03  0.59887E-03  0.58410E-03
  0.57232E-03  0.56473E-03  0.55645E-03  0.55102E-03  0.54554E-03  0.54325E-03
  0.54097E-03  0.53993E-03  0.53974E-03  0.54038E-03  0.54186E-03  0.54375E-03
  0.54600E-03  0.54860E-03  0.55195E-03  0.55513E-03  0.55906E-03  0.56284E-03
  0.56562E-03  0.57123E-03  0.57456E-03  0.57833E-03  0.58239E-03  0.58767E-03
  0.58996E-03  0.59403E-03  0.59854E-03  0.60236E-03  0.60454E-03  0.60657E-03
  0.61145E-03  0.61403E-03  0.61619E-03  0.61828E-03  0.62072E-03  0.62282E-03
  0.62361E-03  0.62675E-03  0.62429E-03  0.62498E-03  0.62806E-03  0.62160E-03
  0.63544E+00  0.10743E+03
  0.13900E+03  0.86901E+02  0.30411E+02  0.12091E+02  0.55699E+01  0.29351E+01
  0.17176E+01  0.10838E+01  0.72086E+00  0.50522E+00  0.36548E+00  0.21013E+00
  0.13176E+00  0.87905E-01  0.61417E-01  0.44471E-01  0.33139E-01  0.25283E-01
  0.19673E-01  0.15566E-01  0.12495E-01  0.10160E-01  0.83514E-02  0.69409E-02
  0.58180E-02  0.49147E-02  0.41913E-02  0.35959E-02  0.31071E-02  0.27026E-02
  0.23623E-02  0.20807E-02  0.18433E-02  0.16411E-02  0.14700E-02  0.13240E-02
  0.11984E-02  0.10904E-02  0.99790E-03  0.91804E-03  0.84826E-03  0.78672E-03
  0.73362E-03  0.68826E-03  0.64950E-03  0.61458E-03  0.58240E-03  0.55624E-03
  0.53393E-03  0.51385E-03  0.49530E-03  0.47985E-03  0.46805E-03  0.45501E-03
  0.44548E-03  0.43698E-03  0.42784E-03  0.42404E-03  0.41772E-03  0.41269E-03
  0.41037E-03  0.40648E-03  0.40533E-03  0.40217E-03  0.40121E-03  0.39993E-03
  0.40029E-03  0.39943E-03  0.39970E-03  0.39936E-03  0.40018E-03  0.40073E-03
  0.40170E-03  0.40252E-03  0.40322E-03  0.40392E-03  0.40490E-03  0.40622E-03
  0.40753E-03  0.40889E-03  0.40957E-03  0.41076E-03  0.41186E-03  0.41240E-03
  0.41335E-03  0.41370E-03  0.41481E-03  0.41647E-03  0.41688E-03  0.41753E-03
  0.41856E-03  0.41800E-03  0.41707E-03  0.41817E-03  0.41822E-03  0.41586E-03
  0.57054E+00  0.11965E+03