  0.13720E+02  0.13707E+02  0.13665E+02  0.13596E+02  0.13500E+02  0.13378E+02
  0.13230E+02  0.13057E+02  0.12859E+02  0.12639E+02  0.12397E+02  0.11852E+02
  0.11236E+02  0.10562E+02  0.98418E+01  0.90904E+01  0.83209E+01  0.75466E+01
  0.67801E+01  0.60328E+01  0.53150E+01  0.46354E+01  0.40012E+01  0.34177E+01
  0.28888E+01  0.24163E+01  0.20009E+01  0.16415E+01  0.13358E+01  0.10807E+01
  0.87180E+00  0.70449E+00  0.57358E+00  0.47374E+00  0.39966E+00  0.34625E+00
  0.30874E+00  0.28284E+00  0.26482E+00  0.25153E+00  0.24046E+00  0.22973E+00
  0.21803E+00  0.20462E+00  0.18920E+00  0.17189E+00  0.15311E+00  0.13351E+00
  0.11387E+00  0.95027E-01  0.77796E-01  0.62923E-01  0.51023E-01  0.42552E-01
  0.37781E-01  0.36791E-01  0.39473E-01  0.45549E-01  0.54593E-01  0.66060E-01
  0.79328E-01  0.93730E-01  0.10860E+00  0.12330E+00  0.13727E+00  0.15004E+00
  0.16126E+00  0.17071E+00  0.17832E+00  0.18415E+00  0.18839E+00  0.19136E+00
  0.19345E+00  0.19515E+00  0.19697E+00  0.19944E+00  0.20306E+00  0.20830E+00
  0.21552E+00  0.22503E+00  0.23698E+00  0.25140E+00  0.26821E+00  0.28717E+00
  0.30793E+00  0.33001E+00  0.35286E+00  0.37584E+00  0.39828E+00  0.41949E+00
  0.43879E+00  0.45556E+00  0.46923E+00  0.47934E+00  0.48555E+00  0.48764E+00
  0.13096E+02  0.25593E+01
  0.63389E+01  0.63248E+01  0.62822E+01  0.62119E+01  0.61146E+01  0.59914E+01
  0.58439E+01  0.56737E+01  0.54827E+01  0.52732E+01  0.50473E+01  0.45564E+01
  0.40303E+01  0.34893E+01  0.29526E+01  0.24374E+01  0.19579E+01  0.15249E+01
  0.11460E+01  0.82497E+00  0.56273E+00  0.35744E+00  0.20524E+00  0.10081E+00
  0.37995E-01  0.10283E-01  0.11219E-01  0.34678E-01  0.75034E-01  0.12722E+00
  0.18673E+00  0.24953E+00  0.31204E+00  0.37104E+00  0.42363E+00  0.46726E+00
  0.49977E+00  0.51945E+00  0.52516E+00  0.51639E+00  0.49340E+00  0.45721E+00
  0.40966E+00  0.35335E+00  0.29151E+00  0.22790E+00  0.16658E+00  0.11165E+00
  0.67076E-01  0.36355E-01  0.22335E-01  0.26991E-01  0.51274E-01  0.95015E-01
  0.15690E+00  0.23449E+00  0.32437E+00  0.42227E+00  0.52331E+00  0.62227E+00
  0.71387E+00  0.79307E+00  0.85537E+00  0.89708E+00  0.91557E+00  0.90942E+00
  0.87859E+00  0.82445E+00  0.74977E+00  0.65865E+00  0.55634E+00  0.44904E+00
  0.34364E+00  0.24739E+00  0.16755E+00  0.11110E+00  0.84337E-01  0.92585E-01
  0.13991E+00  0.22888E+00  0.36041E+00  0.53363E+00  0.74590E+00  0.99284E+00
  0.12684E+01  0.15654E+01  0.18750E+01  0.21881E+01  0.24949E+01  0.27854E+01
  0.30501E+01  0.32802E+01  0.34679E+01  0.36068E+01  0.36921E+01  0.37208E+01
  0.74939E+01  0.44725E+01
  0.60015E+01  0.59784E+01  0.59088E+01  0.57944E+01  0.56375E+01  0.54411E+01
  0.52091E+01  0.49459E+01  0.46566E+01  0.43464E+01  0.40209E+01  0.33469E+01
  0.26787E+01  0.20556E+01  0.15088E+01  0.10593E+01  0.71709E+00  0.48145E+00
  0.34272E+00  0.28452E+00  0.28653E+00  0.32724E+00  0.38640E+00  0.44693E+00
  0.49610E+00  0.52604E+00  0.53354E+00  0.51936E+00  0.48727E+00  0.44283E+00
  0.39232E+00  0.34169E+00  0.29590E+00  0.25844E+00  0.23115E+00  0.21430E+00
  0.20684E+00  0.20674E+00  0.21144E+00  0.21820E+00  0.22451E+00  0.22831E+00
  0.22823E+00  0.22361E+00  0.21455E+00  0.20185E+00  0.18684E+00  0.17125E+00
  0.15705E+00  0.14623E+00  0.14065E+00  0.14187E+00  0.15106E+00  0.16885E+00
  0.19530E+00  0.22987E+00  0.27144E+00  0.31833E+00  0.36841E+00  0.41920E+00
  0.46801E+00  0.51207E+00  0.54871E+00  0.57552E+00  0.59050E+00  0.59222E+00
  0.57990E+00  0.55351E+00  0.51384E+00  0.46247E+00  0.40177E+00  0.33479E+00
  0.26514E+00  0.19687E+00  0.13425E+00  0.81555E-01  0.42896E-01  0.21964E-01
  0.21839E-01  0.44811E-01  0.92228E-01  0.16439E+00  0.26050E+00  0.37863E+00
  0.51580E+00  0.66804E+00  0.83059E+00  0.99805E+00  0.11646E+01  0.13243E+01
  0.14713E+01  0.16000E+01  0.17057E+01  0.17842E+01  0.18326E+01  0.18489E+01
  0.52245E+01  0.64153E+01
  0.85681E+01  0.85292E+01  0.84124E+01  0.82210E+01  0.79596E+01  0.76345E+01
  0.72535E+01  0.68255E+01  0.63604E+01  0.58683E+01  0.53600E+01  0.43361E+01
  0.33660E+01  0.25123E+01  0.18176E+01  0.13019E+01  0.96339E+00  0.78257E+00
  0.72718E+00  0.75864E+00  0.83793E+00  0.93040E+00  0.10091E+01  0.10562E+01
  0.10632E+01  0.10295E+01  0.96050E+00  0.86518E+00  0.75417E+00  0.63786E+00
  0.52520E+00  0.42302E+00  0.33583E+00  0.26600E+00  0.21410E+00  0.17936E+00
  0.16014E+00  0.15426E+00  0.15930E+00  0.17280E+00  0.19234E+00  0.21563E+00
  0.24053E+00  0.26513E+00  0.28772E+00  0.30692E+00  0.32166E+00  0.33125E+00
  0.33544E+00  0.33436E+00  0.32858E+00  0.31898E+00  0.30672E+00  0.29311E+00
  0.27950E+00  0.26718E+00  0.25722E+00  0.25042E+00  0.24718E+00  0.24751E+00
  0.25100E+00  0.25684E+00  0.26390E+00  0.27081E+00  0.27611E+00  0.27833E+00
  0.27619E+00  0.26866E+00  0.25515E+00  0.23555E+00  0.21030E+00  0.18042E+00
  0.14750E+00  0.11362E+00  0.81238E-01  0.53115E-01  0.32099E-01  0.20977E-01
  0.22290E-01  0.38156E-01  0.70115E-01  0.11899E+00  0.18479E+00  0.26668E+00
  0.36293E+00  0.47100E+00  0.58761E+00  0.70889E+00  0.83055E+00  0.94805E+00
  0.10569E+01  0.11527E+01  0.12317E+01  0.12906E+01  0.13269E+01  0.13392E+01
  0.58016E+01  0.57772E+01
  0.15721E+02  0.15624E+02  0.15333E+02  0.14861E+02  0.14229E+02  0.13462E+02
  0.12589E+02  0.11645E+02  0.10662E+02  0.96736E+01  0.87087E+01  0.69469E+01
  0.55155E+01  0.44596E+01  0.37438E+01  0.32799E+01  0.29624E+01  0.26978E+01
  0.24238E+01  0.21137E+01  0.17714E+01  0.14193E+01  0.10857E+01  0.79497E+00
  0.56196E+00  0.39117E+00  0.27853E+00  0.21469E+00  0.18830E+00  0.18840E+00
  0.20577E+00  0.23326E+00  0.26554E+00  0.29868E+00  0.32959E+00  0.35578E+00
  0.37528E+00  0.38666E+00  0.38918E+00  0.38290E+00  0.36865E+00  0.34791E+00
  0.32259E+00  0.29476E+00  0.26634E+00  0.23888E+00  0.21344E+00  0.19052E+00
  0.17013E+00  0.15193E+00  0.13539E+00  0.11991E+00  0.10501E+00  0.90393E-01
  0.76027E-01  0.62130E-01  0.49142E-01  0.37665E-01  0.28372E-01  0.21921E-01
  0.18863E-01  0.19562E-01  0.24137E-01  0.32420E-01  0.43951E-01  0.57988E-01
  0.73554E-01  0.89504E-01  0.10461E+00  0.11767E+00  0.12759E+00  0.13347E+00
  0.13475E+00  0.13119E+00  0.12295E+00  0.11059E+00  0.95004E-01  0.77419E-01
  0.59257E-01  0.42051E-01  0.27319E-01  0.16446E-01  0.10569E-01  0.10483E-01
  0.16568E-01  0.28751E-01  0.46498E-01  0.68845E-01  0.94463E-01  0.12175E+00
  0.14894E+00  0.17424E+00  0.19595E+00  0.21262E+00  0.22310E+00  0.22666E+00
  0.60872E+01  0.55062E+01
  0.21788E+02  0.21599E+02  0.21037E+02  0.20135E+02  0.18945E+02  0.17531E+02
  0.15966E+02  0.14325E+02  0.12681E+02  0.11099E+02  0.96293E+01  0.71664E+01
  0.54132E+01  0.42889E+01  0.35987E+01  0.31320E+01  0.27310E+01  0.23165E+01
  0.18775E+01  0.14413E+01  0.10447E+01  0.71445E+00  0.46152E+00  0.28331E+00
  0.16989E+00  0.10941E+00  0.91252E-01  0.10675E+00  0.14833E+00  0.20837E+00
  0.27848E+00  0.34956E+00  0.41270E+00  0.46033E+00  0.48728E+00  0.49140E+00
  0.47343E+00  0.43656E+00  0.38548E+00  0.32558E+00  0.26221E+00  0.20012E+00
  0.14324E+00  0.94505E-01  0.55837E-01  0.28159E-01  0.11467E-01  0.49348E-02
  0.70500E-02  0.15801E-01  0.28891E-01  0.43969E-01  0.58850E-01  0.71708E-01
  0.81211E-01  0.86593E-01  0.87668E-01  0.84769E-01  0.78652E-01  0.70357E-01
  0.61061E-01  0.51930E-01  0.43986E-01  0.38005E-01  0.34444E-01  0.33413E-01
  0.34684E-01  0.37729E-01  0.41805E-01  0.46039E-01  0.49543E-01  0.51521E-01
  0.51367E-01  0.48748E-01  0.43656E-01  0.36431E-01  0.27750E-01  0.18579E-01
  0.10094E-01  0.35891E-02  0.35381E-03  0.15575E-02  0.81339E-02  0.20683E-01
  0.39395E-01  0.64007E-01  0.93799E-01  0.12762E+00  0.16394E+00  0.20098E+00
  0.23678E+00  0.26940E+00  0.29698E+00  0.31793E+00  0.33102E+00  0.33546E+00
  0.54105E+01  0.61949E+01
  0.27773E+02  0.27467E+02  0.26561E+02  0.25122E+02  0.23249E+02  0.21064E+02
  0.18701E+02  0.16292E+02  0.13955E+02  0.11787E+02  0.98557E+01  0.68283E+01
  0.48687E+01  0.37020E+01  0.29859E+01  0.24580E+01  0.19859E+01  0.15401E+01
  0.11397E+01  0.80813E+00  0.55354E+00  0.36915E+00  0.24175E+00  0.15942E+00
  0.11465E+00  0.10333E+00  0.12176E+00  0.16405E+00  0.22137E+00  0.28303E+00
  0.33867E+00  0.38031E+00  0.40335E+00  0.40657E+00  0.39126E+00  0.36031E+00
  0.31742E+00  0.26662E+00  0.21206E+00  0.15784E+00  0.10778E+00  0.65223E-01
  0.32707E-01  0.11752E-01  0.27469E-02  0.49798E-02  0.16797E-01  0.35852E-01
  0.59400E-01  0.84582E-01  0.10869E+00  0.12937E+00  0.14481E+00  0.15377E+00
  0.15574E+00  0.15081E+00  0.13971E+00  0.12363E+00  0.10413E+00  0.82953E-01
  0.61849E-01  0.42434E-01  0.26036E-01  0.13599E-01  0.56172E-02  0.21190E-02
  0.26985E-02  0.65815E-02  0.12728E-01  0.19951E-01  0.27053E-01  0.32949E-01
  0.36782E-01  0.38016E-01  0.36489E-01  0.32438E-01  0.26481E-01  0.19563E-01
  0.12877E-01  0.77473E-02  0.55149E-02  0.74059E-02  0.14413E-01  0.27190E-01
  0.45979E-01  0.70561E-01  0.10025E+00  0.13392E+00  0.17007E+00  0.20694E+00
  0.24258E+00  0.27505E+00  0.30250E+00  0.32336E+00  0.33639E+00  0.34081E+00
  0.49129E+01  0.68222E+01
  0.32714E+02  0.32281E+02  0.31006E+02  0.29000E+02  0.26423E+02  0.23472E+02
  0.20352E+02  0.17257E+02  0.14350E+02  0.11747E+02  0.95182E+01  0.62299E+01
  0.42594E+01  0.31275E+01  0.24074E+01  0.18562E+01  0.13928E+01  0.10135E+01
  0.72489E+00  0.51822E+00  0.37334E+00  0.27072E+00  0.19908E+00  0.15523E+00
  0.13915E+00  0.14872E+00  0.17742E+00  0.21557E+00  0.25341E+00  0.28362E+00
  0.30219E+00  0.30782E+00  0.30077E+00  0.28208E+00  0.25330E+00  0.21660E+00
  0.17487E+00  0.13157E+00  0.90359E-01  0.54619E-01  0.26992E-01  0.91424E-02
  0.16875E-02  0.42797E-02  0.15761E-01  0.34343E-01  0.57795E-01  0.83636E-01
  0.10933E+00  0.13251E+00  0.15112E+00  0.16364E+00  0.16914E+00  0.16735E+00
  0.15864E+00  0.14396E+00  0.12471E+00  0.10260E+00  0.79475E-01  0.57174E-01
  0.37351E-01  0.21359E-01  0.10143E-01  0.41814E-02  0.34655E-02  0.75226E-02
  0.15477E-01  0.26146E-01  0.38155E-01  0.50070E-01  0.60534E-01  0.68389E-01
  0.72782E-01  0.73242E-01  0.69727E-01  0.62624E-01  0.52723E-01  0.41147E-01
  0.29262E-01  0.18554E-01  0.10505E-01  0.64657E-02  0.75314E-02  0.14443E-01
  0.27513E-01  0.46587E-01  0.71035E-01  0.99790E-01  0.13141E+00  0.16418E+00
  0.19623E+00  0.22566E+00  0.25069E+00  0.26978E+00  0.28173E+00  0.28579E+00
  0.45175E+01  0.74194E+01
  0.36636E+02  0.36072E+02  0.34420E+02  0.31843E+02  0.28579E+02  0.24909E+02
  0.21118E+02  0.17460E+02  0.14131E+02  0.11255E+02  0.88847E+01  0.55779E+01
  0.37133E+01  0.26503E+01  0.19488E+01  0.14199E+01  0.10186E+01  0.73423E+00
  0.54440E+00  0.41651E+00  0.32358E+00  0.25298E+00  0.20383E+00  0.17841E+00
  0.17512E+00  0.18704E+00  0.20520E+00  0.22230E+00  0.23422E+00  0.23934E+00
  0.23706E+00  0.22698E+00  0.20896E+00  0.18366E+00  0.15282E+00  0.11915E+00
  0.85744E-01  0.55512E-01  0.30788E-01  0.13164E-01  0.35149E-02  0.20486E-02
  0.83526E-02  0.21426E-01  0.39747E-01  0.61396E-01  0.84240E-01  0.10614E+00
  0.12513E+00  0.13963E+00  0.14850E+00  0.15113E+00  0.14746E+00  0.13796E+00
  0.12353E+00  0.10550E+00  0.85404E-01  0.64928E-01  0.45725E-01  0.29291E-01
  0.16840E-01  0.92169E-02  0.68275E-02  0.96220E-02  0.17108E-01  0.28400E-01
  0.42307E-01  0.57433E-01  0.72305E-01  0.85496E-01  0.95750E-01  0.10208E+00
  0.10387E+00  0.10090E+00  0.93406E-01  0.82016E-01  0.67748E-01  0.51904E-01
  0.35981E-01  0.21547E-01  0.10119E-01  0.30454E-02  0.13894E-02  0.58439E-02
  0.16667E-01  0.33652E-01  0.56131E-01  0.83014E-01  0.11286E+00  0.14396E+00
  0.17448E+00  0.20257E+00  0.22649E+00  0.24475E+00  0.25619E+00  0.26008E+00
  0.41933E+01  0.79930E+01
  0.39813E+02  0.39116E+02  0.37082E+02  0.33940E+02  0.30015E+02  0.25683E+02
  0.21311E+02  0.17206E+02  0.13587E+02  0.10569E+02  0.81703E+01  0.49869E+01
  0.32672E+01  0.22744E+01  0.16070E+01  0.11302E+01  0.80774E+00  0.60544E+00
  0.47750E+00  0.38536E+00  0.31089E+00  0.25325E+00  0.21652E+00  0.19991E+00
  0.19672E+00  0.19897E+00  0.20134E+00  0.20165E+00  0.19906E+00  0.19264E+00
  0.18118E+00  0.16402E+00  0.14172E+00  0.11603E+00  0.89336E-01  0.63921E-01
  0.41659E-01  0.23953E-01  0.11807E-01  0.58493E-02  0.62578E-02  0.12684E-01
  0.24245E-01  0.39623E-01  0.57226E-01  0.75363E-01  0.92399E-01  0.10687E+00
  0.11756E+00  0.12362E+00  0.12458E+00  0.12041E+00  0.11153E+00  0.98733E-01
  0.83158E-01  0.66150E-01  0.49154E-01  0.33589E-01  0.20738E-01  0.11637E-01
  0.70023E-02  0.71710E-02  0.12082E-01  0.21281E-01  0.33964E-01  0.49042E-01
  0.65231E-01  0.81155E-01  0.95457E-01  0.10691E+00  0.11451E+00  0.11758E+00
  0.11578E+00  0.10921E+00  0.98347E-01  0.84038E-01  0.67452E-01  0.49984E-01
  0.33153E-01  0.18496E-01  0.74468E-02  0.12328E-02  0.77556E-03  0.66180E-02
  0.18875E-01  0.37217E-01  0.60880E-01  0.88712E-01  0.11925E+00  0.15079E+00
  0.18153E+00  0.20968E+00  0.23356E+00  0.25173E+00  0.26310E+00  0.26696E+00
  0.39254E+01  0.85385E+01
  0.42479E+02  0.41646E+02  0.39227E+02  0.35526E+02  0.30967E+02  0.26028E+02
  0.21157E+02  0.16708E+02  0.12906E+02  0.98398E+01  0.74865E+01  0.44917E+01
  0.29124E+01  0.19815E+01  0.13600E+01  0.94839E+00  0.69871E+00  0.55216E+00
  0.45334E+00  0.37205E+00  0.30394E+00  0.25460E+00  0.22501E+00  0.20903E+00
  0.19915E+00  0.19102E+00  0.18338E+00  0.17557E+00  0.16624E+00  0.15374E+00
  0.13730E+00  0.11761E+00  0.96278E-01  0.75077E-01  0.55424E-01  0.38397E-01
  0.24901E-01  0.15718E-01  0.11375E-01  0.11981E-01  0.17165E-01  0.26153E-01
  0.37904E-01  0.51238E-01  0.64918E-01  0.77708E-01  0.88456E-01  0.96183E-01
  0.10018E+00  0.10009E+00  0.95917E-01  0.88035E-01  0.77130E-01  0.64135E-01
  0.50150E-01  0.36356E-01  0.23918E-01  0.13898E-01  0.71682E-02  0.43404E-02
  0.57168E-02  0.11265E-01  0.20618E-01  0.33102E-01  0.47785E-01  0.63548E-01
  0.79172E-01  0.93432E-01  0.10519E+00  0.11349E+00  0.11763E+00  0.11722E+00
  0.11224E+00  0.10300E+00  0.90183E-01  0.74775E-01  0.57998E-01  0.41234E-01
  0.25934E-01  0.13509E-01  0.52338E-02  0.21510E-02  0.49927E-02  0.14121E-01
  0.29491E-01  0.50646E-01  0.76737E-01  0.10656E+00  0.13865E+00  0.17133E+00
  0.20284E+00  0.23146E+00  0.25560E+00  0.27390E+00  0.28531E+00  0.28918E+00
  0.37020E+01  0.90539E+01
  0.44794E+02  0.43823E+02  0.41018E+02  0.36763E+02  0.31596E+02  0.26101E+02
  0.20805E+02  0.16097E+02  0.12194E+02  0.91457E+01  0.68791E+01  0.40895E+01
  0.26296E+01  0.17533E+01  0.11853E+01  0.83962E+00  0.64622E+00  0.52974E+00
  0.43896E+00  0.35911E+00  0.29573E+00  0.25276E+00  0.22532E+00  0.20567E+00
  0.18939E+00  0.17549E+00  0.16345E+00  0.15163E+00  0.13812E+00  0.12219E+00
  0.10453E+00  0.86496E-01  0.69229E-01  0.53469E-01  0.39810E-01  0.28914E-01
  0.21424E-01  0.17733E-01  0.17836E-01  0.21373E-01  0.27754E-01  0.36248E-01
  0.46010E-01  0.56091E-01  0.65494E-01  0.73275E-01  0.78654E-01  0.81102E-01
  0.80369E-01  0.76487E-01  0.69747E-01  0.60674E-01  0.49989E-01  0.38563E-01
  0.27345E-01  0.17293E-01  0.92888E-02  0.40674E-02  0.21581E-02  0.38391E-02
  0.91132E-02  0.17704E-01  0.29071E-01  0.42450E-01  0.56904E-01  0.71394E-01
  0.84853E-01  0.96270E-01  0.10476E+00  0.10965E+00  0.11051E+00  0.10722E+00
  0.99961E-01  0.89230E-01  0.75817E-01  0.60751E-01  0.45240E-01  0.30591E-01
  0.18124E-01  0.90832E-02  0.45498E-02  0.53628E-02  0.12056E-01  0.24815E-01
  0.43447E-01  0.67391E-01  0.95735E-01  0.12727E+00  0.16054E+00  0.19394E+00
  0.22581E+00  0.25452E+00  0.27859E+00  0.29675E+00  0.30805E+00  0.31187E+00
  0.35135E+01  0.95394E+01
  0.46863E+02  0.45752E+02  0.42556E+02  0.37755E+02  0.32004E+02  0.25999E+02
  0.20342E+02  0.15446E+02  0.11503E+02  0.85172E+01  0.63576E+01  0.37636E+01
  0.23999E+01  0.15745E+01  0.10640E+01  0.77697E+00  0.62081E+00  0.51511E+00
  0.42281E+00  0.34384E+00  0.28583E+00  0.24667E+00  0.21819E+00  0.19483E+00
  0.17532E+00  0.15926E+00  0.14499E+00  0.13038E+00  0.11459E+00  0.98247E-01
  0.82429E-01  0.67789E-01  0.54580E-01  0.43092E-01  0.33834E-01  0.27318E-01
  0.23789E-01  0.23163E-01  0.25147E-01  0.29343E-01  0.35245E-01  0.42205E-01
  0.49444E-01  0.56146E-01  0.61579E-01  0.65170E-01  0.66542E-01  0.65503E-01
  0.62051E-01  0.56374E-01  0.48858E-01  0.40063E-01  0.30684E-01  0.21489E-01
  0.13253E-01  0.66993E-02  0.24381E-02  0.92327E-03  0.24131E-02  0.69458E-02
  0.14331E-01  0.24158E-01  0.35820E-01  0.48558E-01  0.61509E-01  0.73766E-01
  0.84447E-01  0.92761E-01  0.98066E-01  0.99922E-01  0.98133E-01  0.92773E-01
  0.84183E-01  0.72969E-01  0.59961E-01  0.46174E-01  0.32744E-01  0.20859E-01
  0.11679E-01  0.62625E-02  0.54937E-02  0.10019E-01  0.20196E-01  0.36059E-01
  0.57309E-01  0.83312E-01  0.11313E+00  0.14558E+00  0.17926E+00  0.21266E+00
  0.24424E+00  0.27249E+00  0.29605E+00  0.31376E+00  0.32475E+00  0.32846E+00
  0.33525E+01  0.99977E+01
  0.61614E+02  0.58986E+02  0.51753E+02  0.41814E+02  0.31387E+02  0.22228E+02
  0.15207E+02  0.10351E+02  0.71959E+01  0.51690E+01  0.38174E+01  0.21821E+01
  0.13548E+01  0.96543E+00  0.73175E+00  0.54322E+00  0.40731E+00  0.31998E+00
  0.25747E+00  0.20883E+00  0.17221E+00  0.14383E+00  0.12075E+00  0.10275E+00
  0.89040E-01  0.77826E-01  0.68400E-01  0.60930E-01  0.55123E-01  0.50367E-01
  0.46401E-01  0.43166E-01  0.40471E-01  0.38112E-01  0.36001E-01  0.34043E-01
  0.32096E-01  0.30074E-01  0.27984E-01  0.25831E-01  0.23585E-01  0.21242E-01
  0.18859E-01  0.16521E-01  0.14301E-01  0.12268E-01  0.10506E-01  0.91044E-02
  0.81377E-02  0.76600E-02  0.77089E-02  0.83011E-02  0.94235E-02  0.11031E-01
  0.13048E-01  0.15373E-01  0.17887E-01  0.20454E-01  0.22921E-01  0.25128E-01
  0.26927E-01  0.28182E-01  0.28784E-01  0.28654E-01  0.27753E-01  0.26084E-01
  0.23703E-01  0.20713E-01  0.17268E-01  0.13567E-01  0.98459E-02  0.63735E-02
  0.34371E-02  0.13317E-02  0.34645E-03  0.75030E-03  0.27789E-02  0.66214E-02
  0.12409E-01  0.20204E-01  0.29997E-01  0.41697E-01  0.55139E-01  0.70076E-01
  0.86191E-01  0.10311E+00  0.12040E+00  0.13762E+00  0.15428E+00  0.16989E+00
  0.18402E+00  0.19622E+00  0.20612E+00  0.21343E+00  0.21792E+00  0.21942E+00
  0.24539E+01  0.13659E+02
  0.71458E+02  0.67162E+02  0.55835E+02  0.41526E+02  0.28244E+02  0.18224E+02
  0.11690E+02  0.77432E+01  0.53463E+01  0.38001E+01  0.27537E+01  0.15847E+01
  0.10635E+01  0.73499E+00  0.51085E+00  0.38014E+00  0.29277E+00  0.22846E+00
  0.18328E+00  0.14970E+00  0.12446E+00  0.10540E+00  0.89988E-01  0.77832E-01
  0.68359E-01  0.60345E-01  0.53565E-01  0.47990E-01  0.43173E-01  0.38906E-01
  0.35155E-01  0.31792E-01  0.28746E-01  0.25990E-01  0.23463E-01  0.21159E-01
  0.19098E-01  0.17253E-01  0.15609E-01  0.14194E-01  0.13018E-01  0.12070E-01
  0.11346E-01  0.10850E-01  0.10574E-01  0.10499E-01  0.10607E-01  0.10875E-01
  0.11273E-01  0.11767E-01  0.12318E-01  0.12887E-01  0.13433E-01  0.13914E-01
  0.14289E-01  0.14524E-01  0.14586E-01  0.14453E-01  0.14110E-01  0.13550E-01
  0.12778E-01  0.11808E-01  0.10666E-01  0.93905E-02  0.80310E-02  0.66457E-02
  0.53018E-02  0.40727E-02  0.30368E-02  0.22747E-02  0.18649E-02  0.18839E-02
  0.24018E-02  0.34784E-02  0.51640E-02  0.74944E-02  0.10486E-01  0.14140E-01
  0.18438E-01  0.23346E-01  0.28808E-01  0.34750E-01  0.41081E-01  0.47696E-01
  0.54476E-01  0.61290E-01  0.68008E-01  0.74490E-01  0.80597E-01  0.86196E-01
  0.91166E-01  0.95397E-01  0.98791E-01  0.10127E+00  0.10278E+00  0.10328E+00
  0.20244E+01  0.16557E+02
  0.78874E+02  0.72828E+02  0.57525E+02  0.39695E+02  0.24928E+02  0.15158E+02
  0.94819E+01  0.62424E+01  0.42660E+01  0.29892E+01  0.21682E+01  0.13116E+01
  0.84887E+00  0.56322E+00  0.40724E+00  0.30265E+00  0.23129E+00  0.18288E+00
  0.14729E+00  0.12105E+00  0.10073E+00  0.85197E-01  0.72885E-01  0.62659E-01
  0.54493E-01  0.47667E-01  0.41826E-01  0.36945E-01  0.32731E-01  0.29073E-01
  0.25919E-01  0.23181E-01  0.20820E-01  0.18778E-01  0.17031E-01  0.15563E-01
  0.14331E-01  0.13319E-01  0.12517E-01  0.11892E-01  0.11421E-01  0.11092E-01
  0.10877E-01  0.10755E-01  0.10704E-01  0.10702E-01  0.10726E-01  0.10755E-01
  0.10769E-01  0.10751E-01  0.10683E-01  0.10554E-01  0.10354E-01  0.10075E-01
  0.97138E-02  0.92678E-02  0.87450E-02  0.81537E-02  0.75037E-02  0.68112E-02
  0.60970E-02  0.53827E-02  0.46910E-02  0.40470E-02  0.34788E-02  0.30157E-02
  0.26861E-02  0.25161E-02  0.25315E-02  0.27558E-02  0.32086E-02  0.39072E-02
  0.48618E-02  0.60785E-02  0.75609E-02  0.93056E-02  0.11300E-01  0.13530E-01
  0.15978E-01  0.18614E-01  0.21401E-01  0.24307E-01  0.27295E-01  0.30318E-01
  0.33330E-01  0.36284E-01  0.39134E-01  0.41837E-01  0.44346E-01  0.46618E-01
  0.48607E-01  0.50283E-01  0.51626E-01  0.52601E-01  0.53186E-01  0.53379E-01
  0.17555E+01  0.19093E+02
  0.84862E+02  0.77013E+02  0.57929E+02  0.37355E+02  0.22025E+02  0.12940E+02
  0.80287E+01  0.52513E+01  0.35467E+01  0.24846E+01  0.18360E+01  0.11092E+01
  0.69125E+00  0.47488E+00  0.33995E+00  0.25219E+00  0.19473E+00  0.15334E+00
  0.12346E+00  0.10104E+00  0.84064E-01  0.70479E-01  0.59880E-01  0.51266E-01
  0.44155E-01  0.38383E-01  0.33498E-01  0.29427E-01  0.26008E-01  0.23115E-01
  0.20683E-01  0.18633E-01  0.16917E-01  0.15476E-01  0.14286E-01  0.13304E-01
  0.12495E-01  0.11840E-01  0.11308E-01  0.10880E-01  0.10534E-01  0.10246E-01
  0.99993E-02  0.97787E-02  0.95688E-02  0.93586E-02  0.91372E-02  0.88961E-02
  0.86279E-02  0.83281E-02  0.79950E-02  0.76280E-02  0.72265E-02  0.67964E-02
  0.63452E-02  0.58738E-02  0.53938E-02  0.49172E-02  0.44511E-02  0.40070E-02
  0.35976E-02  0.32379E-02  0.29399E-02  0.27121E-02  0.25662E-02  0.25156E-02
  0.25689E-02  0.27337E-02  0.30164E-02  0.34232E-02  0.39576E-02  0.46175E-02
  0.54034E-02  0.63123E-02  0.73406E-02  0.84807E-02  0.97190E-02  0.11045E-01
  0.12450E-01  0.13912E-01  0.15412E-01  0.16943E-01  0.18486E-01  0.20015E-01
  0.21510E-01  0.22957E-01  0.24338E-01  0.25621E-01  0.26802E-01  0.27865E-01
  0.28784E-01  0.29559E-01  0.30167E-01  0.30598E-01  0.30873E-01  0.30973E-01
  0.15670E+01  0.21389E+02
  0.89926E+02  0.80238E+02  0.57590E+02  0.34935E+02  0.19624E+02  0.11323E+02
  0.69991E+01  0.45359E+01  0.30463E+01  0.21578E+01  0.16113E+01  0.94174E+00
  0.59674E+00  0.40995E+00  0.29135E+00  0.21829E+00  0.16718E+00  0.13159E+00
  0.10559E+00  0.86150E-01  0.71137E-01  0.59597E-01  0.50283E-01  0.42945E-01
  0.36920E-01  0.32005E-01  0.27979E-01  0.24629E-01  0.21868E-01  0.19562E-01
  0.17643E-01  0.16042E-01  0.14709E-01  0.13592E-01  0.12660E-01  0.11875E-01
  0.11215E-01  0.10651E-01  0.10165E-01  0.97349E-02  0.93482E-02  0.89913E-02
  0.86515E-02  0.83230E-02  0.79970E-02  0.76658E-02  0.73285E-02  0.69815E-02
  0.66242E-02  0.62571E-02  0.58807E-02  0.55001E-02  0.51189E-02  0.47365E-02
  0.43639E-02  0.40061E-02  0.36657E-02  0.33516E-02  0.30705E-02  0.28265E-02
  0.26235E-02  0.24712E-02  0.23760E-02  0.23388E-02  0.23641E-02  0.24565E-02
  0.26190E-02  0.28517E-02  0.31551E-02  0.35299E-02  0.39735E-02  0.44846E-02
  0.50586E-02  0.56944E-02  0.63860E-02  0.71250E-02  0.79083E-02  0.87261E-02
  0.95668E-02  0.10429E-01  0.11302E-01  0.12177E-01  0.13044E-01  0.13892E-01
  0.14711E-01  0.15495E-01  0.16230E-01  0.16913E-01  0.17546E-01  0.18097E-01
  0.18577E-01  0.18990E-01  0.19300E-01  0.19525E-01  0.19677E-01  0.19733E-01
  0.14253E+01  0.23516E+02
  0.94338E+02  0.82785E+02  0.56798E+02  0.32615E+02  0.17671E+02  0.10107E+02
  0.62186E+01  0.39935E+01  0.26873E+01  0.19232E+01  0.14275E+01  0.81951E+00
  0.52930E+00  0.35744E+00  0.25716E+00  0.19085E+00  0.14624E+00  0.11471E+00
  0.91777E-01  0.74572E-01  0.61534E-01  0.51297E-01  0.43349E-01  0.36916E-01
  0.31807E-01  0.27614E-01  0.24219E-01  0.21416E-01  0.19103E-01  0.17184E-01
  0.15584E-01  0.14242E-01  0.13113E-01  0.12153E-01  0.11332E-01  0.10624E-01
  0.10004E-01  0.94497E-02  0.89549E-02  0.84963E-02  0.80708E-02  0.76698E-02
  0.72820E-02  0.69065E-02  0.65361E-02  0.61719E-02  0.58129E-02  0.54575E-02
  0.51073E-02  0.47628E-02  0.44275E-02  0.41025E-02  0.37899E-02  0.34969E-02
  0.32223E-02  0.29709E-02  0.27473E-02  0.25539E-02  0.23907E-02  0.22654E-02
  0.21813E-02  0.21344E-02  0.21289E-02  0.21685E-02  0.22531E-02  0.23808E-02
  0.25527E-02  0.27706E-02  0.30314E-02  0.33333E-02  0.36750E-02  0.40538E-02
  0.44655E-02  0.49086E-02  0.53781E-02  0.58714E-02  0.63833E-02  0.69079E-02
  0.74431E-02  0.79793E-02  0.85158E-02  0.90514E-02  0.95725E-02  0.10078E-01
  0.10568E-01  0.11027E-01  0.11459E-01  0.11858E-01  0.12219E-01  0.12542E-01
  0.12816E-01  0.13055E-01  0.13234E-01  0.13362E-01  0.13445E-01  0.13472E-01
  0.13140E+01  0.25508E+02
  0.98248E+02  0.84817E+02  0.55721E+02  0.30467E+02  0.16081E+02  0.91578E+01
  0.55970E+01  0.35712E+01  0.24180E+01  0.17335E+01  0.12696E+01  0.73349E+00
  0.47115E+00  0.31888E+00  0.22886E+00  0.16940E+00  0.12958E+00  0.10141E+00
  0.80907E-01  0.65706E-01  0.54060E-01  0.45142E-01  0.38073E-01  0.32527E-01
  0.28033E-01  0.24434E-01  0.21475E-01  0.19057E-01  0.17050E-01  0.15379E-01
  0.13974E-01  0.12782E-01  0.11765E-01  0.10887E-01  0.10123E-01  0.94437E-02
  0.88403E-02  0.82912E-02  0.77906E-02  0.73251E-02  0.68900E-02  0.64760E-02
  0.60802E-02  0.57036E-02  0.53402E-02  0.49920E-02  0.46554E-02  0.43311E-02
  0.40215E-02  0.37272E-02  0.34496E-02  0.31888E-02  0.29503E-02  0.27307E-02
  0.25347E-02  0.23648E-02  0.22193E-02  0.21014E-02  0.20156E-02  0.19551E-02
  0.19252E-02  0.19289E-02  0.19634E-02  0.20270E-02  0.21217E-02  0.22497E-02
  0.24039E-02  0.25854E-02  0.27941E-02  0.30291E-02  0.32865E-02  0.35646E-02
  0.38620E-02  0.41757E-02  0.45032E-02  0.48414E-02  0.51880E-02  0.55394E-02
  0.58944E-02  0.62469E-02  0.65951E-02  0.69393E-02  0.72719E-02  0.75940E-02
  0.78993E-02  0.81910E-02  0.84583E-02  0.87080E-02  0.89341E-02  0.91289E-02
  0.93033E-02  0.94491E-02  0.95561E-02  0.96443E-02  0.96883E-02  0.96903E-02
  0.12238E+01  0.27387E+02
  0.10177E+03  0.86451E+02  0.54469E+02  0.28514E+02  0.14773E+02  0.83881E+01
  0.50856E+01  0.32358E+01  0.22033E+01  0.15698E+01  0.11388E+01  0.66680E+00
  0.42248E+00  0.28868E+00  0.20524E+00  0.15232E+00  0.11609E+00  0.90728E-01
  0.72356E-01  0.58630E-01  0.48321E-01  0.40288E-01  0.34065E-01  0.29105E-01
  0.25161E-01  0.21949E-01  0.19335E-01  0.17176E-01  0.15383E-01  0.13877E-01
  0.12600E-01  0.11508E-01  0.10564E-01  0.97374E-02  0.90093E-02  0.83566E-02
  0.77750E-02  0.72388E-02  0.67501E-02  0.62904E-02  0.58677E-02  0.54687E-02
  0.50953E-02  0.47415E-02  0.44045E-02  0.40895E-02  0.37898E-02  0.35111E-02
  0.32500E-02  0.30072E-02  0.27835E-02  0.25804E-02  0.23974E-02  0.22359E-02
  0.20979E-02  0.19807E-02  0.18858E-02  0.18177E-02  0.17693E-02  0.17470E-02
  0.17483E-02  0.17704E-02  0.18162E-02  0.18867E-02  0.19751E-02  0.20829E-02
  0.22136E-02  0.23634E-02  0.25269E-02  0.27071E-02  0.29023E-02  0.31093E-02
  0.33263E-02  0.35517E-02  0.37848E-02  0.40238E-02  0.42660E-02  0.45098E-02
  0.47531E-02  0.49944E-02  0.52322E-02  0.54640E-02  0.56884E-02  0.59023E-02
  0.61069E-02  0.62969E-02  0.64736E-02  0.66361E-02  0.67807E-02  0.69125E-02
  0.70231E-02  0.71143E-02  0.71910E-02  0.72409E-02  0.72744E-02  0.72962E-02
  0.11487E+01  0.29179E+02
  0.10499E+03  0.87768E+02  0.53113E+02  0.26754E+02  0.13685E+02  0.77449E+01
  0.46569E+01  0.29641E+01  0.20223E+01  0.14277E+01  0.10343E+01  0.60906E+00
  0.38429E+00  0.26240E+00  0.18644E+00  0.13799E+00  0.10515E+00  0.82085E-01
  0.65370E-01  0.53037E-01  0.43639E-01  0.36472E-01  0.30824E-01  0.26388E-01
  0.22817E-01  0.19925E-01  0.17557E-01  0.15597E-01  0.13957E-01  0.12570E-01
  0.11387E-01  0.10369E-01  0.94811E-02  0.86999E-02  0.80085E-02  0.73859E-02
  0.68282E-02  0.63164E-02  0.58494E-02  0.54162E-02  0.50194E-02  0.46477E-02
  0.43044E-02  0.39830E-02  0.36822E-02  0.34050E-02  0.31468E-02  0.29112E-02
  0.26931E-02  0.24951E-02  0.23166E-02  0.21583E-02  0.20183E-02  0.18996E-02
  0.17994E-02  0.17182E-02  0.16590E-02  0.16148E-02  0.15929E-02  0.15890E-02
  0.16003E-02  0.16303E-02  0.16803E-02  0.17418E-02  0.18198E-02  0.19145E-02
  0.20208E-02  0.21356E-02  0.22658E-02  0.24054E-02  0.25532E-02  0.27065E-02
  0.28703E-02  0.30382E-02  0.32089E-02  0.33808E-02  0.35546E-02  0.37285E-02
  0.39018E-02  0.40718E-02  0.42374E-02  0.43981E-02  0.45533E-02  0.47023E-02
  0.48440E-02  0.49767E-02  0.51004E-02  0.52108E-02  0.53114E-02  0.53977E-02
  0.54711E-02  0.55332E-02  0.55798E-02  0.56148E-02  0.56364E-02  0.56375E-02
  0.10845E+01  0.30904E+02
  0.11780E+03  0.91153E+02  0.46043E+02  0.20351E+02  0.10154E+02  0.55677E+01
  0.32777E+01  0.20962E+01  0.14021E+01  0.98799E+00  0.72314E+00  0.41847E+00
  0.26472E+00  0.17939E+00  0.12728E+00  0.93770E-01  0.71243E-01  0.55476E-01
  0.44125E-01  0.35723E-01  0.29375E-01  0.24490E-01  0.20654E-01  0.17607E-01
  0.15151E-01  0.13132E-01  0.11466E-01  0.10074E-01  0.88985E-02  0.78976E-02
  0.70396E-02  0.62974E-02  0.56513E-02  0.50862E-02  0.45882E-02  0.41509E-02
  0.37601E-02  0.34145E-02  0.31098E-02  0.28331E-02  0.25891E-02  0.23682E-02
  0.21750E-02  0.20026E-02  0.18468E-02  0.17118E-02  0.15898E-02  0.14878E-02
  0.13944E-02  0.13164E-02  0.12490E-02  0.11947E-02  0.11494E-02  0.11135E-02
  0.10868E-02  0.10674E-02  0.10569E-02  0.10529E-02  0.10539E-02  0.10638E-02
  0.10762E-02  0.10955E-02  0.11191E-02  0.11442E-02  0.11762E-02  0.12088E-02
  0.12458E-02  0.12861E-02  0.13254E-02  0.13670E-02  0.14134E-02  0.14568E-02
  0.14988E-02  0.15473E-02  0.15938E-02  0.16368E-02  0.16816E-02  0.17278E-02
  0.17716E-02  0.18128E-02  0.18501E-02  0.18870E-02  0.19254E-02  0.19629E-02
  0.19953E-02  0.20240E-02  0.20493E-02  0.20717E-02  0.20968E-02  0.21156E-02
  0.21344E-02  0.21461E-02  0.21600E-02  0.21658E-02  0.21739E-02  0.21638E-02
  0.86546E+00  0.38727E+02
  0.12736E+03  0.91513E+02  0.39819E+02  0.16552E+02  0.81013E+01  0.43046E+01
  0.25392E+01  0.16051E+01  0.10793E+01  0.75638E+00  0.54943E+00  0.31810E+00
  0.20144E+00  0.13591E+00  0.96093E-01  0.70537E-01  0.53359E-01  0.41353E-01
  0.32707E-01  0.26319E-01  0.21494E-01  0.17775E-01  0.14862E-01  0.12546E-01
  0.10680E-01  0.91587E-02  0.79084E-02  0.68693E-02  0.59975E-02  0.52605E-02
  0.46357E-02  0.41031E-02  0.36460E-02  0.32518E-02  0.29094E-02  0.26135E-02
  0.23566E-02  0.21303E-02  0.19331E-02  0.17629E-02  0.16110E-02  0.14803E-02
  0.13653E-02  0.12633E-02  0.11764E-02  0.11024E-02  0.10334E-02  0.97839E-03
  0.92962E-03  0.88845E-03  0.85566E-03  0.82439E-03  0.80243E-03  0.78380E-03
  0.77030E-03  0.75964E-03  0.75319E-03  0.74989E-03  0.74942E-03  0.75144E-03
  0.75523E-03  0.76211E-03  0.76893E-03  0.78004E-03  0.78877E-03  0.80234E-03
  0.81494E-03  0.82778E-03  0.84444E-03  0.85703E-03  0.87258E-03  0.88883E-03
  0.90417E-03  0.91942E-03  0.93591E-03  0.95094E-03  0.96425E-03  0.98104E-03
  0.99606E-03  0.10078E-02  0.10195E-02  0.10345E-02  0.10464E-02  0.10594E-02
  0.10684E-02  0.10757E-02  0.10854E-02  0.10967E-02  0.11029E-02  0.11107E-02
  0.11152E-02  0.11182E-02  0.11256E-02  0.11223E-02  0.11320E-02  0.11070E-02
  0.73468E+00  0.45621E+02
  0.13501E+03  0.90359E+02  0.34834E+02  0.14076E+02  0.66824E+01  0.35148E+01
  0.20666E+01  0.13059E+01  0.87344E+00  0.61045E+00  0.44505E+00  0.25677E+00
  0.16175E+00  0.10857E+00  0.76386E-01  0.55777E-01  0.41925E-01  0.32274E-01
  0.25339E-01  0.20233E-01  0.16388E-01  0.13438E-01  0.11143E-01  0.93185E-02
  0.78678E-02  0.66901E-02  0.57312E-02  0.49421E-02  0.42846E-02  0.37340E-02
  0.32710E-02  0.28819E-02  0.25512E-02  0.22686E-02  0.20266E-02  0.18195E-02
  0.16406E-02  0.14858E-02  0.13507E-02  0.12370E-02  0.11368E-02  0.10471E-02
  0.97116E-03  0.90757E-03  0.85079E-03  0.79928E-03  0.75708E-03  0.72162E-03
  0.68829E-03  0.66168E-03  0.64016E-03  0.61943E-03  0.60414E-03  0.58994E-03
  0.57895E-03  0.57191E-03  0.56481E-03  0.56031E-03  0.55641E-03  0.55518E-03
  0.55452E-03  0.55498E-03  0.55636E-03  0.55878E-03  0.56187E-03  0.56543E-03
  0.56952E-03  0.57380E-03  0.57924E-03  0.58384E-03  0.58978E-03  0.59523E-03
  0.59910E-03  0.60740E-03  0.61209E-03  0.61731E-03  0.62299E-03  0.63008E-03
  0.63307E-03  0.63870E-03  0.64502E-03  0.65014E-03  0.65302E-03  0.65592E-03
  0.66258E-03  0.66618E-03  0.66896E-03  0.67152E-03  0.67455E-03  0.67725E-03
  0.67849E-03  0.68265E-03  0.68009E-03  0.68133E-03  0.68520E-03  0.67736E-03
  0.64597E+00  0.51886E+02
  0.14148E+03  0.88425E+02  0.30930E+02  0.12285E+02  0.56528E+01  0.29778E+01
  0.17417E+01  0.10991E+01  0.73101E+00  0.51252E+00  0.37088E+00  0.21345E+00
  0.13402E+00  0.89539E-01  0.62658E-01  0.45447E-01  0.33927E-01  0.25932E-01
  0.20214E-01  0.16022E-01  0.12882E-01  0.10491E-01  0.86342E-02  0.71837E-02
  0.60263E-02  0.50935E-02  0.43449E-02  0.37278E-02  0.32201E-02  0.27993E-02
  0.24452E-02  0.21514E-02  0.19035E-02  0.16925E-02  0.15135E-02  0.13607E-02
  0.12292E-02  0.11163E-02  0.10199E-02  0.93666E-03  0.86389E-03  0.79979E-03
  0.74469E-03  0.69778E-03  0.65785E-03  0.62202E-03  0.58916E-03  0.56261E-03
  0.54009E-03  0.52002E-03  0.50162E-03  0.48643E-03  0.47500E-03  0.46262E-03
  0.45367E-03  0.44584E-03  0.43776E-03  0.43448E-03  0.42921E-03  0.42525E-03
  0.42364E-03  0.42105E-03  0.42054E-03  0.41884E-03  0.41874E-03  0.41880E-03
  0.41980E-03  0.42039E-03  0.42135E-03  0.42246E-03  0.42386E-03  0.42573E-03
  0.42763E-03  0.42920E-03  0.43127E-03  0.43230E-03  0.43456E-03  0.43709E-03
  0.43865E-03  0.44079E-03  0.44215E-03  0.44420E-03  0.44579E-03  0.44675E-03
  0.44881E-03  0.44964E-03  0.45110E-03  0.45313E-03  0.45345E-03  0.45452E-03
  0.45635E-03  0.45576E-03  0.45468E-03  0.45668E-03  0.45660E-03  0.45276E-03
  0.58031E+00  0.57757E+02