  0.19458E+02  0.19439E+02  0.19380E+02  0.19282E+02  0.19145E+02  0.18971E+02
  0.18760E+02  0.18513E+02  0.18232E+02  0.17918E+02  0.17573E+02  0.16797E+02
  0.15920E+02  0.14960E+02  0.13936E+02  0.12867E+02  0.11774E+02  0.10674E+02
  0.95869E+01  0.85283E+01  0.75133E+01  0.65545E+01  0.56621E+01  0.48441E+01
  0.41057E+01  0.34498E+01  0.28769E+01  0.23855E+01  0.19719E+01  0.16312E+01
  0.13569E+01  0.11418E+01  0.97799E+00  0.85722E+00  0.77138E+00  0.71266E+00
  0.67375E+00  0.64811E+00  0.63005E+00  0.61486E+00  0.59885E+00  0.57933E+00
  0.55461E+00  0.52387E+00  0.48712E+00  0.44502E+00  0.39876E+00  0.34992E+00
  0.30033E+00  0.25188E+00  0.20644E+00  0.16575E+00  0.13127E+00  0.10416E+00
  0.85199E-01  0.74781E-01  0.72892E-01  0.79140E-01  0.92781E-01  0.11278E+00
  0.13785E+00  0.16657E+00  0.19740E+00  0.22880E+00  0.25927E+00  0.28745E+00
  0.31214E+00  0.33237E+00  0.34742E+00  0.35684E+00  0.36045E+00  0.35835E+00
  0.35086E+00  0.33856E+00  0.32216E+00  0.30253E+00  0.28061E+00  0.25737E+00
  0.23377E+00  0.21070E+00  0.18895E+00  0.16919E+00  0.15190E+00  0.13741E+00
  0.12590E+00  0.11733E+00  0.11154E+00  0.10823E+00  0.10699E+00  0.10734E+00
  0.10879E+00  0.11081E+00  0.11294E+00  0.11478E+00  0.11601E+00  0.11644E+00
  0.19360E+02  0.10573E+01
  0.69719E+01  0.69580E+01  0.69158E+01  0.68461E+01  0.67497E+01  0.66277E+01
  0.64815E+01  0.63127E+01  0.61233E+01  0.59154E+01  0.56912E+01  0.52033E+01
  0.46792E+01  0.41386E+01  0.35997E+01  0.30786E+01  0.25885E+01  0.21395E+01
  0.17378E+01  0.13869E+01  0.10869E+01  0.83586E+00  0.63017E+00  0.46507E+00
  0.33541E+00  0.23607E+00  0.16233E+00  0.11007E+00  0.75851E-01  0.56849E-01
  0.50738E-01  0.55512E-01  0.69304E-01  0.90227E-01  0.11627E+00  0.14524E+00
  0.17483E+00  0.20263E+00  0.22635E+00  0.24390E+00  0.25366E+00  0.25452E+00
  0.24611E+00  0.22881E+00  0.20378E+00  0.17290E+00  0.13869E+00  0.10409E+00
  0.72306E-01  0.46533E-01  0.29745E-01  0.24453E-01  0.32500E-01  0.54906E-01
  0.91755E-01  0.14215E+00  0.20424E+00  0.27529E+00  0.35184E+00  0.42988E+00
  0.50512E+00  0.57320E+00  0.63003E+00  0.67199E+00  0.69622E+00  0.70081E+00
  0.68499E+00  0.64920E+00  0.59516E+00  0.52583E+00  0.44530E+00  0.35866E+00
  0.27175E+00  0.19090E+00  0.12265E+00  0.73377E-01  0.49032E-01  0.54772E-01
  0.94694E-01  0.17159E+00  0.28674E+00  0.43982E+00  0.62880E+00  0.85003E+00
  0.10983E+01  0.13670E+01  0.16484E+01  0.19339E+01  0.22145E+01  0.24809E+01
  0.27242E+01  0.29362E+01  0.31093E+01  0.32375E+01  0.33163E+01  0.33428E+01
  0.67800E+01  0.30193E+01
  0.92328E+01  0.92007E+01  0.91040E+01  0.89449E+01  0.87260E+01  0.84514E+01
  0.81258E+01  0.77549E+01  0.73449E+01  0.69027E+01  0.64354E+01  0.54549E+01
  0.44613E+01  0.35075E+01  0.26376E+01  0.18838E+01  0.12650E+01  0.78721E+00
  0.44485E+00  0.22304E+00  0.10073E+00  0.53744E-01  0.57770E-01  0.90675E-01
  0.13422E+00  0.17497E+00  0.20451E+00  0.21900E+00  0.21838E+00  0.20529E+00
  0.18392E+00  0.15902E+00  0.13497E+00  0.11527E+00  0.10215E+00  0.96488E-01
  0.97924E-01  0.10510E+00  0.11601E+00  0.12829E+00  0.13963E+00  0.14801E+00
  0.15192E+00  0.15053E+00  0.14368E+00  0.13192E+00  0.11643E+00  0.98894E-01
  0.81324E-01  0.65923E-01  0.54889E-01  0.50238E-01  0.53649E-01  0.66322E-01
  0.88879E-01  0.12129E+00  0.16283E+00  0.21212E+00  0.26717E+00  0.32545E+00
  0.38409E+00  0.43995E+00  0.48987E+00  0.53086E+00  0.56026E+00  0.57594E+00
  0.57648E+00  0.56127E+00  0.53061E+00  0.48575E+00  0.42888E+00  0.36304E+00
  0.29203E+00  0.22025E+00  0.15244E+00  0.93516E-01  0.48255E-01  0.21077E-01
  0.15774E-01  0.35292E-01  0.81537E-01  0.15523E+00  0.25583E+00  0.38148E+00
  0.52907E+00  0.69436E+00  0.87208E+00  0.10562E+01  0.12402E+01  0.14173E+01
  0.15807E+01  0.17243E+01  0.18423E+01  0.19302E+01  0.19844E+01  0.20026E+01
  0.49925E+01  0.41003E+01
  0.10933E+02  0.10884E+02  0.10737E+02  0.10495E+02  0.10164E+02  0.97512E+01
  0.92662E+01  0.87194E+01  0.81224E+01  0.74877E+01  0.68279E+01  0.54839E+01
  0.41858E+01  0.30136E+01  0.20248E+01  0.12516E+01  0.70059E+00  0.35685E+00
  0.18905E+00  0.15624E+00  0.21433E+00  0.32172E+00  0.44333E+00  0.55292E+00
  0.63376E+00  0.67785E+00  0.68441E+00  0.65773E+00  0.60518E+00  0.53536E+00
  0.45674E+00  0.37675E+00  0.30131E+00  0.23470E+00  0.17970E+00  0.13771E+00
  0.10908E+00  0.93317E-01  0.89259E-01  0.95256E-01  0.10930E+00  0.12912E+00
  0.15236E+00  0.17667E+00  0.19984E+00  0.21998E+00  0.23559E+00  0.24573E+00
  0.25001E+00  0.24865E+00  0.24244E+00  0.23266E+00  0.22094E+00  0.20912E+00
  0.19904E+00  0.19244E+00  0.19069E+00  0.19474E+00  0.20496E+00  0.22111E+00
  0.24233E+00  0.26716E+00  0.29370E+00  0.31969E+00  0.34271E+00  0.36039E+00
  0.37059E+00  0.37159E+00  0.36229E+00  0.34234E+00  0.31221E+00  0.27326E+00
  0.22769E+00  0.17847E+00  0.12919E+00  0.83893E-01  0.46815E-01  0.22154E-01
  0.13791E-01  0.25035E-01  0.58382E-01  0.11532E+00  0.19616E+00  0.30000E+00
  0.42464E+00  0.56670E+00  0.72169E+00  0.88427E+00  0.10484E+01  0.12078E+01
  0.13560E+01  0.14870E+01  0.15951E+01  0.16759E+01  0.17258E+01  0.17426E+01
  0.53290E+01  0.38413E+01
  0.13014E+02  0.12918E+02  0.12633E+02  0.12171E+02  0.11554E+02  0.10807E+02
  0.99616E+01  0.90517E+01  0.81117E+01  0.71747E+01  0.62712E+01  0.46625E+01
  0.34232E+01  0.25934E+01  0.21283E+01  0.19280E+01  0.18739E+01  0.18608E+01
  0.18162E+01  0.17060E+01  0.15297E+01  0.13080E+01  0.10696E+01  0.84156E+00
  0.64270E+00  0.48241E+00  0.36203E+00  0.27764E+00  0.22304E+00  0.19177E+00
  0.17828E+00  0.17821E+00  0.18812E+00  0.20512E+00  0.22650E+00  0.24967E+00
  0.27214E+00  0.29177E+00  0.30695E+00  0.31679E+00  0.32115E+00  0.32053E+00
  0.31588E+00  0.30832E+00  0.29890E+00  0.28841E+00  0.27725E+00  0.26542E+00
  0.25265E+00  0.23848E+00  0.22243E+00  0.20419E+00  0.18370E+00  0.16121E+00
  0.13733E+00  0.11296E+00  0.89237E-01  0.67409E-01  0.48734E-01  0.34345E-01
  0.25139E-01  0.21683E-01  0.24148E-01  0.32267E-01  0.45347E-01  0.62298E-01
  0.81710E-01  0.10196E+00  0.12133E+00  0.13815E+00  0.15093E+00  0.15853E+00
  0.16021E+00  0.15573E+00  0.14541E+00  0.13011E+00  0.11116E+00  0.90298E-01
  0.69538E-01  0.51000E-01  0.36757E-01  0.28661E-01  0.28187E-01  0.36306E-01
  0.53385E-01  0.79140E-01  0.11263E+00  0.15231E+00  0.19613E+00  0.24166E+00
  0.28624E+00  0.32722E+00  0.36210E+00  0.38870E+00  0.40536E+00  0.41102E+00
  0.51323E+01  0.39885E+01
  0.18949E+02  0.18764E+02  0.18215E+02  0.17336E+02  0.16179E+02  0.14810E+02
  0.13304E+02  0.11736E+02  0.10180E+02  0.87013E+01  0.73512E+01  0.51682E+01
  0.37372E+01  0.29555E+01  0.26042E+01  0.24504E+01  0.23199E+01  0.21239E+01
  0.18483E+01  0.15226E+01  0.11894E+01  0.88344E+00  0.62444E+00  0.41875E+00
  0.26478E+00  0.15806E+00  0.94081E-01  0.68849E-01  0.78057E-01  0.11598E+00
  0.17488E+00  0.24531E+00  0.31713E+00  0.38091E+00  0.42926E+00  0.45760E+00
  0.46434E+00  0.45054E+00  0.41922E+00  0.37457E+00  0.32130E+00  0.26407E+00
  0.20718E+00  0.15425E+00  0.10815E+00  0.70829E-01  0.43314E-01  0.25703E-01
  0.17260E-01  0.16570E-01  0.21739E-01  0.30641E-01  0.41160E-01  0.51407E-01
  0.59894E-01  0.65641E-01  0.68215E-01  0.67703E-01  0.64636E-01  0.59860E-01
  0.54398E-01  0.49298E-01  0.45495E-01  0.43695E-01  0.44292E-01  0.47323E-01
  0.52474E-01  0.59115E-01  0.66373E-01  0.73242E-01  0.78693E-01  0.81799E-01
  0.81852E-01  0.78454E-01  0.71586E-01  0.61637E-01  0.49394E-01  0.35992E-01
  0.22831E-01  0.11460E-01  0.34442E-02  0.22704E-03  0.29907E-02  0.12539E-01
  0.29207E-01  0.52801E-01  0.82590E-01  0.11733E+00  0.15535E+00  0.19464E+00
  0.23299E+00  0.26817E+00  0.29808E+00  0.32088E+00  0.33515E+00  0.34000E+00
  0.47918E+01  0.42720E+01
  0.25762E+02  0.25458E+02  0.24560E+02  0.23136E+02  0.21286E+02  0.19135E+02
  0.16819E+02  0.14473E+02  0.12215E+02  0.10143E+02  0.83233E+01  0.55568E+01
  0.38871E+01  0.30093E+01  0.25551E+01  0.22449E+01  0.19385E+01  0.16073E+01
  0.12756E+01  0.97451E+00  0.72032E+00  0.51431E+00  0.35089E+00  0.22511E+00
  0.13560E+00  0.83410E-01  0.68805E-01  0.88532E-01  0.13497E+00  0.19729E+00
  0.26386E+00  0.32445E+00  0.37171E+00  0.40141E+00  0.41200E+00  0.40393E+00
  0.37909E+00  0.34036E+00  0.29146E+00  0.23662E+00  0.18036E+00  0.12702E+00
  0.80417E-01  0.43464E-01  0.17939E-01  0.44210E-02  0.23506E-02  0.10210E-01
  0.25768E-01  0.46364E-01  0.69179E-01  0.91504E-01  0.11096E+00  0.12567E+00
  0.13440E+00  0.13659E+00  0.13235E+00  0.12241E+00  0.10799E+00  0.90610E-01
  0.71982E-01  0.53779E-01  0.37488E-01  0.24281E-01  0.14915E-01  0.96868E-02
  0.84366E-02  0.10592E-01  0.15255E-01  0.21322E-01  0.27609E-01  0.32998E-01
  0.36559E-01  0.37660E-01  0.36042E-01  0.31857E-01  0.25663E-01  0.18385E-01
  0.11228E-01  0.55708E-02  0.28361E-02  0.43500E-02  0.11211E-01  0.24170E-01
  0.43543E-01  0.69150E-01  0.10031E+00  0.13584E+00  0.17416E+00  0.21338E+00
  0.25140E+00  0.28612E+00  0.31553E+00  0.33790E+00  0.35189E+00  0.35664E+00
  0.45986E+01  0.44515E+01
  0.31533E+02  0.31099E+02  0.29821E+02  0.27812E+02  0.25238E+02  0.22297E+02
  0.19199E+02  0.16141E+02  0.13286E+02  0.10753E+02  0.86085E+01  0.55199E+01
  0.37641E+01  0.28315E+01  0.22752E+01  0.18451E+01  0.14618E+01  0.11278E+01
  0.85646E+00  0.64544E+00  0.48028E+00  0.34698E+00  0.23965E+00  0.16021E+00
  0.11303E+00  0.99245E-01  0.11425E+00  0.14886E+00  0.19259E+00  0.23641E+00
  0.27403E+00  0.30154E+00  0.31668E+00  0.31827E+00  0.30611E+00  0.28116E+00
  0.24565E+00  0.20292E+00  0.15701E+00  0.11206E+00  0.71832E-01  0.39299E-01
  0.16462E-01  0.42910E-02  0.27629E-02  0.10955E-01  0.27188E-01  0.49214E-01
  0.74438E-01  0.10016E+00  0.12383E+00  0.14323E+00  0.15669E+00  0.16316E+00
  0.16230E+00  0.15440E+00  0.14038E+00  0.12164E+00  0.99902E-01  0.77048E-01
  0.54944E-01  0.35269E-01  0.19375E-01  0.81844E-02  0.21294E-02  0.11363E-02
  0.46612E-02  0.11764E-01  0.21218E-01  0.31642E-01  0.41637E-01  0.49936E-01
  0.55519E-01  0.57720E-01  0.56291E-01  0.51430E-01  0.43765E-01  0.34303E-01
  0.24338E-01  0.15338E-01  0.88111E-02  0.61639E-02  0.85718E-02  0.16861E-01
  0.31421E-01  0.52153E-01  0.78453E-01  0.10924E+00  0.14304E+00  0.17804E+00
  0.21227E+00  0.24372E+00  0.27047E+00  0.29089E+00  0.30368E+00  0.30802E+00
  0.43797E+01  0.46740E+01
  0.36122E+02  0.35553E+02  0.33884E+02  0.31284E+02  0.27996E+02  0.24307E+02
  0.20508E+02  0.16856E+02  0.13549E+02  0.10712E+02  0.83952E+01  0.52222E+01
  0.34984E+01  0.25559E+01  0.19428E+01  0.14711E+01  0.11013E+01  0.82869E+00
  0.63529E+00  0.49211E+00  0.37595E+00  0.27838E+00  0.20277E+00  0.15500E+00
  0.13592E+00  0.13978E+00  0.15762E+00  0.18125E+00  0.20507E+00  0.22560E+00
  0.24027E+00  0.24679E+00  0.24341E+00  0.22952E+00  0.20602E+00  0.17518E+00
  0.14013E+00  0.10422E+00  0.70557E-01  0.41767E-01  0.19853E-01  0.61488E-02
  0.12587E-02  0.50224E-02  0.16539E-01  0.34267E-01  0.56195E-01  0.80049E-01
  0.10351E+00  0.12442E+00  0.14095E+00  0.15173E+00  0.15597E+00  0.15344E+00
  0.14456E+00  0.13022E+00  0.11179E+00  0.90910E-01  0.69362E-01  0.48910E-01
  0.31146E-01  0.17361E-01  0.84417E-02  0.48125E-02  0.64095E-02  0.12703E-01
  0.22757E-01  0.35325E-01  0.48969E-01  0.62197E-01  0.73596E-01  0.81966E-01
  0.86425E-01  0.86490E-01  0.82124E-01  0.73741E-01  0.62175E-01  0.48611E-01
  0.34485E-01  0.21369E-01  0.10834E-01  0.43197E-02  0.30077E-02  0.77147E-02
  0.18815E-01  0.36197E-01  0.59255E-01  0.86927E-01  0.11775E+00  0.14999E+00
  0.18171E+00  0.21098E+00  0.23595E+00  0.25504E+00  0.26701E+00  0.27108E+00
  0.41500E+01  0.49326E+01
  0.39798E+02  0.39090E+02  0.37025E+02  0.33837E+02  0.29861E+02  0.25480E+02
  0.21068E+02  0.16941E+02  0.13316E+02  0.10310E+02  0.79381E+01  0.48336E+01
  0.31965E+01  0.22680E+01  0.16417E+01  0.11872E+01  0.87351E+00  0.66950E+00
  0.53130E+00  0.42262E+00  0.32854E+00  0.25173E+00  0.19916E+00  0.17181E+00
  0.16362E+00  0.16642E+00  0.17418E+00  0.18360E+00  0.19253E+00  0.19855E+00
  0.19906E+00  0.19219E+00  0.17757E+00  0.15634E+00  0.13064E+00  0.10287E+00
  0.75332E-01  0.50083E-01  0.28946E-01  0.13423E-01  0.45528E-02  0.27716E-02
  0.78569E-02  0.18974E-01  0.34801E-01  0.53681E-01  0.73779E-01  0.93235E-01
  0.11031E+00  0.12352E+00  0.13177E+00  0.13442E+00  0.13135E+00  0.12293E+00
  0.10997E+00  0.93680E-01  0.75485E-01  0.56957E-01  0.39655E-01  0.24997E-01
  0.14139E-01  0.78879E-02  0.66323E-02  0.10320E-01  0.18472E-01  0.30225E-01
  0.44419E-01  0.59693E-01  0.74603E-01  0.87749E-01  0.97894E-01  0.10407E+00
  0.10565E+00  0.10244E+00  0.94648E-01  0.82931E-01  0.68307E-01  0.52095E-01
  0.35811E-01  0.21047E-01  0.93461E-02  0.20792E-02  0.33207E-03  0.48128E-02
  0.15787E-01  0.33045E-01  0.55911E-01  0.83273E-01  0.11366E+00  0.14534E+00
  0.17644E+00  0.20507E+00  0.22945E+00  0.24807E+00  0.25974E+00  0.26370E+00
  0.39315E+01  0.52067E+01
  0.42827E+02  0.41978E+02  0.39514E+02  0.35744E+02  0.31106E+02  0.26090E+02
  0.21152E+02  0.16655E+02  0.12824E+02  0.97491E+01  0.74022E+01  0.44455E+01
  0.29081E+01  0.20059E+01  0.13993E+01  0.99379E+00  0.74376E+00  0.59109E+00
  0.48119E+00  0.38602E+00  0.30411E+00  0.24348E+00  0.20640E+00  0.18704E+00
  0.17766E+00  0.17345E+00  0.17238E+00  0.17288E+00  0.17247E+00  0.16844E+00
  0.15913E+00  0.14454E+00  0.12589E+00  0.10480E+00  0.82809E-01  0.61336E-01
  0.41795E-01  0.25588E-01  0.13914E-01  0.75582E-02  0.67724E-02  0.11297E-01
  0.20445E-01  0.33198E-01  0.48289E-01  0.64280E-01  0.79685E-01  0.93094E-01
  0.10331E+00  0.10945E+00  0.11101E+00  0.10791E+00  0.10047E+00  0.89352E-01
  0.75558E-01  0.60292E-01  0.44875E-01  0.30633E-01  0.18782E-01  0.10328E-01
  0.59854E-02  0.61216E-02  0.10728E-01  0.19421E-01  0.31473E-01  0.45870E-01
  0.61397E-01  0.76735E-01  0.90571E-01  0.10170E+00  0.10915E+00  0.11221E+00
  0.11058E+00  0.10431E+00  0.93868E-01  0.80080E-01  0.64087E-01  0.47259E-01
  0.31101E-01  0.17135E-01  0.67913E-02  0.12944E-02  0.15690E-02  0.81622E-02
  0.21192E-01  0.40330E-01  0.64809E-01  0.93470E-01  0.12483E+00  0.15716E+00
  0.18864E+00  0.21744E+00  0.24185E+00  0.26043E+00  0.27204E+00  0.27599E+00
  0.37334E+01  0.54831E+01
  0.45403E+02  0.44411E+02  0.41545E+02  0.37201E+02  0.31929E+02  0.26331E+02
  0.20945E+02  0.16169E+02  0.12220E+02  0.91483E+01  0.68742E+01  0.40950E+01
  0.26508E+01  0.17828E+01  0.12174E+01  0.87137E+00  0.67477E+00  0.55151E+00
  0.45126E+00  0.36148E+00  0.28990E+00  0.24155E+00  0.21165E+00  0.19220E+00
  0.17852E+00  0.16919E+00  0.16299E+00  0.15747E+00  0.14990E+00  0.13885E+00
  0.12457E+00  0.10812E+00  0.90579E-01  0.72756E-01  0.55498E-01  0.39850E-01
  0.26932E-01  0.17658E-01  0.12554E-01  0.11739E-01  0.15007E-01  0.21873E-01
  0.31594E-01  0.43187E-01  0.55501E-01  0.67335E-01  0.77567E-01  0.85259E-01
  0.89723E-01  0.90560E-01  0.87684E-01  0.81325E-01  0.72015E-01  0.60546E-01
  0.47898E-01  0.35160E-01  0.23436E-01  0.13753E-01  0.69818E-02  0.37621E-02
  0.44490E-02  0.90811E-02  0.17373E-01  0.28737E-01  0.42324E-01  0.57094E-01
  0.71894E-01  0.85548E-01  0.96954E-01  0.10517E+00  0.10948E+00  0.10948E+00
  0.10510E+00  0.96611E-01  0.84651E-01  0.70151E-01  0.54294E-01  0.38431E-01
  0.23986E-01  0.12357E-01  0.48111E-02  0.23908E-02  0.58335E-02  0.15509E-01
  0.31384E-01  0.53009E-01  0.79541E-01  0.10979E+00  0.14227E+00  0.17532E+00
  0.20718E+00  0.23609E+00  0.26047E+00  0.27894E+00  0.29046E+00  0.29437E+00
  0.35573E+01  0.57545E+01
  0.47660E+02  0.46523E+02  0.43252E+02  0.38340E+02  0.32462E+02  0.26333E+02
  0.20567E+02  0.15587E+02  0.11588E+02  0.85679E+01  0.63921E+01  0.37909E+01
  0.24272E+01  0.15997E+01  0.10869E+01  0.79794E+00  0.63824E+00  0.52658E+00
  0.42722E+00  0.34216E+00  0.28015E+00  0.23912E+00  0.21057E+00  0.18879E+00
  0.17230E+00  0.16028E+00  0.15040E+00  0.13988E+00  0.12739E+00  0.11324E+00
  0.98347E-01  0.83270E-01  0.68318E-01  0.53960E-01  0.40997E-01  0.30305E-01
  0.22533E-01  0.17999E-01  0.16772E-01  0.18735E-01  0.23567E-01  0.30698E-01
  0.39331E-01  0.48539E-01  0.57383E-01  0.65009E-01  0.70698E-01  0.73900E-01
  0.74269E-01  0.71699E-01  0.66344E-01  0.58609E-01  0.49119E-01  0.38658E-01
  0.28108E-01  0.18375E-01  0.10321E-01  0.46912E-02  0.20522E-02  0.27425E-02
  0.68417E-02  0.14160E-01  0.24250E-01  0.36436E-01  0.49862E-01  0.63551E-01
  0.76479E-01  0.87655E-01  0.96196E-01  0.10140E+00  0.10280E+00  0.10023E+00
  0.93826E-01  0.84022E-01  0.71553E-01  0.57394E-01  0.42711E-01  0.28780E-01
  0.16900E-01  0.83051E-02  0.40774E-02  0.50689E-02  0.11834E-01  0.24581E-01
  0.43147E-01  0.66993E-01  0.95228E-01  0.12665E+00  0.15983E+00  0.19316E+00
  0.22499E+00  0.25369E+00  0.27776E+00  0.29592E+00  0.30722E+00  0.31104E+00
  0.34019E+01  0.60173E+01
  0.63034E+02  0.60332E+02  0.52901E+02  0.42697E+02  0.32002E+02  0.22624E+02
  0.15449E+02  0.10497E+02  0.72882E+01  0.52296E+01  0.38576E+01  0.21995E+01
  0.13666E+01  0.97892E+00  0.74515E+00  0.55467E+00  0.41725E+00  0.32869E+00
  0.26484E+00  0.21504E+00  0.17743E+00  0.14799E+00  0.12382E+00  0.10487E+00
  0.90320E-01  0.78335E-01  0.68242E-01  0.60246E-01  0.54049E-01  0.49054E-01
  0.45027E-01  0.41896E-01  0.39443E-01  0.37457E-01  0.35840E-01  0.34462E-01
  0.33131E-01  0.31724E-01  0.30211E-01  0.28557E-01  0.26690E-01  0.24574E-01
  0.22245E-01  0.19775E-01  0.17237E-01  0.14710E-01  0.12301E-01  0.10136E-01
  0.83313E-02  0.69926E-02  0.62119E-02  0.60610E-02  0.65790E-02  0.77665E-02
  0.95852E-02  0.11959E-01  0.14780E-01  0.17903E-01  0.21157E-01  0.24347E-01
  0.27277E-01  0.29751E-01  0.31593E-01  0.32653E-01  0.32820E-01  0.32034E-01
  0.30292E-01  0.27653E-01  0.24242E-01  0.20245E-01  0.15907E-01  0.11521E-01
  0.74196E-02  0.39573E-02  0.14964E-02  0.38758E-03  0.95322E-03  0.34691E-02
  0.81470E-02  0.15121E-01  0.24438E-01  0.36048E-01  0.49806E-01  0.65463E-01
  0.82674E-01  0.10102E+00  0.12001E+00  0.13912E+00  0.15777E+00  0.17538E+00
  0.19140E+00  0.20530E+00  0.21663E+00  0.22502E+00  0.23017E+00  0.23190E+00
  0.25001E+01  0.81877E+01
  0.73229E+02  0.68809E+02  0.57160E+02  0.42459E+02  0.28833E+02  0.18573E+02
  0.11898E+02  0.78734E+01  0.54312E+01  0.38558E+01  0.27910E+01  0.16083E+01
  0.10843E+01  0.75071E+00  0.52207E+00  0.38846E+00  0.29872E+00  0.23268E+00
  0.18616E+00  0.15146E+00  0.12551E+00  0.10601E+00  0.90288E-01  0.78013E-01
  0.68559E-01  0.60652E-01  0.54053E-01  0.48693E-01  0.44107E-01  0.40077E-01
  0.36536E-01  0.33334E-01  0.30407E-01  0.27714E-01  0.25178E-01  0.22800E-01
  0.20603E-01  0.18560E-01  0.16666E-01  0.14960E-01  0.13465E-01  0.12184E-01
  0.11129E-01  0.10319E-01  0.97613E-02  0.94526E-02  0.93886E-02  0.95550E-02
  0.99295E-02  0.10483E-01  0.11177E-01  0.11969E-01  0.12811E-01  0.13650E-01
  0.14431E-01  0.15104E-01  0.15615E-01  0.15923E-01  0.15993E-01  0.15797E-01
  0.15320E-01  0.14562E-01  0.13534E-01  0.12266E-01  0.10803E-01  0.92043E-02
  0.75419E-02  0.59007E-02  0.43754E-02  0.30666E-02  0.20771E-02  0.15108E-02
  0.14664E-02  0.20335E-02  0.32906E-02  0.53002E-02  0.81034E-02  0.11721E-01
  0.16149E-01  0.21361E-01  0.27303E-01  0.33896E-01  0.41038E-01  0.48602E-01
  0.56447E-01  0.64415E-01  0.72335E-01  0.80031E-01  0.87331E-01  0.94065E-01
  0.10007E+00  0.10519E+00  0.10931E+00  0.11234E+00  0.11419E+00  0.11481E+00
  0.20671E+01  0.99032E+01
  0.80946E+02  0.74720E+02  0.58970E+02  0.40638E+02  0.25479E+02  0.15471E+02
  0.96673E+01  0.63570E+01  0.43373E+01  0.30347E+01  0.22005E+01  0.13350E+01
  0.86459E+00  0.57320E+00  0.41413E+00  0.30734E+00  0.23460E+00  0.18519E+00
  0.14905E+00  0.12254E+00  0.10203E+00  0.86487E-01  0.74216E-01  0.64047E-01
  0.55958E-01  0.49193E-01  0.43392E-01  0.38511E-01  0.34259E-01  0.30529E-01
  0.27259E-01  0.24370E-01  0.21833E-01  0.19589E-01  0.17627E-01  0.15941E-01
  0.14493E-01  0.13276E-01  0.12291E-01  0.11508E-01  0.10913E-01  0.10496E-01
  0.10236E-01  0.10111E-01  0.10100E-01  0.10179E-01  0.10322E-01  0.10503E-01
  0.10699E-01  0.10883E-01  0.11030E-01  0.11122E-01  0.11139E-01  0.11065E-01
  0.10888E-01  0.10597E-01  0.10195E-01  0.96832E-02  0.90676E-02  0.83619E-02
  0.75858E-02  0.67617E-02  0.59149E-02  0.50753E-02  0.42773E-02  0.35579E-02
  0.29546E-02  0.25037E-02  0.22427E-02  0.22061E-02  0.24253E-02  0.29285E-02
  0.37366E-02  0.48652E-02  0.63258E-02  0.81210E-02  0.10243E-01  0.12680E-01
  0.15413E-01  0.18410E-01  0.21630E-01  0.25033E-01  0.28571E-01  0.32189E-01
  0.35825E-01  0.39421E-01  0.42915E-01  0.46245E-01  0.49352E-01  0.52176E-01
  0.54662E-01  0.56765E-01  0.58447E-01  0.59673E-01  0.60414E-01  0.60662E-01
  0.17950E+01  0.11404E+02
  0.87172E+02  0.79084E+02  0.59430E+02  0.38266E+02  0.22526E+02  0.13216E+02
  0.81886E+01  0.53456E+01  0.36029E+01  0.25216E+01  0.18647E+01  0.11282E+01
  0.70234E+00  0.48245E+00  0.34526E+00  0.25619E+00  0.19784E+00  0.15602E+00
  0.12584E+00  0.10323E+00  0.86151E-01  0.72455E-01  0.61774E-01  0.53062E-01
  0.45833E-01  0.39925E-01  0.34885E-01  0.30642E-01  0.27036E-01  0.23954E-01
  0.21326E-01  0.19088E-01  0.17195E-01  0.15592E-01  0.14260E-01  0.13161E-01
  0.12262E-01  0.11546E-01  0.10982E-01  0.10552E-01  0.10233E-01  0.99981E-02
  0.98286E-02  0.97050E-02  0.96085E-02  0.95230E-02  0.94329E-02  0.93249E-02
  0.91858E-02  0.90075E-02  0.87837E-02  0.85097E-02  0.81809E-02  0.78009E-02
  0.73755E-02  0.69032E-02  0.63957E-02  0.58657E-02  0.53213E-02  0.47760E-02
  0.42457E-02  0.37488E-02  0.33013E-02  0.29164E-02  0.26115E-02  0.24045E-02
  0.23094E-02  0.23397E-02  0.25069E-02  0.28225E-02  0.32940E-02  0.39230E-02
  0.47132E-02  0.56644E-02  0.67746E-02  0.80366E-02  0.94365E-02  0.10963E-01
  0.12602E-01  0.14333E-01  0.16131E-01  0.17983E-01  0.19866E-01  0.21749E-01
  0.23603E-01  0.25408E-01  0.27139E-01  0.28759E-01  0.30254E-01  0.31603E-01
  0.32775E-01  0.33763E-01  0.34541E-01  0.35099E-01  0.35448E-01  0.35570E-01
  0.16036E+01  0.12765E+02
  0.92428E+02  0.82441E+02  0.59108E+02  0.35798E+02  0.20076E+02  0.11566E+02
  0.71358E+01  0.46132E+01  0.30928E+01  0.21911E+01  0.16379E+01  0.95700E+00
  0.60648E+00  0.41693E+00  0.29664E+00  0.22253E+00  0.17080E+00  0.13472E+00
  0.10839E+00  0.88675E-01  0.73395E-01  0.61628E-01  0.52077E-01  0.44515E-01
  0.38265E-01  0.33130E-01  0.28893E-01  0.25344E-01  0.22397E-01  0.19925E-01
  0.17861E-01  0.16137E-01  0.14708E-01  0.13519E-01  0.12540E-01  0.11734E-01
  0.11075E-01  0.10534E-01  0.10089E-01  0.97179E-02  0.94024E-02  0.91262E-02
  0.88737E-02  0.86347E-02  0.83971E-02  0.81515E-02  0.78921E-02  0.76129E-02
  0.73125E-02  0.69882E-02  0.66386E-02  0.62692E-02  0.58829E-02  0.54775E-02
  0.50666E-02  0.46555E-02  0.42478E-02  0.38548E-02  0.34849E-02  0.31446E-02
  0.28406E-02  0.25857E-02  0.23888E-02  0.22543E-02  0.21896E-02  0.22021E-02
  0.22968E-02  0.24759E-02  0.27446E-02  0.31042E-02  0.35524E-02  0.40899E-02
  0.47124E-02  0.54202E-02  0.62065E-02  0.70615E-02  0.79813E-02  0.89542E-02
  0.99662E-02  0.11014E-01  0.12087E-01  0.13170E-01  0.14252E-01  0.15317E-01
  0.16352E-01  0.17348E-01  0.18286E-01  0.19161E-01  0.19973E-01  0.20685E-01
  0.21306E-01  0.21839E-01  0.22244E-01  0.22537E-01  0.22731E-01  0.22801E-01
  0.14595E+01  0.14026E+02
  0.97006E+02  0.85093E+02  0.58313E+02  0.33428E+02  0.18081E+02  0.10324E+02
  0.63371E+01  0.40596E+01  0.27295E+01  0.19551E+01  0.14521E+01  0.83323E+00
  0.53892E+00  0.36447E+00  0.26271E+00  0.19542E+00  0.15008E+00  0.11800E+00
  0.94604E-01  0.76989E-01  0.63604E-01  0.53039E-01  0.44804E-01  0.38104E-01
  0.32757E-01  0.28352E-01  0.24770E-01  0.21809E-01  0.19365E-01  0.17341E-01
  0.15664E-01  0.14268E-01  0.13109E-01  0.12138E-01  0.11327E-01  0.10645E-01
  0.10064E-01  0.95600E-02  0.91225E-02  0.87262E-02  0.83651E-02  0.80278E-02
  0.77009E-02  0.73808E-02  0.70594E-02  0.67353E-02  0.64060E-02  0.60703E-02
  0.57276E-02  0.53790E-02  0.50291E-02  0.46778E-02  0.43278E-02  0.39891E-02
  0.36598E-02  0.33469E-02  0.30565E-02  0.27927E-02  0.25572E-02  0.23597E-02
  0.22050E-02  0.20912E-02  0.20245E-02  0.20098E-02  0.20482E-02  0.21404E-02
  0.22887E-02  0.24940E-02  0.27553E-02  0.30712E-02  0.34425E-02  0.38644E-02
  0.43312E-02  0.48443E-02  0.53966E-02  0.59856E-02  0.66042E-02  0.72441E-02
  0.79032E-02  0.85688E-02  0.92404E-02  0.99162E-02  0.10578E-01  0.11224E-01
  0.11852E-01  0.12443E-01  0.13002E-01  0.13518E-01  0.13988E-01  0.14408E-01
  0.14767E-01  0.15080E-01  0.15316E-01  0.15483E-01  0.15592E-01  0.15628E-01
  0.13463E+01  0.15206E+02
  0.10107E+03  0.87212E+02  0.57222E+02  0.31233E+02  0.16457E+02  0.93544E+01
  0.57021E+01  0.36309E+01  0.24589E+01  0.17645E+01  0.12924E+01  0.74703E+00
  0.48075E+00  0.32606E+00  0.23452E+00  0.17401E+00  0.13336E+00  0.10455E+00
  0.83489E-01  0.67840E-01  0.55794E-01  0.46544E-01  0.39183E-01  0.33393E-01
  0.28693E-01  0.24925E-01  0.21832E-01  0.19309E-01  0.17226E-01  0.15504E-01
  0.14070E-01  0.12869E-01  0.11859E-01  0.11001E-01  0.10269E-01  0.96281E-02
  0.90688E-02  0.85666E-02  0.81134E-02  0.76938E-02  0.73012E-02  0.69248E-02
  0.65607E-02  0.62082E-02  0.58613E-02  0.55206E-02  0.51832E-02  0.48501E-02
  0.45225E-02  0.42032E-02  0.38928E-02  0.35921E-02  0.33101E-02  0.30411E-02
  0.27930E-02  0.25693E-02  0.23688E-02  0.21965E-02  0.20581E-02  0.19477E-02
  0.18722E-02  0.18352E-02  0.18351E-02  0.18713E-02  0.19465E-02  0.20620E-02
  0.22137E-02  0.24022E-02  0.26273E-02  0.28865E-02  0.31782E-02  0.35008E-02
  0.38511E-02  0.42244E-02  0.46195E-02  0.50326E-02  0.54610E-02  0.58989E-02
  0.63449E-02  0.67895E-02  0.72316E-02  0.76726E-02  0.81011E-02  0.85187E-02
  0.89160E-02  0.92975E-02  0.96468E-02  0.99742E-02  0.10271E-01  0.10526E-01
  0.10756E-01  0.10949E-01  0.11090E-01  0.11208E-01  0.11266E-01  0.11267E-01
  0.12546E+01  0.16316E+02
  0.10473E+03  0.88923E+02  0.55951E+02  0.29238E+02  0.15123E+02  0.85690E+01
  0.51813E+01  0.32926E+01  0.22439E+01  0.15996E+01  0.11602E+01  0.68045E+00
  0.43197E+00  0.29584E+00  0.21082E+00  0.15672E+00  0.11964E+00  0.93552E-01
  0.74627E-01  0.60427E-01  0.49743E-01  0.41394E-01  0.34921E-01  0.29758E-01
  0.25656E-01  0.22324E-01  0.19621E-01  0.17402E-01  0.15573E-01  0.14050E-01
  0.12772E-01  0.11692E-01  0.10769E-01  0.99713E-02  0.92760E-02  0.86579E-02
  0.81117E-02  0.76087E-02  0.71502E-02  0.67162E-02  0.63142E-02  0.59301E-02
  0.55650E-02  0.52129E-02  0.48714E-02  0.45445E-02  0.42279E-02  0.39252E-02
  0.36352E-02  0.33597E-02  0.30983E-02  0.28557E-02  0.26303E-02  0.24253E-02
  0.22438E-02  0.20832E-02  0.19463E-02  0.18389E-02  0.17539E-02  0.16990E-02
  0.16720E-02  0.16711E-02  0.16993E-02  0.17576E-02  0.18408E-02  0.19504E-02
  0.20886E-02  0.22518E-02  0.24372E-02  0.26451E-02  0.28735E-02  0.31199E-02
  0.33821E-02  0.36588E-02  0.39468E-02  0.42449E-02  0.45475E-02  0.48573E-02
  0.51686E-02  0.54782E-02  0.57851E-02  0.60847E-02  0.63763E-02  0.66557E-02
  0.69261E-02  0.71771E-02  0.74113E-02  0.76276E-02  0.78192E-02  0.79960E-02
  0.81422E-02  0.82620E-02  0.83645E-02  0.84288E-02  0.84737E-02  0.85071E-02
  0.11783E+01  0.17373E+02
  0.10808E+03  0.90308E+02  0.54574E+02  0.27443E+02  0.14015E+02  0.79131E+01
  0.47461E+01  0.30196E+01  0.20623E+01  0.14561E+01  0.10549E+01  0.62256E+00
  0.39360E+00  0.26935E+00  0.19175E+00  0.14210E+00  0.10835E+00  0.84589E-01
  0.67313E-01  0.54553E-01  0.44805E-01  0.37373E-01  0.31516E-01  0.26924E-01
  0.23239E-01  0.20266E-01  0.17845E-01  0.15854E-01  0.14201E-01  0.12816E-01
  0.11644E-01  0.10643E-01  0.97780E-02  0.90207E-02  0.83549E-02  0.77560E-02
  0.72198E-02  0.67262E-02  0.62722E-02  0.58481E-02  0.54547E-02  0.50815E-02
  0.47312E-02  0.43973E-02  0.40799E-02  0.37808E-02  0.34976E-02  0.32323E-02
  0.29829E-02  0.27507E-02  0.25369E-02  0.23426E-02  0.21654E-02  0.20111E-02
  0.18761E-02  0.17618E-02  0.16723E-02  0.16003E-02  0.15540E-02  0.15296E-02
  0.15245E-02  0.15424E-02  0.15850E-02  0.16441E-02  0.17249E-02  0.18264E-02
  0.19448E-02  0.20779E-02  0.22292E-02  0.23950E-02  0.25731E-02  0.27626E-02
  0.29632E-02  0.31720E-02  0.33867E-02  0.36063E-02  0.38283E-02  0.40527E-02
  0.42751E-02  0.44962E-02  0.47145E-02  0.49256E-02  0.51316E-02  0.53285E-02
  0.55161E-02  0.56912E-02  0.58570E-02  0.60028E-02  0.61399E-02  0.62568E-02
  0.63558E-02  0.64420E-02  0.65039E-02  0.65505E-02  0.65811E-02  0.65718E-02
  0.11131E+01  0.18390E+02
  0.12147E+03  0.93941E+02  0.47386E+02  0.20917E+02  0.10416E+02  0.56975E+01
  0.33534E+01  0.21456E+01  0.14346E+01  0.10116E+01  0.74105E+00  0.42941E+00
  0.27197E+00  0.18441E+00  0.13086E+00  0.96381E-01  0.73179E-01  0.56947E-01
  0.45276E-01  0.36650E-01  0.30149E-01  0.25159E-01  0.21252E-01  0.18157E-01
  0.15668E-01  0.13626E-01  0.11944E-01  0.10539E-01  0.93516E-02  0.83395E-02
  0.74694E-02  0.67128E-02  0.60525E-02  0.54715E-02  0.49552E-02  0.44988E-02
  0.40868E-02  0.37196E-02  0.33927E-02  0.30927E-02  0.28251E-02  0.25805E-02
  0.23641E-02  0.21686E-02  0.19906E-02  0.18339E-02  0.16917E-02  0.15697E-02
  0.14588E-02  0.13639E-02  0.12821E-02  0.12137E-02  0.11572E-02  0.11111E-02
  0.10772E-02  0.10511E-02  0.10367E-02  0.10302E-02  0.10300E-02  0.10417E-02
  0.10567E-02  0.10807E-02  0.11104E-02  0.11426E-02  0.11837E-02  0.12265E-02
  0.12750E-02  0.13279E-02  0.13806E-02  0.14365E-02  0.14976E-02  0.15566E-02
  0.16150E-02  0.16796E-02  0.17427E-02  0.18030E-02  0.18647E-02  0.19274E-02
  0.19876E-02  0.20447E-02  0.20980E-02  0.21502E-02  0.22027E-02  0.22535E-02
  0.22991E-02  0.23400E-02  0.23767E-02  0.24099E-02  0.24432E-02  0.24710E-02
  0.24962E-02  0.25151E-02  0.25327E-02  0.25431E-02  0.25517E-02  0.25479E-02
  0.89040E+00  0.22990E+02
  0.13150E+03  0.94433E+02  0.41041E+02  0.17040E+02  0.83189E+01  0.44142E+01
  0.26042E+01  0.16449E+01  0.11066E+01  0.77568E+00  0.56364E+00  0.32662E+00
  0.20697E+00  0.13970E+00  0.98815E-01  0.72575E-01  0.54945E-01  0.42635E-01
  0.33781E-01  0.27246E-01  0.22314E-01  0.18513E-01  0.15535E-01  0.13166E-01
  0.11253E-01  0.96895E-02  0.84004E-02  0.73250E-02  0.64187E-02  0.56489E-02
  0.49924E-02  0.44292E-02  0.39431E-02  0.35211E-02  0.31516E-02  0.28308E-02
  0.25504E-02  0.23012E-02  0.20829E-02  0.18933E-02  0.17231E-02  0.15757E-02
  0.14452E-02  0.13292E-02  0.12298E-02  0.11444E-02  0.10658E-02  0.10020E-02
  0.94596E-03  0.89879E-03  0.86048E-03  0.82641E-03  0.80107E-03  0.78107E-03
  0.76637E-03  0.75668E-03  0.75105E-03  0.74971E-03  0.75176E-03  0.75733E-03
  0.76510E-03  0.77736E-03  0.78856E-03  0.80617E-03  0.81992E-03  0.84081E-03
  0.86026E-03  0.88009E-03  0.90473E-03  0.92398E-03  0.94712E-03  0.97126E-03
  0.99431E-03  0.10174E-02  0.10419E-02  0.10644E-02  0.10849E-02  0.11093E-02
  0.11313E-02  0.11495E-02  0.11676E-02  0.11892E-02  0.12074E-02  0.12263E-02
  0.12404E-02  0.12524E-02  0.12667E-02  0.12824E-02  0.12925E-02  0.13033E-02
  0.13102E-02  0.13150E-02  0.13236E-02  0.13212E-02  0.13308E-02  0.13068E-02
  0.75713E+00  0.27037E+02
  0.13954E+03  0.93335E+02  0.35944E+02  0.14504E+02  0.68672E+01  0.36103E+01
  0.21208E+01  0.13400E+01  0.89629E+00  0.62653E+00  0.45700E+00  0.26390E+00
  0.16643E+00  0.11185E+00  0.78818E-01  0.57662E-01  0.43445E-01  0.33536E-01
  0.26415E-01  0.21166E-01  0.17208E-01  0.14165E-01  0.11791E-01  0.98970E-02
  0.83855E-02  0.71535E-02  0.61454E-02  0.53115E-02  0.46136E-02  0.40263E-02
  0.35301E-02  0.31101E-02  0.27513E-02  0.24433E-02  0.21789E-02  0.19516E-02
  0.17541E-02  0.15826E-02  0.14324E-02  0.13060E-02  0.11942E-02  0.10940E-02
  0.10092E-02  0.93815E-03  0.87482E-03  0.81787E-03  0.77117E-03  0.73200E-03
  0.69613E-03  0.66751E-03  0.64445E-03  0.62347E-03  0.60786E-03  0.59450E-03
  0.58484E-03  0.57863E-03  0.57387E-03  0.57126E-03  0.57071E-03  0.57175E-03
  0.57465E-03  0.57847E-03  0.58343E-03  0.58990E-03  0.59672E-03  0.60423E-03
  0.61265E-03  0.62096E-03  0.63123E-03  0.63945E-03  0.65011E-03  0.65965E-03
  0.66664E-03  0.68084E-03  0.68913E-03  0.69803E-03  0.70770E-03  0.71898E-03
  0.72429E-03  0.73371E-03  0.74421E-03  0.75253E-03  0.75756E-03  0.76295E-03
  0.77345E-03  0.77962E-03  0.78413E-03  0.78806E-03  0.79254E-03  0.79675E-03
  0.79928E-03  0.80549E-03  0.80337E-03  0.80582E-03  0.81099E-03  0.80136E-03
  0.66657E+00  0.30710E+02
  0.14634E+03  0.91409E+02  0.31946E+02  0.12665E+02  0.58144E+01  0.30612E+01
  0.17887E+01  0.11289E+01  0.75078E+00  0.52669E+00  0.38130E+00  0.21980E+00
  0.13827E+00  0.92592E-01  0.64964E-01  0.47260E-01  0.35398E-01  0.27153E-01
  0.21245E-01  0.16903E-01  0.13641E-01  0.11148E-01  0.92050E-02  0.76808E-02
  0.64591E-02  0.54702E-02  0.46723E-02  0.40123E-02  0.34668E-02  0.30126E-02
  0.26297E-02  0.23099E-02  0.20392E-02  0.18087E-02  0.16120E-02  0.14438E-02
  0.12989E-02  0.11745E-02  0.10686E-02  0.97712E-03  0.89702E-03  0.82662E-03
  0.76642E-03  0.71537E-03  0.67215E-03  0.63374E-03  0.59893E-03  0.57101E-03
  0.54759E-03  0.52713E-03  0.50884E-03  0.49401E-03  0.48309E-03  0.47212E-03
  0.46431E-03  0.45793E-03  0.45224E-03  0.45005E-03  0.44723E-03  0.44576E-03
  0.44578E-03  0.44623E-03  0.44732E-03  0.44908E-03  0.45114E-03  0.45433E-03
  0.45703E-03  0.46108E-03  0.46390E-03  0.46847E-03  0.47149E-03  0.47651E-03
  0.48077E-03  0.48434E-03  0.48968E-03  0.49189E-03  0.49721E-03  0.50258E-03
  0.50504E-03  0.50915E-03  0.51235E-03  0.51649E-03  0.51942E-03  0.52162E-03
  0.52625E-03  0.52840E-03  0.53075E-03  0.53363E-03  0.53403E-03  0.53615E-03
  0.53973E-03  0.53934E-03  0.53821E-03  0.54196E-03  0.54164E-03  0.53511E-03
  0.59943E+00  0.34150E+02