  0.16566E+02  0.16549E+02  0.16500E+02  0.16417E+02  0.16303E+02  0.16156E+02
  0.15979E+02  0.15772E+02  0.15536E+02  0.15272E+02  0.14982E+02  0.14330E+02
  0.13593E+02  0.12785E+02  0.11923E+02  0.11023E+02  0.10100E+02  0.91714E+01
  0.82516E+01  0.73544E+01  0.64923E+01  0.56758E+01  0.49135E+01  0.42120E+01
  0.35759E+01  0.30077E+01  0.25081E+01  0.20760E+01  0.17088E+01  0.14024E+01
  0.11519E+01  0.95149E+00  0.79498E+00  0.67583E+00  0.58756E+00  0.52390E+00
  0.47898E+00  0.44752E+00  0.42489E+00  0.40720E+00  0.39134E+00  0.37500E+00
  0.35659E+00  0.33523E+00  0.31064E+00  0.28305E+00  0.25312E+00  0.22179E+00
  0.19019E+00  0.15955E+00  0.13108E+00  0.10588E+00  0.84920E-01  0.68930E-01
  0.58400E-01  0.53551E-01  0.54337E-01  0.60456E-01  0.71381E-01  0.86388E-01
  0.10461E+00  0.12508E+00  0.14679E+00  0.16873E+00  0.18994E+00  0.20958E+00
  0.22690E+00  0.24135E+00  0.25253E+00  0.26024E+00  0.26447E+00  0.26537E+00
  0.26325E+00  0.25858E+00  0.25189E+00  0.24380E+00  0.23498E+00  0.22606E+00
  0.21767E+00  0.21034E+00  0.20452E+00  0.20056E+00  0.19867E+00  0.19892E+00
  0.20126E+00  0.20551E+00  0.21137E+00  0.21848E+00  0.22637E+00  0.23456E+00
  0.24255E+00  0.24986E+00  0.25606E+00  0.26076E+00  0.26370E+00  0.26470E+00
  0.16250E+02  0.12773E+01
  0.62576E+01  0.62444E+01  0.62045E+01  0.61386E+01  0.60474E+01  0.59321E+01
  0.57938E+01  0.56343E+01  0.54553E+01  0.52588E+01  0.50470E+01  0.45863E+01
  0.40919E+01  0.35826E+01  0.30758E+01  0.25871E+01  0.21294E+01  0.17123E+01
  0.13423E+01  0.10228E+01  0.75430E+00  0.53521E+00  0.36216E+00  0.23072E+00
  0.13588E+00  0.72511E-01  0.35705E-01  0.20955E-01  0.24243E-01  0.42015E-01
  0.71099E-01  0.10858E+00  0.15169E+00  0.19770E+00  0.24389E+00  0.28754E+00
  0.32603E+00  0.35690E+00  0.37806E+00  0.38791E+00  0.38549E+00  0.37062E+00
  0.34395E+00  0.30702E+00  0.26214E+00  0.21235E+00  0.16119E+00  0.11253E+00
  0.70270E-01  0.38108E-01  0.19270E-01  0.16277E-01  0.30745E-01  0.63247E-01
  0.11324E+00  0.17904E+00  0.25793E+00  0.34625E+00  0.43961E+00  0.53313E+00
  0.62172E+00  0.70040E+00  0.76456E+00  0.81028E+00  0.83459E+00  0.83568E+00
  0.81301E+00  0.76749E+00  0.70141E+00  0.61842E+00  0.52341E+00  0.42229E+00
  0.32172E+00  0.22884E+00  0.15093E+00  0.95019E-01  0.67566E-01  0.74113E-01
  0.11899E+00  0.20504E+00  0.33346E+00  0.50366E+00  0.71322E+00  0.95795E+00
  0.12320E+01  0.15280E+01  0.18375E+01  0.21510E+01  0.24587E+01  0.27506E+01
  0.30168E+01  0.32486E+01  0.34377E+01  0.35778E+01  0.36638E+01  0.36928E+01
  0.69989E+01  0.29656E+01
  0.71158E+01  0.70891E+01  0.70088E+01  0.68768E+01  0.66954E+01  0.64682E+01
  0.61993E+01  0.58937E+01  0.55569E+01  0.51950E+01  0.48140E+01  0.40204E+01
  0.32261E+01  0.24757E+01  0.18057E+01  0.12415E+01  0.79653E+00  0.47270E+00
  0.26173E+00  0.14764E+00  0.10959E+00  0.12479E+00  0.17115E+00  0.22943E+00
  0.28455E+00  0.32635E+00  0.34950E+00  0.35293E+00  0.33891E+00  0.31190E+00
  0.27741E+00  0.24098E+00  0.20741E+00  0.18025E+00  0.16153E+00  0.15178E+00
  0.15023E+00  0.15511E+00  0.16403E+00  0.17440E+00  0.18375E+00  0.19002E+00
  0.19176E+00  0.18826E+00  0.17954E+00  0.16636E+00  0.15005E+00  0.13241E+00
  0.11554E+00  0.10163E+00  0.92773E-01  0.90843E-01  0.97298E-01  0.11308E+00
  0.13854E+00  0.17335E+00  0.21655E+00  0.26655E+00  0.32121E+00  0.37792E+00
  0.43378E+00  0.48576E+00  0.53085E+00  0.56624E+00  0.58954E+00  0.59891E+00
  0.59322E+00  0.57215E+00  0.53626E+00  0.48702E+00  0.42675E+00  0.35861E+00
  0.28641E+00  0.21448E+00  0.14746E+00  0.90062E-01  0.46851E-01  0.21984E-01
  0.18989E-01  0.40547E-01  0.88326E-01  0.16285E+00  0.26342E+00  0.38811E+00
  0.53379E+00  0.69626E+00  0.87038E+00  0.10503E+01  0.12297E+01  0.14020E+01
  0.15609E+01  0.17002E+01  0.18147E+01  0.18999E+01  0.19524E+01  0.19701E+01
  0.49001E+01  0.42358E+01
  0.92086E+01  0.91658E+01  0.90372E+01  0.88263E+01  0.85382E+01  0.81795E+01
  0.77588E+01  0.72855E+01  0.67703E+01  0.62244E+01  0.56593E+01  0.45165E+01
  0.34268E+01  0.24597E+01  0.16638E+01  0.10636E+01  0.66046E+00  0.43608E+00
  0.35800E+00  0.38604E+00  0.47853E+00  0.59746E+00  0.71209E+00  0.80091E+00
  0.85181E+00  0.86112E+00  0.83173E+00  0.77090E+00  0.68817E+00  0.59347E+00
  0.49588E+00  0.40282E+00  0.31973E+00  0.25004E+00  0.19550E+00  0.15646E+00
  0.13223E+00  0.12143E+00  0.12221E+00  0.13244E+00  0.14983E+00  0.17205E+00
  0.19678E+00  0.22185E+00  0.24527E+00  0.26540E+00  0.28094E+00  0.29108E+00
  0.29552E+00  0.29447E+00  0.28861E+00  0.27906E+00  0.26722E+00  0.25468E+00
  0.24307E+00  0.23388E+00  0.22835E+00  0.22731E+00  0.23115E+00  0.23972E+00
  0.25236E+00  0.26791E+00  0.28482E+00  0.30127E+00  0.31529E+00  0.32497E+00
  0.32857E+00  0.32476E+00  0.31270E+00  0.29218E+00  0.26371E+00  0.22851E+00
  0.18851E+00  0.14629E+00  0.10492E+00  0.67832E-01  0.38612E-01  0.20775E-01
  0.17549E-01  0.31656E-01  0.65109E-01  0.11905E+00  0.19363E+00  0.28793E+00
  0.39995E+00  0.52669E+00  0.66423E+00  0.80789E+00  0.95247E+00  0.10925E+01
  0.12224E+01  0.13370E+01  0.14316E+01  0.15022E+01  0.15457E+01  0.15604E+01
  0.54034E+01  0.38412E+01
  0.14018E+02  0.13923E+02  0.13640E+02  0.13181E+02  0.12567E+02  0.11823E+02
  0.10980E+02  0.10071E+02  0.91292E+01  0.81873E+01  0.72750E+01  0.56349E+01
  0.43439E+01  0.34423E+01  0.28877E+01  0.25850E+01  0.24215E+01  0.22980E+01
  0.21477E+01  0.19414E+01  0.16818E+01  0.13918E+01  0.11011E+01  0.83614E+00
  0.61465E+00  0.44404E+00  0.32323E+00  0.24576E+00  0.20288E+00  0.18584E+00
  0.18717E+00  0.20098E+00  0.22277E+00  0.24897E+00  0.27656E+00  0.30285E+00
  0.32547E+00  0.34252E+00  0.35271E+00  0.35556E+00  0.35134E+00  0.34103E+00
  0.32606E+00  0.30805E+00  0.28853E+00  0.26874E+00  0.24947E+00  0.23106E+00
  0.21344E+00  0.19626E+00  0.17909E+00  0.16150E+00  0.14323E+00  0.12428E+00
  0.10493E+00  0.85722E-01  0.67417E-01  0.50913E-01  0.37145E-01  0.26976E-01
  0.21102E-01  0.19966E-01  0.23694E-01  0.32063E-01  0.44491E-01  0.60068E-01
  0.77610E-01  0.95746E-01  0.11302E+00  0.12800E+00  0.13943E+00  0.14627E+00
  0.14788E+00  0.14402E+00  0.13491E+00  0.12123E+00  0.10408E+00  0.84912E-01
  0.65407E-01  0.47363E-01  0.32548E-01  0.22560E-01  0.18694E-01  0.21831E-01
  0.32355E-01  0.50110E-01  0.74391E-01  0.10399E+00  0.13726E+00  0.17225E+00
  0.20682E+00  0.23878E+00  0.26609E+00  0.28699E+00  0.30011E+00  0.30456E+00
  0.55808E+01  0.37191E+01
  0.20150E+02  0.19964E+02  0.19413E+02  0.18531E+02  0.17369E+02  0.15991E+02
  0.14471E+02  0.12884E+02  0.11303E+02  0.97912E+01  0.84009E+01  0.61151E+01
  0.45556E+01  0.36283E+01  0.31254E+01  0.28252E+01  0.25628E+01  0.22557E+01
  0.18932E+01  0.15054E+01  0.11332E+01  0.80827E+00  0.54661E+00  0.35031E+00
  0.21364E+00  0.12836E+00  0.86735E-01  0.82251E-01  0.10877E+00  0.15941E+00
  0.22588E+00  0.29870E+00  0.36813E+00  0.42552E+00  0.46445E+00  0.48147E+00
  0.47616E+00  0.45065E+00  0.40888E+00  0.35571E+00  0.29627E+00  0.23538E+00
  0.17723E+00  0.12519E+00  0.81703E-01  0.48261E-01  0.25401E-01  0.12775E-01
  0.92658E-02  0.13149E-01  0.22315E-01  0.34499E-01  0.47521E-01  0.59488E-01
  0.68955E-01  0.75015E-01  0.77325E-01  0.76068E-01  0.71864E-01  0.65639E-01
  0.58483E-01  0.51498E-01  0.45664E-01  0.41730E-01  0.40131E-01  0.40957E-01
  0.43953E-01  0.48560E-01  0.53988E-01  0.59314E-01  0.63594E-01  0.65979E-01
  0.65819E-01  0.62752E-01  0.56762E-01  0.48208E-01  0.37811E-01  0.26609E-01
  0.15875E-01  0.70145E-02  0.14386E-02  0.43918E-03  0.50633E-02  0.16005E-01
  0.33524E-01  0.57395E-01  0.86898E-01  0.12085E+00  0.15766E+00  0.19545E+00
  0.23218E+00  0.26575E+00  0.29422E+00  0.31588E+00  0.32943E+00  0.33403E+00
  0.51020E+01  0.40682E+01
  0.26652E+02  0.26348E+02  0.25450E+02  0.24025E+02  0.22171E+02  0.20014E+02
  0.17686E+02  0.15321E+02  0.13037E+02  0.10930E+02  0.90669E+01  0.61925E+01
  0.43949E+01  0.33832E+01  0.28023E+01  0.23824E+01  0.19887E+01  0.15939E+01
  0.12210E+01  0.89837E+00  0.63873E+00  0.43960E+00  0.29158E+00  0.18617E+00
  0.11878E+00  0.87704E-01  0.91006E-01  0.12388E+00  0.17784E+00  0.24187E+00
  0.30474E+00  0.35721E+00  0.39320E+00  0.40996E+00  0.40741E+00  0.38732E+00
  0.35255E+00  0.30671E+00  0.25380E+00  0.19810E+00  0.14385E+00  0.94975E-01
  0.54686E-01  0.25231E-01  0.77062E-02  0.20363E-02  0.70898E-02  0.20897E-01
  0.40923E-01  0.64359E-01  0.88393E-01  0.11045E+00  0.12839E+00  0.14065E+00
  0.14632E+00  0.14516E+00  0.13758E+00  0.12457E+00  0.10750E+00  0.88036E-01
  0.67920E-01  0.48813E-01  0.32143E-01  0.18983E-01  0.99764E-02  0.53002E-02
  0.46830E-02  0.74611E-02  0.12673E-01  0.19178E-01  0.25787E-01  0.31400E-01
  0.35120E-01  0.36361E-01  0.34906E-01  0.30941E-01  0.25049E-01  0.18154E-01
  0.11445E-01  0.62660E-02  0.39876E-02  0.58784E-02  0.12977E-01  0.25980E-01
  0.45164E-01  0.70327E-01  0.10078E+00  0.13539E+00  0.17261E+00  0.21061E+00
  0.24740E+00  0.28094E+00  0.30932E+00  0.33089E+00  0.34438E+00  0.34895E+00
  0.47621E+01  0.43585E+01
  0.32073E+02  0.31640E+02  0.30366E+02  0.28363E+02  0.25793E+02  0.22853E+02
  0.19752E+02  0.16683E+02  0.13810E+02  0.11249E+02  0.90691E+01  0.58915E+01
  0.40346E+01  0.30043E+01  0.23642E+01  0.18694E+01  0.14407E+01  0.10786E+01
  0.79385E+00  0.58125E+00  0.42357E+00  0.30405E+00  0.21399E+00  0.15265E+00
  0.12202E+00  0.12141E+00  0.14499E+00  0.18309E+00  0.22537E+00  0.26352E+00
  0.29231E+00  0.30912E+00  0.31299E+00  0.30391E+00  0.28266E+00  0.25088E+00
  0.21122E+00  0.16719E+00  0.12270E+00  0.81590E-01  0.47115E-01  0.21620E-01
  0.64180E-02  0.17999E-02  0.71376E-02  0.21027E-01  0.41461E-01  0.66021E-01
  0.92093E-01  0.11710E+00  0.13870E+00  0.15502E+00  0.16472E+00  0.16716E+00
  0.16234E+00  0.15092E+00  0.13405E+00  0.11333E+00  0.90561E-01  0.67627E-01
  0.46311E-01  0.28148E-01  0.14302E-01  0.54814E-02  0.19051E-02  0.33015E-02
  0.89598E-02  0.17814E-01  0.28559E-01  0.39778E-01  0.50089E-01  0.58269E-01
  0.63376E-01  0.64834E-01  0.62494E-01  0.56642E-01  0.47983E-01  0.37580E-01
  0.26758E-01  0.16992E-01  0.97771E-02  0.64892E-02  0.82630E-02  0.15882E-01
  0.29698E-01  0.49586E-01  0.74930E-01  0.10466E+00  0.13732E+00  0.17115E+00
  0.20423E+00  0.23462E+00  0.26047E+00  0.28018E+00  0.29253E+00  0.29672E+00
  0.44549E+01  0.46591E+01
  0.36364E+02  0.35798E+02  0.34139E+02  0.31553E+02  0.28280E+02  0.24604E+02
  0.20813E+02  0.17162E+02  0.13847E+02  0.10995E+02  0.86538E+01  0.54177E+01
  0.36243E+01  0.26199E+01  0.19592E+01  0.14548E+01  0.10652E+01  0.78320E+00
  0.58890E+00  0.45153E+00  0.34598E+00  0.26166E+00  0.19971E+00  0.16406E+00
  0.15411E+00  0.16335E+00  0.18260E+00  0.20397E+00  0.22252E+00  0.23567E+00
  0.24185E+00  0.23975E+00  0.22849E+00  0.20816E+00  0.18015E+00  0.14703E+00
  0.11200E+00  0.78270E-01  0.48601E-01  0.25130E-01  0.92990E-02  0.18655E-02
  0.28945E-02  0.11765E-01  0.27221E-01  0.47485E-01  0.70437E-01  0.93828E-01
  0.11549E+00  0.13351E+00  0.14641E+00  0.15319E+00  0.15342E+00  0.14724E+00
  0.13535E+00  0.11886E+00  0.99262E-01  0.78241E-01  0.57538E-01  0.38804E-01
  0.23456E-01  0.12571E-01  0.68014E-02  0.63334E-02  0.10884E-01  0.19738E-01
  0.31821E-01  0.45799E-01  0.60205E-01  0.73568E-01  0.84542E-01  0.92028E-01
  0.95267E-01  0.93907E-01  0.88040E-01  0.78191E-01  0.65287E-01  0.50572E-01
  0.35515E-01  0.21688E-01  0.10641E-01  0.37684E-02  0.21963E-02  0.66819E-02
  0.17544E-01  0.34625E-01  0.57292E-01  0.84468E-01  0.11471E+00  0.14628E+00
  0.17733E+00  0.20594E+00  0.23033E+00  0.24896E+00  0.26064E+00  0.26461E+00
  0.41766E+01  0.49696E+01
  0.39808E+02  0.39106E+02  0.37057E+02  0.33893E+02  0.29943E+02  0.25588E+02
  0.21198E+02  0.17084E+02  0.13464E+02  0.10452E+02  0.80678E+01  0.49240E+01
  0.32443E+01  0.22811E+01  0.16312E+01  0.11626E+01  0.84190E+00  0.63677E+00
  0.50238E+00  0.40129E+00  0.31689E+00  0.25005E+00  0.20615E+00  0.18512E+00
  0.18041E+00  0.18381E+00  0.18954E+00  0.19481E+00  0.19813E+00  0.19783E+00
  0.19204E+00  0.17952E+00  0.16043E+00  0.13630E+00  0.10944E+00  0.82266E-01
  0.56917E-01  0.35155E-01  0.18403E-01  0.77209E-02  0.37005E-02  0.63588E-02
  0.15109E-01  0.28834E-01  0.46035E-01  0.65000E-01  0.83959E-01  0.10122E+00
  0.11531E+00  0.12502E+00  0.12960E+00  0.12872E+00  0.12253E+00  0.11165E+00
  0.97081E-01  0.80113E-01  0.62213E-01  0.44898E-01  0.29603E-01  0.17569E-01
  0.97363E-02  0.66778E-02  0.85520E-02  0.15098E-01  0.25660E-01  0.39251E-01
  0.54634E-01  0.70426E-01  0.85215E-01  0.97676E-01  0.10668E+00  0.11140E+00
  0.11135E+00  0.10648E+00  0.97142E-01  0.84084E-01  0.68405E-01  0.51468E-01
  0.34796E-01  0.19960E-01  0.84528E-02  0.15772E-02  0.34049E-03  0.53708E-02
  0.16861E-01  0.34542E-01  0.57695E-01  0.85190E-01  0.11556E+00  0.14709E+00
  0.17793E+00  0.20626E+00  0.23035E+00  0.24871E+00  0.26021E+00  0.26411E+00
  0.39320E+01  0.52787E+01
  0.42662E+02  0.41822E+02  0.39380E+02  0.35645E+02  0.31047E+02  0.26069E+02
  0.21165E+02  0.16692E+02  0.12876E+02  0.98053E+01  0.74549E+01  0.44779E+01
  0.29177E+01  0.19989E+01  0.13827E+01  0.97223E+00  0.72091E+00  0.57032E+00
  0.46544E+00  0.37713E+00  0.30240E+00  0.24797E+00  0.21532E+00  0.19835E+00
  0.18932E+00  0.18360E+00  0.17950E+00  0.17591E+00  0.17093E+00  0.16237E+00
  0.14909E+00  0.13145E+00  0.11094E+00  0.89302E-01  0.68069E-01  0.48518E-01
  0.31829E-01  0.19098E-01  0.11185E-01  0.85204E-02  0.11024E-01  0.18146E-01
  0.28990E-01  0.42422E-01  0.57157E-01  0.71835E-01  0.85117E-01  0.95797E-01
  0.10292E+00  0.10587E+00  0.10441E+00  0.98696E-01  0.89257E-01  0.76919E-01
  0.62751E-01  0.47965E-01  0.33824E-01  0.21536E-01  0.12150E-01  0.64805E-02
  0.50332E-02  0.79697E-02  0.15093E-01  0.25861E-01  0.39430E-01  0.54721E-01
  0.70501E-01  0.85486E-01  0.98441E-01  0.10828E+00  0.11415E+00  0.11552E+00
  0.11221E+00  0.10441E+00  0.92713E-01  0.78016E-01  0.61512E-01  0.44583E-01
  0.28714E-01  0.15378E-01  0.59298E-02  0.15081E-02  0.29434E-02  0.10691E-01
  0.24790E-01  0.44847E-01  0.70052E-01  0.99226E-01  0.13089E+00  0.16334E+00
  0.19480E+00  0.22347E+00  0.24772E+00  0.26614E+00  0.27764E+00  0.28154E+00
  0.37201E+01  0.55794E+01
  0.45110E+02  0.44129E+02  0.41292E+02  0.36993E+02  0.31773E+02  0.26226E+02
  0.20884E+02  0.16142E+02  0.12215E+02  0.91549E+01  0.68839E+01  0.40980E+01
  0.26444E+01  0.17705E+01  0.12024E+01  0.85549E+00  0.65974E+00  0.53947E+00
  0.44387E+00  0.35924E+00  0.29214E+00  0.24697E+00  0.21878E+00  0.19965E+00
  0.18497E+00  0.17352E+00  0.16443E+00  0.15565E+00  0.14488E+00  0.13106E+00
  0.11471E+00  0.97079E-01  0.79317E-01  0.62232E-01  0.46569E-01  0.33192E-01
  0.22989E-01  0.16608E-01  0.14297E-01  0.15917E-01  0.21041E-01  0.29036E-01
  0.39080E-01  0.50184E-01  0.61252E-01  0.71199E-01  0.79064E-01  0.84113E-01
  0.85882E-01  0.84199E-01  0.79182E-01  0.71227E-01  0.60982E-01  0.49295E-01
  0.37150E-01  0.25584E-01  0.15600E-01  0.80883E-02  0.37496E-02  0.30406E-02
  0.61340E-02  0.12900E-01  0.22916E-01  0.35489E-01  0.49715E-01  0.64540E-01
  0.78843E-01  0.91522E-01  0.10158E+00  0.10819E+00  0.11081E+00  0.10915E+00
  0.10327E+00  0.93583E-01  0.80792E-01  0.65887E-01  0.50073E-01  0.34683E-01
  0.21096E-01  0.10639E-01  0.44875E-02  0.35854E-02  0.85693E-02  0.19716E-01
  0.36913E-01  0.59652E-01  0.87054E-01  0.11792E+00  0.15077E+00  0.18398E+00
  0.21584E+00  0.24464E+00  0.26886E+00  0.28717E+00  0.29858E+00  0.30244E+00
  0.35371E+01  0.58681E+01
  0.47272E+02  0.46148E+02  0.42915E+02  0.38058E+02  0.32242E+02  0.26174E+02
  0.20462E+02  0.15523E+02  0.11552E+02  0.85478E+01  0.63795E+01  0.37805E+01
  0.24156E+01  0.15882E+01  0.10757E+01  0.78711E+00  0.62886E+00  0.52009E+00
  0.42436E+00  0.34260E+00  0.28291E+00  0.24315E+00  0.21493E+00  0.19256E+00
  0.17467E+00  0.16063E+00  0.14846E+00  0.13571E+00  0.12132E+00  0.10579E+00
  0.90147E-01  0.75029E-01  0.60738E-01  0.47674E-01  0.36499E-01  0.27913E-01
  0.22358E-01  0.19941E-01  0.20531E-01  0.23851E-01  0.29467E-01  0.36749E-01
  0.44888E-01  0.52998E-01  0.60231E-01  0.65868E-01  0.69360E-01  0.70342E-01
  0.68651E-01  0.64342E-01  0.57697E-01  0.49218E-01  0.39580E-01  0.29573E-01
  0.20041E-01  0.11806E-01  0.56096E-02  0.20534E-02  0.15464E-02  0.42708E-02
  0.10162E-01  0.18909E-01  0.29972E-01  0.42622E-01  0.55987E-01  0.69116E-01
  0.81048E-01  0.90885E-01  0.97861E-01  0.10140E+00  0.10119E+00  0.97171E-01
  0.89590E-01  0.78979E-01  0.66125E-01  0.52030E-01  0.37853E-01  0.24830E-01
  0.14197E-01  0.71016E-02  0.45300E-02  0.72316E-02  0.15662E-01  0.29942E-01
  0.49836E-01  0.74757E-01  0.10379E+00  0.13574E+00  0.16918E+00  0.20256E+00
  0.23428E+00  0.26276E+00  0.28659E+00  0.30453E+00  0.31568E+00  0.31945E+00
  0.33783E+01  0.61438E+01
  0.62331E+02  0.59666E+02  0.52333E+02  0.42260E+02  0.31698E+02  0.22429E+02
  0.15330E+02  0.10426E+02  0.72432E+01  0.52003E+01  0.38384E+01  0.21915E+01
  0.13612E+01  0.97255E+00  0.73873E+00  0.54912E+00  0.41236E+00  0.32434E+00
  0.26111E+00  0.21184E+00  0.17469E+00  0.14577E+00  0.12213E+00  0.10367E+00
  0.89553E-01  0.77977E-01  0.68249E-01  0.60551E-01  0.54587E-01  0.49750E-01
  0.45789E-01  0.42637E-01  0.40089E-01  0.37933E-01  0.36076E-01  0.34406E-01
  0.32754E-01  0.31016E-01  0.29183E-01  0.27241E-01  0.25142E-01  0.22867E-01
  0.20467E-01  0.18023E-01  0.15610E-01  0.13305E-01  0.11205E-01  0.94175E-02
  0.80403E-02  0.71521E-02  0.68169E-02  0.70771E-02  0.79434E-02  0.93908E-02
  0.11359E-01  0.13758E-01  0.16468E-01  0.19349E-01  0.22235E-01  0.24948E-01
  0.27313E-01  0.29167E-01  0.30366E-01  0.30798E-01  0.30388E-01  0.29112E-01
  0.26999E-01  0.24133E-01  0.20655E-01  0.16762E-01  0.12696E-01  0.87414E-02
  0.52077E-02  0.24213E-02  0.70786E-03  0.37663E-03  0.17055E-02  0.49252E-02
  0.10205E-01  0.17642E-01  0.27250E-01  0.38959E-01  0.52610E-01  0.67955E-01
  0.84660E-01  0.10233E+00  0.12050E+00  0.13869E+00  0.15636E+00  0.17298E+00
  0.18806E+00  0.20111E+00  0.21173E+00  0.21958E+00  0.22440E+00  0.22602E+00
  0.24774E+01  0.83782E+01
  0.72354E+02  0.67997E+02  0.56506E+02  0.42000E+02  0.28544E+02  0.18402E+02
  0.11796E+02  0.78098E+01  0.53898E+01  0.38287E+01  0.27729E+01  0.15967E+01
  0.10739E+01  0.74276E+00  0.51633E+00  0.38416E+00  0.29562E+00  0.23047E+00
  0.18465E+00  0.15054E+00  0.12498E+00  0.10573E+00  0.90187E-01  0.77990E-01
  0.68541E-01  0.60587E-01  0.53899E-01  0.48428E-01  0.43718E-01  0.39557E-01
  0.35894E-01  0.32593E-01  0.29587E-01  0.26843E-01  0.24293E-01  0.21935E-01
  0.19791E-01  0.17836E-01  0.16059E-01  0.14495E-01  0.13161E-01  0.12052E-01
  0.11172E-01  0.10532E-01  0.10131E-01  0.99566E-02  0.99980E-02  0.10235E-01
  0.10640E-01  0.11180E-01  0.11818E-01  0.12510E-01  0.13212E-01  0.13875E-01
  0.14452E-01  0.14900E-01  0.15177E-01  0.15250E-01  0.15096E-01  0.14698E-01
  0.14052E-01  0.13165E-01  0.12059E-01  0.10767E-01  0.93373E-02  0.78302E-02
  0.63161E-02  0.48745E-02  0.35923E-02  0.25601E-02  0.18686E-02  0.16076E-02
  0.18609E-02  0.27025E-02  0.41961E-02  0.63896E-02  0.93113E-02  0.12970E-01
  0.17355E-01  0.22435E-01  0.28154E-01  0.34434E-01  0.41179E-01  0.48275E-01
  0.55588E-01  0.62977E-01  0.70291E-01  0.77372E-01  0.84066E-01  0.90222E-01
  0.95697E-01  0.10036E+00  0.10412E+00  0.10686E+00  0.10854E+00  0.10910E+00
  0.20460E+01  0.10145E+02
  0.79921E+02  0.73784E+02  0.58256E+02  0.40172E+02  0.25207E+02  0.15317E+02
  0.95757E+01  0.63003E+01  0.43020E+01  0.30121E+01  0.21843E+01  0.13232E+01
  0.85660E+00  0.56811E+00  0.41062E+00  0.30498E+00  0.23296E+00  0.18409E+00
  0.14824E+00  0.12187E+00  0.10146E+00  0.85924E-01  0.73626E-01  0.63418E-01
  0.55277E-01  0.48467E-01  0.42630E-01  0.37733E-01  0.33486E-01  0.29778E-01
  0.26556E-01  0.23734E-01  0.21279E-01  0.19134E-01  0.17279E-01  0.15705E-01
  0.14370E-01  0.13263E-01  0.12378E-01  0.11684E-01  0.11162E-01  0.10800E-01
  0.10573E-01  0.10460E-01  0.10438E-01  0.10484E-01  0.10573E-01  0.10682E-01
  0.10788E-01  0.10869E-01  0.10906E-01  0.10882E-01  0.10783E-01  0.10598E-01
  0.10319E-01  0.99396E-02  0.94655E-02  0.89027E-02  0.82590E-02  0.75499E-02
  0.67960E-02  0.60198E-02  0.52453E-02  0.45004E-02  0.38165E-02  0.32267E-02
  0.27639E-02  0.24593E-02  0.23442E-02  0.24473E-02  0.27939E-02  0.34062E-02
  0.42995E-02  0.54840E-02  0.69670E-02  0.87475E-02  0.10816E-01  0.13157E-01
  0.15753E-01  0.18574E-01  0.21579E-01  0.24734E-01  0.27994E-01  0.31310E-01
  0.34629E-01  0.37896E-01  0.41060E-01  0.44068E-01  0.46866E-01  0.49406E-01
  0.51635E-01  0.53517E-01  0.55024E-01  0.56120E-01  0.56779E-01  0.56999E-01
  0.17754E+01  0.11691E+02
  0.86027E+02  0.78057E+02  0.58686E+02  0.37815E+02  0.22277E+02  0.13079E+02
  0.81091E+01  0.52987E+01  0.35749E+01  0.25031E+01  0.18503E+01  0.11187E+01
  0.69679E+00  0.47871E+00  0.34268E+00  0.25428E+00  0.19638E+00  0.15477E+00
  0.12473E+00  0.10221E+00  0.85163E-01  0.71506E-01  0.60851E-01  0.52173E-01
  0.44989E-01  0.39138E-01  0.34166E-01  0.30002E-01  0.26486E-01  0.23497E-01
  0.20968E-01  0.18826E-01  0.17027E-01  0.15511E-01  0.14257E-01  0.13223E-01
  0.12378E-01  0.11700E-01  0.11159E-01  0.10737E-01  0.10410E-01  0.10153E-01
  0.99485E-02  0.97783E-02  0.96255E-02  0.94766E-02  0.93185E-02  0.91403E-02
  0.89319E-02  0.86873E-02  0.84025E-02  0.80752E-02  0.77030E-02  0.72910E-02
  0.68460E-02  0.63679E-02  0.58687E-02  0.53608E-02  0.48519E-02  0.43548E-02
  0.38838E-02  0.34555E-02  0.30840E-02  0.27802E-02  0.25583E-02  0.24341E-02
  0.24186E-02  0.25222E-02  0.27537E-02  0.31216E-02  0.36314E-02  0.42824E-02
  0.50766E-02  0.60122E-02  0.70862E-02  0.82912E-02  0.96132E-02  0.11041E-01
  0.12564E-01  0.14160E-01  0.15807E-01  0.17496E-01  0.19205E-01  0.20906E-01
  0.22575E-01  0.24196E-01  0.25746E-01  0.27191E-01  0.28523E-01  0.29723E-01
  0.30764E-01  0.31640E-01  0.32330E-01  0.32821E-01  0.33132E-01  0.33242E-01
  0.15855E+01  0.13091E+02
  0.91187E+02  0.81348E+02  0.58355E+02  0.35370E+02  0.19852E+02  0.11446E+02
  0.70679E+01  0.45748E+01  0.30697E+01  0.21745E+01  0.16247E+01  0.94947E+00
  0.60172E+00  0.41356E+00  0.29411E+00  0.22051E+00  0.16907E+00  0.13322E+00
  0.10703E+00  0.87440E-01  0.72277E-01  0.60610E-01  0.51166E-01  0.43708E-01
  0.37565E-01  0.32537E-01  0.28405E-01  0.24957E-01  0.22106E-01  0.19722E-01
  0.17736E-01  0.16080E-01  0.14705E-01  0.13558E-01  0.12608E-01  0.11819E-01
  0.11164E-01  0.10616E-01  0.10153E-01  0.97539E-02  0.94035E-02  0.90867E-02
  0.87892E-02  0.85032E-02  0.82184E-02  0.79263E-02  0.76237E-02  0.73059E-02
  0.69722E-02  0.66216E-02  0.62538E-02  0.58743E-02  0.54863E-02  0.50888E-02
  0.46940E-02  0.43072E-02  0.39316E-02  0.35772E-02  0.32517E-02  0.29603E-02
  0.27083E-02  0.25069E-02  0.23636E-02  0.22811E-02  0.22652E-02  0.23217E-02
  0.24545E-02  0.26647E-02  0.29550E-02  0.33263E-02  0.37760E-02  0.43036E-02
  0.49047E-02  0.55789E-02  0.63195E-02  0.71175E-02  0.79695E-02  0.88645E-02
  0.97897E-02  0.10743E-01  0.11714E-01  0.12690E-01  0.13661E-01  0.14614E-01
  0.15537E-01  0.16423E-01  0.17256E-01  0.18030E-01  0.18749E-01  0.19377E-01
  0.19924E-01  0.20394E-01  0.20750E-01  0.21006E-01  0.21179E-01  0.21242E-01
  0.14425E+01  0.14388E+02
  0.95682E+02  0.83948E+02  0.57561E+02  0.33025E+02  0.17878E+02  0.10217E+02
  0.62784E+01  0.40269E+01  0.27087E+01  0.19394E+01  0.14400E+01  0.82654E+00
  0.53427E+00  0.36108E+00  0.26004E+00  0.19321E+00  0.14821E+00  0.11638E+00
  0.93198E-01  0.75774E-01  0.62553E-01  0.52145E-01  0.44050E-01  0.37482E-01
  0.32255E-01  0.27959E-01  0.24475E-01  0.21598E-01  0.19225E-01  0.17259E-01
  0.15626E-01  0.14262E-01  0.13123E-01  0.12161E-01  0.11349E-01  0.10656E-01
  0.10057E-01  0.95282E-02  0.90618E-02  0.86332E-02  0.82380E-02  0.78665E-02
  0.75062E-02  0.71551E-02  0.68056E-02  0.64577E-02  0.61098E-02  0.57606E-02
  0.54107E-02  0.50610E-02  0.47156E-02  0.43751E-02  0.40420E-02  0.37248E-02
  0.34220E-02  0.31397E-02  0.28830E-02  0.26552E-02  0.24571E-02  0.22975E-02
  0.21802E-02  0.21023E-02  0.20689E-02  0.20842E-02  0.21486E-02  0.22615E-02
  0.24245E-02  0.26388E-02  0.29025E-02  0.32136E-02  0.35721E-02  0.39741E-02
  0.44145E-02  0.48934E-02  0.54046E-02  0.59457E-02  0.65104E-02  0.70917E-02
  0.76875E-02  0.82866E-02  0.88885E-02  0.94919E-02  0.10081E-01  0.10654E-01
  0.11210E-01  0.11732E-01  0.12225E-01  0.12680E-01  0.13092E-01  0.13462E-01
  0.13776E-01  0.14051E-01  0.14257E-01  0.14403E-01  0.14498E-01  0.14530E-01
  0.13303E+01  0.15603E+02
  0.99669E+02  0.86024E+02  0.56478E+02  0.30854E+02  0.16271E+02  0.92571E+01
  0.56503E+01  0.36016E+01  0.24389E+01  0.17493E+01  0.12813E+01  0.74046E+00
  0.47609E+00  0.32257E+00  0.23176E+00  0.17174E+00  0.13149E+00  0.10298E+00
  0.82183E-01  0.66751E-01  0.54901E-01  0.45817E-01  0.38604E-01  0.32939E-01
  0.28347E-01  0.24668E-01  0.21648E-01  0.19183E-01  0.17143E-01  0.15450E-01
  0.14035E-01  0.12842E-01  0.11830E-01  0.10964E-01  0.10216E-01  0.95562E-02
  0.89741E-02  0.84470E-02  0.79683E-02  0.75234E-02  0.71068E-02  0.67088E-02
  0.63258E-02  0.59582E-02  0.56000E-02  0.52527E-02  0.49131E-02  0.45820E-02
  0.42614E-02  0.39529E-02  0.36576E-02  0.33760E-02  0.31153E-02  0.28709E-02
  0.26492E-02  0.24532E-02  0.22812E-02  0.21375E-02  0.20270E-02  0.19433E-02
  0.18926E-02  0.18781E-02  0.18974E-02  0.19495E-02  0.20365E-02  0.21603E-02
  0.23151E-02  0.25018E-02  0.27202E-02  0.29685E-02  0.32440E-02  0.35450E-02
  0.38692E-02  0.42128E-02  0.45739E-02  0.49490E-02  0.53357E-02  0.57293E-02
  0.61284E-02  0.65254E-02  0.69189E-02  0.73097E-02  0.76882E-02  0.80560E-02
  0.84052E-02  0.87398E-02  0.90460E-02  0.93327E-02  0.95924E-02  0.98159E-02
  0.10017E-01  0.10185E-01  0.10308E-01  0.10410E-01  0.10461E-01  0.10462E-01
  0.12394E+01  0.16747E+02
  0.10326E+03  0.87698E+02  0.55217E+02  0.28879E+02  0.14950E+02  0.84798E+01
  0.51343E+01  0.32648E+01  0.22240E+01  0.15850E+01  0.11498E+01  0.67380E+00
  0.42733E+00  0.29232E+00  0.20806E+00  0.15453E+00  0.11786E+00  0.92120E-01
  0.73467E-01  0.59503E-01  0.49008E-01  0.40821E-01  0.34478E-01  0.29422E-01
  0.25404E-01  0.22137E-01  0.19483E-01  0.17298E-01  0.15491E-01  0.13979E-01
  0.12703E-01  0.11618E-01  0.10685E-01  0.98725E-02  0.91600E-02  0.85231E-02
  0.79574E-02  0.74356E-02  0.69597E-02  0.65102E-02  0.60953E-02  0.57012E-02
  0.53294E-02  0.49741E-02  0.46327E-02  0.43099E-02  0.40000E-02  0.37080E-02
  0.34315E-02  0.31716E-02  0.29288E-02  0.27059E-02  0.25020E-02  0.23193E-02
  0.21605E-02  0.20226E-02  0.19079E-02  0.18216E-02  0.17564E-02  0.17194E-02
  0.17082E-02  0.17204E-02  0.17591E-02  0.18251E-02  0.19123E-02  0.20223E-02
  0.21579E-02  0.23155E-02  0.24907E-02  0.26853E-02  0.28975E-02  0.31244E-02
  0.33640E-02  0.36147E-02  0.38748E-02  0.41427E-02  0.44142E-02  0.46901E-02
  0.49662E-02  0.52404E-02  0.55114E-02  0.57756E-02  0.60321E-02  0.62772E-02
  0.65133E-02  0.67322E-02  0.69362E-02  0.71242E-02  0.72910E-02  0.74442E-02
  0.75716E-02  0.76763E-02  0.77653E-02  0.78219E-02  0.78608E-02  0.78886E-02
  0.11636E+01  0.17837E+02
  0.10654E+03  0.89049E+02  0.53851E+02  0.27102E+02  0.13852E+02  0.78303E+01
  0.47024E+01  0.29925E+01  0.20428E+01  0.14422E+01  0.10448E+01  0.61595E+00
  0.38902E+00  0.26590E+00  0.18910E+00  0.14003E+00  0.10673E+00  0.83312E-01
  0.66318E-01  0.53773E-01  0.44206E-01  0.36911E-01  0.31165E-01  0.26656E-01
  0.23032E-01  0.20105E-01  0.17713E-01  0.15740E-01  0.14095E-01  0.12710E-01
  0.11533E-01  0.10523E-01  0.96455E-02  0.88751E-02  0.81947E-02  0.75818E-02
  0.70328E-02  0.65276E-02  0.60651E-02  0.56339E-02  0.52367E-02  0.48622E-02
  0.45135E-02  0.41843E-02  0.38737E-02  0.35845E-02  0.33129E-02  0.30619E-02
  0.28279E-02  0.26128E-02  0.24168E-02  0.22410E-02  0.20830E-02  0.19474E-02
  0.18307E-02  0.17340E-02  0.16610E-02  0.16040E-02  0.15713E-02  0.15585E-02
  0.15628E-02  0.15880E-02  0.16355E-02  0.16969E-02  0.17772E-02  0.18763E-02
  0.19893E-02  0.21138E-02  0.22550E-02  0.24079E-02  0.25709E-02  0.27422E-02
  0.29242E-02  0.31122E-02  0.33044E-02  0.34995E-02  0.36966E-02  0.38948E-02
  0.40917E-02  0.42862E-02  0.44769E-02  0.46618E-02  0.48411E-02  0.50130E-02
  0.51764E-02  0.53292E-02  0.54730E-02  0.55999E-02  0.57180E-02  0.58185E-02
  0.59041E-02  0.59776E-02  0.60311E-02  0.60721E-02  0.60972E-02  0.60944E-02
  0.10990E+01  0.18886E+02
  0.11966E+03  0.92559E+02  0.46721E+02  0.20638E+02  0.10287E+02  0.56336E+01
  0.33161E+01  0.21212E+01  0.14185E+01  0.99991E+00  0.73214E+00  0.42393E+00
  0.26832E+00  0.18188E+00  0.12905E+00  0.95065E-01  0.72208E-01  0.56215E-01
  0.44710E-01  0.36200E-01  0.29778E-01  0.24842E-01  0.20970E-01  0.17899E-01
  0.15425E-01  0.13393E-01  0.11718E-01  0.10317E-01  0.91336E-02  0.81251E-02
  0.72591E-02  0.65079E-02  0.58530E-02  0.52785E-02  0.47700E-02  0.43220E-02
  0.39197E-02  0.35626E-02  0.32463E-02  0.29575E-02  0.27015E-02  0.24687E-02
  0.22640E-02  0.20802E-02  0.19136E-02  0.17681E-02  0.16365E-02  0.15249E-02
  0.14233E-02  0.13374E-02  0.12634E-02  0.12027E-02  0.11524E-02  0.11120E-02
  0.10823E-02  0.10600E-02  0.10481E-02  0.10432E-02  0.10440E-02  0.10553E-02
  0.10692E-02  0.10911E-02  0.11179E-02  0.11467E-02  0.11833E-02  0.12210E-02
  0.12637E-02  0.13103E-02  0.13561E-02  0.14046E-02  0.14582E-02  0.15091E-02
  0.15589E-02  0.16152E-02  0.16696E-02  0.17208E-02  0.17736E-02  0.18277E-02
  0.18793E-02  0.19280E-02  0.19728E-02  0.20169E-02  0.20620E-02  0.21058E-02
  0.21444E-02  0.21788E-02  0.22094E-02  0.22368E-02  0.22658E-02  0.22888E-02
  0.23107E-02  0.23257E-02  0.23414E-02  0.23493E-02  0.23577E-02  0.23504E-02
  0.87805E+00  0.23638E+02
  0.12945E+03  0.92985E+02  0.40435E+02  0.16798E+02  0.82113E+01  0.43600E+01
  0.25720E+01  0.16251E+01  0.10930E+01  0.76605E+00  0.55654E+00  0.32235E+00
  0.20420E+00  0.13781E+00  0.97467E-01  0.71574E-01  0.54172E-01  0.42015E-01
  0.33265E-01  0.26801E-01  0.21921E-01  0.18159E-01  0.15210E-01  0.12866E-01
  0.10974E-01  0.94291E-02  0.81574E-02  0.70985E-02  0.62081E-02  0.54535E-02
  0.48118E-02  0.42632E-02  0.37911E-02  0.33825E-02  0.30264E-02  0.27179E-02
  0.24493E-02  0.22116E-02  0.20041E-02  0.18244E-02  0.16637E-02  0.15250E-02
  0.14026E-02  0.12940E-02  0.12012E-02  0.11219E-02  0.10485E-02  0.98946E-03
  0.93744E-03  0.89361E-03  0.85839E-03  0.82601E-03  0.80263E-03  0.78356E-03
  0.76967E-03  0.75968E-03  0.75379E-03  0.75158E-03  0.75246E-03  0.75631E-03
  0.76211E-03  0.77170E-03  0.78065E-03  0.79500E-03  0.80611E-03  0.82328E-03
  0.83918E-03  0.85536E-03  0.87590E-03  0.89160E-03  0.91077E-03  0.93078E-03
  0.94977E-03  0.96872E-03  0.98901E-03  0.10075E-02  0.10242E-02  0.10446E-02
  0.10630E-02  0.10777E-02  0.10923E-02  0.11104E-02  0.11253E-02  0.11411E-02
  0.11524E-02  0.11618E-02  0.11737E-02  0.11871E-02  0.11951E-02  0.12044E-02
  0.12100E-02  0.12138E-02  0.12218E-02  0.12188E-02  0.12286E-02  0.12034E-02
  0.74599E+00  0.27823E+02
  0.13729E+03  0.91858E+02  0.35393E+02  0.14292E+02  0.67756E+01  0.35629E+01
  0.20939E+01  0.13231E+01  0.88491E+00  0.61852E+00  0.45105E+00  0.26036E+00
  0.16411E+00  0.11024E+00  0.77631E-01  0.56746E-01  0.42709E-01  0.32925E-01
  0.25894E-01  0.20713E-01  0.16808E-01  0.13809E-01  0.11471E-01  0.96102E-02
  0.81274E-02  0.69212E-02  0.59366E-02  0.51243E-02  0.44460E-02  0.38767E-02
  0.33969E-02  0.29923E-02  0.26476E-02  0.23524E-02  0.20994E-02  0.18825E-02
  0.16945E-02  0.15316E-02  0.13894E-02  0.12697E-02  0.11639E-02  0.10693E-02
  0.98927E-03  0.92224E-03  0.86247E-03  0.80847E-03  0.76427E-03  0.72718E-03
  0.69276E-03  0.66532E-03  0.64318E-03  0.62245E-03  0.60710E-03  0.59340E-03
  0.58314E-03  0.57657E-03  0.57066E-03  0.56711E-03  0.56488E-03  0.56476E-03
  0.56584E-03  0.56792E-03  0.57103E-03  0.57540E-03  0.58027E-03  0.58571E-03
  0.59186E-03  0.59803E-03  0.60578E-03  0.61205E-03  0.62024E-03  0.62760E-03
  0.63286E-03  0.64403E-03  0.65036E-03  0.65729E-03  0.66483E-03  0.67392E-03
  0.67789E-03  0.68530E-03  0.69361E-03  0.70023E-03  0.70404E-03  0.70806E-03
  0.71659E-03  0.72138E-03  0.72493E-03  0.72810E-03  0.73180E-03  0.73520E-03
  0.73701E-03  0.74221E-03  0.73975E-03  0.74157E-03  0.74615E-03  0.73724E-03
  0.65635E+00  0.31623E+02
  0.14393E+03  0.89927E+02  0.31441E+02  0.12476E+02  0.57343E+01  0.30198E+01
  0.17654E+01  0.11141E+01  0.74097E+00  0.51966E+00  0.37614E+00  0.21667E+00
  0.13618E+00  0.91101E-01  0.63841E-01  0.46378E-01  0.34681E-01  0.26556E-01
  0.20740E-01  0.16469E-01  0.13266E-01  0.10821E-01  0.89195E-02  0.74309E-02
  0.62404E-02  0.52789E-02  0.45053E-02  0.38666E-02  0.33400E-02  0.29026E-02
  0.25342E-02  0.22276E-02  0.19686E-02  0.17481E-02  0.15606E-02  0.14003E-02
  0.12624E-02  0.11441E-02  0.10432E-02  0.95613E-03  0.87995E-03  0.81292E-03
  0.75547E-03  0.70668E-03  0.66529E-03  0.62832E-03  0.59459E-03  0.56748E-03
  0.54461E-03  0.52442E-03  0.50613E-03  0.49116E-03  0.48003E-03  0.46836E-03
  0.45999E-03  0.45288E-03  0.44595E-03  0.44322E-03  0.43912E-03  0.43635E-03
  0.43552E-03  0.43438E-03  0.43461E-03  0.43456E-03  0.43547E-03  0.43701E-03
  0.43879E-03  0.44102E-03  0.44282E-03  0.44557E-03  0.44769E-03  0.45104E-03
  0.45405E-03  0.45652E-03  0.46014E-03  0.46165E-03  0.46536E-03  0.46925E-03
  0.47117E-03  0.47423E-03  0.47643E-03  0.47946E-03  0.48165E-03  0.48315E-03
  0.48644E-03  0.48787E-03  0.48973E-03  0.49217E-03  0.49247E-03  0.49403E-03
  0.49672E-03  0.49618E-03  0.49503E-03  0.49792E-03  0.49772E-03  0.49246E-03
  0.58994E+00  0.35183E+02