# Atomic cross section. IZ =   1
# Pratt's renormalization correction is applied
#   1   No. of electron subshells.
# Excitations to bound levels: included
# Atomic level widths: empirical
# Shell ionization energies (Williams):
#  1  K1  EION =  1.3600000E+01 eV
#
#  Total atomic cross section
#  1262   No. of energy grid points.
# 
#     W (eV)      CS (cm**2)
     
  1.0000000E-02  0.0000000E+00
  1.0000098E-02  4.7272740E-21
  1.0000195E-02  4.7272741E-21
  1.0000293E-02  4.7272741E-21
  1.0000391E-02  4.7272742E-21
  1.0000488E-02  4.7272743E-21
  1.0000586E-02  4.7272744E-21
  1.0000684E-02  4.7272745E-21
  1.0000781E-02  4.7272746E-21
  1.0000879E-02  4.7272747E-21
  1.0000977E-02  4.7272747E-21
  1.0001172E-02  4.7272749E-21
  1.0001563E-02  4.7272752E-21
  1.0002344E-02  4.7272759E-21
  1.0003125E-02  4.7272766E-21
  1.0004688E-02  4.7272779E-21
  1.0006250E-02  4.7272793E-21
  1.0009375E-02  4.7272820E-21
  1.0012500E-02  4.7272847E-21
  1.0018750E-02  4.7272901E-21
  1.0025000E-02  4.7272955E-21
  1.0037500E-02  4.7273063E-21
  1.0050000E-02  4.7273171E-21
  1.0075000E-02  4.7273386E-21
  1.0100000E-02  4.7273602E-21
  1.0150000E-02  4.7274034E-21
  1.0200000E-02  4.7274465E-21
  1.0300000E-02  4.7275329E-21
  1.0400000E-02  4.7276192E-21
  1.0600000E-02  4.7277919E-21
  1.0800000E-02  4.7279645E-21
  1.1000000E-02  4.7281372E-21
  1.2000000E-02  4.7290008E-21
  1.3000000E-02  4.7298646E-21
  1.4000000E-02  4.7307286E-21
  1.5000000E-02  4.7315929E-21
  1.6000000E-02  4.7324574E-21
  1.7000000E-02  4.7333222E-21
  1.8000000E-02  4.7341872E-21
  1.9000000E-02  4.7350525E-21
  2.0000000E-02  4.7359180E-21
  2.2000000E-02  4.7376497E-21
  2.4000000E-02  4.7393824E-21
  2.6000000E-02  4.7411161E-21
  2.8000000E-02  4.7428507E-21
  3.0000000E-02  4.7445863E-21
  3.2000000E-02  4.7463229E-21
  3.4000000E-02  4.7480605E-21
  3.6000000E-02  4.7497990E-21
  3.8000000E-02  4.7515385E-21
  4.0000000E-02  4.7532790E-21
  4.2500000E-02  4.7554560E-21
  4.5000000E-02  4.7576345E-21
  4.7500000E-02  4.7598146E-21
  5.0000000E-02  4.7619961E-21
  5.2500000E-02  4.7641793E-21
  5.5000000E-02  4.7663639E-21
  5.7500000E-02  4.7685501E-21
  6.0000000E-02  4.7707378E-21
  6.2500000E-02  4.7729271E-21
  6.5000000E-02  4.7751179E-21
  6.7500000E-02  4.7773102E-21
  7.0000000E-02  4.7795041E-21
  7.2500000E-02  4.7816995E-21
  7.5000000E-02  4.7838965E-21
  8.0000000E-02  4.7882951E-21
  8.5000000E-02  4.7926999E-21
  9.0000000E-02  4.7971109E-21
  9.5000000E-02  4.8015281E-21
  1.0000000E-01  4.8059516E-21
  1.1000000E-01  4.8148174E-21
  1.2000000E-01  4.8237082E-21
  1.3000000E-01  4.8326242E-21
  1.4000000E-01  4.8415655E-21
  1.5000000E-01  4.8505322E-21
  1.6000000E-01  4.8595244E-21
  1.7000000E-01  4.8685422E-21
  1.8000000E-01  4.8775856E-21
  1.9000000E-01  4.8866549E-21
  2.0000000E-01  4.8957500E-21
  2.2000000E-01  4.9140183E-21
  2.4000000E-01  4.9323913E-21
  2.6000000E-01  4.9508698E-21
  2.8000000E-01  4.9694547E-21
  3.0000000E-01  4.9881468E-21
  3.2000000E-01  5.0069470E-21
  3.4000000E-01  5.0258560E-21
  3.6000000E-01  5.0448747E-21
  3.8000000E-01  5.0640041E-21
  4.0000000E-01  5.0832449E-21
  4.2500000E-01  5.1074540E-21
  4.5000000E-01  5.1318403E-21
  4.7500000E-01  5.1564057E-21
  5.0000000E-01  5.1811520E-21
  5.2500000E-01  5.2060808E-21
  5.5000000E-01  5.2311941E-21
  5.7500000E-01  5.2564936E-21
  6.0000000E-01  5.2819814E-21
  6.2500000E-01  5.3076592E-21
  6.5000000E-01  5.3335290E-21
  6.7500000E-01  5.3595927E-21
  7.0000000E-01  5.3858524E-21
  7.2500000E-01  5.4123099E-21
  7.5000000E-01  5.4389673E-21
  8.0000000E-01  5.4928902E-21
  8.5000000E-01  5.5476377E-21
  9.0000000E-01  5.6032270E-21
  9.5000000E-01  5.6596755E-21
  1.0000000E+00  5.7170015E-21
  1.1000000E+00  5.8343603E-21
  1.2000000E+00  5.9554577E-21
  1.3000000E+00  6.0804567E-21
  1.4000000E+00  6.2095291E-21
  1.5000000E+00  6.3428566E-21
  1.6000000E+00  6.4806311E-21
  1.7000000E+00  6.6230556E-21
  1.8000000E+00  6.7703450E-21
  1.9000000E+00  6.9227266E-21
  2.0000000E+00  7.0804416E-21
  2.2000000E+00  7.4129106E-21
  2.4000000E+00  7.7699923E-21
  2.6000000E+00  8.1542179E-21
  2.8000000E+00  8.5684564E-21
  3.0000000E+00  9.0159705E-21
  3.2000000E+00  9.5004833E-21
  3.4000000E+00  1.0026258E-20
  3.6000000E+00  1.0598197E-20
  3.8000000E+00  1.1221969E-20
  4.0000000E+00  1.1904153E-20
  4.2500000E+00  1.2850785E-20
  4.5000000E+00  1.3918613E-20
  4.7500000E+00  1.5129695E-20
  5.0000000E+00  1.6511334E-20
  5.2500000E+00  1.8097728E-20
  5.5000000E+00  1.9932452E-20
  5.7500000E+00  2.2070887E-20
  6.0000000E+00  2.4585531E-20
  6.2500000E+00  2.7571912E-20
  6.3750000E+00  2.9280633E-20
  6.5000000E+00  3.1158521E-20
  6.6250000E+00  3.3229446E-20
  6.7500000E+00  3.5520795E-20
  6.8750000E+00  3.8066509E-20
  7.0000000E+00  4.0905265E-20
  7.1250000E+00  4.4085202E-20
  7.2500000E+00  4.7663143E-20
  7.3750000E+00  5.1713519E-20
  7.5000000E+00  5.6319916E-20
  7.6250000E+00  6.1592771E-20
  7.7500000E+00  6.7669294E-20
  7.8750000E+00  7.4724362E-20
  8.0000000E+00  8.2983373E-20
  8.1250000E+00  9.2741951E-20
  8.1875000E+00  9.8301478E-20
  8.2500000E+00  1.0439042E-19
  8.3125000E+00  1.1108279E-19
  8.3750000E+00  1.1846251E-19
  8.4375000E+00  1.2662363E-19
  8.5000000E+00  1.3568459E-19
  8.5625000E+00  1.4578416E-19
  8.6250000E+00  1.5708923E-19
  8.6875000E+00  1.6980196E-19
  8.7500000E+00  1.8416873E-19
  8.8125000E+00  2.0049215E-19
  8.8750000E+00  2.1914745E-19
  8.9375000E+00  2.4060675E-19
  9.0000000E+00  2.6546712E-19
  9.0625000E+00  2.9449276E-19
  9.0937500E+00  3.1086467E-19
  9.1250000E+00  3.2867463E-19
  9.1562500E+00  3.4809410E-19
  9.1875000E+00  3.6931759E-19
  9.2500000E+00  4.1819357E-19
  9.2812500E+00  4.4642313E-19
  9.3125000E+00  4.7766911E-19
  9.3437500E+00  5.1237680E-19
  9.3750000E+00  5.5108054E-19
  9.4062500E+00  5.9442189E-19
  9.4375000E+00  6.4317460E-19
  9.4687500E+00  6.9828041E-19
  9.5000000E+00  7.6089699E-19
  9.5312500E+00  8.3246714E-19
  9.5625000E+00  9.1477779E-19
  9.5937500E+00  1.0100914E-18
  9.6250000E+00  1.1213283E-18
  9.6406250E+00  1.1840434E-18
  9.6562500E+00  1.2522382E-18
  9.6718750E+00  1.3265231E-18
  9.6875000E+00  1.4077119E-18
  9.7187500E+00  1.5944338E-18
  9.7343750E+00  1.7021435E-18
  9.7500000E+00  1.8212474E-18
  9.7656250E+00  1.9533970E-18
  9.7812500E+00  2.1005704E-18
  9.7968750E+00  2.2651442E-18
  9.8125000E+00  2.4499691E-18
  9.8281250E+00  2.6584926E-18
  9.8437500E+00  2.8949610E-18
  9.8593750E+00  3.1646068E-18
  9.8750000E+00  3.4738937E-18
  9.8906250E+00  3.8309825E-18
  9.9062500E+00  4.2463086E-18
  9.9140625E+00  4.4797918E-18
  9.9218750E+00  4.7331625E-18
  9.9296875E+00  5.0085681E-18
  9.9375000E+00  5.3087833E-18
  9.9453125E+00  5.6369946E-18
  9.9531250E+00  5.9965170E-18
  9.9609375E+00  6.3915081E-18
  9.9687500E+00  6.8268537E-18
  9.9765625E+00  7.3081661E-18
  9.9843750E+00  7.8421447E-18
  9.9921875E+00  8.4367453E-18
  1.0000000E+01  9.1014124E-18
  1.0007812E+01  9.8475364E-18
  1.0015625E+01  1.0688962E-17
  1.0023438E+01  1.1642492E-17
  1.0031250E+01  1.2728713E-17
  1.0039062E+01  1.3973336E-17
  1.0046875E+01  1.5408484E-17
  1.0054688E+01  1.7074424E-17
  1.0062500E+01  1.9022873E-17
  1.0070312E+01  2.1321083E-17
  1.0074219E+01  2.2627335E-17
  1.0078125E+01  2.4056152E-17
  1.0082031E+01  2.5621889E-17
  1.0085938E+01  2.7343215E-17
  1.0089844E+01  2.9242165E-17
  1.0093750E+01  3.1341568E-17
  1.0097656E+01  3.3670300E-17
  1.0101562E+01  3.6262843E-17
  1.0105469E+01  3.9159132E-17
  1.0109375E+01  4.2407312E-17
  1.0113281E+01  4.6065029E-17
  1.0117188E+01  5.0201269E-17
  1.0121094E+01  5.4900045E-17
  1.0125000E+01  6.0263953E-17
  1.0128906E+01  6.6417895E-17
  1.0132812E+01  7.3515554E-17
  1.0136719E+01  8.1748411E-17
  1.0140625E+01  9.1353486E-17
  1.0144531E+01  1.0262437E-16
  1.0148438E+01  1.1593044E-16
  1.0152344E+01  1.3173125E-16
  1.0154297E+01  1.4073738E-16
  1.0156250E+01  1.5059090E-16
  1.0160156E+01  1.7320013E-16
  1.0164062E+01  2.0037276E-16
  1.0166016E+01  2.1594914E-16
  1.0167969E+01  2.3301027E-16
  1.0169922E+01  2.5167095E-16
  1.0171875E+01  2.7200885E-16
  1.0173828E+01  2.9408465E-16
  1.0175781E+01  3.1793833E-16
  1.0177734E+01  3.4351185E-16
  1.0179688E+01  3.7065089E-16
  1.0180664E+01  3.8472985E-16
  1.0181641E+01  3.9907906E-16
  1.0183594E+01  4.2833801E-16
  1.0185547E+01  4.5780584E-16
  1.0187500E+01  4.8662507E-16
  1.0191406E+01  5.3772589E-16
  1.0193359E+01  5.5760399E-16
  1.0195312E+01  5.7204529E-16
  1.0196289E+01  5.7692436E-16
  1.0197266E+01  5.8010700E-16
  1.0199219E+01  5.8122826E-16
  1.0201172E+01  5.7531265E-16
  1.0202148E+01  5.6984089E-16
  1.0203125E+01  5.6280088E-16
  1.0205078E+01  5.4452190E-16
  1.0207031E+01  5.2162165E-16
  1.0208984E+01  4.9536577E-16
  1.0210938E+01  4.6700295E-16
  1.0211914E+01  4.5239029E-16
  1.0212891E+01  4.3765885E-16
  1.0214844E+01  4.0825211E-16
  1.0216797E+01  3.7950445E-16
  1.0218750E+01  3.5192157E-16
  1.0220703E+01  3.2583125E-16
  1.0222656E+01  3.0142596E-16
  1.0224609E+01  2.7878134E-16
  1.0226562E+01  2.5789781E-16
  1.0230469E+01  2.2117315E-16
  1.0234375E+01  1.9050826E-16
  1.0238281E+01  1.6499673E-16
  1.0242188E+01  1.4375422E-16
  1.0244141E+01  1.3449109E-16
  1.0246094E+01  1.2601319E-16
  1.0250000E+01  1.1112568E-16
  1.0253906E+01  9.8561263E-17
  1.0257812E+01  8.7898313E-17
  1.0261719E+01  7.8793746E-17
  1.0265625E+01  7.0972963E-17
  1.0269531E+01  6.4217985E-17
  1.0273438E+01  5.8350580E-17
  1.0277344E+01  5.3227076E-17
  1.0281250E+01  4.8731561E-17
  1.0285156E+01  4.4767942E-17
  1.0289062E+01  4.1257662E-17
  1.0292969E+01  3.8136110E-17
  1.0296875E+01  3.5348924E-17
  1.0300781E+01  3.2850996E-17
  1.0304688E+01  3.0604538E-17
  1.0308594E+01  2.8577315E-17
  1.0312500E+01  2.6742205E-17
  1.0316406E+01  2.5076115E-17
  1.0320312E+01  2.3559099E-17
  1.0328125E+01  2.0906639E-17
  1.0335938E+01  1.8674131E-17
  1.0343750E+01  1.6778634E-17
  1.0351562E+01  1.5155884E-17
  1.0359375E+01  1.3756495E-17
  1.0367188E+01  1.2541432E-17
  1.0375000E+01  1.1479949E-17
  1.0382812E+01  1.0547448E-17
  1.0390625E+01  9.7238476E-18
  1.0398438E+01  8.9929714E-18
  1.0406250E+01  8.3415049E-18
  1.0414062E+01  7.7583375E-18
  1.0421875E+01  7.2343250E-18
  1.0429688E+01  6.7617731E-18
  1.0437500E+01  6.3341511E-18
  1.0445312E+01  5.9459871E-18
  1.0453125E+01  5.5925897E-18
  1.0468750E+01  4.9745742E-18
  1.0484375E+01  4.4541176E-18
  1.0500000E+01  4.0119921E-18
  1.0515625E+01  3.6330904E-18
  1.0531250E+01  3.3060462E-18
  1.0546875E+01  3.0218366E-18
  1.0562500E+01  2.7732945E-18
  1.0578125E+01  2.5547604E-18
  1.0593750E+01  2.3615998E-18
  1.0609375E+01  2.1900477E-18
  1.0625000E+01  2.0370382E-18
  1.0640625E+01  1.9000027E-18
  1.0656250E+01  1.7768122E-18
  1.0671875E+01  1.6656897E-18
  1.0687500E+01  1.5651230E-18
  1.0703125E+01  1.4738414E-18
  1.0718750E+01  1.3907380E-18
  1.0750000E+01  1.2455067E-18
  1.0781250E+01  1.1234440E-18
  1.0812500E+01  1.0199767E-18
  1.0843750E+01  9.3163677E-19
  1.0875000E+01  8.5576896E-19
  1.0906250E+01  7.9026920E-19
  1.0937500E+01  7.3347181E-19
  1.0968750E+01  6.8406533E-19
  1.1000000E+01  6.4098785E-19
  1.1031250E+01  6.0337636E-19
  1.1062500E+01  5.7054394E-19
  1.1093750E+01  5.4192081E-19
  1.1125000E+01  5.1705468E-19
  1.1156250E+01  4.9557842E-19
  1.1187500E+01  4.7719783E-19
  1.1218750E+01  4.6169707E-19
  1.1250000E+01  4.4890476E-19
  1.1281250E+01  4.3869411E-19
  1.1312500E+01  4.3103314E-19
  1.1343750E+01  4.2594824E-19
  1.1375000E+01  4.2346868E-19
  1.1406250E+01  4.2370039E-19
  1.1437500E+01  4.2686009E-19
  1.1468750E+01  4.3325007E-19
  1.1500000E+01  4.4326970E-19
  1.1531250E+01  4.5748770E-19
  1.1562500E+01  4.7667021E-19
  1.1593750E+01  5.0183204E-19
  1.1609375E+01  5.1710529E-19
  1.1625000E+01  5.3445121E-19
  1.1640625E+01  5.5412543E-19
  1.1656250E+01  5.7645162E-19
  1.1671875E+01  6.0181177E-19
  1.1687500E+01  6.3065066E-19
  1.1703125E+01  6.6351730E-19
  1.1718750E+01  7.0107710E-19
  1.1734375E+01  7.4413260E-19
  1.1750000E+01  7.9370383E-19
  1.1765625E+01  8.5102725E-19
  1.1781250E+01  9.1765886E-19
  1.1796875E+01  9.9565064E-19
  1.1812500E+01  1.0875387E-18
  1.1828125E+01  1.1966776E-18
  1.1835938E+01  1.2590518E-18
  1.1843750E+01  1.3275155E-18
  1.1851562E+01  1.4028628E-18
  1.1859375E+01  1.4860262E-18
  1.1867188E+01  1.5781100E-18
  1.1875000E+01  1.6803944E-18
  1.1882812E+01  1.7944441E-18
  1.1890625E+01  1.9220698E-18
  1.1898438E+01  2.0655157E-18
  1.1906250E+01  2.2274444E-18
  1.1914062E+01  2.4111417E-18
  1.1921875E+01  2.6206530E-18
  1.1929688E+01  2.8608806E-18
  1.1937500E+01  3.1382861E-18
  1.1945312E+01  3.4606030E-18
  1.1953125E+01  3.8380201E-18
  1.1960938E+01  4.2836380E-18
  1.1968750E+01  4.8146427E-18
  1.1972656E+01  5.1190359E-18
  1.1976562E+01  5.4538797E-18
  1.1980469E+01  5.8233270E-18
  1.1984375E+01  6.2322004E-18
  1.1988281E+01  6.6861533E-18
  1.1992188E+01  7.1919723E-18
  1.1996094E+01  7.7575126E-18
  1.2000000E+01  8.3924507E-18
  1.2003906E+01  9.1080357E-18
  1.2007812E+01  9.9181965E-18
  1.2011719E+01  1.0839580E-17
  1.2015625E+01  1.1892472E-17
  1.2019531E+01  1.3102178E-17
  1.2023438E+01  1.4499007E-17
  1.2027344E+01  1.6121698E-17
  1.2031250E+01  1.8016747E-17
  1.2035156E+01  2.0244926E-17
  1.2039062E+01  2.2878327E-17
  1.2042969E+01  2.6009394E-17
  1.2044922E+01  2.7795999E-17
  1.2046875E+01  2.9751192E-17
  1.2050781E+01  3.4239616E-17
  1.2054688E+01  3.9636367E-17
  1.2056641E+01  4.2728838E-17
  1.2058594E+01  4.6112954E-17
  1.2060547E+01  4.9808512E-17
  1.2062500E+01  5.3831236E-17
  1.2064453E+01  5.8189154E-17
  1.2066406E+01  6.2881169E-17
  1.2068359E+01  6.7887972E-17
  1.2070312E+01  7.3172582E-17
  1.2072266E+01  7.8662831E-17
  1.2074219E+01  8.4260125E-17
  1.2076172E+01  8.9821793E-17
  1.2078125E+01  9.5163081E-17
  1.2080078E+01  1.0006719E-16
  1.2082031E+01  1.0429508E-16
  1.2083984E+01  1.0760430E-16
  1.2085938E+01  1.0979368E-16
  1.2087891E+01  1.1070514E-16
  1.2089844E+01  1.1027753E-16
  1.2091797E+01  1.0854118E-16
  1.2093750E+01  1.0561497E-16
  1.2097656E+01  9.7008965E-17
  1.2099609E+01  9.1799011E-17
  1.2101562E+01  8.6295833E-17
  1.2102539E+01  8.3495427E-17
  1.2103516E+01  8.0693230E-17
  1.2105469E+01  7.5149912E-17
  1.2107422E+01  6.9781808E-17
  1.2109375E+01  6.4668348E-17
  1.2111328E+01  5.9859774E-17
  1.2113281E+01  5.5379599E-17
  1.2115234E+01  5.1236386E-17
  1.2117188E+01  4.7423823E-17
  1.2121094E+01  4.0733683E-17
  1.2125000E+01  3.5154702E-17
  1.2128906E+01  3.0514269E-17
  1.2132812E+01  2.6649073E-17
  1.2134766E+01  2.4961647E-17
  1.2136719E+01  2.3417013E-17
  1.2140625E+01  2.0701449E-17
  1.2144531E+01  1.8406888E-17
  1.2148438E+01  1.6456375E-17
  1.2152344E+01  1.4789375E-17
  1.2156250E+01  1.3355337E-17
  1.2160156E+01  1.2115090E-17
  1.2164062E+01  1.1036681E-17
  1.2167969E+01  1.0093908E-17
  1.2171875E+01  9.2659245E-18
  1.2175781E+01  8.5351220E-18
  1.2179688E+01  7.8874875E-18
  1.2183594E+01  7.3110375E-18
  1.2187500E+01  6.7960238E-18
  1.2191406E+01  6.3341978E-18
  1.2195312E+01  5.9186022E-18
  1.2199219E+01  5.5434434E-18
  1.2203125E+01  5.2036819E-18
  1.2207031E+01  4.8951390E-18
  1.2210938E+01  4.6141355E-18
  1.2218750E+01  4.1227398E-18
  1.2226562E+01  3.7092075E-18
  1.2234375E+01  3.3581952E-18
  1.2242188E+01  3.0579156E-18
  1.2250000E+01  2.7992497E-18
  1.2257812E+01  2.5750947E-18
  1.2265625E+01  2.3796526E-18
  1.2273438E+01  2.2083957E-18
  1.2281250E+01  2.0576690E-18
  1.2289062E+01  1.9244222E-18
  1.2296875E+01  1.8062330E-18
  1.2304688E+01  1.7010310E-18
  1.2312500E+01  1.6071463E-18
  1.2320312E+01  1.5231497E-18
  1.2328125E+01  1.4478537E-18
  1.2335938E+01  1.3802580E-18
  1.2343750E+01  1.3195026E-18
  1.2359375E+01  1.2157426E-18
  1.2375000E+01  1.1319760E-18
  1.2390625E+01  1.0648103E-18
  1.2398438E+01  1.0367002E-18
  1.2406250E+01  1.0119036E-18
  1.2421875E+01  9.7144904E-19
  1.2437500E+01  9.4235222E-19
  1.2453125E+01  9.2394125E-19
  1.2468750E+01  9.1603880E-19
  1.2484375E+01  9.1892062E-19
  1.2500000E+01  9.3333514E-19
  1.2507812E+01  9.4531900E-19
  1.2515625E+01  9.6080384E-19
  1.2523438E+01  9.8005825E-19
  1.2531250E+01  1.0034749E-18
  1.2546875E+01  1.0647549E-18
  1.2554688E+01  1.1038595E-18
  1.2562500E+01  1.1496598E-18
  1.2570312E+01  1.2031982E-18
  1.2578125E+01  1.2657118E-18
  1.2585938E+01  1.3387859E-18
  1.2593750E+01  1.4243531E-18
  1.2601562E+01  1.5249316E-18
  1.2609375E+01  1.6435983E-18
  1.2617188E+01  1.7844189E-18
  1.2625000E+01  1.9526391E-18
  1.2632812E+01  2.1551808E-18
  1.2636719E+01  2.2720948E-18
  1.2640625E+01  2.4012981E-18
  1.2644531E+01  2.5444616E-18
  1.2648438E+01  2.7035668E-18
  1.2652344E+01  2.8809554E-18
  1.2656250E+01  3.0793570E-18
  1.2660156E+01  3.3021416E-18
  1.2664062E+01  3.5531639E-18
  1.2667969E+01  3.8372940E-18
  1.2671875E+01  4.1601448E-18
  1.2675781E+01  4.5289208E-18
  1.2679688E+01  4.9519987E-18
  1.2683594E+01  5.4401063E-18
  1.2687500E+01  6.0060825E-18
  1.2691406E+01  6.6666393E-18
  1.2695312E+01  7.4414244E-18
  1.2699219E+01  8.3559171E-18
  1.2703125E+01  9.4414600E-18
  1.2707031E+01  1.0736904E-17
  1.2710938E+01  1.2289582E-17
  1.2714844E+01  1.4155520E-17
  1.2718750E+01  1.6397329E-17
  1.2722656E+01  1.9077120E-17
  1.2724609E+01  2.0596698E-17
  1.2726562E+01  2.2239417E-17
  1.2728516E+01  2.4003283E-17
  1.2730469E+01  2.5877969E-17
  1.2732422E+01  2.7846227E-17
  1.2734375E+01  2.9878736E-17
  1.2736328E+01  3.1933484E-17
  1.2737305E+01  3.2950866E-17
  1.2738281E+01  3.3950607E-17
  1.2740234E+01  3.5860597E-17
  1.2742188E+01  3.7577939E-17
  1.2744141E+01  3.9014339E-17
  1.2746094E+01  4.0086831E-17
  1.2747070E+01  4.0462717E-17
  1.2748047E+01  4.0722718E-17
  1.2750000E+01  4.0878960E-17
  1.2751953E+01  4.0544426E-17
  1.2752930E+01  4.0199221E-17
  1.2753906E+01  3.9742240E-17
  1.2755859E+01  3.8528284E-17
  1.2757812E+01  3.6980326E-17
  1.2761719E+01  3.3227043E-17
  1.2763672E+01  3.1190209E-17
  1.2765625E+01  2.9140886E-17
  1.2767578E+01  2.7129831E-17
  1.2769531E+01  2.5195873E-17
  1.2771484E+01  2.3362751E-17
  1.2773438E+01  2.1645894E-17
  1.2775391E+01  2.0051019E-17
  1.2777344E+01  1.8579476E-17
  1.2781250E+01  1.5990487E-17
  1.2785156E+01  1.3828645E-17
  1.2789062E+01  1.2031153E-17
  1.2792969E+01  1.0536489E-17
  1.2796875E+01  9.2900713E-18
  1.2800781E+01  8.2462893E-18
  1.2804688E+01  7.3678474E-18
  1.2808594E+01  6.6246825E-18
  1.2812500E+01  5.9927020E-18
  1.2816406E+01  5.4526119E-18
  1.2820312E+01  4.9889043E-18
  1.2824219E+01  4.5895150E-18
  1.2828125E+01  4.2441008E-18
  1.2832031E+01  3.9448751E-18
  1.2835938E+01  3.6852728E-18
  1.2839844E+01  3.4601944E-18
  1.2843750E+01  3.2654530E-18
  1.2847656E+01  3.0978534E-18
  1.2851562E+01  2.9549568E-18
  1.2859375E+01  2.7371915E-18
  1.2863281E+01  2.6612067E-18
  1.2867188E+01  2.6078570E-18
  1.2871094E+01  2.5789348E-18
  1.2873047E+01  2.5748424E-18
  1.2875000E+01  2.5784757E-18
  1.2876953E+01  2.5905248E-18
  1.2878906E+01  2.6120993E-18
  1.2880859E+01  2.6445382E-18
  1.2882812E+01  2.6895382E-18
  1.2884766E+01  2.7490928E-18
  1.2886719E+01  2.8257885E-18
  1.2890625E+01  3.0430997E-18
  1.2892578E+01  3.1910345E-18
  1.2894531E+01  3.3700118E-18
  1.2896484E+01  3.5824115E-18
  1.2897461E+01  3.7011827E-18
  1.2898438E+01  3.8278871E-18
  1.2899414E+01  3.9617276E-18
  1.2900391E+01  4.1016371E-18
  1.2902344E+01  4.3934578E-18
  1.2904297E+01  4.6890859E-18
  1.2906250E+01  4.9733897E-18
  1.2908203E+01  5.2344105E-18
  1.2910156E+01  5.4654304E-18
  1.2912109E+01  5.6646880E-18
  1.2914062E+01  5.8337654E-18
  1.2917969E+01  6.0954433E-18
  1.2921875E+01  6.2795105E-18
  1.2925781E+01  6.4101639E-18
  1.2929688E+01  6.5041601E-18
  1.2933594E+01  6.5726370E-18
  1.2937500E+01  6.6231238E-18
  1.2941406E+01  6.6603647E-18
  1.2945312E+01  6.6880112E-18
  1.2953125E+01  6.7236226E-18
  1.2960938E+01  6.7418551E-18
  1.2968750E+01  6.7496095E-18
  1.2984375E+01  6.7484029E-18
  1.2992188E+01  6.7430938E-18
  1.3000000E+01  6.7361159E-18
  1.3015625E+01  6.7197540E-18
  1.3031250E+01  6.7021824E-18
  1.3062500E+01  6.6664335E-18
  1.3093750E+01  6.6337945E-18
  1.3125000E+01  6.6050117E-18
  1.3187500E+01  6.5560369E-18
  1.3250000E+01  6.5154041E-18
  1.3312500E+01  6.4800680E-18
  1.3375000E+01  6.4482616E-18
  1.3437500E+01  6.4186264E-18
  1.3500000E+01  6.3901610E-18
  1.3531250E+01  6.3759264E-18
  1.3562500E+01  6.3611087E-18
  1.3578125E+01  6.3528784E-18
  1.3593750E+01  6.3426179E-18
  1.3609375E+01  6.3282065E-18
  1.3625000E+01  6.3105278E-18
  1.3640625E+01  6.2922057E-18
  1.3656250E+01  6.2736681E-18
  1.3687500E+01  6.2359931E-18
  1.3750000E+01  6.1602273E-18
  1.3875000E+01  6.0103796E-18
  1.4000000E+01  5.8644321E-18
  1.4500000E+01  5.3307605E-18
  1.4750000E+01  5.0904064E-18
  1.5000000E+01  4.8647975E-18
  1.5500000E+01  4.4516194E-18
  1.6000000E+01  4.0842908E-18
  1.6500000E+01  3.7565261E-18
  1.7000000E+01  3.4629679E-18
  1.7500000E+01  3.1993539E-18
  1.8000000E+01  2.9617003E-18
  1.9000000E+01  2.5524911E-18
  1.9500000E+01  2.3758605E-18
  2.0000000E+01  2.2151079E-18
  2.0500000E+01  2.0683734E-18
  2.1000000E+01  1.9342904E-18
  2.1500000E+01  1.8116132E-18
  2.2000000E+01  1.6991043E-18
  2.2500000E+01  1.5956089E-18
  2.3000000E+01  1.5002863E-18
  2.4000000E+01  1.3311554E-18
  2.5000000E+01  1.1864253E-18
  2.6000000E+01  1.0617487E-18
  2.7000000E+01  9.5392780E-19
  2.8000000E+01  8.6010129E-19
  2.9000000E+01  7.7806933E-19
  3.0000000E+01  7.0611565E-19
  3.1000000E+01  6.4265233E-19
  3.2000000E+01  5.8652443E-19
  3.3000000E+01  5.3669503E-19
  3.4000000E+01  4.9230301E-19
  3.5000000E+01  4.5262285E-19
  3.6000000E+01  4.1699089E-19
  3.8000000E+01  3.5616519E-19
  3.9000000E+01  3.3020378E-19
  4.0000000E+01  3.0669948E-19
  4.1250000E+01  2.8026048E-19
  4.2500000E+01  2.5672058E-19
  4.3750000E+01  2.3573605E-19
  4.5000000E+01  2.1696434E-19
  4.6250000E+01  2.0008921E-19
  4.7500000E+01  1.8489769E-19
  4.8750000E+01  1.7120236E-19
  5.0000000E+01  1.5881654E-19
  5.1250000E+01  1.4756792E-19
  5.2500000E+01  1.3734043E-19
  5.3750000E+01  1.2803197E-19
  5.5000000E+01  1.1954076E-19
  5.6250000E+01  1.1177134E-19
  5.7500000E+01  1.0465262E-19
  5.8750000E+01  9.8119563E-20
  6.0000000E+01  9.2107361E-20
  6.1250000E+01  8.6556926E-20
  6.2500000E+01  8.1431560E-20
  6.5000000E+01  7.2331541E-20
  6.7500000E+01  6.4558955E-20
  6.8750000E+01  6.1092940E-20
  7.0000000E+01  5.7865848E-20
  7.1250000E+01  5.4849940E-20
  7.2500000E+01  5.2030022E-20
  7.5000000E+01  4.6929834E-20
  7.7500000E+01  4.2468969E-20
  8.0000000E+01  3.8551275E-20
  8.2500000E+01  3.5088471E-20
  8.5000000E+01  3.2022911E-20
  8.7500000E+01  2.9304671E-20
  9.0000000E+01  2.6883919E-20
  9.2500000E+01  2.4714982E-20
  9.5000000E+01  2.2768639E-20
  9.7500000E+01  2.1019767E-20
  1.0000000E+02  1.9443301E-20
  1.0250000E+02  1.8016042E-20
  1.0500000E+02  1.6722136E-20
  1.0750000E+02  1.5547567E-20
  1.1000000E+02  1.4478345E-20
  1.1250000E+02  1.3501602E-20
  1.1500000E+02  1.2608878E-20
  1.2000000E+02  1.1046085E-20
  1.2250000E+02  1.0361333E-20
  1.2500000E+02  9.7312327E-21
  1.2750000E+02  9.1491227E-21
  1.3000000E+02  8.6109846E-21
  1.3500000E+02  7.6531988E-21
  1.3750000E+02  7.2268512E-21
  1.4000000E+02  6.8310706E-21
  1.4250000E+02  6.4627303E-21
  1.4500000E+02  6.1195794E-21
  1.5000000E+02  5.5007162E-21
  1.5500000E+02  4.9595078E-21
  1.6000000E+02  4.4860371E-21
  1.7000000E+02  3.7077363E-21
  1.7250000E+02  3.5419991E-21
  1.7500000E+02  3.3856411E-21
  1.7750000E+02  3.2377016E-21
  1.8000000E+02  3.0976846E-21
  1.8500000E+02  2.8398959E-21
  1.9000000E+02  2.6092356E-21
  1.9500000E+02  2.4026702E-21
  2.0000000E+02  2.2171685E-21
  2.0500000E+02  2.0499006E-21
  2.1000000E+02  1.8988384E-21
  2.1500000E+02  1.7621538E-21
  2.2000000E+02  1.6380207E-21
  2.2500000E+02  1.5247726E-21
  2.3000000E+02  1.4213743E-21
  2.3500000E+02  1.3269493E-21
  2.4000000E+02  1.2406222E-21
  2.4500000E+02  1.1615188E-21
  2.5000000E+02  1.0887652E-21
  2.5500000E+02  1.0215757E-21
  2.6000000E+02  9.5951890E-22
  2.6500000E+02  9.0225135E-22
  2.7000000E+02  8.4943313E-22
  2.7250000E+02  8.2456454E-22
  2.7500000E+02  8.0046946E-22
  2.8000000E+02  7.5446697E-22
  2.8500000E+02  7.1132937E-22
  2.9000000E+02  6.7099422E-22
  2.9500000E+02  6.3339909E-22
  3.0000000E+02  5.9848157E-22
  3.1000000E+02  5.3627374E-22
  3.2000000E+02  4.8309197E-22
  3.4000000E+02  3.9806804E-22
  3.4500000E+02  3.8021172E-22
  3.5000000E+02  3.6335661E-22
  3.5500000E+02  3.4734826E-22
  3.6000000E+02  3.3213181E-22
  3.7000000E+02  3.0395460E-22
  3.8000000E+02  2.7858508E-22
  4.0000000E+02  2.3530946E-22
  4.2500000E+02  1.9281048E-22
  4.3750000E+02  1.7542519E-22
  4.4375000E+02  1.6751844E-22
  4.5000000E+02  1.6006699E-22
  4.5625000E+02  1.5302462E-22
  4.6250000E+02  1.4636608E-22
  4.7500000E+02  1.3412052E-22
  4.8750000E+02  1.2317038E-22
  5.0000000E+02  1.1335568E-22
  5.1250000E+02  1.0452658E-22
  5.2500000E+02  9.6573631E-23
  5.3750000E+02  8.9397486E-23
  5.5000000E+02  8.2898800E-23
  5.6250000E+02  7.6986112E-23
  5.7500000E+02  7.1599511E-23
  5.8750000E+02  6.6686970E-23
  6.0000000E+02  6.2196464E-23
  6.1250000E+02  5.8080170E-23
  6.2500000E+02  5.4307078E-23
  6.5000000E+02  4.7683280E-23
  6.7500000E+02  4.2110618E-23
  6.8750000E+02  3.9651448E-23
  7.0000000E+02  3.7374644E-23
  7.1250000E+02  3.5256321E-23
  7.2500000E+02  3.3284279E-23
  7.5000000E+02  2.9741929E-23
  7.7500000E+02  2.6673372E-23
  7.8750000E+02  2.5293571E-23
  8.0000000E+02  2.4004384E-23
  8.1250000E+02  2.2797283E-23
  8.2500000E+02  2.1666738E-23
  8.5000000E+02  1.9616190E-23
  8.7500000E+02  1.7814492E-23
  9.0000000E+02  1.6223397E-23
  9.2500000E+02  1.4808044E-23
  9.5000000E+02  1.3547115E-23
  9.7500000E+02  1.2422683E-23
  1.0000000E+03  1.1416817E-23
  1.0250000E+03  1.0512878E-23
  1.0500000E+03  9.6993855E-24
  1.0750000E+03  8.9661473E-24
  1.1000000E+03  8.3029723E-24
  1.1250000E+03  7.7005353E-24
  1.1500000E+03  7.1529756E-24
  1.2000000E+03  6.2025100E-24
  1.2250000E+03  5.7896150E-24
  1.2500000E+03  5.4116191E-24
  1.2750000E+03  5.0640003E-24
  1.3000000E+03  4.7441275E-24
  1.3500000E+03  4.1789850E-24
  1.3750000E+03  3.9293980E-24
  1.4000000E+03  3.6989223E-24
  1.4250000E+03  3.4855281E-24
  1.4500000E+03  3.2877016E-24
  1.4750000E+03  3.1040576E-24
  1.5000000E+03  2.9332113E-24
  1.5250000E+03  2.7738987E-24
  1.5500000E+03  2.6253412E-24
  1.6000000E+03  2.3578609E-24
  1.7000000E+03  1.9230276E-24
  1.7250000E+03  1.8313433E-24
  1.7500000E+03  1.7451536E-24
  1.7750000E+03  1.6638715E-24
  1.8000000E+03  1.5871930E-24
  1.8500000E+03  1.4467134E-24
  1.9000000E+03  1.3218481E-24
  1.9500000E+03  1.2107302E-24
  2.0000000E+03  1.1114931E-24
  2.0500000E+03  1.0224119E-24
  2.1000000E+03  9.4233047E-25
  2.1500000E+03  8.7023462E-25
  2.2000000E+03  8.0511018E-25
  2.2500000E+03  7.4602659E-25
  2.3000000E+03  6.9238770E-25
  2.4000000E+03  5.9939397E-25
  2.4500000E+03  5.5901406E-25
  2.5000000E+03  5.2202876E-25
  2.5500000E+03  4.8798045E-25
  2.6000000E+03  4.5663116E-25
  2.7000000E+03  4.0129747E-25
  2.8000000E+03  3.5456328E-25
  2.9000000E+03  3.1496419E-25
  2.9500000E+03  2.9738268E-25
  3.0000000E+03  2.8103580E-25
  3.0500000E+03  2.6576158E-25
  3.1000000E+03  2.5148248E-25
  3.2000000E+03  2.2568376E-25
  3.4000000E+03  1.8354337E-25
  3.4500000E+03  1.7464912E-25
  3.5000000E+03  1.6629830E-25
  3.5500000E+03  1.5843965E-25
  3.6000000E+03  1.5104276E-25
  3.7000000E+03  1.3753354E-25
  3.8000000E+03  1.2556909E-25
  3.9000000E+03  1.1494790E-25
  3.9500000E+03  1.1007805E-25
  4.0000000E+03  1.0546844E-25
  4.0625000E+03  1.0003871E-25
  4.1250000E+03  9.4955153E-26
  4.2500000E+03  8.5742221E-26
  4.3750000E+03  7.7660929E-26
  4.5000000E+03  7.0542562E-26
  4.6250000E+03  6.4232173E-26
  4.7500000E+03  5.8629895E-26
  4.8750000E+03  5.3649629E-26
  5.0000000E+03  4.9205278E-26
  5.1250000E+03  4.5217697E-26
  5.2500000E+03  4.1635540E-26
  5.3750000E+03  3.8414416E-26
  5.5000000E+03  3.5509932E-26
  5.6250000E+03  3.2880633E-26
  5.7500000E+03  3.0496819E-26
  5.8750000E+03  2.8331730E-26
  6.0000000E+03  2.6358602E-26
  6.1250000E+03  2.4553143E-26
  6.2500000E+03  2.2900940E-26
  6.5000000E+03  2.0008511E-26
  6.7500000E+03  1.7585748E-26
  6.8750000E+03  1.6520626E-26
  7.0000000E+03  1.5537083E-26
  7.1250000E+03  1.4624446E-26
  7.2500000E+03  1.3777141E-26
  7.5000000E+03  1.2261320E-26
  7.7500000E+03  1.0955209E-26
  7.8750000E+03  1.0370042E-26
  8.0000000E+03  9.8243986E-27
  8.1250000E+03  9.3143462E-27
  8.2500000E+03  8.8374250E-27
  8.5000000E+03  7.9746109E-27
  8.7500000E+03  7.2192251E-27
  9.0000000E+03  6.5545369E-27
  9.2500000E+03  5.9652892E-27
  9.5000000E+03  5.4421220E-27
  9.7500000E+03  4.9771493E-27
  1.0000000E+04  4.5624850E-27
  1.0250000E+04  4.1908313E-27
  1.0500000E+04  3.8572424E-27
  1.0750000E+04  3.5573604E-27
  1.1000000E+04  3.2868277E-27
  1.1250000E+04  3.0416600E-27
  1.1500000E+04  2.8193667E-27
  1.2000000E+04  2.4349357E-27
  1.2250000E+04  2.2685640E-27
  1.2500000E+04  2.1165988E-27
  1.2750000E+04  1.9771253E-27
  1.3000000E+04  1.8490374E-27
  1.3500000E+04  1.6234020E-27
  1.3750000E+04  1.5240466E-27
  1.4000000E+04  1.4324607E-27
  1.4250000E+04  1.3477964E-27
  1.4500000E+04  1.2694308E-27
  1.4750000E+04  1.1967970E-27
  1.5000000E+04  1.1293284E-27
  1.5250000E+04  1.0665077E-27
  1.5500000E+04  1.0080169E-27
  1.6000000E+04  9.0295169E-28
  1.7000000E+04  7.3297238E-28
  1.7250000E+04  6.9727694E-28
  1.7500000E+04  6.6376455E-28
  1.7750000E+04  6.3219595E-28
  1.8000000E+04  6.0244834E-28
  1.8500000E+04  5.4804139E-28
  1.9000000E+04  4.9979421E-28
  1.9500000E+04  4.5695735E-28
  2.0000000E+04  4.1878132E-28
  2.0500000E+04  3.8457497E-28
  2.1000000E+04  3.5388030E-28
  2.1500000E+04  3.2629764E-28
  2.2000000E+04  3.0142732E-28
  2.2500000E+04  2.7890270E-28
  2.3000000E+04  2.5848932E-28
  2.4000000E+04  2.2319060E-28
  2.4500000E+04  2.0790243E-28
  2.5000000E+04  1.9391983E-28
  2.5500000E+04  1.8106317E-28
  2.6000000E+04  1.6923995E-28
  2.7000000E+04  1.4841098E-28
  2.8000000E+04  1.3086726E-28
  2.9000000E+04  1.1604310E-28
  2.9500000E+04  1.0947408E-28
  3.0000000E+04  1.0337281E-28
  3.0500000E+04  9.7676799E-29
  3.1000000E+04  9.2356364E-29
  3.2000000E+04  8.2756335E-29
  3.4000000E+04  6.7118426E-29
  3.4500000E+04  6.3825811E-29
  3.5000000E+04  6.0736997E-29
  3.5500000E+04  5.7832503E-29
  3.6000000E+04  5.5100815E-29
  3.7000000E+04  5.0117758E-29
  3.8000000E+04  4.5711635E-29
  3.9000000E+04  4.1806256E-29
  3.9500000E+04  4.0017535E-29
  4.0000000E+04  3.8325428E-29
  4.0625000E+04  3.6333439E-29
  4.1250000E+04  3.4469669E-29
  4.2500000E+04  3.1095354E-29
  4.3750000E+04  2.8139610E-29
  4.5000000E+04  2.5539567E-29
  4.6250000E+04  2.3237499E-29
  4.7500000E+04  2.1196259E-29
  4.8750000E+04  1.9383844E-29
  5.0000000E+04  1.7768250E-29
  5.1250000E+04  1.6320078E-29
  5.2500000E+04  1.5020341E-29
  5.3750000E+04  1.3852657E-29
  5.5000000E+04  1.2800642E-29
  5.6250000E+04  1.1849009E-29
  5.7500000E+04  1.0986848E-29
  5.8750000E+04  1.0204347E-29
  6.0000000E+04  9.4916920E-30
  6.1250000E+04  8.8399777E-30
  6.2500000E+04  8.2439322E-30
  6.5000000E+04  7.2013921E-30
  6.7500000E+04  6.3291608E-30
  6.8750000E+04  5.9460016E-30
  7.0000000E+04  5.5923280E-30
  7.1250000E+04  5.2642445E-30
  7.2500000E+04  4.9597276E-30
  7.5000000E+04  4.4151716E-30
  7.7500000E+04  3.9462166E-30
  7.8750000E+04  3.7362010E-30
  8.0000000E+04  3.5404194E-30
  8.1250000E+04  3.3574495E-30
  8.2500000E+04  3.1864018E-30
  8.5000000E+04  2.8770478E-30
  8.7500000E+04  2.6063062E-30
  9.0000000E+04  2.3681262E-30
  9.2500000E+04  2.1569939E-30
  9.5000000E+04  1.9695430E-30
  9.7500000E+04  1.8029442E-30
  1.0000000E+05  1.6543682E-30
  1.0250000E+05  1.5211965E-30
  1.0500000E+05  1.4016535E-30
  1.0750000E+05  1.2941745E-30
  1.1000000E+05  1.1971947E-30
  1.1250000E+05  1.1092839E-30
  1.1500000E+05  1.0295508E-30
  1.2000000E+05  8.9159009E-31
  1.2250000E+05  8.3184887E-31
  1.2500000E+05  7.7725799E-31
  1.2750000E+05  7.2713290E-31
  1.3000000E+05  6.8107818E-31
  1.3500000E+05  5.9988722E-31
  1.3750000E+05  5.6410467E-31
  1.4000000E+05  5.3109988E-31
  1.4250000E+05  5.0056986E-31
  1.4500000E+05  4.7229230E-31
  1.4750000E+05  4.4606506E-31
  1.5000000E+05  4.2168600E-31
  1.5250000E+05  3.9897071E-31
  1.5500000E+05  3.7780567E-31
  1.6000000E+05  3.3974323E-31
  1.7000000E+05  2.7800689E-31
  1.7250000E+05  2.6501168E-31
  1.7500000E+05  2.5280045E-31
  1.7750000E+05  2.4128779E-31
  1.8000000E+05  2.3042981E-31
  1.8500000E+05  2.1054382E-31
  1.9000000E+05  1.9287436E-31
  1.9500000E+05  1.7715328E-31
  2.0000000E+05  1.6311248E-31
  2.0500000E+05  1.5050463E-31
  2.1000000E+05  1.3916575E-31
  2.1500000E+05  1.2895264E-31
  2.2000000E+05  1.1972215E-31
  2.2500000E+05  1.1134287E-31
  2.3000000E+05  1.0373056E-31
  2.4000000E+05  9.0516993E-32
  2.4500000E+05  8.4770809E-32
  2.5000000E+05  7.9501741E-32
  2.5500000E+05  7.4645130E-32
  2.6000000E+05  7.0167541E-32
  2.7000000E+05  6.2246905E-32
  2.8000000E+05  5.5534789E-32
  2.9000000E+05  4.9826147E-32
  2.9500000E+05  4.7284052E-32
  3.0000000E+05  4.4915935E-32
  3.0500000E+05  4.2699119E-32
  3.1000000E+05  4.0622748E-32
  3.2000000E+05  3.6859737E-32
  3.4000000E+05  3.0671406E-32
  3.5000000E+05  2.8119668E-32
  3.6000000E+05  2.5851082E-32
  3.7000000E+05  2.3831507E-32
  3.8000000E+05  2.2032613E-32
  3.9000000E+05  2.0426073E-32
  4.0000000E+05  1.8983558E-32
  4.1250000E+05  1.7373166E-32
  4.2500000E+05  1.5950962E-32
  4.3750000E+05  1.4693108E-32
  4.5000000E+05  1.3575766E-32
  4.6250000E+05  1.2577021E-32
  4.7500000E+05  1.1682646E-32
  5.0000000E+05  1.0157786E-32
  5.0000020E+05  1.0157775E-32
  5.0000040E+05  1.0157764E-32
  5.0000060E+05  1.0157753E-32
  5.0000080E+05  1.0157742E-32
  5.0000100E+05  1.0157731E-32
  5.2500000E+05  8.9105645E-33
  5.5000000E+05  7.8816339E-33
  5.7500000E+05  7.0228317E-33
  6.0000000E+05  6.2994699E-33
  6.2500000E+05  5.6830489E-33
  6.5000000E+05  5.1563474E-33
  6.7500000E+05  4.7049636E-33
  7.0000000E+05  4.3144959E-33
  7.2500000E+05  3.9720411E-33
  7.5000000E+05  3.6706910E-33
  8.0000000E+05  3.1696665E-33
  8.5000000E+05  2.7717095E-33
  9.0000000E+05  2.4513635E-33
  9.5000000E+05  2.1885741E-33
  1.0000000E+06  1.9706388E-33
  1.1000000E+06  1.6321884E-33
  1.2000000E+06  1.3840685E-33
  1.3000000E+06  1.1960325E-33
  1.4000000E+06  1.0495691E-33
  1.5000000E+06  9.3283419E-34
  1.6000000E+06  8.3796266E-34
  1.7000000E+06  7.5956272E-34
  1.8000000E+06  6.9383449E-34
  1.9000000E+06  6.3803446E-34
  2.0000000E+06  5.9013923E-34
  2.2000000E+06  5.1233868E-34
  2.4000000E+06  4.5200994E-34
  2.6000000E+06  4.0397325E-34
  2.8000000E+06  3.6488506E-34
  3.0000000E+06  3.3249876E-34
  3.2000000E+06  3.0525317E-34
  3.4000000E+06  2.8203191E-34
  3.6000000E+06  2.6201682E-34
  3.8000000E+06  2.4459536E-34
  4.0000000E+06  2.2930032E-34
  4.2500000E+06  2.1262747E-34
  4.5000000E+06  1.9817322E-34
  4.7500000E+06  1.8552691E-34
  5.0000000E+06  1.7437264E-34
  5.2500000E+06  1.6446357E-34
  5.5000000E+06  1.5560411E-34
  5.7500000E+06  1.4763736E-34
  6.0000000E+06  1.4043601E-34
  6.2500000E+06  1.3389571E-34
  6.5000000E+06  1.2793018E-34
  6.7500000E+06  1.2246740E-34
  7.0000000E+06  1.1744688E-34
  7.2500000E+06  1.1281738E-34
  7.5000000E+06  1.0853526E-34
  8.0000000E+06  1.0086863E-34
  8.5000000E+06  9.4204628E-35
  9.0000000E+06  8.8359699E-35
  9.5000000E+06  8.3192361E-35
  1.0000000E+07  7.8591825E-35
  1.1000000E+07  7.0756522E-35
  1.2000000E+07  6.4333963E-35
  1.3000000E+07  5.8974946E-35
  1.4000000E+07  5.4436326E-35
  1.5000000E+07  5.0543660E-35
  1.6000000E+07  4.7168583E-35
  1.7000000E+07  4.4214561E-35
  1.8000000E+07  4.1607616E-35
  1.9000000E+07  3.9290108E-35
  2.0000000E+07  3.7216472E-35
  2.2000000E+07  3.3661763E-35
  2.4000000E+07  3.0725638E-35
  2.6000000E+07  2.8259774E-35
  2.8000000E+07  2.6159708E-35
  3.0000000E+07  2.4349757E-35
  3.2000000E+07  2.2773748E-35
  3.4000000E+07  2.1389121E-35
  3.6000000E+07  2.0163042E-35
  3.8000000E+07  1.9069775E-35
  4.0000000E+07  1.8088865E-35
  4.2500000E+07  1.6995952E-35
  4.5000000E+07  1.6027488E-35
  4.7500000E+07  1.5163374E-35
  5.0000000E+07  1.4387614E-35
  5.2500000E+07  1.3687324E-35
  5.5000000E+07  1.3052006E-35
  5.7500000E+07  1.2473022E-35
  6.0000000E+07  1.1943202E-35
  6.2500000E+07  1.1456540E-35
  6.5000000E+07  1.1007971E-35
  6.7500000E+07  1.0593192E-35
  7.0000000E+07  1.0208526E-35
  7.2500000E+07  9.8508078E-36
  7.5000000E+07  9.5173034E-36
  8.0000000E+07  8.9137268E-36
  8.5000000E+07  8.3821232E-36
  9.0000000E+07  7.9103459E-36
  9.5000000E+07  7.4888355E-36
  1.0000000E+08  7.1099658E-36
  1.1000000E+08  6.4566479E-36
  1.2000000E+08  5.9132753E-36
  1.3000000E+08  5.4542510E-36
  1.4000000E+08  5.0613511E-36
  1.5000000E+08  4.7212484E-36
  1.6000000E+08  4.4239715E-36
  1.7000000E+08  4.1619111E-36
  1.8000000E+08  3.9291596E-36
  1.9000000E+08  3.7210608E-36
  2.0000000E+08  3.5338951E-36
  2.2000000E+08  3.2108840E-36
  2.4000000E+08  2.9419744E-36
  2.6000000E+08  2.7146248E-36
  2.8000000E+08  2.5198919E-36
  3.0000000E+08  2.3512265E-36
  3.2000000E+08  2.2037230E-36
  3.4000000E+08  2.0736338E-36
  3.6000000E+08  1.9580470E-36
  3.8000000E+08  1.8546655E-36
  4.0000000E+08  1.7616531E-36
  4.2500000E+08  1.6577328E-36
  4.5000000E+08  1.5653900E-36
  4.7500000E+08  1.4827920E-36
  5.0000000E+08  1.4084736E-36
  5.2500000E+08  1.3412494E-36
  5.5000000E+08  1.2801498E-36
  5.7500000E+08  1.2243743E-36
  6.0000000E+08  1.1732561E-36
  6.2500000E+08  1.1262352E-36
  6.5000000E+08  1.0828380E-36
  6.7500000E+08  1.0426612E-36
  7.0000000E+08  1.0053590E-36
  7.2500000E+08  9.7063371E-37
  7.5000000E+08  9.3822713E-37
  8.0000000E+08  8.7949937E-37
  8.5000000E+08  8.2769055E-37
  9.0000000E+08  7.8164598E-37
  9.5000000E+08  7.4045436E-37
  1.0000000E+09  7.0338687E-37
  1.1000000E+09  6.3937230E-37
  1.2000000E+09  5.8603755E-37
  1.3000000E+09  5.4091578E-37
  1.4000000E+09  5.0224553E-37
  1.5000000E+09  4.6873547E-37
  1.6000000E+09  4.3941734E-37
  1.7000000E+09  4.1355085E-37
  1.8000000E+09  3.9056034E-37
  1.9000000E+09  3.6999143E-37
  2.0000000E+09  3.5148065E-37
  2.2000000E+09  3.1951027E-37
  2.4000000E+09  2.9287097E-37
  2.6000000E+09  2.7033194E-37
  2.8000000E+09  2.5101416E-37
  3.0000000E+09  2.3427312E-37
  3.2000000E+09  2.1962550E-37
  3.4000000E+09  2.0670175E-37
  3.6000000E+09  1.9521445E-37
  3.8000000E+09  1.8493673E-37
  4.0000000E+09  1.7568709E-37
  4.2500000E+09  1.6534961E-37
  4.5000000E+09  1.5616104E-37
  4.7500000E+09  1.4793994E-37
  5.0000000E+09  1.4054115E-37
  5.2500000E+09  1.3384717E-37
  5.5000000E+09  1.2776186E-37
  5.7500000E+09  1.2220583E-37
  6.0000000E+09  1.1711289E-37
  6.2500000E+09  1.1242747E-37
  6.5000000E+09  1.0810253E-37
  6.7500000E+09  1.0409801E-37
  7.0000000E+09  1.0037958E-37
  7.2500000E+09  9.6917634E-38
  7.5000000E+09  9.3686524E-38
  8.0000000E+09  8.7830229E-38
  8.5000000E+09  8.2663007E-38
  9.0000000E+09  7.8069999E-38
  9.5000000E+09  7.3960527E-38
  1.0000000E+10  7.0262052E-38
     
     
#   1   1  K1  EION =  1.3600000E+01 eV,  FWHM =  5.0000000E-02 eV,  NP = 743
  9.9000000E-03  0.0000000E+00
  1.0000000E-02  0.0000000E+00
  1.0000000E-02  4.7272739E-21
  1.0149638E-02  4.7274031E-21
  1.0299277E-02  4.7275322E-21
  1.0448915E-02  4.7276614E-21
  1.0598553E-02  4.7277906E-21
  1.0748191E-02  4.7279198E-21
  1.1552362E-02  4.7286142E-21
  1.2416699E-02  4.7293607E-21
  1.3345706E-02  4.7301633E-21
  1.4344220E-02  4.7310261E-21
  1.5417442E-02  4.7319538E-21
  1.6570962E-02  4.7329512E-21
  1.7810787E-02  4.7340235E-21
  1.9143375E-02  4.7351766E-21
  2.0575665E-02  4.7364163E-21
  2.2115119E-02  4.7377494E-21
  2.3769753E-02  4.7391829E-21
  2.5548185E-02  4.7407243E-21
  2.7459678E-02  4.7423820E-21
  2.9514188E-02  4.7441646E-21
  3.1722414E-02  4.7460818E-21
  3.4095857E-02  4.7481438E-21
  3.6646880E-02  4.7503615E-21
  3.9388768E-02  4.7527470E-21
  4.2335801E-02  4.7553130E-21
  4.5503329E-02  4.7580733E-21
  4.8907849E-02  4.7610429E-21
  5.2567092E-02  4.7642379E-21
  5.6500116E-02  4.7676755E-21
  6.0727406E-02  4.7713746E-21
  6.5270977E-02  4.7753554E-21
  7.0154495E-02  4.7796397E-21
  7.5403394E-02  4.7842511E-21
  8.1045011E-02  4.7892152E-21
  8.7108728E-02  4.7945595E-21
  9.3626128E-02  4.8003138E-21
  1.0063115E-01  4.8065104E-21
  1.0816029E-01  4.8131844E-21
  1.1625275E-01  4.8203736E-21
  1.2495068E-01  4.8281191E-21
  1.3429938E-01  4.8364653E-21
  1.4434754E-01  4.8454607E-21
  1.5514750E-01  4.8551578E-21
  1.6675550E-01  4.8656136E-21
  1.7923201E-01  4.8768902E-21
  1.9264199E-01  4.8890553E-21
  2.0705530E-01  4.9021825E-21
  2.2254699E-01  4.9163522E-21
  2.3919777E-01  4.9316523E-21
  2.5709434E-01  4.9481786E-21
  2.7632991E-01  4.9660363E-21
  2.9700468E-01  4.9853405E-21
  3.1922631E-01  5.0062177E-21
  3.4311054E-01  5.0288067E-21
  3.6878178E-01  5.0532606E-21
  3.9637371E-01  5.0797479E-21
  4.2603005E-01  5.1084552E-21
  4.5790525E-01  5.1395887E-21
  4.9216532E-01  5.1733772E-21
  5.2898871E-01  5.2100752E-21
  5.6856718E-01  5.2499658E-21
  6.1110689E-01  5.2933658E-21
  6.5682937E-01  5.3406296E-21
  7.0597278E-01  5.3921553E-21
  7.5879305E-01  5.4483913E-21
  8.1556529E-01  5.5098443E-21
  8.7658518E-01  5.5770888E-21
  9.4217052E-01  5.6507788E-21
  1.0126629E+00  5.7316612E-21
  1.0884295E+00  5.8205930E-21
  1.1698648E+00  5.9185617E-21
  1.2573931E+00  6.0267107E-21
  1.3514701E+00  6.1463705E-21
  1.4525860E+00  6.2790983E-21
  1.5612672E+00  6.4267269E-21
  1.6780799E+00  6.5914274E-21
  1.8036323E+00  6.7757895E-21
  1.9385786E+00  6.9829253E-21
  2.0836213E+00  7.2166050E-21
  2.2395161E+00  7.4814362E-21
  2.4070747E+00  7.7831048E-21
  2.5871700E+00  8.1287013E-21
  2.7807398E+00  8.5271721E-21
  2.9887923E+00  8.9899510E-21
  3.2124112E+00  9.5318628E-21
  3.4527610E+00  1.0172441E-20
  3.7110936E+00  1.0937893E-20
  3.9887544E+00  1.1864121E-20
  4.2871895E+00  1.3001480E-20
  4.6079533E+00  1.4422574E-20
  4.9527164E+00  1.6235518E-20
  5.3232744E+00  1.8607624E-20
  5.5224157E+00  2.0110849E-20
  5.7215571E+00  2.1810167E-20
  5.9355981E+00  2.3896964E-20
  6.1496391E+00  2.6309095E-20
  6.3796944E+00  2.9347965E-20
  6.6097498E+00  3.2965608E-20
  6.8570176E+00  3.7683279E-20
  7.1042855E+00  4.3532537E-20
  7.3700538E+00  5.1543311E-20
  7.5029379E+00  5.6435713E-20
  7.6358220E+00  6.2084866E-20
  7.7786484E+00  6.9192641E-20
  7.9214748E+00  7.7640700E-20
  8.0643012E+00  8.7794389E-20
  8.2071276E+00  1.0015366E-19
  8.3606401E+00  1.1670171E-19
  8.4373964E+00  1.2660940E-19
  8.5141527E+00  1.3787520E-19
  8.5909089E+00  1.5076232E-19
  8.6676652E+00  1.6560130E-19
  8.7444215E+00  1.8281186E-19
  8.8211778E+00  2.0293341E-19
  8.9036769E+00  2.2861380E-19
  8.9861760E+00  2.5964044E-19
  9.0686751E+00  2.9762201E-19
  9.1511742E+00  3.4482321E-19
  9.2336733E+00  4.0451427E-19
  9.2749229E+00  4.4047742E-19
  9.3161724E+00  4.8155901E-19
  9.3574220E+00  5.2878381E-19
  9.3986715E+00  5.8344681E-19
  9.4399211E+00  6.4720353E-19
  9.4811706E+00  7.2219744E-19
  9.5255065E+00  8.1856774E-19
  9.5698423E+00  9.3590978E-19
  9.6141781E+00  1.0807994E-18
  9.6585139E+00  1.2626076E-18
  9.7028497E+00  1.4950557E-18
  9.7250176E+00  1.6363674E-18
  9.7471855E+00  1.7988833E-18
  9.7693534E+00  1.9870702E-18
  9.7915213E+00  2.2066344E-18
  9.8136892E+00  2.4649586E-18
  9.8358571E+00  2.7717286E-18
  9.8580250E+00  3.1398503E-18
  9.8801929E+00  3.5868224E-18
  9.9023608E+00  4.1368420E-18
  9.9245287E+00  4.8241241E-18
  9.9466967E+00  5.6983056E-18
  9.9577806E+00  6.2273360E-18
  9.9688646E+00  6.8335645E-18
  9.9799485E+00  7.5327081E-18
  9.9910325E+00  8.3446757E-18
  1.0002116E+01  9.2949761E-18
  1.0013200E+01  1.0416707E-17
  1.0024284E+01  1.1753412E-17
  1.0035368E+01  1.3363265E-17
  1.0046452E+01  1.5325328E-17
  1.0057536E+01  1.7749124E-17
  1.0068620E+01  2.0789666E-17
  1.0079704E+01  2.4671734E-17
  1.0090788E+01  2.9730354E-17
  1.0096330E+01  3.2851946E-17
  1.0101872E+01  3.6480664E-17
  1.0107414E+01  4.0729411E-17
  1.0112956E+01  4.5743212E-17
  1.0118498E+01  5.1710320E-17
  1.0124040E+01  5.8877758E-17
  1.0129582E+01  6.7573263E-17
  1.0135124E+01  7.8236332E-17
  1.0140666E+01  9.1462096E-17
  1.0146208E+01  1.0806235E-16
  1.0151750E+01  1.2914714E-16
  1.0157292E+01  1.5622319E-16
  1.0162834E+01  1.9128033E-16
  1.0168376E+01  2.3676318E-16
  1.0173918E+01  2.9513959E-16
  1.0176689E+01  3.2961205E-16
  1.0179460E+01  3.6741141E-16
  1.0182231E+01  4.0785463E-16
  1.0185002E+01  4.4959988E-16
  1.0190544E+01  5.2753549E-16
  1.0193522E+01  5.5902867E-16
  1.0196500E+01  5.7775908E-16
  1.0199479E+01  5.8084416E-16
  1.0202457E+01  5.6778248E-16
  1.0205435E+01  5.4064519E-16
  1.0208413E+01  5.0331088E-16
  1.0211392E+01  4.6022681E-16
  1.0214370E+01  4.1534542E-16
  1.0217348E+01  3.7157866E-16
  1.0220327E+01  3.3073201E-16
  1.0223305E+01  2.9370654E-16
  1.0226283E+01  2.6077619E-16
  1.0229262E+01  2.3183393E-16
  1.0232240E+01  2.0657168E-16
  1.0238197E+01  1.6550139E-16
  1.0244153E+01  1.3443402E-16
  1.0250110E+01  1.1074288E-16
  1.0256066E+01  9.2454065E-17
  1.0262023E+01  7.8141525E-17
  1.0267980E+01  6.6786075E-17
  1.0273936E+01  5.7657624E-17
  1.0279893E+01  5.0228706E-17
  1.0285850E+01  4.4113887E-17
  1.0291806E+01  3.9027985E-17
  1.0297763E+01  3.4757302E-17
  1.0303719E+01  3.1139702E-17
  1.0309676E+01  2.8050703E-17
  1.0315633E+01  2.5393642E-17
  1.0321589E+01  2.3092664E-17
  1.0327546E+01  2.1087645E-17
  1.0333503E+01  1.9330485E-17
  1.0345416E+01  1.6411718E-17
  1.0357329E+01  1.4103778E-17
  1.0369242E+01  1.2248512E-17
  1.0381156E+01  1.0735527E-17
  1.0393069E+01  9.4859653E-18
  1.0404982E+01  8.4423339E-18
  1.0416895E+01  7.5619458E-18
  1.0428809E+01  6.8125876E-18
  1.0440722E+01  6.1695908E-18
  1.0452635E+01  5.6138133E-18
  1.0464548E+01  5.1302217E-18
  1.0476461E+01  4.7068797E-18
  1.0500288E+01  4.0044777E-18
  1.0524114E+01  3.4496133E-18
  1.0547941E+01  3.0038202E-18
  1.0571767E+01  2.6403861E-18
  1.0595594E+01  2.3402970E-18
  1.0619420E+01  2.0897244E-18
  1.0643247E+01  1.8784181E-18
  1.0667073E+01  1.6986514E-18
  1.0690900E+01  1.5445118E-18
  1.0714726E+01  1.4114135E-18
  1.0762379E+01  1.1946824E-18
  1.0810032E+01  1.0275574E-18
  1.0857685E+01  8.9640754E-19
  1.0905338E+01  7.9204972E-19
  1.0952991E+01  7.0813080E-19
  1.1004210E+01  6.3562010E-19
  1.1055428E+01  5.7758783E-19
  1.1106646E+01  5.3122770E-19
  1.1157865E+01  4.9455512E-19
  1.1209083E+01  4.6619602E-19
  1.1260301E+01  4.4525837E-19
  1.1362738E+01  4.2412838E-19
  1.1413956E+01  4.2419789E-19
  1.1465175E+01  4.3234437E-19
  1.1516393E+01  4.5016450E-19
  1.1567611E+01  4.8034478E-19
  1.1618830E+01  5.2733972E-19
  1.1644439E+01  5.5931689E-19
  1.1670048E+01  5.9867638E-19
  1.1695657E+01  6.4726915E-19
  1.1721266E+01  7.0761620E-19
  1.1746875E+01  7.8321624E-19
  1.1772485E+01  8.7903225E-19
  1.1800010E+01  1.0128814E-18
  1.1813772E+01  1.0957285E-18
  1.1827535E+01  1.1921944E-18
  1.1841298E+01  1.3053249E-18
  1.1855060E+01  1.4390710E-18
  1.1868823E+01  1.5986303E-18
  1.1882585E+01  1.7909480E-18
  1.1896348E+01  2.0254675E-18
  1.1910111E+01  2.3152830E-18
  1.1923873E+01  2.6789581E-18
  1.1937636E+01  3.1434842E-18
  1.1944517E+01  3.4254663E-18
  1.1951399E+01  3.7492610E-18
  1.1958280E+01  4.1234317E-18
  1.1965161E+01  4.5588180E-18
  1.1972042E+01  5.0692874E-18
  1.1978924E+01  5.6727879E-18
  1.1985805E+01  6.3928406E-18
  1.1992686E+01  7.2606885E-18
  1.1999568E+01  8.3184396E-18
  1.2006449E+01  9.6237327E-18
  1.2013330E+01  1.1256770E-17
  1.2020212E+01  1.3331051E-17
  1.2027093E+01  1.6009878E-17
  1.2033974E+01  1.9531649E-17
  1.2037415E+01  2.1712638E-17
  1.2040855E+01  2.4247481E-17
  1.2044296E+01  2.7206081E-17
  1.2047737E+01  3.0672013E-17
  1.2054618E+01  3.9531579E-17
  1.2058059E+01  4.5155748E-17
  1.2061499E+01  5.1728664E-17
  1.2064940E+01  5.9327956E-17
  1.2068381E+01  6.7944305E-17
  1.2071821E+01  7.7400233E-17
  1.2073542E+01  8.2315900E-17
  1.2075262E+01  8.7245687E-17
  1.2078703E+01  9.6669207E-17
  1.2082143E+01  1.0451195E-16
  1.2085584E+01  1.0948880E-16
  1.2087304E+01  1.1057119E-16
  1.2089025E+01  1.1062038E-16
  1.2090745E+01  1.0963364E-16
  1.2092465E+01  1.0766550E-16
  1.2095906E+01  1.0123963E-16
  1.2099347E+01  9.2521680E-17
  1.2102787E+01  8.2782630E-17
  1.2106228E+01  7.3036907E-17
  1.2109669E+01  6.3925217E-17
  1.2113109E+01  5.5760728E-17
  1.2116550E+01  4.8632771E-17
  1.2119991E+01  4.2503053E-17
  1.2123431E+01  3.7273179E-17
  1.2130312E+01  2.9041733E-17
  1.2133753E+01  2.5817678E-17
  1.2137194E+01  2.3061317E-17
  1.2140634E+01  2.0695443E-17
  1.2144075E+01  1.8655827E-17
  1.2150956E+01  1.5352550E-17
  1.2157838E+01  1.2829937E-17
  1.2164719E+01  1.0869409E-17
  1.2171600E+01  9.3207929E-18
  1.2178482E+01  8.0793346E-18
  1.2185363E+01  7.0707284E-18
  1.2192244E+01  6.2413721E-18
  1.2199126E+01  5.5519670E-18
  1.2206007E+01  4.9732568E-18
  1.2212888E+01  4.4831481E-18
  1.2219769E+01  4.0647344E-18
  1.2226651E+01  3.7049189E-18
  1.2233532E+01  3.3934406E-18
  1.2240413E+01  3.1221756E-18
  1.2254176E+01  2.6755648E-18
  1.2267939E+01  2.3266059E-18
  1.2281701E+01  2.0495247E-18
  1.2295464E+01  1.8265677E-18
  1.2309226E+01  1.6452097E-18
  1.2322989E+01  1.4964305E-18
  1.2336752E+01  1.3736212E-18
  1.2350514E+01  1.2718711E-18
  1.2364277E+01  1.1874923E-18
  1.2378039E+01  1.1176978E-18
  1.2405565E+01  1.0139526E-18
  1.2433090E+01  9.4946705E-19
  1.2460615E+01  9.1884398E-19
  1.2488140E+01  9.2130064E-19
  1.2515666E+01  9.6089380E-19
  1.2529428E+01  9.9761965E-19
  1.2543191E+01  1.0483984E-18
  1.2556953E+01  1.1164140E-18
  1.2570716E+01  1.2061952E-18
  1.2584479E+01  1.3242604E-18
  1.2598241E+01  1.4801671E-18
  1.2605123E+01  1.5765410E-18
  1.2612004E+01  1.6882803E-18
  1.2618885E+01  1.8184344E-18
  1.2625766E+01  1.9708623E-18
  1.2632648E+01  2.1504977E-18
  1.2639529E+01  2.3637205E-18
  1.2646410E+01  2.6188815E-18
  1.2653292E+01  2.9270578E-18
  1.2660688E+01  3.3345472E-18
  1.2668084E+01  3.8462334E-18
  1.2675480E+01  4.4986873E-18
  1.2682876E+01  5.3450710E-18
  1.2690272E+01  6.4641439E-18
  1.2693971E+01  7.1609029E-18
  1.2697669E+01  7.9744636E-18
  1.2701367E+01  8.9293831E-18
  1.2705065E+01  1.0055799E-17
  1.2708763E+01  1.1390343E-17
  1.2712461E+01  1.2976707E-17
  1.2716159E+01  1.4865185E-17
  1.2719857E+01  1.7109878E-17
  1.2723555E+01  1.9761170E-17
  1.2727253E+01  2.2849630E-17
  1.2730951E+01  2.6356422E-17
  1.2732800E+01  2.8236240E-17
  1.2734649E+01  3.0167253E-17
  1.2738348E+01  3.4017589E-17
  1.2742046E+01  3.7461593E-17
  1.2745744E+01  3.9924995E-17
  1.2747593E+01  4.0616571E-17
  1.2749442E+01  4.0884646E-17
  1.2751291E+01  4.0712099E-17
  1.2753140E+01  4.0110101E-17
  1.2756838E+01  3.7789472E-17
  1.2760536E+01  3.4425880E-17
  1.2764234E+01  3.0598874E-17
  1.2767932E+01  2.6772608E-17
  1.2771630E+01  2.3230398E-17
  1.2775328E+01  2.0100003E-17
  1.2779026E+01  1.7407996E-17
  1.2786423E+01  1.3209081E-17
  1.2790121E+01  1.1598846E-17
  1.2793819E+01  1.0245873E-17
  1.2797517E+01  9.1057706E-18
  1.2801215E+01  8.1412323E-18
  1.2804913E+01  7.3215382E-18
  1.2808611E+01  6.6216612E-18
  1.2812309E+01  6.0213113E-18
  1.2816007E+01  5.5040616E-18
  1.2823403E+01  4.6681384E-18
  1.2830799E+01  4.0346894E-18
  1.2838196E+01  3.5512578E-18
  1.2845592E+01  3.1832295E-18
  1.2852988E+01  2.9086104E-18
  1.2860384E+01  2.7154631E-18
  1.2864082E+01  2.6483791E-18
  1.2867780E+01  2.6018282E-18
  1.2875176E+01  2.5792053E-18
  1.2878875E+01  2.6116660E-18
  1.2882573E+01  2.6832739E-18
  1.2886271E+01  2.8065368E-18
  1.2889969E+01  2.9997440E-18
  1.2891818E+01  3.1299375E-18
  1.2893667E+01  3.2867718E-18
  1.2895516E+01  3.4728401E-18
  1.2897365E+01  3.6891420E-18
  1.2899214E+01  3.9337642E-18
  1.2901063E+01  4.2007148E-18
  1.2904761E+01  4.7582130E-18
  1.2906610E+01  5.0235443E-18
  1.2908459E+01  5.2664883E-18
  1.2910308E+01  5.4820685E-18
  1.2912157E+01  5.6691806E-18
  1.2915855E+01  5.9653340E-18
  1.2919553E+01  6.1779010E-18
  1.2923251E+01  6.3306284E-18
  1.2926950E+01  6.4415143E-18
  1.2930648E+01  6.5230146E-18
  1.2934346E+01  6.5835698E-18
  1.2941742E+01  6.6630726E-18
  1.2949138E+01  6.7081249E-18
  1.2963930E+01  6.7457362E-18
  1.2978723E+01  6.7506486E-18
  1.2993515E+01  6.7420019E-18
  1.3008307E+01  6.7276429E-18
  1.3067477E+01  6.6609444E-18
  1.3126646E+01  6.6035860E-18
  1.3244984E+01  6.5184384E-18
  1.3363323E+01  6.4540051E-18
  1.3481661E+01  6.3984524E-18
  1.3540831E+01  6.3714901E-18
  1.3570415E+01  6.3570618E-18
  1.3600000E+01  6.3374270E-18
  1.3624633E+01  6.3109564E-18
  1.3649266E+01  6.2819861E-18
  1.3698532E+01  6.2226058E-18
  1.3797063E+01  6.1034586E-18
  1.3994126E+01  5.8711790E-18
  1.4494126E+01  5.3366014E-18
  1.4994126E+01  4.8699444E-18
  1.5583474E+01  4.3872575E-18
  1.6195978E+01  3.9514614E-18
  1.7494126E+01  3.2022931E-18
  1.8702413E+01  2.6659703E-18
  1.9994126E+01  2.2169117E-18
  2.0994126E+01  1.9357968E-18
  2.1994126E+01  1.7003717E-18
  2.2720166E+01  1.5526735E-18
  2.3446205E+01  1.4214999E-18
  2.4994126E+01  1.1872131E-18
  2.6187190E+01  1.0403712E-18
  2.7380254E+01  9.1674584E-19
  2.8687190E+01  8.0256654E-19
  2.9994126E+01  7.0651215E-19
  3.2397829E+01  5.6600163E-19
  3.3695978E+01  5.0526751E-19
  3.4994126E+01  4.5284356E-19
  3.6244126E+01  4.0885477E-19
  3.7494126E+01  3.7035600E-19
  3.8744126E+01  3.3659747E-19
  3.9994126E+01  3.0683110E-19
  4.1244126E+01  2.8037766E-19
  4.2494126E+01  2.5682494E-19
  4.4994126E+01  2.1704790E-19
  4.7494126E+01  1.8496542E-19
  4.9994126E+01  1.5887197E-19
  5.2494126E+01  1.3738626E-19
  5.4994126E+01  1.1957891E-19
  5.7494126E+01  1.0468465E-19
  5.9994126E+01  9.2134494E-20
  6.2494126E+01  8.1454698E-20
  6.4994126E+01  7.2351269E-20
  6.7494126E+01  6.4575855E-20
  6.9994126E+01  5.7880501E-20
  7.2494126E+01  5.2042833E-20
  7.4994126E+01  4.6941030E-20
  7.7494126E+01  4.2478775E-20
  7.9994126E+01  3.8559918E-20
  8.2494126E+01  3.5096121E-20
  8.4994126E+01  3.2029687E-20
  8.9994126E+01  2.6889297E-20
  9.4994126E+01  2.2772971E-20
  9.9994126E+01  1.9446823E-20
  1.0499413E+02  1.6725031E-20
  1.0999413E+02  1.4480745E-20
  1.1374413E+02  1.3047294E-20
  1.1749413E+02  1.1794653E-20
  1.2124413E+02  1.0698028E-20
  1.2499413E+02  9.7326548E-21
  1.2874413E+02  8.8760314E-21
  1.3249413E+02  8.1145846E-21
  1.3999413E+02  6.8319672E-21
  1.4499413E+02  6.1203577E-21
  1.4999413E+02  5.5013952E-21
  1.5624413E+02  4.8357025E-21
  1.6249413E+02  4.2724877E-21
  1.6874413E+02  3.7948726E-21
  1.7499413E+02  3.3859983E-21
  1.8124413E+02  3.0308393E-21
  1.8749413E+02  2.7216353E-21
  1.9999413E+02  2.2173752E-21
  2.0999706E+02  1.8989227E-21
  2.1499853E+02  1.7621920E-21
  2.2000000E+02  1.6380207E-21
  2.2750000E+02  1.4718970E-21
  2.3500000E+02  1.3269493E-21
  2.5000000E+02  1.0887652E-21
  2.5440000E+02  1.0293607E-21
  2.5880000E+02  9.7396270E-22
  2.6320000E+02  9.2233764E-22
  2.6540000E+02  8.9786678E-22
  2.6760000E+02  8.7425200E-22
  2.6980000E+02  8.5146330E-22
  2.7200000E+02  8.2947207E-22
  3.0000000E+02  5.9848157E-22
  3.5000000E+02  3.6335661E-22
  4.0000000E+02  2.3530946E-22
  4.5000000E+02  1.6006699E-22
  5.0000000E+02  1.1335568E-22
  5.5000000E+02  8.2898800E-23
  6.0000000E+02  6.2196464E-23
  7.0000000E+02  3.7374644E-23
  8.0000000E+02  2.4004384E-23
  9.0000000E+02  1.6223397E-23
  1.0000000E+03  1.1416817E-23
  1.1000000E+03  8.3029723E-24
  1.2500000E+03  5.4116191E-24
  1.4000000E+03  3.6989223E-24
  1.5000000E+03  2.9332113E-24
  1.7500000E+03  1.7451536E-24
  2.0000000E+03  1.1114931E-24
  2.2000000E+03  8.0511018E-25
  2.5000000E+03  5.2202876E-25
  3.0000000E+03  2.8103580E-25
  3.5000000E+03  1.6629830E-25
  4.0000000E+03  1.0546844E-25
  4.5000000E+03  7.0542562E-26
  5.0000000E+03  4.9205278E-26
  5.5000000E+03  3.5509932E-26
  6.0000000E+03  2.6358602E-26
  7.0000000E+03  1.5537083E-26
  8.0000000E+03  9.8243986E-27
  9.0000000E+03  6.5545369E-27
  1.0000000E+04  4.5624850E-27
  1.1000000E+04  3.2868277E-27
  1.2500000E+04  2.1165988E-27
  1.4000000E+04  1.4324607E-27
  1.5000000E+04  1.1293284E-27
  1.7500000E+04  6.6376455E-28
  2.0000000E+04  4.1878132E-28
  2.2000000E+04  3.0142732E-28
  2.5000000E+04  1.9391983E-28
  3.0000000E+04  1.0337281E-28
  3.5000000E+04  6.0736997E-29
  4.0000000E+04  3.8325428E-29
  4.5000000E+04  2.5539567E-29
  5.0000000E+04  1.7768250E-29
  5.5000000E+04  1.2800642E-29
  6.0000000E+04  9.4916920E-30
  7.0000000E+04  5.5923280E-30
  8.0000000E+04  3.5404194E-30
  9.0000000E+04  2.3681262E-30
  1.0000000E+05  1.6543682E-30
  1.1000000E+05  1.1971947E-30
  1.2500000E+05  7.7725799E-31
  1.4000000E+05  5.3109988E-31
  1.5000000E+05  4.2168600E-31
  1.7500000E+05  2.5280045E-31
  2.0000000E+05  1.6311248E-31
  2.2000000E+05  1.1972215E-31
  2.5000000E+05  7.9501741E-32
  3.0000000E+05  4.4915935E-32
  3.5000000E+05  2.8119668E-32
  4.0000000E+05  1.8983558E-32
  4.5000000E+05  1.3575766E-32
  5.0000000E+05  1.0157786E-32
  5.5000000E+05  7.8816339E-33
  6.0000000E+05  6.2994699E-33
  7.0000000E+05  4.3144959E-33
  8.0000000E+05  3.1696665E-33
  9.0000000E+05  2.4513635E-33
  1.0000000E+06  1.9706388E-33
  1.1000000E+06  1.6321884E-33
  1.2000000E+06  1.3840685E-33
  1.3000000E+06  1.1960325E-33
  1.4000000E+06  1.0495691E-33
  1.5000000E+06  9.3283419E-34
  1.6000000E+06  8.3796266E-34
  1.7000000E+06  7.5956272E-34
  1.8000000E+06  6.9383449E-34
  1.9000000E+06  6.3803446E-34
  2.0000000E+06  5.9013923E-34
  2.2000000E+06  5.1233868E-34
  2.4000000E+06  4.5200994E-34
  2.6000000E+06  4.0397325E-34
  2.8000000E+06  3.6488506E-34
  3.0000000E+06  3.3249876E-34
  3.2000000E+06  3.0525317E-34
  3.4000000E+06  2.8203191E-34
  3.6000000E+06  2.6201682E-34
  3.8000000E+06  2.4459536E-34
  4.0000000E+06  2.2930032E-34
  4.2500000E+06  2.1262747E-34
  4.5000000E+06  1.9817322E-34
  4.7500000E+06  1.8552691E-34
  5.0000000E+06  1.7437264E-34
  5.2500000E+06  1.6446357E-34
  5.5000000E+06  1.5560411E-34
  5.7500000E+06  1.4763736E-34
  6.0000000E+06  1.4043601E-34
  6.2500000E+06  1.3389571E-34
  6.5000000E+06  1.2793018E-34
  6.7500000E+06  1.2246740E-34
  7.0000000E+06  1.1744688E-34
  7.2500000E+06  1.1281738E-34
  7.5000000E+06  1.0853526E-34
  8.0000000E+06  1.0086863E-34
  8.5000000E+06  9.4204628E-35
  9.0000000E+06  8.8359699E-35
  9.5000000E+06  8.3192361E-35
  1.0000000E+07  7.8591825E-35
  1.1000000E+07  7.0756522E-35
  1.2000000E+07  6.4333963E-35
  1.3000000E+07  5.8974946E-35
  1.4000000E+07  5.4436326E-35
  1.5000000E+07  5.0543660E-35
  1.6000000E+07  4.7168583E-35
  1.7000000E+07  4.4214561E-35
  1.8000000E+07  4.1607616E-35
  1.9000000E+07  3.9290108E-35
  2.0000000E+07  3.7216472E-35
  2.2000000E+07  3.3661763E-35
  2.4000000E+07  3.0725638E-35
  2.6000000E+07  2.8259774E-35
  2.8000000E+07  2.6159708E-35
  3.0000000E+07  2.4349757E-35
  3.2000000E+07  2.2773748E-35
  3.4000000E+07  2.1389121E-35
  3.6000000E+07  2.0163042E-35
  3.8000000E+07  1.9069775E-35
  4.0000000E+07  1.8088865E-35
  4.2500000E+07  1.6995952E-35
  4.5000000E+07  1.6027488E-35
  4.7500000E+07  1.5163374E-35
  5.0000000E+07  1.4387614E-35
  5.2500000E+07  1.3687324E-35
  5.5000000E+07  1.3052006E-35
  5.7500000E+07  1.2473022E-35
  6.0000000E+07  1.1943202E-35
  6.2500000E+07  1.1456540E-35
  6.5000000E+07  1.1007971E-35
  6.7500000E+07  1.0593192E-35
  7.0000000E+07  1.0208526E-35
  7.2500000E+07  9.8508078E-36
  7.5000000E+07  9.5173034E-36
  8.0000000E+07  8.9137268E-36
  8.5000000E+07  8.3821232E-36
  9.0000000E+07  7.9103459E-36
  9.5000000E+07  7.4888355E-36
  1.0000000E+08  7.1099658E-36
  1.1000000E+08  6.4566479E-36
  1.2000000E+08  5.9132753E-36
  1.3000000E+08  5.4542510E-36
  1.4000000E+08  5.0613511E-36
  1.5000000E+08  4.7212484E-36
  1.6000000E+08  4.4239715E-36
  1.7000000E+08  4.1619111E-36
  1.8000000E+08  3.9291596E-36
  1.9000000E+08  3.7210608E-36
  2.0000000E+08  3.5338951E-36
  2.2000000E+08  3.2108840E-36
  2.4000000E+08  2.9419744E-36
  2.6000000E+08  2.7146248E-36
  2.8000000E+08  2.5198919E-36
  3.0000000E+08  2.3512265E-36
  3.2000000E+08  2.2037230E-36
  3.4000000E+08  2.0736338E-36
  3.6000000E+08  1.9580470E-36
  3.8000000E+08  1.8546655E-36
  4.0000000E+08  1.7616531E-36
  4.2500000E+08  1.6577328E-36
  4.5000000E+08  1.5653900E-36
  4.7500000E+08  1.4827920E-36
  5.0000000E+08  1.4084736E-36
  5.2500000E+08  1.3412494E-36
  5.5000000E+08  1.2801498E-36
  5.7500000E+08  1.2243743E-36
  6.0000000E+08  1.1732561E-36
  6.2500000E+08  1.1262352E-36
  6.5000000E+08  1.0828380E-36
  6.7500000E+08  1.0426612E-36
  7.0000000E+08  1.0053590E-36
  7.2500000E+08  9.7063371E-37
  7.5000000E+08  9.3822713E-37
  8.0000000E+08  8.7949937E-37
  8.5000000E+08  8.2769055E-37
  9.0000000E+08  7.8164598E-37
  9.5000000E+08  7.4045436E-37
  1.0000000E+09  7.0338687E-37
  1.1000000E+09  6.3937230E-37
  1.2000000E+09  5.8603755E-37
  1.3000000E+09  5.4091578E-37
  1.4000000E+09  5.0224553E-37
  1.5000000E+09  4.6873547E-37
  1.6000000E+09  4.3941734E-37
  1.7000000E+09  4.1355085E-37
  1.8000000E+09  3.9056034E-37
  1.9000000E+09  3.6999143E-37
  2.0000000E+09  3.5148065E-37
  2.2000000E+09  3.1951027E-37
  2.4000000E+09  2.9287097E-37
  2.6000000E+09  2.7033194E-37
  2.8000000E+09  2.5101416E-37
  3.0000000E+09  2.3427312E-37
  3.2000000E+09  2.1962550E-37
  3.4000000E+09  2.0670175E-37
  3.6000000E+09  1.9521445E-37
  3.8000000E+09  1.8493673E-37
  4.0000000E+09  1.7568709E-37
  4.2500000E+09  1.6534961E-37
  4.5000000E+09  1.5616104E-37
  4.7500000E+09  1.4793994E-37
  5.0000000E+09  1.4054115E-37
  5.2500000E+09  1.3384717E-37
  5.5000000E+09  1.2776186E-37
  5.7500000E+09  1.2220583E-37
  6.0000000E+09  1.1711289E-37
  6.2500000E+09  1.1242747E-37
  6.5000000E+09  1.0810253E-37
  6.7500000E+09  1.0409801E-37
  7.0000000E+09  1.0037958E-37
  7.2500000E+09  9.6917634E-38
  7.5000000E+09  9.3686524E-38
  8.0000000E+09  8.7830229E-38
  8.5000000E+09  8.2663007E-38
  9.0000000E+09  7.8069999E-38
  9.5000000E+09  7.3960527E-38
  1.0000000E+10  7.0262052E-38
     
     
