# Atomic cross section. IZ =   2
# Pratt's renormalization correction is applied
#   1   No. of electron subshells.
# Excitations to bound levels: included
# Atomic level widths: empirical
# Shell ionization energies (Williams):
#  1  K1  EION =  2.4600000E+01 eV
#
#  Total atomic cross section
#  1238   No. of energy grid points.
# 
#     W (eV)      CS (cm**2)
     
  1.0000000E-02  0.0000000E+00
  1.0000098E-02  1.3255341E-21
  1.0000195E-02  1.3255341E-21
  1.0000293E-02  1.3255341E-21
  1.0000391E-02  1.3255341E-21
  1.0000488E-02  1.3255341E-21
  1.0000586E-02  1.3255341E-21
  1.0000684E-02  1.3255341E-21
  1.0000781E-02  1.3255342E-21
  1.0000879E-02  1.3255342E-21
  1.0000977E-02  1.3255342E-21
  1.0001172E-02  1.3255342E-21
  1.0001563E-02  1.3255342E-21
  1.0002344E-02  1.3255343E-21
  1.0003125E-02  1.3255344E-21
  1.0004688E-02  1.3255346E-21
  1.0006250E-02  1.3255348E-21
  1.0009375E-02  1.3255351E-21
  1.0012500E-02  1.3255354E-21
  1.0018750E-02  1.3255361E-21
  1.0025000E-02  1.3255368E-21
  1.0037500E-02  1.3255382E-21
  1.0050000E-02  1.3255395E-21
  1.0075000E-02  1.3255422E-21
  1.0100000E-02  1.3255450E-21
  1.0150000E-02  1.3255504E-21
  1.0200000E-02  1.3255558E-21
  1.0300000E-02  1.3255667E-21
  1.0400000E-02  1.3255776E-21
  1.0600000E-02  1.3255994E-21
  1.0800000E-02  1.3256212E-21
  1.1000000E-02  1.3256429E-21
  1.2000000E-02  1.3257518E-21
  1.3000000E-02  1.3258607E-21
  1.4000000E-02  1.3259696E-21
  1.5000000E-02  1.3260786E-21
  1.6000000E-02  1.3261875E-21
  1.7000000E-02  1.3262965E-21
  1.8000000E-02  1.3264054E-21
  1.9000000E-02  1.3265144E-21
  2.0000000E-02  1.3266234E-21
  2.2000000E-02  1.3268414E-21
  2.4000000E-02  1.3270595E-21
  2.6000000E-02  1.3272777E-21
  2.8000000E-02  1.3274959E-21
  3.0000000E-02  1.3277141E-21
  3.2000000E-02  1.3279325E-21
  3.4000000E-02  1.3281508E-21
  3.6000000E-02  1.3283693E-21
  3.8000000E-02  1.3285877E-21
  4.0000000E-02  1.3288063E-21
  4.2500000E-02  1.3290795E-21
  4.5000000E-02  1.3293529E-21
  4.7500000E-02  1.3296263E-21
  5.0000000E-02  1.3298998E-21
  5.2500000E-02  1.3301734E-21
  5.5000000E-02  1.3304471E-21
  5.7500000E-02  1.3307209E-21
  6.0000000E-02  1.3309948E-21
  6.2500000E-02  1.3312687E-21
  6.5000000E-02  1.3315428E-21
  6.7500000E-02  1.3318169E-21
  7.0000000E-02  1.3320911E-21
  7.2500000E-02  1.3323654E-21
  7.5000000E-02  1.3326398E-21
  8.0000000E-02  1.3331889E-21
  8.5000000E-02  1.3337383E-21
  9.0000000E-02  1.3342881E-21
  9.5000000E-02  1.3348382E-21
  1.0000000E-01  1.3353887E-21
  1.1000000E-01  1.3364907E-21
  1.2000000E-01  1.3375942E-21
  1.3000000E-01  1.3386991E-21
  1.4000000E-01  1.3398054E-21
  1.5000000E-01  1.3409131E-21
  1.6000000E-01  1.3420223E-21
  1.7000000E-01  1.3431329E-21
  1.8000000E-01  1.3442449E-21
  1.9000000E-01  1.3453584E-21
  2.0000000E-01  1.3464734E-21
  2.2000000E-01  1.3487076E-21
  2.4000000E-01  1.3509476E-21
  2.6000000E-01  1.3531934E-21
  2.8000000E-01  1.3554451E-21
  3.0000000E-01  1.3577026E-21
  3.2000000E-01  1.3599661E-21
  3.4000000E-01  1.3622354E-21
  3.6000000E-01  1.3645107E-21
  3.8000000E-01  1.3667919E-21
  4.0000000E-01  1.3690791E-21
  4.2500000E-01  1.3719465E-21
  4.5000000E-01  1.3748234E-21
  4.7500000E-01  1.3777097E-21
  5.0000000E-01  1.3806055E-21
  5.2500000E-01  1.3835108E-21
  5.5000000E-01  1.3864257E-21
  5.7500000E-01  1.3893502E-21
  6.0000000E-01  1.3922844E-21
  6.2500000E-01  1.3952283E-21
  6.5000000E-01  1.3981819E-21
  6.7500000E-01  1.4011454E-21
  7.0000000E-01  1.4041187E-21
  7.2500000E-01  1.4071019E-21
  7.5000000E-01  1.4100950E-21
  8.0000000E-01  1.4161112E-21
  8.5000000E-01  1.4221676E-21
  9.0000000E-01  1.4282648E-21
  9.5000000E-01  1.4344029E-21
  1.0000000E+00  1.4405824E-21
  1.1000000E+00  1.4530672E-21
  1.2000000E+00  1.4657223E-21
  1.3000000E+00  1.4785508E-21
  1.4000000E+00  1.4915560E-21
  1.5000000E+00  1.5047413E-21
  1.6000000E+00  1.5181100E-21
  1.7000000E+00  1.5316658E-21
  1.8000000E+00  1.5454121E-21
  1.9000000E+00  1.5593528E-21
  2.0000000E+00  1.5734915E-21
  2.2000000E+00  1.6023787E-21
  2.4000000E+00  1.6321060E-21
  2.6000000E+00  1.6627070E-21
  2.8000000E+00  1.6942175E-21
  3.0000000E+00  1.7266747E-21
  3.2000000E+00  1.7601181E-21
  3.4000000E+00  1.7945892E-21
  3.6000000E+00  1.8301318E-21
  3.8000000E+00  1.8667920E-21
  4.0000000E+00  1.9046185E-21
  4.2500000E+00  1.9536203E-21
  4.5000000E+00  2.0046320E-21
  4.7500000E+00  2.0577684E-21
  5.0000000E+00  2.1131524E-21
  5.2500000E+00  2.1709166E-21
  5.5000000E+00  2.2312035E-21
  5.7500000E+00  2.2941663E-21
  6.0000000E+00  2.3599713E-21
  6.2500000E+00  2.4287960E-21
  6.5000000E+00  2.5008359E-21
  6.7500000E+00  2.5762977E-21
  7.0000000E+00  2.6554119E-21
  7.2500000E+00  2.7384211E-21
  7.5000000E+00  2.8255981E-21
  8.0000000E+00  3.0136408E-21
  8.5000000E+00  3.2222158E-21
  9.0000000E+00  3.4545369E-21
  9.5000000E+00  3.7144691E-21
  1.0000000E+01  4.0067065E-21
  1.0500000E+01  4.3371027E-21
  1.1000000E+01  4.7127713E-21
  1.1500000E+01  5.1426233E-21
  1.2000000E+01  5.6382613E-21
  1.2500000E+01  6.2142498E-21
  1.3000000E+01  6.8894251E-21
  1.3500000E+01  7.6890267E-21
  1.3750000E+01  8.1456832E-21
  1.4000000E+01  8.6469472E-21
  1.4250000E+01  9.1991491E-21
  1.4500000E+01  9.8094096E-21
  1.4750000E+01  1.0487094E-20
  1.5000000E+01  1.1242339E-20
  1.5250000E+01  1.2087882E-20
  1.5500000E+01  1.3039410E-20
  1.5750000E+01  1.4116041E-20
  1.6000000E+01  1.5341488E-20
  1.6250000E+01  1.6745479E-20
  1.6500000E+01  1.8365841E-20
  1.6750000E+01  2.0250988E-20
  1.7000000E+01  2.2464458E-20
  1.7125000E+01  2.3719075E-20
  1.7250000E+01  2.5089454E-20
  1.7375000E+01  2.6589862E-20
  1.7500000E+01  2.8238021E-20
  1.7750000E+01  3.2067351E-20
  1.7875000E+01  3.4300884E-20
  1.8000000E+01  3.6792455E-20
  1.8125000E+01  3.9584220E-20
  1.8250000E+01  4.2728091E-20
  1.8375000E+01  4.6287814E-20
  1.8500000E+01  5.0341665E-20
  1.8625000E+01  5.4988452E-20
  1.8750000E+01  6.0353555E-20
  1.8875000E+01  6.6596017E-20
  1.9000000E+01  7.3923633E-20
  1.9062500E+01  7.8077660E-20
  1.9125000E+01  8.2610442E-20
  1.9187500E+01  8.7571581E-20
  1.9250000E+01  9.3022825E-20
  1.9312500E+01  9.9027294E-20
  1.9375000E+01  1.0566261E-19
  1.9437500E+01  1.1302446E-19
  1.9500000E+01  1.2122458E-19
  1.9562500E+01  1.3039844E-19
  1.9625000E+01  1.4070738E-19
  1.9687500E+01  1.5235160E-19
  1.9750000E+01  1.6557601E-19
  1.9812500E+01  1.8068115E-19
  1.9875000E+01  1.9805247E-19
  1.9937500E+01  2.1816937E-19
  2.0000000E+01  2.4164399E-19
  2.0031250E+01  2.5489032E-19
  2.0062500E+01  2.6929977E-19
  2.0093750E+01  2.8500587E-19
  2.0125000E+01  3.0217593E-19
  2.0187500E+01  3.4170263E-19
  2.0218750E+01  3.6453900E-19
  2.0250000E+01  3.8981844E-19
  2.0281250E+01  4.1790164E-19
  2.0312500E+01  4.4922623E-19
  2.0343750E+01  4.8431223E-19
  2.0375000E+01  5.2378766E-19
  2.0406250E+01  5.6842911E-19
  2.0437500E+01  6.1917416E-19
  2.0468750E+01  6.7719567E-19
  2.0500000E+01  7.4397549E-19
  2.0531250E+01  8.2134995E-19
  2.0562500E+01  9.1170200E-19
  2.0593750E+01  1.0181477E-18
  2.0625000E+01  1.1447193E-18
  2.0640625E+01  1.2171776E-18
  2.0656250E+01  1.2968411E-18
  2.0671875E+01  1.3846989E-18
  2.0687500E+01  1.4819074E-18
  2.0703125E+01  1.5898554E-18
  2.0718750E+01  1.7101815E-18
  2.0734375E+01  1.8448436E-18
  2.0750000E+01  1.9962371E-18
  2.0765625E+01  2.1672278E-18
  2.0781250E+01  2.3613538E-18
  2.0796875E+01  2.5830155E-18
  2.0812500E+01  2.8375995E-18
  2.0828125E+01  3.1320334E-18
  2.0843750E+01  3.4750665E-18
  2.0859375E+01  3.8778021E-18
  2.0867188E+01  4.1061873E-18
  2.0875000E+01  4.3553714E-18
  2.0882812E+01  4.6279302E-18
  2.0890625E+01  4.9269433E-18
  2.0906250E+01  5.6190768E-18
  2.0914062E+01  6.0211542E-18
  2.0921875E+01  6.4679911E-18
  2.0929688E+01  6.9664079E-18
  2.0937500E+01  7.5246048E-18
  2.0945312E+01  8.1525663E-18
  2.0953125E+01  8.8622091E-18
  2.0960938E+01  9.6683051E-18
  2.0968750E+01  1.0589118E-17
  2.0976562E+01  1.1647022E-17
  2.0984375E+01  1.2870540E-17
  2.0992188E+01  1.4295853E-17
  2.1000000E+01  1.5969206E-17
  2.1007812E+01  1.7950573E-17
  2.1015625E+01  2.0319322E-17
  2.1019531E+01  2.1680790E-17
  2.1023438E+01  2.3181423E-17
  2.1027344E+01  2.4840478E-17
  2.1031250E+01  2.6680688E-17
  2.1035156E+01  2.8728513E-17
  2.1039062E+01  3.1015798E-17
  2.1042969E+01  3.3580270E-17
  2.1046875E+01  3.6466674E-17
  2.1050781E+01  3.9730223E-17
  2.1054688E+01  4.3435967E-17
  2.1058594E+01  4.7664455E-17
  2.1062500E+01  5.2514307E-17
  2.1066406E+01  5.8105106E-17
  2.1070312E+01  6.4588070E-17
  2.1074219E+01  7.2145503E-17
  2.1078125E+01  8.1014214E-17
  2.1082031E+01  9.1476943E-17
  2.1085938E+01  1.0389519E-16
  2.1089844E+01  1.1871326E-16
  2.1093750E+01  1.3646847E-16
  2.1097656E+01  1.5781228E-16
  2.1101562E+01  1.8344983E-16
  2.1103516E+01  1.9810655E-16
  2.1105469E+01  2.1409570E-16
  2.1107422E+01  2.3147183E-16
  2.1109375E+01  2.5025750E-16
  2.1111328E+01  2.7042506E-16
  2.1113281E+01  2.9186104E-16
  2.1115234E+01  3.1436621E-16
  2.1117188E+01  3.3760506E-16
  2.1119141E+01  3.6108786E-16
  2.1121094E+01  3.8414798E-16
  2.1125000E+01  4.2559366E-16
  2.1126953E+01  4.4200475E-16
  2.1128906E+01  4.5422215E-16
  2.1129883E+01  4.5851378E-16
  2.1130859E+01  4.6147476E-16
  2.1132812E+01  4.6322904E-16
  2.1134766E+01  4.5937008E-16
  2.1135742E+01  4.5540690E-16
  2.1136719E+01  4.5017260E-16
  2.1138672E+01  4.3625774E-16
  2.1140625E+01  4.1852417E-16
  2.1144531E+01  3.7555892E-16
  2.1146484E+01  3.5224845E-16
  2.1148438E+01  3.2879508E-16
  2.1150391E+01  3.0578076E-16
  2.1152344E+01  2.8364799E-16
  2.1154297E+01  2.6266941E-16
  2.1156250E+01  2.4301666E-16
  2.1158203E+01  2.2476148E-16
  2.1160156E+01  2.0791225E-16
  2.1164062E+01  1.7825926E-16
  2.1167969E+01  1.5348780E-16
  2.1171875E+01  1.3287309E-16
  2.1175781E+01  1.1571551E-16
  2.1179688E+01  1.0139004E-16
  2.1183594E+01  8.9371394E-17
  2.1187500E+01  7.9234446E-17
  2.1191406E+01  7.0633578E-17
  2.1195312E+01  6.3293447E-17
  2.1199219E+01  5.6992678E-17
  2.1203125E+01  5.1552074E-17
  2.1207031E+01  4.6827723E-17
  2.1210938E+01  4.2705155E-17
  2.1214844E+01  3.9088258E-17
  2.1218750E+01  3.5900869E-17
  2.1222656E+01  3.3079034E-17
  2.1226562E+01  3.0570200E-17
  2.1230469E+01  2.8331057E-17
  2.1234375E+01  2.6324671E-17
  2.1238281E+01  2.4520828E-17
  2.1242188E+01  2.2893407E-17
  2.1246094E+01  2.1420585E-17
  2.1250000E+01  2.0083712E-17
  2.1257812E+01  1.7755908E-17
  2.1265625E+01  1.5807023E-17
  2.1273438E+01  1.4159890E-17
  2.1281250E+01  1.2755902E-17
  2.1289062E+01  1.1549516E-17
  2.1296875E+01  1.0506253E-17
  2.1304688E+01  9.5975757E-18
  2.1312500E+01  8.8017562E-18
  2.1320312E+01  8.1007967E-18
  2.1328125E+01  7.4803844E-18
  2.1335938E+01  6.9286721E-18
  2.1343750E+01  6.4358822E-18
  2.1351562E+01  5.9940358E-18
  2.1359375E+01  5.5962962E-18
  2.1367188E+01  5.2370662E-18
  2.1375000E+01  4.9115252E-18
  2.1382812E+01  4.6156054E-18
  2.1390625E+01  4.3458533E-18
  2.1406250E+01  3.8732774E-18
  2.1421875E+01  3.4745115E-18
  2.1437500E+01  3.1350199E-18
  2.1453125E+01  2.8435868E-18
  2.1468750E+01  2.5917286E-18
  2.1484375E+01  2.3725078E-18
  2.1500000E+01  2.1806098E-18
  2.1515625E+01  2.0116602E-18
  2.1531250E+01  1.8622031E-18
  2.1546875E+01  1.7293551E-18
  2.1562500E+01  1.6107643E-18
  2.1578125E+01  1.5044966E-18
  2.1593750E+01  1.4089038E-18
  2.1609375E+01  1.3226385E-18
  2.1625000E+01  1.2445348E-18
  2.1656250E+01  1.1090507E-18
  2.1687500E+01  9.9619073E-19
  2.1718750E+01  9.0131757E-19
  2.1750000E+01  8.2092066E-19
  2.1781250E+01  7.5235353E-19
  2.1812500E+01  6.9353079E-19
  2.1843750E+01  6.4283084E-19
  2.1875000E+01  5.9896195E-19
  2.1906250E+01  5.6091835E-19
  2.1937500E+01  5.2786426E-19
  2.1968750E+01  4.9914436E-19
  2.2000000E+01  4.7422112E-19
  2.2062500E+01  4.3410885E-19
  2.2093750E+01  4.1829262E-19
  2.2125000E+01  4.0497650E-19
  2.2156250E+01  3.9399829E-19
  2.2187500E+01  3.8526816E-19
  2.2218750E+01  3.7870054E-19
  2.2250000E+01  3.7423241E-19
  2.2281250E+01  3.7188752E-19
  2.2312500E+01  3.7173179E-19
  2.2343750E+01  3.7387109E-19
  2.2375000E+01  3.7847685E-19
  2.2406250E+01  3.8578600E-19
  2.2437500E+01  3.9613360E-19
  2.2468750E+01  4.0995656E-19
  2.2500000E+01  4.2785837E-19
  2.2531250E+01  4.5061200E-19
  2.2562500E+01  4.7928101E-19
  2.2578125E+01  4.9626125E-19
  2.2593750E+01  5.1529573E-19
  2.2609375E+01  5.3664514E-19
  2.2625000E+01  5.6062390E-19
  2.2640625E+01  5.8760216E-19
  2.2656250E+01  6.1801961E-19
  2.2671875E+01  6.5241503E-19
  2.2687500E+01  6.9142210E-19
  2.2703125E+01  7.3583394E-19
  2.2718750E+01  7.8660756E-19
  2.2734375E+01  8.4493999E-19
  2.2750000E+01  9.1232604E-19
  2.2765625E+01  9.9060165E-19
  2.2781250E+01  1.0822851E-18
  2.2796875E+01  1.1903836E-18
  2.2812500E+01  1.3190143E-18
  2.2820312E+01  1.3926595E-18
  2.2828125E+01  1.4736090E-18
  2.2835938E+01  1.5628503E-18
  2.2843750E+01  1.6615305E-18
  2.2851562E+01  1.7710308E-18
  2.2859375E+01  1.8929450E-18
  2.2867188E+01  2.0292434E-18
  2.2875000E+01  2.1821978E-18
  2.2882812E+01  2.3546890E-18
  2.2890625E+01  2.5500693E-18
  2.2898438E+01  2.7725954E-18
  2.2906250E+01  3.0274209E-18
  2.2914062E+01  3.3212136E-18
  2.2921875E+01  3.6620031E-18
  2.2929688E+01  4.0603788E-18
  2.2937500E+01  4.5298676E-18
  2.2941406E+01  4.7966156E-18
  2.2945312E+01  5.0881860E-18
  2.2949219E+01  5.4077046E-18
  2.2953125E+01  5.7588166E-18
  2.2957031E+01  6.1457042E-18
  2.2960938E+01  6.5733718E-18
  2.2964844E+01  7.0475192E-18
  2.2968750E+01  7.5751191E-18
  2.2972656E+01  8.1641165E-18
  2.2976562E+01  8.8243537E-18
  2.2980469E+01  9.5671969E-18
  2.2984375E+01  1.0406798E-17
  2.2988281E+01  1.1359824E-17
  2.2992188E+01  1.2446758E-17
  2.2996094E+01  1.3692891E-17
  2.3000000E+01  1.5129189E-17
  2.3003906E+01  1.6793398E-17
  2.3007812E+01  1.8733152E-17
  2.3011719E+01  2.1007429E-17
  2.3015625E+01  2.3689852E-17
  2.3019531E+01  2.6872127E-17
  2.3023438E+01  3.0667828E-17
  2.3027344E+01  3.5215303E-17
  2.3031250E+01  4.0679045E-17
  2.3035156E+01  4.7245165E-17
  2.3039062E+01  5.5097695E-17
  2.3041016E+01  5.9553767E-17
  2.3042969E+01  6.4376365E-17
  2.3044922E+01  6.9558361E-17
  2.3046875E+01  7.5077579E-17
  2.3047852E+01  7.7948069E-17
  2.3048828E+01  8.0882906E-17
  2.3050781E+01  8.6894525E-17
  2.3052734E+01  9.2990251E-17
  2.3054688E+01  9.9006493E-17
  2.3058594E+01  1.0993245E-16
  2.3060547E+01  1.1433193E-16
  2.3062500E+01  1.1768648E-16
  2.3063477E+01  1.1889914E-16
  2.3064453E+01  1.1977236E-16
  2.3066406E+01  1.2044681E-16
  2.3068359E+01  1.1966231E-16
  2.3069336E+01  1.1873662E-16
  2.3070312E+01  1.1747397E-16
  2.3072266E+01  1.1403232E-16
  2.3074219E+01  1.0956372E-16
  2.3078125E+01  9.8559295E-17
  2.3080078E+01  9.2530279E-17
  2.3082031E+01  8.6437010E-17
  2.3083984E+01  8.0437495E-17
  2.3085938E+01  7.4652643E-17
  2.3089844E+01  6.4003825E-17
  2.3091797E+01  5.9209712E-17
  2.3093750E+01  5.4782017E-17
  2.3097656E+01  4.6982873E-17
  2.3101562E+01  4.0463500E-17
  2.3105469E+01  3.5039325E-17
  2.3109375E+01  3.0524566E-17
  2.3113281E+01  2.6755937E-17
  2.3117188E+01  2.3595943E-17
  2.3121094E+01  2.0931923E-17
  2.3125000E+01  1.8672972E-17
  2.3126953E+01  1.7671976E-17
  2.3128906E+01  1.6746046E-17
  2.3132812E+01  1.5092696E-17
  2.3136719E+01  1.3665615E-17
  2.3140625E+01  1.2427500E-17
  2.3144531E+01  1.1347452E-17
  2.3148438E+01  1.0400523E-17
  2.3152344E+01  9.5662963E-18
  2.3156250E+01  8.8282880E-18
  2.3160156E+01  8.1724021E-18
  2.3164062E+01  7.5873814E-18
  2.3167969E+01  7.0634412E-18
  2.3171875E+01  6.5926867E-18
  2.3175781E+01  6.1681984E-18
  2.3179688E+01  5.7842994E-18
  2.3187500E+01  5.1192258E-18
  2.3195312E+01  4.5660443E-18
  2.3203125E+01  4.1014023E-18
  2.3210938E+01  3.7077131E-18
  2.3218750E+01  3.3713877E-18
  2.3226562E+01  3.0822220E-18
  2.3234375E+01  2.8318765E-18
  2.3242188E+01  2.6139189E-18
  2.3250000E+01  2.4231263E-18
  2.3257812E+01  2.2554063E-18
  2.3265625E+01  2.1072750E-18
  2.3273438E+01  1.9760114E-18
  2.3281250E+01  1.8592683E-18
  2.3289062E+01  1.7551712E-18
  2.3296875E+01  1.6621000E-18
  2.3304688E+01  1.5787285E-18
  2.3312500E+01  1.5039202E-18
  2.3320312E+01  1.4367180E-18
  2.3328125E+01  1.3763105E-18
  2.3343750E+01  1.2731955E-18
  2.3359375E+01  1.1901492E-18
  2.3375000E+01  1.1239143E-18
  2.3390625E+01  1.0722395E-18
  2.3406250E+01  1.0333802E-18
  2.3421875E+01  1.0063182E-18
  2.3437500E+01  9.9044877E-19
  2.3445312E+01  9.8666512E-19
  2.3453125E+01  9.8565253E-19
  2.3468750E+01  9.9231304E-19
  2.3484375E+01  1.0113190E-18
  2.3500000E+01  1.0441892E-18
  2.3515625E+01  1.0933280E-18
  2.3523438E+01  1.1250435E-18
  2.3531250E+01  1.1622764E-18
  2.3539062E+01  1.2057178E-18
  2.3546875E+01  1.2562467E-18
  2.3554688E+01  1.3148887E-18
  2.3562500E+01  1.3829495E-18
  2.3570312E+01  1.4619918E-18
  2.3578125E+01  1.5540012E-18
  2.3585938E+01  1.6614271E-18
  2.3593750E+01  1.7873268E-18
  2.3601562E+01  1.9357541E-18
  2.3609375E+01  2.1117609E-18
  2.3617188E+01  2.3219536E-18
  2.3625000E+01  2.5751592E-18
  2.3628906E+01  2.7214161E-18
  2.3632812E+01  2.8831624E-18
  2.3636719E+01  3.0625092E-18
  2.3640625E+01  3.2620380E-18
  2.3644531E+01  3.4846962E-18
  2.3648438E+01  3.7340909E-18
  2.3652344E+01  4.0144421E-18
  2.3656250E+01  4.3308749E-18
  2.3660156E+01  4.6895701E-18
  2.3664062E+01  5.0979430E-18
  2.3667969E+01  5.5652665E-18
  2.3671875E+01  6.1025527E-18
  2.3675781E+01  6.7238770E-18
  2.3679688E+01  7.4458891E-18
  2.3683594E+01  8.2907186E-18
  2.3687500E+01  9.2841602E-18
  2.3691406E+01  1.0459615E-17
  2.3695312E+01  1.1858307E-17
  2.3699219E+01  1.3530391E-17
  2.3703125E+01  1.5537454E-17
  2.3710938E+01  2.0846091E-17
  2.3712891E+01  2.2495792E-17
  2.3714844E+01  2.4290086E-17
  2.3716797E+01  2.6231462E-17
  2.3718750E+01  2.8316947E-17
  2.3720703E+01  3.0537336E-17
  2.3722656E+01  3.2871490E-17
  2.3724609E+01  3.5287615E-17
  2.3726562E+01  3.7734716E-17
  2.3728516E+01  4.0148387E-17
  2.3730469E+01  4.2442421E-17
  2.3732422E+01  4.4520476E-17
  2.3734375E+01  4.6274954E-17
  2.3736328E+01  4.7604558E-17
  2.3738281E+01  4.8425104E-17
  2.3740234E+01  4.8676751E-17
  2.3742188E+01  4.8343129E-17
  2.3744141E+01  4.7447977E-17
  2.3746094E+01  4.6052123E-17
  2.3748047E+01  4.4246787E-17
  2.3750000E+01  4.2134707E-17
  2.3751953E+01  3.9819487E-17
  2.3753906E+01  3.7400161E-17
  2.3755859E+01  3.4956055E-17
  2.3757812E+01  3.2553260E-17
  2.3759766E+01  3.0236567E-17
  2.3761719E+01  2.8038556E-17
  2.3762695E+01  2.6989702E-17
  2.3763672E+01  2.5976775E-17
  2.3765625E+01  2.4060447E-17
  2.3769531E+01  2.0664793E-17
  2.3773438E+01  1.7815077E-17
  2.3777344E+01  1.5441822E-17
  2.3781250E+01  1.3468772E-17
  2.3783203E+01  1.2610760E-17
  2.3785156E+01  1.1827338E-17
  2.3787109E+01  1.1111041E-17
  2.3789062E+01  1.0455597E-17
  2.3792969E+01  9.3044539E-18
  2.3796875E+01  8.3333898E-18
  2.3798828E+01  7.9049400E-18
  2.3800781E+01  7.5097256E-18
  2.3804688E+01  6.8078509E-18
  2.3808594E+01  6.2067228E-18
  2.3812500E+01  5.6896470E-18
  2.3816406E+01  5.2431561E-18
  2.3820312E+01  4.8566387E-18
  2.3824219E+01  4.5211879E-18
  2.3828125E+01  4.2299522E-18
  2.3832031E+01  3.9771505E-18
  2.3835938E+01  3.7584098E-18
  2.3843750E+01  3.4097261E-18
  2.3847656E+01  3.2753617E-18
  2.3851562E+01  3.1660649E-18
  2.3855469E+01  3.0816924E-18
  2.3859375E+01  3.0230781E-18
  2.3863281E+01  2.9927988E-18
  2.3867188E+01  2.9947769E-18
  2.3871094E+01  3.0359172E-18
  2.3873047E+01  3.0743777E-18
  2.3875000E+01  3.1271781E-18
  2.3876953E+01  3.1966188E-18
  2.3878906E+01  3.2856125E-18
  2.3882812E+01  3.5367853E-18
  2.3884766E+01  3.7075424E-18
  2.3886719E+01  3.9144355E-18
  2.3888672E+01  4.1609516E-18
  2.3890625E+01  4.4478824E-18
  2.3891602E+01  4.6054746E-18
  2.3892578E+01  4.7711947E-18
  2.3893555E+01  4.9436259E-18
  2.3894531E+01  5.1207272E-18
  2.3896484E+01  5.4799001E-18
  2.3898438E+01  5.8307835E-18
  2.3900391E+01  6.1571532E-18
  2.3902344E+01  6.4490702E-18
  2.3904297E+01  6.7032394E-18
  2.3906250E+01  6.9199240E-18
  2.3910156E+01  7.2571512E-18
  2.3914062E+01  7.4959290E-18
  2.3917969E+01  7.6665982E-18
  2.3921875E+01  7.7905638E-18
  2.3925781E+01  7.8822132E-18
  2.3929688E+01  7.9505510E-18
  2.3933594E+01  8.0024736E-18
  2.3937500E+01  8.0423431E-18
  2.3945312E+01  8.0968705E-18
  2.3953125E+01  8.1289374E-18
  2.3960938E+01  8.1482987E-18
  2.3968750E+01  8.1596313E-18
  2.3984375E+01  8.1681222E-18
  2.3992188E+01  8.1680204E-18
  2.4000000E+01  8.1667093E-18
  2.4015625E+01  8.1623091E-18
  2.4031250E+01  8.1570119E-18
  2.4062500E+01  8.1471104E-18
  2.4093750E+01  8.1403334E-18
  2.4125000E+01  8.1377460E-18
  2.4187500E+01  8.1422664E-18
  2.4250000E+01  8.1561682E-18
  2.4375000E+01  8.2008670E-18
  2.4437500E+01  8.2282407E-18
  2.4500000E+01  8.2573222E-18
  2.4531250E+01  8.2720120E-18
  2.4562500E+01  8.2860062E-18
  2.4578125E+01  8.2922979E-18
  2.4593750E+01  8.2963229E-18
  2.4609375E+01  8.2949564E-18
  2.4625000E+01  8.2893977E-18
  2.4640625E+01  8.2825656E-18
  2.4656250E+01  8.2749306E-18
  2.4687500E+01  8.2582023E-18
  2.4750000E+01  8.2234471E-18
  2.4875000E+01  8.1509557E-18
  2.5000000E+01  8.0764718E-18
  2.5125000E+01  8.0021584E-18
  2.5250000E+01  7.9295181E-18
  2.5375000E+01  7.8592773E-18
  2.5500000E+01  7.7910037E-18
  2.5750000E+01  7.6583383E-18
  2.6000000E+01  7.5279584E-18
  2.6500000E+01  7.2734821E-18
  2.7000000E+01  7.0299103E-18
  2.8000000E+01  6.5708725E-18
  2.9000000E+01  6.1468750E-18
  3.0000000E+01  5.7552146E-18
  3.2000000E+01  5.0592449E-18
  3.4000000E+01  4.4648911E-18
  3.6000000E+01  3.9562137E-18
  3.8000000E+01  3.5195204E-18
  4.0000000E+01  3.1432744E-18
  4.2500000E+01  2.7434794E-18
  4.5000000E+01  2.4079323E-18
  4.7500000E+01  2.1245341E-18
  5.0000000E+01  1.8837066E-18
  5.2500000E+01  1.6778350E-18
  5.5000000E+01  1.5008337E-18
  5.7500000E+01  1.3478150E-18
  6.0000000E+01  1.2149731E-18
  6.2500000E+01  1.0989751E-18
  6.5000000E+01  9.9730036E-19
  6.7500000E+01  9.0777913E-19
  7.0000000E+01  8.2870105E-19
  7.2500000E+01  7.5854115E-19
  7.5000000E+01  6.9610447E-19
  7.7500000E+01  6.4034205E-19
  8.0000000E+01  5.9040446E-19
  8.2500000E+01  5.4552749E-19
  8.5000000E+01  5.0510020E-19
  8.7500000E+01  4.6857348E-19
  9.0000000E+01  4.3547997E-19
  9.2500000E+01  4.0540637E-19
  9.5000000E+01  3.7805020E-19
  9.7500000E+01  3.5312662E-19
  1.0000000E+02  3.3035122E-19
  1.0250000E+02  3.0946978E-19
  1.0500000E+02  2.9030522E-19
  1.0750000E+02  2.7269271E-19
  1.1000000E+02  2.5646766E-19
  1.1250000E+02  2.4148377E-19
  1.1500000E+02  2.2764134E-19
  1.2000000E+02  2.0301138E-19
  1.2250000E+02  1.9203933E-19
  1.2500000E+02  1.8183968E-19
  1.2750000E+02  1.7233214E-19
  1.3000000E+02  1.6346675E-19
  1.3500000E+02  1.4748188E-19
  1.4000000E+02  1.3352420E-19
  1.4500000E+02  1.2125804E-19
  1.5000000E+02  1.1042716E-19
  1.5500000E+02  1.0081501E-19
  1.6000000E+02  9.2280619E-20
  1.7000000E+02  7.7941796E-20
  1.7500000E+02  7.1885877E-20
  1.8000000E+02  6.6419916E-20
  1.8500000E+02  6.1481858E-20
  1.9000000E+02  5.7019340E-20
  1.9500000E+02  5.2980047E-20
  2.0000000E+02  4.9311680E-20
  2.0500000E+02  4.5966788E-20
  2.1000000E+02  4.2913376E-20
  2.1500000E+02  4.0122531E-20
  2.2000000E+02  3.7565362E-20
  2.2500000E+02  3.5215590E-20
  2.3000000E+02  3.3055247E-20
  2.4000000E+02  2.9237611E-20
  2.4500000E+02  2.7547719E-20
  2.5000000E+02  2.5982055E-20
  2.5500000E+02  2.4526366E-20
  2.6000000E+02  2.3172907E-20
  2.7000000E+02  2.0746875E-20
  2.8000000E+02  1.8652394E-20
  2.9000000E+02  1.6837921E-20
  2.9500000E+02  1.6019584E-20
  3.0000000E+02  1.5251928E-20
  3.0500000E+02  1.4529383E-20
  3.1000000E+02  1.3849143E-20
  3.2000000E+02  1.2606548E-20
  3.4000000E+02  1.0529809E-20
  3.5000000E+02  9.6596193E-21
  3.6000000E+02  8.8793097E-21
  3.7000000E+02  8.1789960E-21
  3.8000000E+02  7.5502180E-21
  3.9000000E+02  6.9845173E-21
  4.0000000E+02  6.4734365E-21
  4.1250000E+02  5.8999646E-21
  4.2500000E+02  5.3907941E-21
  4.3750000E+02  4.9380967E-21
  4.5000000E+02  4.5340476E-21
  4.6250000E+02  4.1714494E-21
  4.7500000E+02  3.8456190E-21
  4.8125000E+02  3.6952342E-21
  4.8750000E+02  3.5524862E-21
  4.9062500E+02  3.4840190E-21
  4.9375000E+02  3.4162884E-21
  4.9687500E+02  3.3489480E-21
  5.0000000E+02  3.2828162E-21
  5.0625000E+02  3.1563568E-21
  5.1250000E+02  3.0375330E-21
  5.2500000E+02  2.8203055E-21
  5.3750000E+02  2.6261594E-21
  5.4375000E+02  2.5361874E-21
  5.5000000E+02  2.4501204E-21
  5.6250000E+02  2.2879201E-21
  5.7500000E+02  2.1381135E-21
  6.0000000E+02  1.8727253E-21
  6.2500000E+02  1.6480465E-21
  6.5000000E+02  1.4581802E-21
  6.7500000E+02  1.2972327E-21
  6.8750000E+02  1.2257616E-21
  7.0000000E+02  1.1593101E-21
  7.1250000E+02  1.0972242E-21
  7.2500000E+02  1.0391808E-21
  7.5000000E+02  9.3426068E-22
  7.7500000E+02  8.4262796E-22
  8.0000000E+02  7.6236064E-22
  8.2500000E+02  6.9167590E-22
  8.5000000E+02  6.2934732E-22
  8.7500000E+02  5.7428761E-22
  9.0000000E+02  5.2540946E-22
  9.2500000E+02  4.8172023E-22
  9.5000000E+02  4.4260596E-22
  9.7500000E+02  4.0754736E-22
  1.0000000E+03  3.7602513E-22
  1.0250000E+03  3.4755786E-22
  1.0500000E+03  3.2181558E-22
  1.0750000E+03  2.9850622E-22
  1.1000000E+03  2.7733769E-22
  1.1250000E+03  2.5804145E-22
  1.1500000E+03  2.4044302E-22
  1.2000000E+03  2.0973586E-22
  1.2250000E+03  1.9632526E-22
  1.2500000E+03  1.8400874E-22
  1.2750000E+03  1.7264942E-22
  1.3000000E+03  1.6216674E-22
  1.3500000E+03  1.4356528E-22
  1.4000000E+03  1.2767237E-22
  1.4500000E+03  1.1398668E-22
  1.4750000E+03  1.0785128E-22
  1.5000000E+03  1.0212951E-22
  1.5250000E+03  9.6781656E-23
  1.5500000E+03  9.1783117E-23
  1.6000000E+03  8.2750761E-23
  1.7000000E+03  6.7962325E-23
  1.7250000E+03  6.4826394E-23
  1.7500000E+03  6.1873318E-23
  1.7750000E+03  5.9084465E-23
  1.8000000E+03  5.6449904E-23
  1.8500000E+03  5.1612638E-23
  1.9000000E+03  4.7299478E-23
  1.9500000E+03  4.3448384E-23
  2.0000000E+03  3.9997313E-23
  2.0500000E+03  3.6889030E-23
  2.1000000E+03  3.4085516E-23
  2.1500000E+03  3.1553559E-23
  2.2000000E+03  2.9259944E-23
  2.2500000E+03  2.7174094E-23
  2.3000000E+03  2.5275967E-23
  2.4000000E+03  2.1973246E-23
  2.4500000E+03  2.0533837E-23
  2.5000000E+03  1.9212519E-23
  2.5500000E+03  1.7993734E-23
  2.6000000E+03  1.6869331E-23
  2.7000000E+03  1.4878470E-23
  2.8000000E+03  1.3189534E-23
  2.9000000E+03  1.1752121E-23
  2.9500000E+03  1.1111985E-23
  3.0000000E+03  1.0515829E-23
  3.0500000E+03  9.9580683E-24
  3.1000000E+03  9.4359853E-24
  3.2000000E+03  8.4908418E-24
  3.4000000E+03  6.9405788E-24
  3.4500000E+03  6.6121710E-24
  3.5000000E+03  6.3034218E-24
  3.5500000E+03  6.0125122E-24
  3.6000000E+03  5.7383572E-24
  3.7000000E+03  5.2367056E-24
  3.8000000E+03  4.7912551E-24
  3.9000000E+03  4.3947941E-24
  4.0000000E+03  4.0401107E-24
  4.1250000E+03  3.6458465E-24
  4.2500000E+03  3.2994673E-24
  4.3750000E+03  2.9948488E-24
  4.5000000E+03  2.7258667E-24
  4.6250000E+03  2.4868912E-24
  4.7500000E+03  2.2742707E-24
  4.8750000E+03  2.0848477E-24
  5.0000000E+03  1.9154652E-24
  5.1250000E+03  1.7632168E-24
  5.2500000E+03  1.6262005E-24
  5.3750000E+03  1.5027651E-24
  5.5000000E+03  1.3912596E-24
  5.6250000E+03  1.2901422E-24
  5.7500000E+03  1.1983079E-24
  5.8750000E+03  1.1147612E-24
  6.0000000E+03  1.0385063E-24
  6.1250000E+03  9.6863845E-25
  6.2500000E+03  9.0461542E-25
  6.5000000E+03  7.9229826E-25
  6.7500000E+03  6.9794361E-25
  6.8750000E+03  6.5637370E-25
  7.0000000E+03  6.1794019E-25
  7.1250000E+03  5.8223952E-25
  7.2500000E+03  5.4905956E-25
  7.5000000E+03  4.8960465E-25
  7.7500000E+03  4.3826118E-25
  7.8750000E+03  4.1522053E-25
  8.0000000E+03  3.9371490E-25
  8.1250000E+03  3.7359394E-25
  8.2500000E+03  3.5476299E-25
  8.5000000E+03  3.2064826E-25
  8.7500000E+03  2.9072498E-25
  9.0000000E+03  2.6434739E-25
  9.2500000E+03  2.4092635E-25
  9.5000000E+03  2.2009906E-25
  9.7500000E+03  2.0155931E-25
  1.0000000E+04  1.8500090E-25
  1.0250000E+04  1.7014019E-25
  1.0500000E+04  1.5678379E-25
  1.0750000E+04  1.4476089E-25
  1.1000000E+04  1.3390068E-25
  1.1250000E+04  1.2404692E-25
  1.1500000E+04  1.1510172E-25
  1.2000000E+04  9.9603756E-26
  1.2250000E+04  9.2884378E-26
  1.2500000E+04  8.6740321E-26
  1.2750000E+04  8.1096165E-26
  1.3000000E+04  7.5908054E-26
  1.3500000E+04  6.6756090E-26
  1.3750000E+04  6.2720301E-26
  1.4000000E+04  5.8996685E-26
  1.4250000E+04  5.5551500E-26
  1.4500000E+04  5.2359917E-26
  1.4750000E+04  4.9399335E-26
  1.5000000E+04  4.6647153E-26
  1.5250000E+04  4.4082740E-26
  1.5500000E+04  4.1693350E-26
  1.6000000E+04  3.7396536E-26
  1.7000000E+04  3.0429051E-26
  1.7250000E+04  2.8963102E-26
  1.7500000E+04  2.7585971E-26
  1.7750000E+04  2.6288044E-26
  1.8000000E+04  2.5064359E-26
  1.8500000E+04  2.2824517E-26
  1.9000000E+04  2.0836044E-26
  1.9500000E+04  1.9068544E-26
  2.0000000E+04  1.7491616E-26
  2.0500000E+04  1.6077219E-26
  2.1000000E+04  1.4806742E-26
  2.1500000E+04  1.3663931E-26
  2.2000000E+04  1.2632532E-26
  2.2500000E+04  1.1697626E-26
  2.3000000E+04  1.0849633E-26
  2.4000000E+04  9.3814165E-27
  2.4500000E+04  8.7447050E-27
  2.5000000E+04  8.1619333E-27
  2.5500000E+04  7.6257462E-27
  2.6000000E+04  7.1323418E-27
  2.7000000E+04  6.2622270E-27
  2.8000000E+04  5.5282811E-27
  2.9000000E+04  4.9071961E-27
  2.9500000E+04  4.6316926E-27
  3.0000000E+04  4.3756638E-27
  3.0500000E+04  4.1365331E-27
  3.1000000E+04  3.9130712E-27
  3.2000000E+04  3.5095841E-27
  3.4000000E+04  2.8513690E-27
  3.4500000E+04  2.7126009E-27
  3.5000000E+04  2.5823623E-27
  3.5500000E+04  2.4598433E-27
  3.6000000E+04  2.3445642E-27
  3.7000000E+04  2.1341377E-27
  3.8000000E+04  1.9479063E-27
  3.9000000E+04  1.7826935E-27
  3.9500000E+04  1.7069764E-27
  4.0000000E+04  1.6353227E-27
  4.0625000E+04  1.5509392E-27
  4.1250000E+04  1.4719549E-27
  4.2500000E+04  1.3288658E-27
  4.3750000E+04  1.2034192E-27
  4.5000000E+04  1.0929788E-27
  4.6250000E+04  9.9512334E-28
  4.7500000E+04  9.0829124E-28
  4.8750000E+04  8.3113580E-28
  5.0000000E+04  7.6231033E-28
  5.1250000E+04  7.0057739E-28
  5.2500000E+04  6.4513651E-28
  5.3750000E+04  5.9529648E-28
  5.5000000E+04  5.5036608E-28
  5.6250000E+04  5.0970009E-28
  5.7500000E+04  4.7283727E-28
  5.8750000E+04  4.3936238E-28
  6.0000000E+04  4.0886018E-28
  6.1250000E+04  3.8095375E-28
  6.2500000E+04  3.5541942E-28
  6.5000000E+04  3.1072563E-28
  6.7500000E+04  2.7329602E-28
  6.8750000E+04  2.5684189E-28
  7.0000000E+04  2.4164774E-28
  7.1250000E+04  2.2754806E-28
  7.2500000E+04  2.1445667E-28
  7.5000000E+04  1.9103339E-28
  7.7500000E+04  1.7084713E-28
  7.8750000E+04  1.6180204E-28
  8.0000000E+04  1.5336718E-28
  8.1250000E+04  1.4548187E-28
  8.2500000E+04  1.3810810E-28
  8.5000000E+04  1.2476579E-28
  8.7500000E+04  1.1308147E-28
  9.0000000E+04  1.0279637E-28
  9.2500000E+04  9.3674603E-29
  9.5000000E+04  8.5571899E-29
  9.7500000E+04  7.8366881E-29
  1.0000000E+05  7.1938175E-29
  1.0250000E+05  6.6173424E-29
  1.0500000E+05  6.0996349E-29
  1.0750000E+05  5.6339691E-29
  1.1000000E+05  5.2136190E-29
  1.1250000E+05  4.8324360E-29
  1.1500000E+05  4.4865814E-29
  1.2000000E+05  3.8878132E-29
  1.2250000E+05  3.6283773E-29
  1.2500000E+05  3.3912252E-29
  1.2750000E+05  3.1734068E-29
  1.3000000E+05  2.9732155E-29
  1.3500000E+05  2.6201322E-29
  1.3750000E+05  2.4644490E-29
  1.4000000E+05  2.3208106E-29
  1.4250000E+05  2.1879083E-29
  1.4500000E+05  2.0647802E-29
  1.4750000E+05  1.9505512E-29
  1.5000000E+05  1.8443462E-29
  1.5250000E+05  1.7453667E-29
  1.5500000E+05  1.6531209E-29
  1.6000000E+05  1.4871702E-29
  1.7000000E+05  1.2178076E-29
  1.7250000E+05  1.1610743E-29
  1.7500000E+05  1.1077536E-29
  1.7750000E+05  1.0574754E-29
  1.8000000E+05  1.0100489E-29
  1.8500000E+05  9.2316817E-30
  1.9000000E+05  8.4594518E-30
  1.9500000E+05  7.7721379E-30
  2.0000000E+05  7.1580782E-30
  2.0500000E+05  6.6065161E-30
  2.1000000E+05  6.1103152E-30
  2.1500000E+05  5.6632445E-30
  2.2000000E+05  5.2590726E-30
  2.2500000E+05  4.8920802E-30
  2.3000000E+05  4.5585954E-30
  2.4000000E+05  3.9795085E-30
  2.4500000E+05  3.7275862E-30
  2.5000000E+05  3.4965313E-30
  2.5500000E+05  3.2835238E-30
  2.6000000E+05  3.0871034E-30
  2.7000000E+05  2.7395439E-30
  2.8000000E+05  2.4448916E-30
  2.9000000E+05  2.1941856E-30
  2.9500000E+05  2.0825121E-30
  3.0000000E+05  1.9784648E-30
  3.0500000E+05  1.8810526E-30
  3.1000000E+05  1.7898003E-30
  3.2000000E+05  1.6243909E-30
  3.4000000E+05  1.3522614E-30
  3.5000000E+05  1.2400032E-30
  3.6000000E+05  1.1401783E-30
  3.7000000E+05  1.0512898E-30
  3.8000000E+05  9.7209548E-31
  3.9000000E+05  9.0135278E-31
  4.0000000E+05  8.3781931E-31
  4.1250000E+05  7.6687768E-31
  4.2500000E+05  7.0421242E-31
  4.3750000E+05  6.4877676E-31
  4.5000000E+05  5.9952389E-31
  4.6250000E+05  5.5549127E-31
  4.7500000E+05  5.1605323E-31
  5.0000000E+05  4.4879509E-31
  5.0000020E+05  4.4879460E-31
  5.0000040E+05  4.4879412E-31
  5.0000060E+05  4.4879363E-31
  5.0000080E+05  4.4879315E-31
  5.0000100E+05  4.4879266E-31
  5.2500000E+05  3.9376265E-31
  5.5000000E+05  3.4834814E-31
  5.7500000E+05  3.1043534E-31
  6.0000000E+05  2.7849548E-31
  6.2500000E+05  2.5127124E-31
  6.5000000E+05  2.2800380E-31
  6.7500000E+05  2.0805898E-31
  7.0000000E+05  1.9080257E-31
  7.2500000E+05  1.7566629E-31
  7.5000000E+05  1.6234537E-31
  8.0000000E+05  1.4019420E-31
  8.5000000E+05  1.2259561E-31
  9.0000000E+05  1.0842586E-31
  9.5000000E+05  9.6800003E-32
  1.0000000E+06  8.7158451E-32
  1.1000000E+06  7.2183356E-32
  1.2000000E+06  6.1193995E-32
  1.3000000E+06  5.2880042E-32
  1.4000000E+06  4.6398589E-32
  1.5000000E+06  4.1231497E-32
  1.6000000E+06  3.7032736E-32
  1.7000000E+06  3.3563101E-32
  1.8000000E+06  3.0654414E-32
  1.9000000E+06  2.8185239E-32
  2.0000000E+06  2.6066006E-32
  2.2000000E+06  2.2623936E-32
  2.4000000E+06  1.9955303E-32
  2.6000000E+06  1.7830774E-32
  2.8000000E+06  1.6102312E-32
  3.0000000E+06  1.4670448E-32
  3.2000000E+06  1.3466067E-32
  3.4000000E+06  1.2439745E-32
  3.6000000E+06  1.1555265E-32
  3.8000000E+06  1.0785515E-32
  4.0000000E+06  1.0109815E-32
  4.2500000E+06  9.3733602E-33
  4.5000000E+06  8.7350062E-33
  4.7500000E+06  8.1765833E-33
  5.0000000E+06  7.6841161E-33
  5.2500000E+06  7.2466854E-33
  5.5000000E+06  6.8556406E-33
  5.7500000E+06  6.5040422E-33
  6.0000000E+06  6.1862606E-33
  6.2500000E+06  5.8976825E-33
  6.5000000E+06  5.6344924E-33
  6.7500000E+06  5.3935078E-33
  7.0000000E+06  5.1720540E-33
  7.2500000E+06  4.9678670E-33
  7.5000000E+06  4.7790179E-33
  8.0000000E+06  4.4409476E-33
  8.5000000E+06  4.1471345E-33
  9.0000000E+06  3.8894707E-33
  9.5000000E+06  3.6617072E-33
  1.0000000E+07  3.4589513E-33
  1.1000000E+07  3.1136880E-33
  1.2000000E+07  2.8307328E-33
  1.3000000E+07  2.5946738E-33
  1.4000000E+07  2.3947827E-33
  1.5000000E+07  2.2233639E-33
  1.6000000E+07  2.0747557E-33
  1.7000000E+07  1.9447011E-33
  1.8000000E+07  1.8299383E-33
  1.9000000E+07  1.7279261E-33
  2.0000000E+07  1.6366562E-33
  2.2000000E+07  1.4802144E-33
  2.4000000E+07  1.3510128E-33
  2.6000000E+07  1.2425166E-33
  2.8000000E+07  1.1501241E-33
  3.0000000E+07  1.0705018E-33
  3.2000000E+07  1.0011762E-33
  3.4000000E+07  9.4027306E-34
  3.6000000E+07  8.8634690E-34
  3.8000000E+07  8.3826473E-34
  4.0000000E+07  7.9512615E-34
  4.2500000E+07  7.4706428E-34
  4.5000000E+07  7.0447726E-34
  4.7500000E+07  6.6648055E-34
  5.0000000E+07  6.3237036E-34
  5.2500000E+07  6.0157968E-34
  5.5000000E+07  5.7364667E-34
  5.7500000E+07  5.4819130E-34
  6.0000000E+07  5.2489806E-34
  6.2500000E+07  5.0350282E-34
  6.5000000E+07  4.8378274E-34
  6.7500000E+07  4.6554858E-34
  7.0000000E+07  4.4863853E-34
  7.2500000E+07  4.3291346E-34
  7.5000000E+07  4.1825307E-34
  8.0000000E+07  3.9172134E-34
  8.5000000E+07  3.6835407E-34
  9.0000000E+07  3.4761710E-34
  9.5000000E+07  3.2909006E-34
  1.0000000E+08  3.1243761E-34
  1.1000000E+08  2.8372316E-34
  1.2000000E+08  2.5984179E-34
  1.3000000E+08  2.3966811E-34
  1.4000000E+08  2.2240095E-34
  1.5000000E+08  2.0745443E-34
  1.6000000E+08  1.9439022E-34
  1.7000000E+08  1.8287383E-34
  1.8000000E+08  1.7264557E-34
  1.9000000E+08  1.6350080E-34
  2.0000000E+08  1.5527601E-34
  2.2000000E+08  1.4108186E-34
  2.4000000E+08  1.2926530E-34
  2.6000000E+08  1.1927514E-34
  2.8000000E+08  1.1071833E-34
  3.0000000E+08  1.0330703E-34
  3.2000000E+08  9.6825667E-35
  3.4000000E+08  9.1109541E-35
  3.6000000E+08  8.6030687E-35
  3.8000000E+08  8.1488163E-35
  4.0000000E+08  7.7401274E-35
  4.2500000E+08  7.2835127E-35
  4.5000000E+08  6.8777706E-35
  4.7500000E+08  6.5148478E-35
  5.0000000E+08  6.1883061E-35
  5.2500000E+08  5.8929359E-35
  5.5000000E+08  5.6244773E-35
  5.7500000E+08  5.3794125E-35
  6.0000000E+08  5.1548115E-35
  6.2500000E+08  4.9482137E-35
  6.5000000E+08  4.7575380E-35
  6.7500000E+08  4.5810121E-35
  7.0000000E+08  4.4171172E-35
  7.2500000E+08  4.2645446E-35
  7.5000000E+08  4.1221600E-35
  8.0000000E+08  3.8641290E-35
  8.5000000E+08  3.6364983E-35
  9.0000000E+08  3.4341945E-35
  9.5000000E+08  3.2532132E-35
  1.0000000E+09  3.0903524E-35
  1.1000000E+09  2.8090968E-35
  1.2000000E+09  2.5747652E-35
  1.3000000E+09  2.3765187E-35
  1.4000000E+09  2.2066180E-35
  1.5000000E+09  2.0593893E-35
  1.6000000E+09  1.9305783E-35
  1.7000000E+09  1.8169325E-35
  1.8000000E+09  1.7159227E-35
  1.9000000E+09  1.6255524E-35
  2.0000000E+09  1.5442247E-35
  2.2000000E+09  1.4037619E-35
  2.4000000E+09  1.2867216E-35
  2.6000000E+09  1.1876961E-35
  2.8000000E+09  1.1028233E-35
  3.0000000E+09  1.0292715E-35
  3.2000000E+09  9.6491724E-36
  3.4000000E+09  9.0813680E-36
  3.6000000E+09  8.5766746E-36
  3.8000000E+09  8.1251241E-36
  4.0000000E+09  7.7187426E-36
  4.2500000E+09  7.2645670E-36
  4.5000000E+09  6.8608693E-36
  4.7500000E+09  6.4996771E-36
  5.0000000E+09  6.1746130E-36
  5.2500000E+09  5.8805147E-36
  5.5000000E+09  5.6131585E-36
  5.7500000E+09  5.3690558E-36
  6.0000000E+09  5.1452991E-36
  6.2500000E+09  4.9394465E-36
  6.5000000E+09  4.7494317E-36
  6.7500000E+09  4.5734946E-36
  7.0000000E+09  4.4101267E-36
  7.2500000E+09  4.2580275E-36
  7.5000000E+09  4.1160699E-36
  8.0000000E+09  3.8587758E-36
  8.5000000E+09  3.6317560E-36
  9.0000000E+09  3.4299641E-36
  9.5000000E+09  3.2494162E-36
  1.0000000E+10  3.0869253E-36
     
     
#   2   1  K1  EION =  2.4600000E+01 eV,  FWHM =  5.0000000E-02 eV,  NP = 751
  9.9000000E-03  0.0000000E+00
  1.0000000E-02  0.0000000E+00
  1.0000000E-02  1.3255341E-21
  1.0162417E-02  1.3255518E-21
  1.0324833E-02  1.3255694E-21
  1.0487250E-02  1.3255871E-21
  1.0649666E-02  1.3256048E-21
  1.0812083E-02  1.3256225E-21
  1.1690113E-02  1.3257181E-21
  1.2639446E-02  1.3258215E-21
  1.3665874E-02  1.3259332E-21
  1.4775655E-02  1.3260541E-21
  1.5975561E-02  1.3261848E-21
  1.7272908E-02  1.3263262E-21
  1.8675611E-02  1.3264791E-21
  2.0192224E-02  1.3266444E-21
  2.1831999E-02  1.3268231E-21
  2.3604938E-02  1.3270164E-21
  2.5521854E-02  1.3272255E-21
  2.7594439E-02  1.3274516E-21
  2.9835335E-02  1.3276962E-21
  3.2258210E-02  1.3279606E-21
  3.4877843E-02  1.3282467E-21
  3.7710212E-02  1.3285561E-21
  4.0772592E-02  1.3288907E-21
  4.4083663E-02  1.3292527E-21
  4.7663620E-02  1.3296442E-21
  5.1534299E-02  1.3300677E-21
  5.5719309E-02  1.3305259E-21
  6.0244177E-02  1.3310215E-21
  6.5136501E-02  1.3315577E-21
  7.0426122E-02  1.3321379E-21
  7.6145305E-02  1.3327656E-21
  8.2328931E-02  1.3334448E-21
  8.9014720E-02  1.3341797E-21
  9.6243450E-02  1.3349751E-21
  1.0405921E-01  1.3358359E-21
  1.1250968E-01  1.3367675E-21
  1.2164639E-01  1.3377760E-21
  1.3152508E-01  1.3388677E-21
  1.4220601E-01  1.3400496E-21
  1.5375431E-01  1.3413294E-21
  1.6624042E-01  1.3427152E-21
  1.7974052E-01  1.3442161E-21
  1.9433693E-01  1.3458418E-21
  2.1011869E-01  1.3476030E-21
  2.2718207E-01  1.3495113E-21
  2.4563112E-01  1.3515793E-21
  2.6557840E-01  1.3538208E-21
  2.8714555E-01  1.3562510E-21
  3.1046414E-01  1.3588861E-21
  3.3567639E-01  1.3617443E-21
  3.6293608E-01  1.3648452E-21
  3.9240949E-01  1.3682104E-21
  4.2427638E-01  1.3718634E-21
  4.5873112E-01  1.3758303E-21
  4.9598387E-01  1.3801396E-21
  5.3626185E-01  1.3848227E-21
  5.7981074E-01  1.3899141E-21
  6.2689616E-01  1.3954520E-21
  6.7780530E-01  1.4014785E-21
  7.3284868E-01  1.4080405E-21
  7.9236204E-01  1.4151895E-21
  8.5670837E-01  1.4229833E-21
  9.2628016E-01  1.4314858E-21
  1.0015018E+00  1.4407687E-21
  1.0828320E+00  1.4509118E-21
  1.1707668E+00  1.4620050E-21
  1.2658428E+00  1.4741492E-21
  1.3686396E+00  1.4874583E-21
  1.4797845E+00  1.5020611E-21
  1.5999552E+00  1.5181040E-21
  1.7298848E+00  1.5357537E-21
  1.8703657E+00  1.5552011E-21
  2.0222548E+00  1.5766654E-21
  2.1864786E+00  1.6003996E-21
  2.3640387E+00  1.6266974E-21
  2.5560181E+00  1.6559008E-21
  2.7635879E+00  1.6884113E-21
  2.9880140E+00  1.7247022E-21
  3.2306654E+00  1.7653357E-21
  3.4930221E+00  1.8109844E-21
  3.7766843E+00  1.8624591E-21
  4.0833822E+00  1.9207454E-21
  4.4149865E+00  1.9870529E-21
  4.7735199E+00  2.0628812E-21
  5.1611691E+00  2.1501104E-21
  5.5802986E+00  2.2511275E-21
  6.0334649E+00  2.3690051E-21
  6.5234320E+00  2.5077601E-21
  7.0531885E+00  2.6727377E-21
  7.6259656E+00  2.8711931E-21
  8.2452569E+00  3.1132025E-21
  8.9148398E+00  3.4131358E-21
  9.6387983E+00  3.7921343E-21
  1.0421548E+01  4.2824758E-21
  1.1267864E+01  4.9357018E-21
  1.2182908E+01  5.8388114E-21
  1.2677584E+01  6.4415323E-21
  1.3172260E+01  7.1493784E-21
  1.3707108E+01  8.0643290E-21
  1.4241956E+01  9.1805227E-21
  1.4820239E+01  1.0690976E-20
  1.5109380E+01  1.1600314E-20
  1.5398521E+01  1.2639281E-20
  1.5711142E+01  1.3939606E-20
  1.6023764E+01  1.5466744E-20
  1.6336386E+01  1.7278767E-20
  1.6649008E+01  1.9454022E-20
  1.6987017E+01  2.2340213E-20
  1.7325026E+01  2.5973460E-20
  1.7663035E+01  3.0646534E-20
  1.7832040E+01  3.3506114E-20
  1.8001044E+01  3.6814472E-20
  1.8183774E+01  4.1015131E-20
  1.8366503E+01  4.6031178E-20
  1.8549232E+01  5.2095018E-20
  1.8731961E+01  5.9529496E-20
  1.8914690E+01  6.8794031E-20
  1.9097419E+01  8.0560845E-20
  1.9280149E+01  9.5846078E-20
  1.9371513E+01  1.0527426E-19
  1.9462878E+01  1.1624619E-19
  1.9561662E+01  1.3026831E-19
  1.9660446E+01  1.4713350E-19
  1.9759230E+01  1.6768031E-19
  1.9858014E+01  1.9308305E-19
  1.9956798E+01  2.2502744E-19
  2.0055583E+01  2.6600378E-19
  2.0104975E+01  2.9099542E-19
  2.0154367E+01  3.1981676E-19
  2.0203759E+01  3.5329987E-19
  2.0253151E+01  3.9251631E-19
  2.0302543E+01  4.3886492E-19
  2.0351935E+01  4.9419953E-19
  2.0401327E+01  5.6101890E-19
  2.0450719E+01  6.4275603E-19
  2.0500111E+01  7.4423075E-19
  2.0549503E+01  8.7238060E-19
  2.0598895E+01  1.0374832E-18
  2.0623591E+01  1.1385113E-18
  2.0648287E+01  1.2552884E-18
  2.0672983E+01  1.3912719E-18
  2.0697679E+01  1.5509221E-18
  2.0722376E+01  1.7400724E-18
  2.0747072E+01  1.9664683E-18
  2.0771768E+01  2.2405714E-18
  2.0796464E+01  2.5767844E-18
  2.0821160E+01  2.9953739E-18
  2.0845856E+01  3.5255776E-18
  2.0870552E+01  4.2108113E-18
  2.0882900E+01  4.6311166E-18
  2.0895248E+01  5.1177595E-18
  2.0907596E+01  5.6854150E-18
  2.0919944E+01  6.3530309E-18
  2.0932292E+01  7.1454044E-18
  2.0944640E+01  8.0954746E-18
  2.0956988E+01  9.2477296E-18
  2.0969336E+01  1.0663382E-17
  2.0981684E+01  1.2428440E-17
  2.0994032E+01  1.4666645E-17
  2.1000206E+01  1.6017168E-17
  2.1006380E+01  1.7560897E-17
  2.1012554E+01  1.9335923E-17
  2.1018728E+01  2.1390027E-17
  2.1024902E+01  2.3783731E-17
  2.1031076E+01  2.6594488E-17
  2.1037250E+01  2.9922532E-17
  2.1043424E+01  3.3899117E-17
  2.1050099E+01  3.9130750E-17
  2.1056775E+01  4.5624886E-17
  2.1063450E+01  5.3800977E-17
  2.1070126E+01  6.4254939E-17
  2.1076801E+01  7.7845403E-17
  2.1080139E+01  8.6187402E-17
  2.1083476E+01  9.5821474E-17
  2.1086814E+01  1.0699374E-16
  2.1090152E+01  1.1999847E-16
  2.1096827E+01  1.5294760E-16
  2.1100165E+01  1.7373594E-16
  2.1103502E+01  1.9800340E-16
  2.1106840E+01  2.2614878E-16
  2.1110178E+01  2.5838334E-16
  2.1113516E+01  2.9450927E-16
  2.1115184E+01  3.1377941E-16
  2.1116853E+01  3.3359403E-16
  2.1120191E+01  3.7358675E-16
  2.1123529E+01  4.1105237E-16
  2.1126866E+01  4.4135772E-16
  2.1130204E+01  4.5963823E-16
  2.1131873E+01  4.6308768E-16
  2.1133542E+01  4.6243931E-16
  2.1135211E+01  4.5772728E-16
  2.1136879E+01  4.4919564E-16
  2.1140217E+01  4.2249539E-16
  2.1143555E+01  3.8692075E-16
  2.1146892E+01  3.4733624E-16
  2.1150230E+01  3.0764277E-16
  2.1153568E+01  2.7035002E-16
  2.1156906E+01  2.3673103E-16
  2.1160243E+01  2.0719382E-16
  2.1163581E+01  1.8163703E-16
  2.1166919E+01  1.5970738E-16
  2.1170256E+01  1.4095854E-16
  2.1176932E+01  1.1122859E-16
  2.1180269E+01  9.9464489E-17
  2.1183607E+01  8.9333675E-17
  2.1186945E+01  8.0574218E-17
  2.1190283E+01  7.2968143E-17
  2.1196958E+01  6.0524661E-17
  2.1203633E+01  5.0899577E-17
  2.1210309E+01  4.3332436E-17
  2.1216984E+01  3.7293174E-17
  2.1223659E+01  3.2406794E-17
  2.1230335E+01  2.8403762E-17
  2.1237010E+01  2.5087265E-17
  2.1243686E+01  2.2311397E-17
  2.1250361E+01  1.9966433E-17
  2.1257036E+01  1.7968743E-17
  2.1263712E+01  1.6253791E-17
  2.1270387E+01  1.4771197E-17
  2.1277063E+01  1.3481210E-17
  2.1283738E+01  1.2352151E-17
  2.1297089E+01  1.0479715E-17
  2.1310440E+01  9.0017965E-18
  2.1323790E+01  7.8154650E-18
  2.1337141E+01  6.8491401E-18
  2.1350492E+01  6.0518420E-18
  2.1363843E+01  5.3864926E-18
  2.1377193E+01  4.8256181E-18
  2.1390544E+01  4.3485199E-18
  2.1403895E+01  3.9393698E-18
  2.1417246E+01  3.5859003E-18
  2.1430597E+01  3.2784869E-18
  2.1443947E+01  3.0094946E-18
  2.1470649E+01  2.5634696E-18
  2.1497350E+01  2.2114298E-18
  2.1524052E+01  1.9288387E-18
  2.1550754E+01  1.6986725E-18
  2.1577455E+01  1.5088230E-18
  2.1604157E+01  1.3504897E-18
  2.1630858E+01  1.2171536E-18
  2.1657560E+01  1.1039034E-18
  2.1684261E+01  1.0069835E-18
  2.1710963E+01  9.2348278E-19
  2.1737664E+01  8.5111800E-19
  2.1791068E+01  7.3291444E-19
  2.1844471E+01  6.4174664E-19
  2.1897874E+01  5.7059623E-19
  2.1951277E+01  5.1470482E-19
  2.2004680E+01  4.7078747E-19
  2.2058083E+01  4.3655876E-19
  2.2111486E+01  4.1044169E-19
  2.2218292E+01  3.7878151E-19
  2.2271696E+01  3.7237628E-19
  2.2325099E+01  3.7231107E-19
  2.2378502E+01  3.7915626E-19
  2.2431905E+01  3.9404101E-19
  2.2485308E+01  4.1889234E-19
  2.2512010E+01  4.3597714E-19
  2.2538711E+01  4.5687321E-19
  2.2565413E+01  4.8230167E-19
  2.2592114E+01  5.1319959E-19
  2.2618816E+01  5.5079782E-19
  2.2645517E+01  5.9673411E-19
  2.2672219E+01  6.5322140E-19
  2.2698920E+01  7.2330363E-19
  2.2725622E+01  8.1125544E-19
  2.2752324E+01  9.2322592E-19
  2.2781194E+01  1.0819264E-18
  2.2795629E+01  1.1810686E-18
  2.2810063E+01  1.2974053E-18
  2.2824498E+01  1.4350680E-18
  2.2838933E+01  1.5995101E-18
  2.2853368E+01  1.7980458E-18
  2.2867803E+01  2.0406632E-18
  2.2882238E+01  2.3412800E-18
  2.2896673E+01  2.7197406E-18
  2.2911108E+01  3.2050909E-18
  2.2918326E+01  3.5007390E-18
  2.2925543E+01  3.8411492E-18
  2.2932761E+01  4.2357119E-18
  2.2939978E+01  4.6963794E-18
  2.2947196E+01  5.2385371E-18
  2.2954413E+01  5.8822337E-18
  2.2961631E+01  6.6539436E-18
  2.2968848E+01  7.5891340E-18
  2.2976066E+01  8.7360658E-18
  2.2983283E+01  1.0161519E-17
  2.2990501E+01  1.1959563E-17
  2.2997718E+01  1.4265181E-17
  2.3001327E+01  1.5666737E-17
  2.3004936E+01  1.7275651E-17
  2.3008544E+01  1.9131791E-17
  2.3012153E+01  2.1284024E-17
  2.3015762E+01  2.3792293E-17
  2.3019371E+01  2.6730011E-17
  2.3022979E+01  3.0186590E-17
  2.3026588E+01  3.4269648E-17
  2.3033806E+01  4.4838318E-17
  2.3037414E+01  5.1616445E-17
  2.3041023E+01  5.9571390E-17
  2.3044632E+01  6.8766403E-17
  2.3048241E+01  7.9109766E-17
  2.3051849E+01  9.0225937E-17
  2.3055458E+01  1.0131298E-16
  2.3059067E+01  1.1108099E-16
  2.3062675E+01  1.1792864E-16
  2.3064480E+01  1.1979121E-16
  2.3066284E+01  1.2044743E-16
  2.3068089E+01  1.1985717E-16
  2.3069893E+01  1.1805660E-16
  2.3073502E+01  1.1130851E-16
  2.3077110E+01  1.0159762E-16
  2.3080719E+01  9.0527986E-17
  2.3084328E+01  7.9401373E-17
  2.3087937E+01  6.9032457E-17
  2.3091545E+01  5.9806264E-17
  2.3095154E+01  5.1820175E-17
  2.3098763E+01  4.5013724E-17
  2.3105980E+01  3.4400015E-17
  2.3109589E+01  3.0299994E-17
  2.3113198E+01  2.6829555E-17
  2.3116807E+01  2.3880581E-17
  2.3120415E+01  2.1363207E-17
  2.3124024E+01  1.9203631E-17
  2.3127633E+01  1.7341586E-17
  2.3131242E+01  1.5727942E-17
  2.3134850E+01  1.4322618E-17
  2.3142068E+01  1.2011697E-17
  2.3149285E+01  1.0210535E-17
  2.3156503E+01  8.7834907E-18
  2.3163720E+01  7.6360636E-18
  2.3170938E+01  6.7011835E-18
  2.3178155E+01  5.9303929E-18
  2.3185373E+01  5.2880896E-18
  2.3192590E+01  4.7477055E-18
  2.3199808E+01  4.2891262E-18
  2.3207025E+01  3.8969203E-18
  2.3214243E+01  3.5591036E-18
  2.3228678E+01  3.0109313E-18
  2.3243113E+01  2.5899998E-18
  2.3257548E+01  2.2607546E-18
  2.3271983E+01  1.9992945E-18
  2.3286418E+01  1.7891081E-18
  2.3300853E+01  1.6185211E-18
  2.3315288E+01  1.4791168E-18
  2.3329722E+01  1.3647304E-18
  2.3344157E+01  1.2707916E-18
  2.3358592E+01  1.1938866E-18
  2.3387462E+01  1.0816227E-18
  2.3416332E+01  1.0146227E-18
  2.3445202E+01  9.8669935E-19
  2.3474072E+01  9.9734646E-19
  2.3488507E+01  1.0185805E-18
  2.3502942E+01  1.0521108E-18
  2.3517377E+01  1.0999943E-18
  2.3531812E+01  1.1651854E-18
  2.3546247E+01  1.2519012E-18
  2.3560682E+01  1.3661985E-18
  2.3575117E+01  1.5169062E-18
  2.3589552E+01  1.7171772E-18
  2.3603987E+01  1.9871648E-18
  2.3611204E+01  2.1576274E-18
  2.3618422E+01  2.3588403E-18
  2.3625639E+01  2.5981228E-18
  2.3632857E+01  2.8850969E-18
  2.3640074E+01  3.2325886E-18
  2.3647292E+01  3.6579543E-18
  2.3654509E+01  4.1850681E-18
  2.3661727E+01  4.8473459E-18
  2.3668944E+01  5.6924247E-18
  2.3676162E+01  6.7894843E-18
  2.3683379E+01  8.2407441E-18
  2.3686988E+01  9.1443818E-18
  2.3690597E+01  1.0199208E-17
  2.3694206E+01  1.1436499E-17
  2.3697814E+01  1.2894242E-17
  2.3705032E+01  1.6660550E-17
  2.3712249E+01  2.1938293E-17
  2.3715858E+01  2.5279790E-17
  2.3719467E+01  2.9116749E-17
  2.3723075E+01  3.3384492E-17
  2.3726684E+01  3.7886867E-17
  2.3730293E+01  4.2243255E-17
  2.3733902E+01  4.5885363E-17
  2.3737510E+01  4.8167149E-17
  2.3739315E+01  4.8631147E-17
  2.3741119E+01  4.8597772E-17
  2.3742924E+01  4.8069165E-17
  2.3744728E+01  4.7077346E-17
  2.3748337E+01  4.3950305E-17
  2.3751945E+01  3.9828905E-17
  2.3755554E+01  3.5336642E-17
  2.3759163E+01  3.0939883E-17
  2.3762772E+01  2.6909230E-17
  2.3766380E+01  2.3358665E-17
  2.3769989E+01  2.0303684E-17
  2.3773598E+01  1.7708792E-17
  2.3777207E+01  1.5517939E-17
  2.3784424E+01  1.2112793E-17
  2.3788033E+01  1.0793927E-17
  2.3791642E+01  9.6735366E-18
  2.3795250E+01  8.7176442E-18
  2.3798859E+01  7.8984302E-18
  2.3806077E+01  6.5835661E-18
  2.3813294E+01  5.5935735E-18
  2.3820512E+01  4.8383805E-18
  2.3827729E+01  4.2576422E-18
  2.3834946E+01  3.8109034E-18
  2.3842164E+01  3.4716442E-18
  2.3849381E+01  3.2240427E-18
  2.3852990E+01  3.1323087E-18
  2.3856599E+01  3.0620197E-18
  2.3863816E+01  2.9910516E-18
  2.3867425E+01  2.9960717E-18
  2.3871034E+01  3.0349433E-18
  2.3874643E+01  3.1163540E-18
  2.3878251E+01  3.2534076E-18
  2.3881860E+01  3.4652620E-18
  2.3885469E+01  3.7776504E-18
  2.3887273E+01  3.9802953E-18
  2.3889078E+01  4.2172834E-18
  2.3890882E+01  4.4884967E-18
  2.3892686E+01  4.7900106E-18
  2.3896295E+01  5.4451795E-18
  2.3898099E+01  5.7714156E-18
  2.3899904E+01  6.0788227E-18
  2.3903513E+01  6.6058488E-18
  2.3907121E+01  7.0055237E-18
  2.3910730E+01  7.2975678E-18
  2.3914339E+01  7.5099395E-18
  2.3917948E+01  7.6658152E-18
  2.3921556E+01  7.7818096E-18
  2.3928774E+01  7.9362315E-18
  2.3935991E+01  8.0281245E-18
  2.3950426E+01  8.1196120E-18
  2.3964861E+01  8.1547464E-18
  2.3993731E+01  8.1678262E-18
  2.4022601E+01  8.1599604E-18
  2.4080341E+01  8.1427109E-18
  2.4138081E+01  8.1377320E-18
  2.4195821E+01  8.1436532E-18
  2.4253561E+01  8.1571729E-18
  2.4369040E+01  8.1983868E-18
  2.4426780E+01  8.2233891E-18
  2.4484520E+01  8.2500353E-18
  2.4513390E+01  8.2636359E-18
  2.4542260E+01  8.2770798E-18
  2.4571130E+01  8.2895819E-18
  2.4600000E+01  8.2965363E-18
  2.4610101E+01  8.2947575E-18
  2.4620202E+01  8.2912977E-18
  2.4692239E+01  8.2555870E-18
  2.4764276E+01  8.2153831E-18
  2.4908351E+01  8.1311447E-18
  2.5052425E+01  8.0452057E-18
  2.5196499E+01  7.9603069E-18
  2.5491290E+01  7.7957079E-18
  2.5786080E+01  7.6394350E-18
  2.6389253E+01  7.3289114E-18
  2.7006330E+01  7.0268902E-18
  2.7637631E+01  6.7330203E-18
  2.8283486E+01  6.4472471E-18
  2.8944228E+01  6.1696478E-18
  2.9620202E+01  5.9003163E-18
  3.0203872E+01  5.6791115E-18
  3.0798898E+01  5.4639101E-18
  3.2023905E+01  5.0515747E-18
  3.3297043E+01  4.6632592E-18
  3.4620202E+01  4.2986701E-18
  3.5808323E+01  4.0016462E-18
  3.7036776E+01  3.7216283E-18
  3.8306930E+01  3.4581155E-18
  3.9620202E+01  3.2105481E-18
  4.2046609E+01  2.8108181E-18
  4.4620202E+01  2.4552823E-18
  4.7054367E+01  2.1716876E-18
  4.9620202E+01  1.9178733E-18
  5.2060644E+01  1.7117676E-18
  5.4620202E+01  1.5260748E-18
  5.9620202E+01  1.2339989E-18
  6.4427609E+01  1.0194389E-18
  6.9620202E+01  8.4010718E-19
  7.4453350E+01  7.0915474E-19
  7.9620202E+01  5.9764830E-19
  8.4473016E+01  5.1328086E-19
  8.9620202E+01  4.4030439E-19
  9.4620202E+01  3.8204238E-19
  9.9620202E+01  3.3368408E-19
  1.0462020E+02  2.9311263E-19
  1.0962020E+02  2.5884968E-19
  1.1712020E+02  2.1672762E-19
  1.2462020E+02  1.8334308E-19
  1.3212020E+02  1.5641784E-19
  1.3962020E+02  1.3452138E-19
  1.4462020E+02  1.2213638E-19
  1.4962020E+02  1.1120490E-19
  1.5587020E+02  9.9255763E-20
  1.6212020E+02  8.8956388E-20
  1.6837020E+02  8.0061044E-20
  1.7462020E+02  7.2324124E-20
  1.8087020E+02  6.5524025E-20
  1.8712020E+02  5.9534533E-20
  1.9962020E+02  4.9578485E-20
  2.0962020E+02  4.3135734E-20
  2.1962020E+02  3.7752051E-20
  2.2712020E+02  3.4277331E-20
  2.3462020E+02  3.1213262E-20
  2.4962020E+02  2.6096989E-20
  2.6212020E+02  2.2628277E-20
  2.7462020E+02  1.9741099E-20
  2.8712020E+02  1.7334760E-20
  2.9962020E+02  1.5308605E-20
  3.1212020E+02  1.3572915E-20
  3.2462020E+02  1.2081549E-20
  3.3712020E+02  1.0799292E-20
  3.4962020E+02  9.6909454E-21
  3.6221515E+02  8.7175793E-21
  3.7481010E+02  7.8681394E-21
  3.8740505E+02  7.1257249E-21
  4.0000000E+02  6.4734365E-21
  4.1250000E+02  5.8999646E-21
  4.2500000E+02  5.3907941E-21
  4.5000000E+02  4.5340476E-21
  4.5840000E+02  4.2861319E-21
  4.6680000E+02  4.0554208E-21
  4.7520000E+02  3.8406820E-21
  4.7940000E+02  3.7389184E-21
  4.8360000E+02  3.6406883E-21
  4.8780000E+02  3.5458358E-21
  4.9200000E+02  3.4542079E-21
  5.0000000E+02  3.2828162E-21
  5.5000000E+02  2.4501204E-21
  6.0000000E+02  1.8727253E-21
  7.0000000E+02  1.1593101E-21
  8.0000000E+02  7.6236064E-22
  9.0000000E+02  5.2540946E-22
  1.0000000E+03  3.7602513E-22
  1.1000000E+03  2.7733769E-22
  1.2500000E+03  1.8400874E-22
  1.4000000E+03  1.2767237E-22
  1.5000000E+03  1.0212951E-22
  1.7500000E+03  6.1873318E-23
  2.0000000E+03  3.9997313E-23
  2.2000000E+03  2.9259944E-23
  2.5000000E+03  1.9212519E-23
  3.0000000E+03  1.0515829E-23
  3.5000000E+03  6.3034218E-24
  4.0000000E+03  4.0401107E-24
  4.5000000E+03  2.7258667E-24
  5.0000000E+03  1.9154652E-24
  5.5000000E+03  1.3912596E-24
  6.0000000E+03  1.0385063E-24
  7.0000000E+03  6.1794019E-25
  8.0000000E+03  3.9371490E-25
  9.0000000E+03  2.6434739E-25
  1.0000000E+04  1.8500090E-25
  1.1000000E+04  1.3390068E-25
  1.2500000E+04  8.6740321E-26
  1.4000000E+04  5.8996685E-26
  1.5000000E+04  4.6647153E-26
  1.7500000E+04  2.7585971E-26
  2.0000000E+04  1.7491616E-26
  2.2000000E+04  1.2632532E-26
  2.5000000E+04  8.1619333E-27
  3.0000000E+04  4.3756638E-27
  3.5000000E+04  2.5823623E-27
  4.0000000E+04  1.6353227E-27
  4.5000000E+04  1.0929788E-27
  5.0000000E+04  7.6231033E-28
  5.5000000E+04  5.5036608E-28
  6.0000000E+04  4.0886018E-28
  7.0000000E+04  2.4164774E-28
  8.0000000E+04  1.5336718E-28
  9.0000000E+04  1.0279637E-28
  1.0000000E+05  7.1938175E-29
  1.1000000E+05  5.2136190E-29
  1.2500000E+05  3.3912252E-29
  1.4000000E+05  2.3208106E-29
  1.5000000E+05  1.8443462E-29
  1.7500000E+05  1.1077536E-29
  2.0000000E+05  7.1580782E-30
  2.2000000E+05  5.2590726E-30
  2.5000000E+05  3.4965313E-30
  3.0000000E+05  1.9784648E-30
  3.5000000E+05  1.2400032E-30
  4.0000000E+05  8.3781931E-31
  4.5000000E+05  5.9952389E-31
  5.0000000E+05  4.4879509E-31
  5.5000000E+05  3.4834814E-31
  6.0000000E+05  2.7849548E-31
  7.0000000E+05  1.9080257E-31
  8.0000000E+05  1.4019420E-31
  9.0000000E+05  1.0842586E-31
  1.0000000E+06  8.7158451E-32
  1.1000000E+06  7.2183356E-32
  1.2500000E+06  5.6769386E-32
  1.4000000E+06  4.6398589E-32
  1.5000000E+06  4.1231497E-32
  1.6000000E+06  3.7032736E-32
  1.7000000E+06  3.3563101E-32
  1.8000000E+06  3.0654414E-32
  1.9000000E+06  2.8185239E-32
  2.0000000E+06  2.6066006E-32
  2.2000000E+06  2.2623936E-32
  2.4000000E+06  1.9955303E-32
  2.6000000E+06  1.7830774E-32
  2.8000000E+06  1.6102312E-32
  3.0000000E+06  1.4670448E-32
  3.2000000E+06  1.3466067E-32
  3.4000000E+06  1.2439745E-32
  3.6000000E+06  1.1555265E-32
  3.8000000E+06  1.0785515E-32
  4.0000000E+06  1.0109815E-32
  4.2500000E+06  9.3733602E-33
  4.5000000E+06  8.7350062E-33
  4.7500000E+06  8.1765833E-33
  5.0000000E+06  7.6841161E-33
  5.2500000E+06  7.2466854E-33
  5.5000000E+06  6.8556406E-33
  5.7500000E+06  6.5040422E-33
  6.0000000E+06  6.1862606E-33
  6.2500000E+06  5.8976825E-33
  6.5000000E+06  5.6344924E-33
  6.7500000E+06  5.3935078E-33
  7.0000000E+06  5.1720540E-33
  7.2500000E+06  4.9678670E-33
  7.5000000E+06  4.7790179E-33
  8.0000000E+06  4.4409476E-33
  8.5000000E+06  4.1471345E-33
  9.0000000E+06  3.8894707E-33
  9.5000000E+06  3.6617072E-33
  1.0000000E+07  3.4589513E-33
  1.1000000E+07  3.1136880E-33
  1.2000000E+07  2.8307328E-33
  1.3000000E+07  2.5946738E-33
  1.4000000E+07  2.3947827E-33
  1.5000000E+07  2.2233639E-33
  1.6000000E+07  2.0747557E-33
  1.7000000E+07  1.9447011E-33
  1.8000000E+07  1.8299383E-33
  1.9000000E+07  1.7279261E-33
  2.0000000E+07  1.6366562E-33
  2.2000000E+07  1.4802144E-33
  2.4000000E+07  1.3510128E-33
  2.6000000E+07  1.2425166E-33
  2.8000000E+07  1.1501241E-33
  3.0000000E+07  1.0705018E-33
  3.2000000E+07  1.0011762E-33
  3.4000000E+07  9.4027306E-34
  3.6000000E+07  8.8634690E-34
  3.8000000E+07  8.3826473E-34
  4.0000000E+07  7.9512615E-34
  4.2500000E+07  7.4706428E-34
  4.5000000E+07  7.0447726E-34
  4.7500000E+07  6.6648055E-34
  5.0000000E+07  6.3237036E-34
  5.2500000E+07  6.0157968E-34
  5.5000000E+07  5.7364667E-34
  5.7500000E+07  5.4819130E-34
  6.0000000E+07  5.2489806E-34
  6.2500000E+07  5.0350282E-34
  6.5000000E+07  4.8378274E-34
  6.7500000E+07  4.6554858E-34
  7.0000000E+07  4.4863853E-34
  7.2500000E+07  4.3291346E-34
  7.5000000E+07  4.1825307E-34
  8.0000000E+07  3.9172134E-34
  8.5000000E+07  3.6835407E-34
  9.0000000E+07  3.4761710E-34
  9.5000000E+07  3.2909006E-34
  1.0000000E+08  3.1243761E-34
  1.1000000E+08  2.8372316E-34
  1.2000000E+08  2.5984179E-34
  1.3000000E+08  2.3966811E-34
  1.4000000E+08  2.2240095E-34
  1.5000000E+08  2.0745443E-34
  1.6000000E+08  1.9439022E-34
  1.7000000E+08  1.8287383E-34
  1.8000000E+08  1.7264557E-34
  1.9000000E+08  1.6350080E-34
  2.0000000E+08  1.5527601E-34
  2.2000000E+08  1.4108186E-34
  2.4000000E+08  1.2926530E-34
  2.6000000E+08  1.1927514E-34
  2.8000000E+08  1.1071833E-34
  3.0000000E+08  1.0330703E-34
  3.2000000E+08  9.6825667E-35
  3.4000000E+08  9.1109541E-35
  3.6000000E+08  8.6030687E-35
  3.8000000E+08  8.1488163E-35
  4.0000000E+08  7.7401274E-35
  4.2500000E+08  7.2835127E-35
  4.5000000E+08  6.8777706E-35
  4.7500000E+08  6.5148478E-35
  5.0000000E+08  6.1883061E-35
  5.2500000E+08  5.8929359E-35
  5.5000000E+08  5.6244773E-35
  5.7500000E+08  5.3794125E-35
  6.0000000E+08  5.1548115E-35
  6.2500000E+08  4.9482137E-35
  6.5000000E+08  4.7575380E-35
  6.7500000E+08  4.5810121E-35
  7.0000000E+08  4.4171172E-35
  7.2500000E+08  4.2645446E-35
  7.5000000E+08  4.1221600E-35
  8.0000000E+08  3.8641290E-35
  8.5000000E+08  3.6364983E-35
  9.0000000E+08  3.4341945E-35
  9.5000000E+08  3.2532132E-35
  1.0000000E+09  3.0903524E-35
  1.1000000E+09  2.8090968E-35
  1.2000000E+09  2.5747652E-35
  1.3000000E+09  2.3765187E-35
  1.4000000E+09  2.2066180E-35
  1.5000000E+09  2.0593893E-35
  1.6000000E+09  1.9305783E-35
  1.7000000E+09  1.8169325E-35
  1.8000000E+09  1.7159227E-35
  1.9000000E+09  1.6255524E-35
  2.0000000E+09  1.5442247E-35
  2.2000000E+09  1.4037619E-35
  2.4000000E+09  1.2867216E-35
  2.6000000E+09  1.1876961E-35
  2.8000000E+09  1.1028233E-35
  3.0000000E+09  1.0292715E-35
  3.2000000E+09  9.6491724E-36
  3.4000000E+09  9.0813680E-36
  3.6000000E+09  8.5766746E-36
  3.8000000E+09  8.1251241E-36
  4.0000000E+09  7.7187426E-36
  4.2500000E+09  7.2645670E-36
  4.5000000E+09  6.8608693E-36
  4.7500000E+09  6.4996771E-36
  5.0000000E+09  6.1746130E-36
  5.2500000E+09  5.8805147E-36
  5.5000000E+09  5.6131585E-36
  5.7500000E+09  5.3690558E-36
  6.0000000E+09  5.1452991E-36
  6.2500000E+09  4.9394465E-36
  6.5000000E+09  4.7494317E-36
  6.7500000E+09  4.5734946E-36
  7.0000000E+09  4.4101267E-36
  7.2500000E+09  4.2580275E-36
  7.5000000E+09  4.1160699E-36
  8.0000000E+09  3.8587758E-36
  8.5000000E+09  3.6317560E-36
  9.0000000E+09  3.4299641E-36
  9.5000000E+09  3.2494162E-36
  1.0000000E+10  3.0869253E-36
     
     
