# Atomic cross section. IZ =   4
# Pratt's renormalization correction is applied
#   2   No. of electron subshells.
# Excitations to bound levels: included
# Atomic level widths: empirical
# Shell ionization energies (Williams):
#  1  K1  EION =  1.1150000E+02 eV
#  2  L1  EION =  4.3420000E+00 eV
#
#  Total atomic cross section
#  1700   No. of energy grid points.
# 
#     W (eV)      CS (cm**2)
     
  1.0000000E-02  0.0000000E+00
  1.0000098E-02  3.9380461E-18
  1.0000195E-02  3.9380477E-18
  1.0000293E-02  3.9380494E-18
  1.0000391E-02  3.9380511E-18
  1.0000488E-02  3.9380527E-18
  1.0000586E-02  3.9380544E-18
  1.0000684E-02  3.9380561E-18
  1.0000781E-02  3.9380577E-18
  1.0000879E-02  3.9380594E-18
  1.0000977E-02  3.9380611E-18
  1.0001172E-02  3.9380644E-18
  1.0001563E-02  3.9380711E-18
  1.0002344E-02  3.9380844E-18
  1.0003125E-02  3.9380978E-18
  1.0004688E-02  3.9381245E-18
  1.0006250E-02  3.9381511E-18
  1.0009375E-02  3.9382045E-18
  1.0012500E-02  3.9382579E-18
  1.0018750E-02  3.9383646E-18
  1.0025000E-02  3.9384714E-18
  1.0037500E-02  3.9386849E-18
  1.0050000E-02  3.9388983E-18
  1.0075000E-02  3.9393253E-18
  1.0100000E-02  3.9397523E-18
  1.0150000E-02  3.9406062E-18
  1.0200000E-02  3.9414602E-18
  1.0300000E-02  3.9431681E-18
  1.0400000E-02  3.9448760E-18
  1.0600000E-02  3.9482919E-18
  1.0800000E-02  3.9517078E-18
  1.1000000E-02  3.9551240E-18
  1.2000000E-02  3.9722078E-18
  1.3000000E-02  3.9893000E-18
  1.4000000E-02  4.0064050E-18
  1.5000000E-02  4.0235269E-18
  1.6000000E-02  4.0406700E-18
  1.7000000E-02  4.0578385E-18
  1.8000000E-02  4.0750366E-18
  1.9000000E-02  4.0922686E-18
  2.0000000E-02  4.1095387E-18
  2.2000000E-02  4.1442102E-18
  2.4000000E-02  4.1790849E-18
  2.6000000E-02  4.2141967E-18
  2.8000000E-02  4.2495795E-18
  3.0000000E-02  4.2852671E-18
  3.2000000E-02  4.3212935E-18
  3.4000000E-02  4.3576924E-18
  3.6000000E-02  4.3944978E-18
  3.8000000E-02  4.4317436E-18
  4.0000000E-02  4.4694636E-18
  4.2500000E-02  4.5173320E-18
  4.5000000E-02  4.5660605E-18
  4.7500000E-02  4.6157151E-18
  5.0000000E-02  4.6663599E-18
  5.2500000E-02  4.7180248E-18
  5.5000000E-02  4.7707133E-18
  5.7500000E-02  4.8244286E-18
  6.0000000E-02  4.8791735E-18
  6.2500000E-02  4.9349510E-18
  6.5000000E-02  4.9917641E-18
  6.7500000E-02  5.0496158E-18
  7.0000000E-02  5.1085089E-18
  7.2500000E-02  5.1684466E-18
  7.5000000E-02  5.2294316E-18
  8.0000000E-02  5.3545565E-18
  8.5000000E-02  5.4839913E-18
  9.0000000E-02  5.6180152E-18
  9.5000000E-02  5.7569285E-18
  1.0000000E-01  5.9010315E-18
  1.1000000E-01  6.2060238E-18
  1.2000000E-01  6.5354847E-18
  1.3000000E-01  6.8919298E-18
  1.4000000E-01  7.2781698E-18
  1.5000000E-01  7.6977279E-18
  1.6000000E-01  8.1546329E-18
  1.7000000E-01  8.6533606E-18
  1.8000000E-01  9.1992278E-18
  1.9000000E-01  9.7981717E-18
  2.0000000E-01  1.0457515E-17
  2.1000000E-01  1.1185805E-17
  2.2000000E-01  1.1992484E-17
  2.3000000E-01  1.2889403E-17
  2.4000000E-01  1.3890559E-17
  2.5000000E-01  1.5012686E-17
  2.6000000E-01  1.6275866E-17
  2.7000000E-01  1.7704884E-17
  2.8000000E-01  1.9329934E-17
  2.9000000E-01  2.1187691E-17
  3.0000000E-01  2.3326341E-17
  3.1000000E-01  2.5803256E-17
  3.2000000E-01  2.8693928E-17
  3.3000000E-01  3.2095173E-17
  3.4000000E-01  3.6133561E-17
  3.5000000E-01  4.0977178E-17
  3.5500000E-01  4.3768523E-17
  3.6000000E-01  4.6852506E-17
  3.6500000E-01  5.0269499E-17
  3.7000000E-01  5.4070603E-17
  3.7500000E-01  5.8311601E-17
  3.8000000E-01  6.3066083E-17
  3.8500000E-01  6.8417362E-17
  3.9000000E-01  7.4465590E-17
  3.9500000E-01  8.1336828E-17
  4.0000000E-01  8.9183256E-17
  4.0625000E-01  1.0065471E-16
  4.1250000E-01  1.1442322E-16
  4.1562500E-01  1.2235842E-16
  4.1875000E-01  1.3112251E-16
  4.2187500E-01  1.4082702E-16
  4.2500000E-01  1.5161001E-16
  4.2812500E-01  1.6362497E-16
  4.3125000E-01  1.7706253E-16
  4.3437500E-01  1.9213613E-16
  4.3750000E-01  2.0911578E-16
  4.4062500E-01  2.2830287E-16
  4.4375000E-01  2.5007531E-16
  4.4687500E-01  2.7486839E-16
  4.5000000E-01  3.0321261E-16
  4.5312500E-01  3.3574151E-16
  4.5625000E-01  3.7318657E-16
  4.5937500E-01  4.1643408E-16
  4.6250000E-01  4.6646602E-16
  4.6875000E-01  5.9168021E-16
  4.7187500E-01  6.6918804E-16
  4.7500000E-01  7.5804149E-16
  4.7656250E-01  8.0689581E-16
  4.7812500E-01  8.5867577E-16
  4.7968750E-01  9.1322060E-16
  4.8125000E-01  9.7030102E-16
  4.8281250E-01  1.0295018E-15
  4.8437500E-01  1.0902177E-15
  4.8593750E-01  1.1516955E-15
  4.8750000E-01  1.2128649E-15
  4.9062500E-01  1.3292133E-15
  4.9375000E-01  1.4268869E-15
  4.9687500E-01  1.4927571E-15
  4.9843750E-01  1.5101797E-15
  5.0000000E-01  1.5160766E-15
  5.0156250E-01  1.5101840E-15
  5.0312500E-01  1.4927523E-15
  5.0468750E-01  1.4645423E-15
  5.0625000E-01  1.4268831E-15
  5.0781250E-01  1.3812150E-15
  5.0937500E-01  1.3291745E-15
  5.1250000E-01  1.2128886E-15
  5.1406250E-01  1.1516848E-15
  5.1562500E-01  1.0902325E-15
  5.1718750E-01  1.0295016E-15
  5.1875000E-01  9.7029655E-16
  5.2031250E-01  9.1323691E-16
  5.2187500E-01  8.5867025E-16
  5.2500000E-01  7.5804889E-16
  5.2812500E-01  6.6917125E-16
  5.3125000E-01  5.9164255E-16
  5.3437500E-01  5.2448348E-16
  5.3750000E-01  4.6648781E-16
  5.4375000E-01  3.7319024E-16
  5.4687500E-01  3.3574296E-16
  5.5000000E-01  3.0321789E-16
  5.5312500E-01  2.7487115E-16
  5.5625000E-01  2.5007674E-16
  5.5937500E-01  2.2830599E-16
  5.6250000E-01  2.0911632E-16
  5.6562500E-01  1.9213863E-16
  5.6875000E-01  1.7706253E-16
  5.7187500E-01  1.6362634E-16
  5.7500000E-01  1.5161004E-16
  5.7812500E-01  1.4082799E-16
  5.8125000E-01  1.3112276E-16
  5.8750000E-01  1.1442098E-16
  5.9062500E-01  1.0721350E-16
  5.9375000E-01  1.0065456E-16
  5.9687500E-01  9.4664483E-17
  6.0000000E-01  8.9182545E-17
  6.0625000E-01  7.9533728E-17
  6.1250000E-01  7.1347264E-17
  6.1875000E-01  6.4344859E-17
  6.2500000E-01  5.8312720E-17
  6.3125000E-01  5.3081741E-17
  6.3750000E-01  4.8516664E-17
  6.4375000E-01  4.4511045E-17
  6.5000000E-01  4.0977496E-17
  6.5625000E-01  3.7845144E-17
  6.6250000E-01  3.5056246E-17
  6.6875000E-01  3.2562458E-17
  6.7500000E-01  3.0323962E-17
  6.8125000E-01  2.8307325E-17
  6.8750000E-01  2.6484137E-17
  6.9375000E-01  2.4830784E-17
  7.0000000E-01  2.3326765E-17
  7.0625000E-01  2.1954729E-17
  7.1250000E-01  2.0699830E-17
  7.2500000E-01  1.8491290E-17
  7.3750000E-01  1.6617125E-17
  7.5000000E-01  1.5013057E-17
  7.6250000E-01  1.3629942E-17
  7.7500000E-01  1.2429457E-17
  7.8750000E-01  1.1380263E-17
  8.0000000E-01  1.0458246E-17
  8.1250000E-01  9.6437796E-18
  8.2500000E-01  8.9207477E-18
  8.3750000E-01  8.2759462E-18
  8.5000000E-01  7.6984957E-18
  8.6250000E-01  7.1793940E-18
  8.7500000E-01  6.7110537E-18
  8.8750000E-01  6.2870135E-18
  9.0000000E-01  5.9019232E-18
  9.2500000E-01  5.2306989E-18
  9.5000000E-01  4.6677426E-18
  9.7500000E-01  4.1909834E-18
  1.0000000E+00  3.7837139E-18
  1.0250000E+00  3.4330578E-18
  1.0500000E+00  3.1290139E-18
  1.0750000E+00  2.8636613E-18
  1.1000000E+00  2.6307052E-18
  1.1250000E+00  2.4250944E-18
  1.1500000E+00  2.2427126E-18
  1.1750000E+00  2.0801908E-18
  1.2000000E+00  1.9347435E-18
  1.2250000E+00  1.8040691E-18
  1.2500000E+00  1.6862367E-18
  1.2750000E+00  1.5796115E-18
  1.3000000E+00  1.4828245E-18
  1.3250000E+00  1.3947033E-18
  1.3500000E+00  1.3142422E-18
  1.4000000E+00  1.1729816E-18
  1.4500000E+00  1.0534649E-18
  1.5000000E+00  9.5142425E-19
  1.5500000E+00  8.6371773E-19
  1.6000000E+00  7.8771524E-19
  1.6500000E+00  7.2150006E-19
  1.7000000E+00  6.6345029E-19
  1.7500000E+00  6.1234964E-19
  1.8000000E+00  5.6713550E-19
  1.8500000E+00  5.2701906E-19
  1.9000000E+00  4.9130116E-19
  1.9500000E+00  4.5948057E-19
  2.0000000E+00  4.3113077E-19
  2.0500000E+00  4.0594299E-19
  2.1000000E+00  3.8376874E-19
  2.1250000E+00  3.7380762E-19
  2.1500000E+00  3.6463101E-19
  2.1750000E+00  3.5627838E-19
  2.2000000E+00  3.4886006E-19
  2.2250000E+00  3.4254398E-19
  2.2500000E+00  3.3753815E-19
  2.2625000E+00  3.3564328E-19
  2.2750000E+00  3.3424015E-19
  2.3000000E+00  3.3334578E-19
  2.3125000E+00  3.3412297E-19
  2.3250000E+00  3.3599550E-19
  2.3375000E+00  3.3926957E-19
  2.3500000E+00  3.4438235E-19
  2.3562500E+00  3.4781087E-19
  2.3625000E+00  3.5195637E-19
  2.3687500E+00  3.5693176E-19
  2.3750000E+00  3.6290275E-19
  2.3875000E+00  3.7870056E-19
  2.3937500E+00  3.8905602E-19
  2.4000000E+00  4.0156017E-19
  2.4062500E+00  4.1673085E-19
  2.4125000E+00  4.3525543E-19
  2.4187500E+00  4.5803602E-19
  2.4250000E+00  4.8629039E-19
  2.4281250E+00  5.0298660E-19
  2.4312500E+00  5.2173304E-19
  2.4343750E+00  5.4282833E-19
  2.4375000E+00  5.6665217E-19
  2.4406250E+00  5.9364835E-19
  2.4437500E+00  6.2433951E-19
  2.4468750E+00  6.5935060E-19
  2.4500000E+00  6.9943037E-19
  2.4531250E+00  7.4547360E-19
  2.4562500E+00  7.9854079E-19
  2.4593750E+00  8.5984468E-19
  2.4625000E+00  9.3085762E-19
  2.4687500E+00  1.1089742E-18
  2.4718750E+00  1.2196401E-18
  2.4750000E+00  1.3470426E-18
  2.4781250E+00  1.4922585E-18
  2.4796875E+00  1.5714824E-18
  2.4812500E+00  1.6548133E-18
  2.4828125E+00  1.7419105E-18
  2.4843750E+00  1.8320641E-18
  2.4859375E+00  1.9242921E-18
  2.4875000E+00  2.0173358E-18
  2.4890625E+00  2.1095534E-18
  2.4906250E+00  2.1989727E-18
  2.4937500E+00  2.3600709E-18
  2.4953125E+00  2.4266222E-18
  2.4968750E+00  2.4804774E-18
  2.4984375E+00  2.5194061E-18
  2.5000000E+00  2.5417069E-18
  2.5015625E+00  2.5463325E-18
  2.5031250E+00  2.5330858E-18
  2.5046875E+00  2.5024900E-18
  2.5062500E+00  2.4558509E-18
  2.5125000E+00  2.1546988E-18
  2.5140625E+00  2.0629942E-18
  2.5156250E+00  1.9694908E-18
  2.5171875E+00  1.8759388E-18
  2.5187500E+00  1.7837842E-18
  2.5203125E+00  1.6941946E-18
  2.5218750E+00  1.6079740E-18
  2.5234375E+00  1.5257010E-18
  2.5250000E+00  1.4477475E-18
  2.5281250E+00  1.3051237E-18
  2.5312500E+00  1.1801574E-18
  2.5343750E+00  1.0715590E-18
  2.5375000E+00  9.7759223E-19
  2.5406250E+00  8.9645247E-19
  2.5437500E+00  8.2633013E-19
  2.5468750E+00  7.6554825E-19
  2.5500000E+00  7.1273522E-19
  2.5531250E+00  6.6670040E-19
  2.5562500E+00  6.2640750E-19
  2.5593750E+00  5.9100722E-19
  2.5625000E+00  5.5977968E-19
  2.5656250E+00  5.3211949E-19
  2.5687500E+00  5.0752601E-19
  2.5718750E+00  4.8557237E-19
  2.5750000E+00  4.6590153E-19
  2.5812500E+00  4.3225449E-19
  2.5875000E+00  4.0466752E-19
  2.5937500E+00  3.8178714E-19
  2.6000000E+00  3.6256440E-19
  2.6062500E+00  3.4624886E-19
  2.6125000E+00  3.3226525E-19
  2.6187500E+00  3.2016555E-19
  2.6250000E+00  3.0961308E-19
  2.6312500E+00  3.0033385E-19
  2.6375000E+00  2.9210786E-19
  2.6437500E+00  2.8478110E-19
  2.6500000E+00  2.7821904E-19
  2.6562500E+00  2.7229253E-19
  2.6625000E+00  2.6691344E-19
  2.6750000E+00  2.5752286E-19
  2.6875000E+00  2.4958071E-19
  2.7000000E+00  2.4276114E-19
  2.7125000E+00  2.3682802E-19
  2.7250000E+00  2.3160945E-19
  2.7375000E+00  2.2698427E-19
  2.7500000E+00  2.2286410E-19
  2.7625000E+00  2.1919608E-19
  2.7750000E+00  2.1596637E-19
  2.7812500E+00  2.1452218E-19
  2.7875000E+00  2.1321112E-19
  2.8000000E+00  2.1107720E-19
  2.8062500E+00  2.1028334E-19
  2.8125000E+00  2.0965289E-19
  2.8187500E+00  2.0904155E-19
  2.8218750E+00  2.0865702E-19
  2.8250000E+00  2.0817139E-19
  2.8312500E+00  2.0682606E-19
  2.8375000E+00  2.0510606E-19
  2.8437500E+00  2.0329281E-19
  2.8500000E+00  2.0156296E-19
  2.8562500E+00  2.0001486E-19
  2.8625000E+00  1.9863297E-19
  2.8687500E+00  1.9738610E-19
  2.8750000E+00  1.9625143E-19
  2.8875000E+00  1.9423173E-19
  2.9000000E+00  1.9245821E-19
  2.9250000E+00  1.8951472E-19
  2.9500000E+00  1.8721470E-19
  3.0000000E+00  1.8454375E-19
  3.0250000E+00  1.8432919E-19
  3.0500000E+00  1.8506722E-19
  3.0750000E+00  1.8702612E-19
  3.1000000E+00  1.9059833E-19
  3.1125000E+00  1.9317861E-19
  3.1250000E+00  1.9642638E-19
  3.1375000E+00  2.0048798E-19
  3.1500000E+00  2.0554736E-19
  3.1625000E+00  2.1184793E-19
  3.1750000E+00  2.1972469E-19
  3.1875000E+00  2.2963293E-19
  3.2000000E+00  2.4218518E-19
  3.2062500E+00  2.4972095E-19
  3.2125000E+00  2.5827963E-19
  3.2187500E+00  2.6804123E-19
  3.2250000E+00  2.7921740E-19
  3.2312500E+00  2.9207717E-19
  3.2375000E+00  3.0694644E-19
  3.2437500E+00  3.2425810E-19
  3.2500000E+00  3.4451991E-19
  3.2562500E+00  3.6841736E-19
  3.2625000E+00  3.9682534E-19
  3.2687500E+00  4.3089397E-19
  3.2718750E+00  4.5050962E-19
  3.2750000E+00  4.7215067E-19
  3.2781250E+00  4.9609088E-19
  3.2812500E+00  5.2265249E-19
  3.2843750E+00  5.5221014E-19
  3.2875000E+00  5.8520838E-19
  3.2906250E+00  6.2216699E-19
  3.2937500E+00  6.6370755E-19
  3.2968750E+00  7.1056048E-19
  3.3000000E+00  7.6360551E-19
  3.3031250E+00  8.2387847E-19
  3.3062500E+00  8.9263218E-19
  3.3093750E+00  9.7134049E-19
  3.3125000E+00  1.0617879E-18
  3.3156250E+00  1.1660398E-18
  3.3187500E+00  1.2865567E-18
  3.3250000E+00  1.5878785E-18
  3.3281250E+00  1.7751026E-18
  3.3312500E+00  1.9908529E-18
  3.3343750E+00  2.2374118E-18
  3.3359375E+00  2.3724482E-18
  3.3375000E+00  2.5150765E-18
  3.3390625E+00  2.6647102E-18
  3.3406250E+00  2.8204664E-18
  3.3421875E+00  2.9809243E-18
  3.3437500E+00  3.1442240E-18
  3.3453125E+00  3.3078305E-18
  3.3468750E+00  3.4686660E-18
  3.3484375E+00  3.6230199E-18
  3.3500000E+00  3.7666901E-18
  3.3515625E+00  3.8952196E-18
  3.3531250E+00  4.0039926E-18
  3.3546875E+00  4.0888659E-18
  3.3562500E+00  4.1461526E-18
  3.3578125E+00  4.1734170E-18
  3.3593750E+00  4.1693194E-18
  3.3609375E+00  4.1341039E-18
  3.3625000E+00  4.0693627E-18
  3.3656250E+00  3.8635948E-18
  3.3671875E+00  3.7306922E-18
  3.3687500E+00  3.5838373E-18
  3.3703125E+00  3.4274112E-18
  3.3718750E+00  3.2655361E-18
  3.3734375E+00  3.1017331E-18
  3.3750000E+00  2.9389669E-18
  3.3765625E+00  2.7795705E-18
  3.3781250E+00  2.6253013E-18
  3.3796875E+00  2.4774196E-18
  3.3812500E+00  2.3367334E-18
  3.3828125E+00  2.2037226E-18
  3.3843750E+00  2.0785677E-18
  3.3875000E+00  1.8516343E-18
  3.3906250E+00  1.6542287E-18
  3.3937500E+00  1.4834547E-18
  3.3968750E+00  1.3361147E-18
  3.4000000E+00  1.2089897E-18
  3.4015625E+00  1.1520496E-18
  3.4031250E+00  1.0990949E-18
  3.4062500E+00  1.0039093E-18
  3.4093750E+00  9.2117936E-19
  3.4125000E+00  8.4908160E-19
  3.4156250E+00  7.8597005E-19
  3.4187500E+00  7.3056878E-19
  3.4218750E+00  6.8172727E-19
  3.4250000E+00  6.3854681E-19
  3.4281250E+00  6.0022255E-19
  3.4312500E+00  5.6611499E-19
  3.4343750E+00  5.3566104E-19
  3.4375000E+00  5.0839993E-19
  3.4437500E+00  4.6192671E-19
  3.4500000E+00  4.2419112E-19
  3.4562500E+00  3.9337214E-19
  3.4625000E+00  3.6813756E-19
  3.4687500E+00  3.4751000E-19
  3.4750000E+00  3.3076865E-19
  3.4812500E+00  3.1737149E-19
  3.4875000E+00  3.0691802E-19
  3.4906250E+00  3.0272064E-19
  3.4937500E+00  2.9920398E-19
  3.5000000E+00  2.9432833E-19
  3.5062500E+00  2.9274284E-19
  3.5093750E+00  2.9343098E-19
  3.5125000E+00  2.9530996E-19
  3.5156250E+00  2.9859219E-19
  3.5187500E+00  3.0361133E-19
  3.5218750E+00  3.1076476E-19
  3.5250000E+00  3.2065714E-19
  3.5281250E+00  3.3412302E-19
  3.5312500E+00  3.5228567E-19
  3.5328125E+00  3.6358216E-19
  3.5343750E+00  3.7662304E-19
  3.5359375E+00  3.9160847E-19
  3.5375000E+00  4.0868830E-19
  3.5390625E+00  4.2792857E-19
  3.5406250E+00  4.4930153E-19
  3.5421875E+00  4.7253762E-19
  3.5437500E+00  4.9716537E-19
  3.5468750E+00  5.4765051E-19
  3.5484375E+00  5.7197173E-19
  3.5500000E+00  5.9478196E-19
  3.5515625E+00  6.1573547E-19
  3.5531250E+00  6.3462819E-19
  3.5546875E+00  6.5145785E-19
  3.5562500E+00  6.6636051E-19
  3.5593750E+00  6.9107295E-19
  3.5625000E+00  7.1027537E-19
  3.5656250E+00  7.2540094E-19
  3.5687500E+00  7.3750312E-19
  3.5718750E+00  7.4730257E-19
  3.5750000E+00  7.5541437E-19
  3.5781250E+00  7.6222144E-19
  3.5812500E+00  7.6802254E-19
  3.5875000E+00  7.7740313E-19
  3.5937500E+00  7.8474416E-19
  3.6000000E+00  7.9073405E-19
  3.6062500E+00  7.9577006E-19
  3.6125000E+00  8.0016869E-19
  3.6250000E+00  8.0771770E-19
  3.6375000E+00  8.1422392E-19
  3.6500000E+00  8.2012194E-19
  3.6750000E+00  8.3116278E-19
  3.7000000E+00  8.4180473E-19
  3.7500000E+00  8.6315504E-19
  3.8000000E+00  8.8504618E-19
  4.0000000E+00  9.7864717E-19
  4.1250000E+00  1.0411198E-18
  4.1875000E+00  1.0731162E-18
  4.2187500E+00  1.0892466E-18
  4.2500000E+00  1.1054428E-18
  4.2812500E+00  1.1216882E-18
  4.2968750E+00  1.1298241E-18
  4.3125000E+00  1.1379660E-18
  4.3203125E+00  1.1420386E-18
  4.3281250E+00  1.1461119E-18
  4.3359375E+00  1.1501857E-18
  4.3398438E+00  1.1522226E-18
  4.3437500E+00  1.1540373E-18
  4.3476562E+00  1.1555779E-18
  4.3515625E+00  1.1571183E-18
  4.3593750E+00  1.1601973E-18
  4.3750000E+00  1.1663431E-18
  4.4062500E+00  1.1785410E-18
  4.4375000E+00  1.1905289E-18
  4.5000000E+00  1.2136464E-18
  4.6250000E+00  1.2578061E-18
  4.7500000E+00  1.2997019E-18
  5.0000000E+00  1.3766164E-18
  5.2500000E+00  1.4446344E-18
  5.5000000E+00  1.5041767E-18
  5.7500000E+00  1.5557603E-18
  6.0000000E+00  1.5999544E-18
  6.2500000E+00  1.6373458E-18
  6.5000000E+00  1.6685178E-18
  6.7500000E+00  1.6940347E-18
  7.0000000E+00  1.7144337E-18
  7.2500000E+00  1.7302188E-18
  7.5000000E+00  1.7418595E-18
  8.0000000E+00  1.7544030E-18
  8.5000000E+00  1.7551051E-18
  9.0000000E+00  1.7464871E-18
  9.5000000E+00  1.7306094E-18
  1.0000000E+01  1.7091425E-18
  1.0500000E+01  1.6834332E-18
  1.1000000E+01  1.6545593E-18
  1.1500000E+01  1.6233860E-18
  1.2000000E+01  1.5906025E-18
  1.3000000E+01  1.5222831E-18
  1.4000000E+01  1.4527795E-18
  1.5000000E+01  1.3840837E-18
  1.6000000E+01  1.3174209E-18
  1.7000000E+01  1.2535091E-18
  1.8000000E+01  1.1927265E-18
  1.9000000E+01  1.1352254E-18
  2.0000000E+01  1.0810106E-18
  2.2000000E+01  9.8202383E-19
  2.4000000E+01  8.9456012E-19
  2.6000000E+01  8.1720915E-19
  2.8000000E+01  7.4864779E-19
  3.0000000E+01  6.8770884E-19
  3.2000000E+01  6.3336025E-19
  3.4000000E+01  5.8470317E-19
  3.6000000E+01  5.4095873E-19
  3.8000000E+01  5.0147172E-19
  4.0000000E+01  4.6570071E-19
  4.2500000E+01  4.2554154E-19
  4.5000000E+01  3.8978227E-19
  4.7500000E+01  3.5783298E-19
  5.0000000E+01  3.2919139E-19
  5.2500000E+01  3.0342983E-19
  5.5000000E+01  2.8018789E-19
  5.7500000E+01  2.5916450E-19
  6.0000000E+01  2.4011329E-19
  6.2500000E+01  2.2281942E-19
  6.5000000E+01  2.0709914E-19
  6.7500000E+01  1.9279114E-19
  7.0000000E+01  1.7974054E-19
  7.2500000E+01  1.6781576E-19
  7.5000000E+01  1.5690299E-19
  8.0000000E+01  1.3771509E-19
  8.2500000E+01  1.2927640E-19
  8.5000000E+01  1.2151293E-19
  8.6250000E+01  1.1786387E-19
  8.7500000E+01  1.1434690E-19
  8.8750000E+01  1.1091909E-19
  9.0000000E+01  1.0761072E-19
  9.2500000E+01  1.0143572E-19
  9.5000000E+01  9.5803690E-20
  9.5625000E+01  9.4471165E-20
  9.6250000E+01  9.3166337E-20
  9.6562500E+01  9.2523919E-20
  9.6718750E+01  9.2205141E-20
  9.6796875E+01  9.2046352E-20
  9.6835938E+01  9.1967105E-20
  9.6855469E+01  9.1927519E-20
  9.6875000E+01  9.1887958E-20
  9.6879883E+01  9.1878072E-20
  9.6884766E+01  9.1868187E-20
  9.6889648E+01  9.1858303E-20
  9.6890259E+01  9.1857068E-20
  9.6890869E+01  9.1855833E-20
  9.6891479E+01  9.1854597E-20
  9.6892090E+01  9.1853362E-20
  9.6892700E+01  9.1852127E-20
  9.6893311E+01  9.1850892E-20
  9.6893921E+01  9.1849656E-20
  9.6894531E+01  9.3758988E-20
  9.6895142E+01  9.3757950E-20
  9.6895752E+01  9.3756912E-20
  9.6896362E+01  9.3755874E-20
  9.6896973E+01  9.3754836E-20
  9.6898193E+01  9.3752761E-20
  9.6899414E+01  9.3750685E-20
  9.6904297E+01  9.3742385E-20
  9.6914062E+01  9.3725792E-20
  9.6933594E+01  9.3692652E-20
  9.6953125E+01  9.3659573E-20
  9.7031250E+01  9.3527847E-20
  9.7187500E+01  9.3267288E-20
  9.7343750E+01  9.3010689E-20
  9.7500000E+01  9.2758183E-20
  9.8125000E+01  9.1792271E-20
  9.8750000E+01  9.0906569E-20
  9.9375000E+01  9.0118694E-20
  1.0000000E+02  8.9454886E-20
  1.0062500E+02  8.8955469E-20
  1.0125000E+02  8.8684892E-20
  1.0156250E+02  8.8666189E-20
  1.0187500E+02  8.8749417E-20
  1.0218750E+02  8.8960387E-20
  1.0250000E+02  8.9334240E-20
  1.0281250E+02  8.9919851E-20
  1.0312500E+02  9.0786864E-20
  1.0343750E+02  9.2037346E-20
  1.0359375E+02  9.2851819E-20
  1.0375000E+02  9.3825893E-20
  1.0390625E+02  9.4993003E-20
  1.0406250E+02  9.6395986E-20
  1.0421875E+02  9.8090449E-20
  1.0437500E+02  1.0014964E-19
  1.0453125E+02  1.0267167E-19
  1.0468750E+02  1.0579036E-19
  1.0484375E+02  1.0969215E-19
  1.0492188E+02  1.1201565E-19
  1.0500000E+02  1.1464320E-19
  1.0507812E+02  1.1762770E-19
  1.0515625E+02  1.2103342E-19
  1.0523438E+02  1.2494282E-19
  1.0531250E+02  1.2945655E-19
  1.0539062E+02  1.3470143E-19
  1.0546875E+02  1.4084232E-19
  1.0554688E+02  1.4809171E-19
  1.0562500E+02  1.5672961E-19
  1.0570312E+02  1.6713050E-19
  1.0574219E+02  1.7314413E-19
  1.0578125E+02  1.7980443E-19
  1.0582031E+02  1.8720458E-19
  1.0585938E+02  1.9546056E-19
  1.0589844E+02  2.0470577E-19
  1.0593750E+02  2.1510839E-19
  1.0597656E+02  2.2686513E-19
  1.0601562E+02  2.4022308E-19
  1.0605469E+02  2.5548454E-19
  1.0609375E+02  2.7303738E-19
  1.0613281E+02  2.9334883E-19
  1.0617188E+02  3.1703672E-19
  1.0621094E+02  3.4489039E-19
  1.0625000E+02  3.7794666E-19
  1.0628906E+02  4.1758534E-19
  1.0630859E+02  4.4043337E-19
  1.0632812E+02  4.6567629E-19
  1.0634766E+02  4.9366192E-19
  1.0636719E+02  5.2480233E-19
  1.0638672E+02  5.5958910E-19
  1.0640625E+02  5.9861670E-19
  1.0642578E+02  6.4259011E-19
  1.0644531E+02  6.9240585E-19
  1.0646484E+02  7.4913122E-19
  1.0648438E+02  8.1409502E-19
  1.0650391E+02  8.8898221E-19
  1.0652344E+02  9.7591628E-19
  1.0654297E+02  1.0776228E-18
  1.0656250E+02  1.1976422E-18
  1.0658203E+02  1.3406395E-18
  1.0659180E+02  1.4226234E-18
  1.0660156E+02  1.5128627E-18
  1.0661133E+02  1.6124736E-18
  1.0662109E+02  1.7228287E-18
  1.0663086E+02  1.8454902E-18
  1.0664062E+02  1.9823912E-18
  1.0665039E+02  2.1357703E-18
  1.0666016E+02  2.3084238E-18
  1.0666992E+02  2.5036625E-18
  1.0667969E+02  2.7255871E-18
  1.0668945E+02  2.9792872E-18
  1.0669922E+02  3.2711876E-18
  1.0670898E+02  3.6091047E-18
  1.0671875E+02  4.0033033E-18
  1.0672852E+02  4.4668751E-18
  1.0673828E+02  5.0169534E-18
  1.0674316E+02  5.3312816E-18
  1.0674805E+02  5.6762755E-18
  1.0675293E+02  6.0560450E-18
  1.0675781E+02  6.4753775E-18
  1.0676270E+02  6.9398885E-18
  1.0676758E+02  7.4562221E-18
  1.0677246E+02  8.0322063E-18
  1.0677734E+02  8.6773706E-18
  1.0678223E+02  9.4028887E-18
  1.0678711E+02  1.0222626E-17
  1.0679199E+02  1.1152777E-17
  1.0679688E+02  1.2214496E-17
  1.0680176E+02  1.3432579E-17
  1.0680664E+02  1.4837862E-17
  1.0681152E+02  1.6470330E-17
  1.0681641E+02  1.8379334E-17
  1.0682129E+02  2.0628286E-17
  1.0682617E+02  2.3298153E-17
  1.0683105E+02  2.6495220E-17
  1.0683350E+02  2.8332868E-17
  1.0683594E+02  3.0357217E-17
  1.0683838E+02  3.2592095E-17
  1.0684082E+02  3.5064719E-17
  1.0684326E+02  3.7808128E-17
  1.0684570E+02  4.0860166E-17
  1.0684814E+02  4.4258499E-17
  1.0685059E+02  4.8051010E-17
  1.0685303E+02  5.2295497E-17
  1.0685547E+02  5.7050330E-17
  1.0686035E+02  6.8365700E-17
  1.0686523E+02  8.2590589E-17
  1.0686768E+02  9.0977731E-17
  1.0687012E+02  1.0029646E-16
  1.0687256E+02  1.1054786E-16
  1.0687500E+02  1.2170281E-16
  1.0687622E+02  1.2758080E-16
  1.0687744E+02  1.3362713E-16
  1.0687866E+02  1.3980676E-16
  1.0687988E+02  1.4607080E-16
  1.0688110E+02  1.5236315E-16
  1.0688232E+02  1.5862159E-16
  1.0688354E+02  1.6476681E-16
  1.0688477E+02  1.7070253E-16
  1.0688721E+02  1.8154596E-16
  1.0688843E+02  1.8623768E-16
  1.0688965E+02  1.9031552E-16
  1.0689087E+02  1.9368249E-16
  1.0689209E+02  1.9620384E-16
  1.0689331E+02  1.9788231E-16
  1.0689453E+02  1.9866923E-16
  1.0689575E+02  1.9848535E-16
  1.0689697E+02  1.9737536E-16
  1.0689819E+02  1.9534883E-16
  1.0689941E+02  1.9247209E-16
  1.0690186E+02  1.8446954E-16
  1.0690430E+02  1.7416521E-16
  1.0690674E+02  1.6238353E-16
  1.0690918E+02  1.4991370E-16
  1.0691162E+02  1.3738658E-16
  1.0691284E+02  1.3125407E-16
  1.0691406E+02  1.2526923E-16
  1.0691528E+02  1.1946636E-16
  1.0691650E+02  1.1386373E-16
  1.0691772E+02  1.0847413E-16
  1.0691895E+02  1.0332082E-16
  1.0692017E+02  9.8409976E-17
  1.0692139E+02  9.3728099E-17
  1.0692261E+02  8.9273248E-17
  1.0692383E+02  8.5055119E-17
  1.0692627E+02  7.7284543E-17
  1.0692871E+02  7.0335904E-17
  1.0693359E+02  5.8606934E-17
  1.0693604E+02  5.3684851E-17
  1.0693848E+02  4.9295311E-17
  1.0694092E+02  4.5372054E-17
  1.0694336E+02  4.1856539E-17
  1.0694580E+02  3.8704561E-17
  1.0694824E+02  3.5871694E-17
  1.0695068E+02  3.3319444E-17
  1.0695312E+02  3.1016566E-17
  1.0695801E+02  2.7038012E-17
  1.0696045E+02  2.5317356E-17
  1.0696289E+02  2.3748791E-17
  1.0696533E+02  2.2316617E-17
  1.0696777E+02  2.1005949E-17
  1.0697266E+02  1.8698924E-17
  1.0697754E+02  1.6742636E-17
  1.0698242E+02  1.5071629E-17
  1.0698730E+02  1.3634269E-17
  1.0699219E+02  1.2389923E-17
  1.0699707E+02  1.1306166E-17
  1.0700195E+02  1.0357202E-17
  1.0700684E+02  9.5219532E-18
  1.0701172E+02  8.7829995E-18
  1.0701660E+02  8.1263771E-18
  1.0702148E+02  7.5405086E-18
  1.0702637E+02  7.0156368E-18
  1.0703125E+02  6.5437217E-18
  1.0703613E+02  6.1179063E-18
  1.0704102E+02  5.7324645E-18
  1.0704590E+02  5.3824306E-18
  1.0705078E+02  5.0637183E-18
  1.0706055E+02  4.5062319E-18
  1.0707031E+02  4.0367615E-18
  1.0708008E+02  3.6378265E-18
  1.0708984E+02  3.2960342E-18
  1.0709961E+02  3.0010320E-18
  1.0710938E+02  2.7446692E-18
  1.0711914E+02  2.5204951E-18
  1.0712891E+02  2.3234670E-18
  1.0713867E+02  2.1492526E-18
  1.0714844E+02  1.9945488E-18
  1.0715820E+02  1.8565192E-18
  1.0716797E+02  1.7328871E-18
  1.0717773E+02  1.6216995E-18
  1.0718750E+02  1.5213605E-18
  1.0719727E+02  1.4304976E-18
  1.0720703E+02  1.3479612E-18
  1.0722656E+02  1.2040671E-18
  1.0724609E+02  1.0833584E-18
  1.0726562E+02  9.8111847E-19
  1.0728516E+02  8.9376986E-19
  1.0730469E+02  8.1856506E-19
  1.0732422E+02  7.5334083E-19
  1.0734375E+02  6.9643485E-19
  1.0736328E+02  6.4648876E-19
  1.0738281E+02  6.0240535E-19
  1.0740234E+02  5.6330877E-19
  1.0742188E+02  5.2848082E-19
  1.0744141E+02  4.9732006E-19
  1.0746094E+02  4.6933525E-19
  1.0748047E+02  4.4410751E-19
  1.0750000E+02  4.2129278E-19
  1.0753906E+02  3.8175485E-19
  1.0757812E+02  3.4884182E-19
  1.0761719E+02  3.2116710E-19
  1.0765625E+02  2.9768998E-19
  1.0769531E+02  2.7761738E-19
  1.0773438E+02  2.6033535E-19
  1.0777344E+02  2.4536199E-19
  1.0781250E+02  2.3232879E-19
  1.0785156E+02  2.2091886E-19
  1.0789062E+02  2.1089580E-19
  1.0792969E+02  2.0205680E-19
  1.0796875E+02  1.9424291E-19
  1.0804688E+02  1.8117106E-19
  1.0812500E+02  1.7086179E-19
  1.0820312E+02  1.6274829E-19
  1.0824219E+02  1.5938691E-19
  1.0828125E+02  1.5643803E-19
  1.0835938E+02  1.5166510E-19
  1.0843750E+02  1.4826203E-19
  1.0851562E+02  1.4614505E-19
  1.0859375E+02  1.4531055E-19
  1.0867188E+02  1.4584304E-19
  1.0875000E+02  1.4793753E-19
  1.0878906E+02  1.4967304E-19
  1.0882812E+02  1.5194579E-19
  1.0886719E+02  1.5484034E-19
  1.0890625E+02  1.5845851E-19
  1.0894531E+02  1.6294691E-19
  1.0898438E+02  1.6847934E-19
  1.0902344E+02  1.7529822E-19
  1.0906250E+02  1.8372623E-19
  1.0910156E+02  1.9420374E-19
  1.0914062E+02  2.0734354E-19
  1.0916016E+02  2.1517021E-19
  1.0917969E+02  2.2401714E-19
  1.0919922E+02  2.3405385E-19
  1.0921875E+02  2.4549941E-19
  1.0923828E+02  2.5860687E-19
  1.0925781E+02  2.7370619E-19
  1.0927734E+02  2.9120762E-19
  1.0929688E+02  3.1163482E-19
  1.0931641E+02  3.3566301E-19
  1.0933594E+02  3.6417511E-19
  1.0935547E+02  3.9834283E-19
  1.0936523E+02  4.1802269E-19
  1.0937500E+02  4.3974803E-19
  1.0938477E+02  4.6381680E-19
  1.0939453E+02  4.9056746E-19
  1.0940430E+02  5.2042129E-19
  1.0941406E+02  5.5385979E-19
  1.0942383E+02  5.9149661E-19
  1.0943359E+02  6.3403768E-19
  1.0944336E+02  6.8239323E-19
  1.0945312E+02  7.3762140E-19
  1.0946289E+02  8.0116035E-19
  1.0947266E+02  8.7468051E-19
  1.0948242E+02  9.6038949E-19
  1.0949219E+02  1.0611208E-18
  1.0950195E+02  1.1805716E-18
  1.0950684E+02  1.2487765E-18
  1.0951172E+02  1.3236241E-18
  1.0951660E+02  1.4059712E-18
  1.0952148E+02  1.4968670E-18
  1.0952637E+02  1.5974861E-18
  1.0953125E+02  1.7092966E-18
  1.0953613E+02  1.8339401E-18
  1.0954102E+02  1.9734983E-18
  1.0954590E+02  2.1303208E-18
  1.0955078E+02  2.3074122E-18
  1.0955566E+02  2.5082066E-18
  1.0956055E+02  2.7372625E-18
  1.0956543E+02  2.9997623E-18
  1.0957031E+02  3.3024100E-18
  1.0957520E+02  3.6537578E-18
  1.0958008E+02  4.0640337E-18
  1.0958496E+02  4.5469131E-18
  1.0958740E+02  4.8208000E-18
  1.0958984E+02  5.1198261E-18
  1.0959229E+02  5.4466512E-18
  1.0959473E+02  5.8047025E-18
  1.0959717E+02  6.1980947E-18
  1.0959961E+02  6.6313013E-18
  1.0960205E+02  7.1091334E-18
  1.0960449E+02  7.6374043E-18
  1.0960693E+02  8.2232280E-18
  1.0960938E+02  8.8742142E-18
  1.0961182E+02  9.5990198E-18
  1.0961426E+02  1.0407927E-17
  1.0961670E+02  1.1312303E-17
  1.0961914E+02  1.2324768E-17
  1.0962402E+02  1.4734046E-17
  1.0962891E+02  1.7764953E-17
  1.0963135E+02  1.9554161E-17
  1.0963379E+02  2.1545497E-17
  1.0963501E+02  2.2618275E-17
  1.0963623E+02  2.3742184E-17
  1.0963745E+02  2.4917715E-17
  1.0963867E+02  2.6141458E-17
  1.0963989E+02  2.7408971E-17
  1.0964111E+02  2.8718212E-17
  1.0964233E+02  3.0061522E-17
  1.0964355E+02  3.1428897E-17
  1.0964478E+02  3.2809458E-17
  1.0964600E+02  3.4189881E-17
  1.0964722E+02  3.5556046E-17
  1.0964844E+02  3.6887350E-17
  1.0965088E+02  3.9357716E-17
  1.0965332E+02  4.1419433E-17
  1.0965454E+02  4.2243585E-17
  1.0965576E+02  4.2902297E-17
  1.0965698E+02  4.3378810E-17
  1.0965820E+02  4.3652495E-17
  1.0965942E+02  4.3715198E-17
  1.0966064E+02  4.3576366E-17
  1.0966187E+02  4.3231595E-17
  1.0966309E+02  4.2695356E-17
  1.0966553E+02  4.1104720E-17
  1.0966797E+02  3.8958502E-17
  1.0967041E+02  3.6436967E-17
  1.0967285E+02  3.3720553E-17
  1.0967529E+02  3.0961182E-17
  1.0967773E+02  2.8269376E-17
  1.0968018E+02  2.5719159E-17
  1.0968262E+02  2.3353745E-17
  1.0968506E+02  2.1193011E-17
  1.0968750E+02  1.9237649E-17
  1.0969238E+02  1.5910321E-17
  1.0969482E+02  1.4508884E-17
  1.0969727E+02  1.3259792E-17
  1.0969971E+02  1.2146412E-17
  1.0970215E+02  1.1153037E-17
  1.0970459E+02  1.0266209E-17
  1.0970703E+02  9.4725414E-18
  1.0970947E+02  8.7610687E-18
  1.0971191E+02  8.1219441E-18
  1.0971680E+02  7.0273975E-18
  1.0971924E+02  6.5578348E-18
  1.0972168E+02  6.1319828E-18
  1.0972412E+02  5.7449004E-18
  1.0972656E+02  5.3924485E-18
  1.0973145E+02  4.7765328E-18
  1.0973633E+02  4.2590290E-18
  1.0974121E+02  3.8207118E-18
  1.0974609E+02  3.4465921E-18
  1.0975098E+02  3.1251705E-18
  1.0975586E+02  2.8471392E-18
  1.0976074E+02  2.6052982E-18
  1.0976562E+02  2.3936672E-18
  1.0977051E+02  2.2075163E-18
  1.0977539E+02  2.0429629E-18
  1.0978027E+02  1.8968889E-18
  1.0978516E+02  1.7666373E-18
  1.0979004E+02  1.6500477E-18
  1.0979492E+02  1.5452782E-18
  1.0979980E+02  1.4508355E-18
  1.0980469E+02  1.3654031E-18
  1.0980957E+02  1.2878965E-18
  1.0981445E+02  1.2173671E-18
  1.0982422E+02  1.0941600E-18
  1.0983398E+02  9.9059349E-19
  1.0984375E+02  9.0275940E-19
  1.0985352E+02  8.2767046E-19
  1.0986328E+02  7.6301670E-19
  1.0987305E+02  7.0698611E-19
  1.0988281E+02  6.5814972E-19
  1.0989258E+02  6.1534983E-19
  1.0990234E+02  5.7767741E-19
  1.0991211E+02  5.4437423E-19
  1.0992188E+02  5.1481521E-19
  1.0993164E+02  4.8849492E-19
  1.0994141E+02  4.6498975E-19
  1.0996094E+02  4.2506255E-19
  1.0998047E+02  3.9281344E-19
  1.1000000E+02  3.6662255E-19
  1.1001953E+02  3.4534671E-19
  1.1003906E+02  3.2814488E-19
  1.1005859E+02  3.1438808E-19
  1.1007812E+02  3.0362092E-19
  1.1009766E+02  2.9552630E-19
  1.1011719E+02  2.8989066E-19
  1.1013672E+02  2.8662807E-19
  1.1015625E+02  2.8571129E-19
  1.1017578E+02  2.8723382E-19
  1.1019531E+02  2.9139901E-19
  1.1021484E+02  2.9854773E-19
  1.1023438E+02  3.0920278E-19
  1.1025391E+02  3.2413743E-19
  1.1026367E+02  3.3354447E-19
  1.1027344E+02  3.4448798E-19
  1.1028320E+02  3.5718949E-19
  1.1029297E+02  3.7193663E-19
  1.1030273E+02  3.8906279E-19
  1.1031250E+02  4.0902061E-19
  1.1032227E+02  4.3232944E-19
  1.1033203E+02  4.5967749E-19
  1.1034180E+02  4.9193664E-19
  1.1035156E+02  5.3023638E-19
  1.1036133E+02  5.7605396E-19
  1.1037109E+02  6.3135289E-19
  1.1038086E+02  6.9878784E-19
  1.1038574E+02  7.3814289E-19
  1.1039062E+02  7.8200922E-19
  1.1039551E+02  8.3105648E-19
  1.1040039E+02  8.8613144E-19
  1.1040527E+02  9.4820450E-19
  1.1041016E+02  1.0185026E-18
  1.1041504E+02  1.0984479E-18
  1.1041992E+02  1.1899019E-18
  1.1042480E+02  1.2950621E-18
  1.1042969E+02  1.4167145E-18
  1.1043457E+02  1.5582924E-18
  1.1043945E+02  1.7243522E-18
  1.1044434E+02  1.9204489E-18
  1.1044922E+02  2.1538901E-18
  1.1045410E+02  2.4342094E-18
  1.1045654E+02  2.5956933E-18
  1.1045898E+02  2.7738774E-18
  1.1046143E+02  2.9708516E-18
  1.1046387E+02  3.1891056E-18
  1.1046875E+02  3.7016404E-18
  1.1047119E+02  4.0028589E-18
  1.1047363E+02  4.3395441E-18
  1.1047607E+02  4.7165621E-18
  1.1047852E+02  5.1393086E-18
  1.1048828E+02  7.4083871E-18
  1.1049072E+02  8.1495893E-18
  1.1049316E+02  8.9690577E-18
  1.1049561E+02  9.8646455E-18
  1.1049805E+02  1.0829503E-17
  1.1050049E+02  1.1846206E-17
  1.1050293E+02  1.2885490E-17
  1.1050537E+02  1.3905063E-17
  1.1050781E+02  1.4846023E-17
  1.1051025E+02  1.5642540E-17
  1.1051270E+02  1.6225675E-17
  1.1051392E+02  1.6416023E-17
  1.1051514E+02  1.6534240E-17
  1.1051636E+02  1.6574991E-17
  1.1051758E+02  1.6538203E-17
  1.1051880E+02  1.6427674E-17
  1.1052002E+02  1.6240079E-17
  1.1052124E+02  1.5982329E-17
  1.1052246E+02  1.5663677E-17
  1.1052490E+02  1.4873083E-17
  1.1052734E+02  1.3935203E-17
  1.1052856E+02  1.3432667E-17
  1.1052979E+02  1.2918126E-17
  1.1053101E+02  1.2398418E-17
  1.1053223E+02  1.1879454E-17
  1.1053345E+02  1.1366318E-17
  1.1053467E+02  1.0862864E-17
  1.1053711E+02  9.8975778E-18
  1.1053955E+02  9.0005007E-18
  1.1054199E+02  8.1793477E-18
  1.1054443E+02  7.4369346E-18
  1.1054688E+02  6.7693980E-18
  1.1055176E+02  5.6389806E-18
  1.1055664E+02  4.7411110E-18
  1.1055908E+02  4.3638572E-18
  1.1056152E+02  4.0271598E-18
  1.1056396E+02  3.7260368E-18
  1.1056641E+02  3.4562015E-18
  1.1056885E+02  3.2140187E-18
  1.1057129E+02  2.9961953E-18
  1.1057373E+02  2.7998122E-18
  1.1057617E+02  2.6223965E-18
  1.1057861E+02  2.4616968E-18
  1.1058105E+02  2.3158111E-18
  1.1058350E+02  2.1831723E-18
  1.1058594E+02  2.0623075E-18
  1.1058838E+02  1.9519280E-18
  1.1059082E+02  1.8509178E-18
  1.1059570E+02  1.6734105E-18
  1.1060059E+02  1.5233129E-18
  1.1060547E+02  1.3957160E-18
  1.1061035E+02  1.2866783E-18
  1.1061523E+02  1.1931714E-18
  1.1062012E+02  1.1128004E-18
  1.1062500E+02  1.0436793E-18
  1.1062988E+02  9.8427399E-19
  1.1063477E+02  9.3345205E-19
  1.1064453E+02  8.5431653E-19
  1.1064941E+02  8.2501997E-19
  1.1065430E+02  8.0233849E-19
  1.1065918E+02  7.8651893E-19
  1.1066406E+02  7.7814778E-19
  1.1066650E+02  7.7711551E-19
  1.1066895E+02  7.7846414E-19
  1.1067139E+02  7.8248932E-19
  1.1067383E+02  7.8956181E-19
  1.1067627E+02  8.0020648E-19
  1.1067871E+02  8.1504254E-19
  1.1068115E+02  8.3499238E-19
  1.1068359E+02  8.6103318E-19
  1.1068481E+02  8.7682595E-19
  1.1068604E+02  8.9478128E-19
  1.1068726E+02  9.1502141E-19
  1.1068848E+02  9.3788637E-19
  1.1068970E+02  9.6367488E-19
  1.1069092E+02  9.9254425E-19
  1.1069214E+02  1.0250779E-18
  1.1069336E+02  1.0615654E-18
  1.1069580E+02  1.1467633E-18
  1.1069702E+02  1.1958477E-18
  1.1069824E+02  1.2490874E-18
  1.1069946E+02  1.3061461E-18
  1.1070068E+02  1.3662962E-18
  1.1070312E+02  1.4919547E-18
  1.1070557E+02  1.6166267E-18
  1.1070679E+02  1.6756897E-18
  1.1070801E+02  1.7315906E-18
  1.1070923E+02  1.7834562E-18
  1.1071045E+02  1.8310789E-18
  1.1071289E+02  1.9141030E-18
  1.1071777E+02  2.0372251E-18
  1.1072021E+02  2.0818394E-18
  1.1072266E+02  2.1182453E-18
  1.1072510E+02  2.1480904E-18
  1.1072754E+02  2.1727682E-18
  1.1073242E+02  2.2105196E-18
  1.1073730E+02  2.2373820E-18
  1.1074219E+02  2.2569988E-18
  1.1074707E+02  2.2715339E-18
  1.1075195E+02  2.2824640E-18
  1.1075684E+02  2.2908310E-18
  1.1076172E+02  2.2973148E-18
  1.1077148E+02  2.3062572E-18
  1.1078125E+02  2.3116168E-18
  1.1080078E+02  2.3170669E-18
  1.1082031E+02  2.3191009E-18
  1.1083984E+02  2.3198733E-18
  1.1085938E+02  2.3202794E-18
  1.1089844E+02  2.3213869E-18
  1.1093750E+02  2.3235721E-18
  1.1125000E+02  2.3690976E-18
  1.1132812E+02  2.3846693E-18
  1.1140625E+02  2.4008986E-18
  1.1144531E+02  2.4090006E-18
  1.1146484E+02  2.4128927E-18
  1.1147461E+02  2.4147280E-18
  1.1148438E+02  2.4163949E-18
  1.1150391E+02  2.4184042E-18
  1.1151367E+02  2.4184005E-18
  1.1152344E+02  2.4179662E-18
  1.1154297E+02  2.4166769E-18
  1.1156250E+02  2.4151572E-18
  1.1160156E+02  2.4117857E-18
  1.1164062E+02  2.4082677E-18
  1.1171875E+02  2.4011165E-18
  1.1187500E+02  2.3868439E-18
  1.1218750E+02  2.3592318E-18
  1.1250000E+02  2.3331324E-18
  1.1312500E+02  2.2849240E-18
  1.1375000E+02  2.2405763E-18
  1.1437500E+02  2.1994664E-18
  1.1500000E+02  2.1611925E-18
  1.1750000E+02  2.0298161E-18
  1.1875000E+02  1.9749104E-18
  1.2000000E+02  1.9251022E-18
  1.2125000E+02  1.8796234E-18
  1.2250000E+02  1.8377557E-18
  1.2500000E+02  1.7626970E-18
  1.2750000E+02  1.6964425E-18
  1.3000000E+02  1.6366639E-18
  1.3250000E+02  1.5816254E-18
  1.3500000E+02  1.5301333E-18
  1.3750000E+02  1.4813626E-18
  1.4000000E+02  1.4346728E-18
  1.4250000E+02  1.3896538E-18
  1.4500000E+02  1.3460163E-18
  1.5000000E+02  1.2622201E-18
  1.5500000E+02  1.1825923E-18
  1.6000000E+02  1.1070496E-18
  1.7000000E+02  9.6887078E-19
  1.7500000E+02  9.0650604E-19
  1.8000000E+02  8.4864214E-19
  1.8500000E+02  7.9517336E-19
  1.9000000E+02  7.4587294E-19
  2.0000000E+02  6.5872059E-19
  2.1000000E+02  5.8487984E-19
  2.2000000E+02  5.2196891E-19
  2.2500000E+02  4.9396496E-19
  2.3000000E+02  4.6796225E-19
  2.4000000E+02  4.2121693E-19
  2.5000000E+02  3.8043725E-19
  2.6000000E+02  3.4467147E-19
  2.7000000E+02  3.1316553E-19
  2.8000000E+02  2.8527894E-19
  2.9000000E+02  2.6055321E-19
  3.0000000E+02  2.3854482E-19
  3.2000000E+02  2.0142667E-19
  3.3000000E+02  1.8580177E-19
  3.4000000E+02  1.7179165E-19
  3.5000000E+02  1.5914854E-19
  3.6000000E+02  1.4770394E-19
  3.8000000E+02  1.2793595E-19
  3.9000000E+02  1.1937693E-19
  4.0000000E+02  1.1154745E-19
  4.1250000E+02  1.0266952E-19
  4.2500000E+02  9.4699936E-20
  4.3750000E+02  8.7530625E-20
  4.5000000E+02  8.1054832E-20
  4.6250000E+02  7.5189981E-20
  4.7500000E+02  6.9875331E-20
  4.8750000E+02  6.5051044E-20
  5.0000000E+02  6.0657915E-20
  5.1250000E+02  5.6648538E-20
  5.2500000E+02  5.2986208E-20
  5.3750000E+02  4.9634673E-20
  5.5000000E+02  4.6558052E-20
  5.6250000E+02  4.3727309E-20
  5.7500000E+02  4.1119572E-20
  5.8750000E+02  3.8712225E-20
  6.0000000E+02  3.6482965E-20
  6.1250000E+02  3.4415393E-20
  6.2500000E+02  3.2498446E-20
  6.5000000E+02  2.9073079E-20
  6.7500000E+02  2.6120167E-20
  6.8750000E+02  2.4793788E-20
  7.0000000E+02  2.3553177E-20
  7.1250000E+02  2.2390743E-20
  7.2500000E+02  2.1301704E-20
  7.5000000E+02  1.9325183E-20
  7.7500000E+02  1.7586352E-20
  8.0000000E+02  1.6048015E-20
  8.2500000E+02  1.4679140E-20
  8.5000000E+02  1.3460045E-20
  8.7500000E+02  1.2372285E-20
  9.0000000E+02  1.1397446E-20
  9.2500000E+02  1.0519964E-20
  9.5000000E+02  9.7295324E-21
  9.7500000E+02  9.0164219E-21
  1.0000000E+03  8.3709166E-21
  1.0250000E+03  7.7845863E-21
  1.0500000E+03  7.2513719E-21
  1.0750000E+03  6.7654750E-21
  1.1000000E+03  6.3211068E-21
  1.1250000E+03  5.9134386E-21
  1.1500000E+03  5.5394114E-21
  1.2000000E+03  4.8808202E-21
  1.2250000E+03  4.5905264E-21
  1.2500000E+03  4.3224188E-21
  1.2750000E+03  4.0741113E-21
  1.3000000E+03  3.8440970E-21
  1.3500000E+03  3.4333120E-21
  1.4000000E+03  3.0787934E-21
  1.4500000E+03  2.7703194E-21
  1.5000000E+03  2.5004925E-21
  1.5500000E+03  2.2632100E-21
  1.6000000E+03  2.0545774E-21
  1.7000000E+03  1.7091613E-21
  1.7250000E+03  1.6352053E-21
  1.7500000E+03  1.5653271E-21
  1.7750000E+03  1.4991318E-21
  1.8000000E+03  1.4364060E-21
  1.8500000E+03  1.3206924E-21
  1.9000000E+03  1.2168452E-21
  1.9500000E+03  1.1235230E-21
  2.0000000E+03  1.0393845E-21
  2.0500000E+03  9.6318833E-22
  2.1000000E+03  8.9409300E-22
  2.1500000E+03  8.3135690E-22
  2.2000000E+03  7.7423842E-22
  2.2500000E+03  7.2205281E-22
  2.3000000E+03  6.7434256E-22
  2.4000000E+03  5.9074549E-22
  2.4500000E+03  5.5405733E-22
  2.5000000E+03  5.2024185E-22
  2.5500000E+03  4.8894005E-22
  2.6000000E+03  4.5995954E-22
  2.7000000E+03  4.0835944E-22
  2.8000000E+03  3.6423571E-22
  2.9000000E+03  3.2638249E-22
  2.9500000E+03  3.0943049E-22
  3.0000000E+03  2.9359392E-22
  3.0500000E+03  2.7873884E-22
  3.1000000E+03  2.6479844E-22
  3.2000000E+03  2.3946156E-22
  3.4000000E+03  1.9756286E-22
  3.5000000E+03  1.8020064E-22
  3.6000000E+03  1.6473211E-22
  3.7000000E+03  1.5093628E-22
  3.8000000E+03  1.3862802E-22
  3.9000000E+03  1.2762220E-22
  4.0000000E+03  1.1773368E-22
  4.1250000E+03  1.0669558E-22
  4.2500000E+03  9.6952715E-23
  4.3750000E+03  8.8343819E-23
  4.5000000E+03  8.0707614E-23
  4.6250000E+03  7.3895586E-23
  4.7500000E+03  6.7810267E-23
  4.8750000E+03  6.2366954E-23
  5.0000000E+03  5.7480939E-23
  5.1250000E+03  5.3074083E-23
  5.2500000E+03  4.9094519E-23
  5.3750000E+03  4.5496942E-23
  5.5000000E+03  4.2236051E-23
  5.6250000E+03  3.9269521E-23
  5.7500000E+03  3.6566936E-23
  5.8750000E+03  3.4100859E-23
  6.0000000E+03  3.1843854E-23
  6.1250000E+03  2.9770917E-23
  6.2500000E+03  2.7866796E-23
  6.5000000E+03  2.4513725E-23
  6.7500000E+03  2.1682094E-23
  6.8750000E+03  2.0429773E-23
  7.0000000E+03  1.9269358E-23
  7.1250000E+03  1.8189374E-23
  7.2500000E+03  1.7183723E-23
  7.5000000E+03  1.5376408E-23
  7.7500000E+03  1.3809384E-23
  7.8750000E+03  1.3104096E-23
  8.0000000E+03  1.2444621E-23
  8.1250000E+03  1.1826599E-23
  8.2500000E+03  1.1247256E-23
  8.5000000E+03  1.0195084E-23
  8.7500000E+03  9.2690645E-24
  9.0000000E+03  8.4501584E-24
  9.2500000E+03  7.7209740E-24
  9.5000000E+03  7.0707150E-24
  9.7500000E+03  6.4902338E-24
  1.0000000E+04  5.9703826E-24
  1.0250000E+04  5.5026779E-24
  1.0500000E+04  5.0812932E-24
  1.0750000E+04  4.7010661E-24
  1.1000000E+04  4.3568344E-24
  1.1250000E+04  4.0438700E-24
  1.1500000E+04  3.7591825E-24
  1.2000000E+04  3.2644136E-24
  1.2250000E+04  3.0492202E-24
  1.2500000E+04  2.8520792E-24
  1.2750000E+04  2.6706744E-24
  1.3000000E+04  2.5036482E-24
  1.3500000E+04  2.2082607E-24
  1.3750000E+04  2.0776638E-24
  1.4000000E+04  1.9569745E-24
  1.4250000E+04  1.8451431E-24
  1.4500000E+04  1.7413923E-24
  1.4750000E+04  1.6450129E-24
  1.5000000E+04  1.5552956E-24
  1.5250000E+04  1.4715927E-24
  1.5500000E+04  1.3935013E-24
  1.6000000E+04  1.2527884E-24
  1.7000000E+04  1.0236841E-24
  1.7250000E+04  9.7531736E-25
  1.7500000E+04  9.2983167E-25
  1.7750000E+04  8.8692220E-25
  1.8000000E+04  8.4642998E-25
  1.8500000E+04  7.7220719E-25
  1.9000000E+04  7.0618320E-25
  1.9500000E+04  6.4737790E-25
  2.0000000E+04  5.9481116E-25
  2.0500000E+04  5.4757833E-25
  2.1000000E+04  5.0507662E-25
  2.1500000E+04  4.6677866E-25
  2.2000000E+04  4.3215710E-25
  2.2500000E+04  4.0072746E-25
  2.3000000E+04  3.7217673E-25
  2.4000000E+04  3.2263138E-25
  2.4500000E+04  3.0109647E-25
  2.5000000E+04  2.8135986E-25
  2.5500000E+04  2.6318033E-25
  2.6000000E+04  2.4643228E-25
  2.7000000E+04  2.1684394E-25
  2.8000000E+04  1.9182146E-25
  2.9000000E+04  1.7059145E-25
  2.9500000E+04  1.6115695E-25
  3.0000000E+04  1.5238054E-25
  3.0500000E+04  1.4417667E-25
  3.1000000E+04  1.3650418E-25
  3.2000000E+04  1.2263313E-25
  3.4000000E+04  9.9945471E-26
  3.4500000E+04  9.5151283E-26
  3.5000000E+04  9.0648089E-26
  3.5500000E+04  8.6408607E-26
  3.6000000E+04  8.2416618E-26
  3.7000000E+04  7.5121294E-26
  3.8000000E+04  6.8654479E-26
  3.9000000E+04  6.2908536E-26
  3.9500000E+04  6.0272254E-26
  4.0000000E+04  5.7775825E-26
  4.0625000E+04  5.4833960E-26
  4.1250000E+04  5.2078308E-26
  4.2500000E+04  4.7080505E-26
  4.3750000E+04  4.2692141E-26
  4.5000000E+04  3.8822939E-26
  4.6250000E+04  3.5389949E-26
  4.7500000E+04  3.2339529E-26
  4.8750000E+04  2.9625363E-26
  5.0000000E+04  2.7201135E-26
  5.1250000E+04  2.5024256E-26
  5.2500000E+04  2.3067050E-26
  5.3750000E+04  2.1305568E-26
  5.5000000E+04  1.9715859E-26
  5.6250000E+04  1.8275559E-26
  5.7500000E+04  1.6968640E-26
  5.8750000E+04  1.5780656E-26
  6.0000000E+04  1.4697164E-26
  6.1250000E+04  1.3705044E-26
  6.2500000E+04  1.2796482E-26
  6.5000000E+04  1.1204082E-26
  6.7500000E+04  9.8680561E-27
  6.8750000E+04  9.2799632E-27
  7.0000000E+04  8.7364993E-27
  7.1250000E+04  8.2318670E-27
  7.2500000E+04  7.7630326E-27
  7.5000000E+04  6.9233854E-27
  7.7500000E+04  6.1988143E-27
  7.8750000E+04  5.8738250E-27
  8.0000000E+04  5.5705759E-27
  8.1250000E+04  5.2869233E-27
  8.2500000E+04  5.0215210E-27
  8.5000000E+04  4.5408789E-27
  8.7500000E+04  4.1194728E-27
  9.0000000E+04  3.7481264E-27
  9.2500000E+04  3.4184710E-27
  9.5000000E+04  3.1253699E-27
  9.7500000E+04  2.8644941E-27
  1.0000000E+05  2.6315147E-27
  1.0250000E+05  2.4224231E-27
  1.0500000E+05  2.2344915E-27
  1.0750000E+05  2.0653126E-27
  1.1000000E+05  1.9124787E-27
  1.1250000E+05  1.7737884E-27
  1.1500000E+05  1.6478635E-27
  1.2000000E+05  1.4296199E-27
  1.2250000E+05  1.3349567E-27
  1.2500000E+05  1.2483692E-27
  1.2750000E+05  1.1687965E-27
  1.3000000E+05  1.0956230E-27
  1.3500000E+05  9.6645554E-28
  1.3750000E+05  9.0945296E-28
  1.4000000E+05  8.5683196E-28
  1.4250000E+05  8.0811942E-28
  1.4500000E+05  7.6296711E-28
  1.4750000E+05  7.2105806E-28
  1.5000000E+05  6.8207530E-28
  1.5250000E+05  6.4572951E-28
  1.5500000E+05  6.1184206E-28
  1.6000000E+05  5.5083826E-28
  1.7000000E+05  4.5168770E-28
  1.7250000E+05  4.3078125E-28
  1.7500000E+05  4.1112533E-28
  1.7750000E+05  3.9258524E-28
  1.8000000E+05  3.7509139E-28
  1.8500000E+05  3.4302923E-28
  1.9000000E+05  3.1451244E-28
  1.9500000E+05  2.8911459E-28
  2.0000000E+05  2.6640928E-28
  2.0500000E+05  2.4600310E-28
  2.1000000E+05  2.2763467E-28
  2.1500000E+05  2.1107562E-28
  2.2000000E+05  1.9609758E-28
  2.2500000E+05  1.8249087E-28
  2.3000000E+05  1.7012059E-28
  2.4000000E+05  1.4862450E-28
  2.4500000E+05  1.3926627E-28
  2.5000000E+05  1.3067964E-28
  2.5500000E+05  1.2276088E-28
  2.6000000E+05  1.1545615E-28
  2.7000000E+05  1.0252339E-28
  2.8000000E+05  9.1550532E-29
  2.9000000E+05  8.2206739E-29
  2.9500000E+05  7.8042358E-29
  3.0000000E+05  7.4161180E-29
  3.0500000E+05  7.0526606E-29
  3.1000000E+05  6.7121042E-29
  3.2000000E+05  6.0945590E-29
  3.4000000E+05  5.0777882E-29
  3.5000000E+05  4.6580196E-29
  3.6000000E+05  4.2845756E-29
  3.7000000E+05  3.9518958E-29
  3.8000000E+05  3.6553620E-29
  3.9000000E+05  3.3903560E-29
  4.0000000E+05  3.1522597E-29
  4.1250000E+05  2.8862982E-29
  4.2500000E+05  2.6512653E-29
  4.3750000E+05  2.4432591E-29
  4.5000000E+05  2.2583778E-29
  4.6250000E+05  2.0930330E-29
  4.7500000E+05  1.9448888E-29
  5.0000000E+05  1.6921129E-29
  5.0000020E+05  1.6921111E-29
  5.0000040E+05  1.6921093E-29
  5.0000060E+05  1.6921075E-29
  5.0000080E+05  1.6921056E-29
  5.0000100E+05  1.6921038E-29
  5.2500000E+05  1.4851568E-29
  5.5000000E+05  1.3142717E-29
  5.7500000E+05  1.1715425E-29
  6.0000000E+05  1.0512447E-29
  6.2500000E+05  9.4866728E-30
  6.5000000E+05  8.6096417E-30
  6.7500000E+05  7.8575530E-30
  7.0000000E+05  7.2066061E-30
  7.2500000E+05  6.6354863E-30
  7.5000000E+05  6.1327832E-30
  8.0000000E+05  5.2965041E-30
  8.5000000E+05  4.6318217E-30
  9.0000000E+05  4.0964017E-30
  9.5000000E+05  3.6570249E-30
  1.0000000E+06  3.2925540E-30
  1.1000000E+06  2.7263066E-30
  1.2000000E+06  2.3106933E-30
  1.3000000E+06  1.9961659E-30
  1.4000000E+06  1.7509761E-30
  1.5000000E+06  1.5555174E-30
  1.6000000E+06  1.3963103E-30
  1.7000000E+06  1.2652602E-30
  1.8000000E+06  1.1554781E-30
  1.9000000E+06  1.0620337E-30
  2.0000000E+06  9.8193664E-31
  2.2000000E+06  8.5184798E-31
  2.4000000E+06  7.5102294E-31
  2.6000000E+06  6.7078193E-31
  2.8000000E+06  6.0552198E-31
  3.0000000E+06  5.5147855E-31
  3.2000000E+06  5.0603592E-31
  3.4000000E+06  4.6732397E-31
  3.6000000E+06  4.3397240E-31
  3.8000000E+06  4.0495556E-31
  4.0000000E+06  3.7949127E-31
  4.2500000E+06  3.5174577E-31
  4.5000000E+06  3.2770389E-31
  4.7500000E+06  3.0667882E-31
  5.0000000E+06  2.8814237E-31
  5.2500000E+06  2.7168200E-31
  5.5000000E+06  2.5697092E-31
  5.7500000E+06  2.4374707E-31
  6.0000000E+06  2.3179789E-31
  6.2500000E+06  2.2094923E-31
  6.5000000E+06  2.1105708E-31
  6.7500000E+06  2.0200136E-31
  7.0000000E+06  1.9368117E-31
  7.2500000E+06  1.8601112E-31
  7.5000000E+06  1.7891845E-31
  8.0000000E+06  1.6622456E-31
  8.5000000E+06  1.5519583E-31
  9.0000000E+06  1.4552676E-31
  9.5000000E+06  1.3698195E-31
  1.0000000E+07  1.2937718E-31
  1.1000000E+07  1.1643157E-31
  1.2000000E+07  1.0582635E-31
  1.3000000E+07  9.6981844E-32
  1.4000000E+07  8.9494722E-32
  1.5000000E+07  8.3075791E-32
  1.6000000E+07  7.7512367E-32
  1.7000000E+07  7.2644590E-32
  1.8000000E+07  6.8350009E-32
  1.9000000E+07  6.4533263E-32
  2.0000000E+07  6.1118990E-32
  2.2000000E+07  5.5268001E-32
  2.4000000E+07  5.0437051E-32
  2.6000000E+07  4.6381187E-32
  2.8000000E+07  4.2927984E-32
  3.0000000E+07  3.9952576E-32
  3.2000000E+07  3.7362331E-32
  3.4000000E+07  3.5087084E-32
  3.6000000E+07  3.3072726E-32
  3.8000000E+07  3.1276858E-32
  4.0000000E+07  2.9665791E-32
  4.2500000E+07  2.7871034E-32
  4.5000000E+07  2.6280882E-32
  4.7500000E+07  2.4862254E-32
  5.0000000E+07  2.3588834E-32
  5.2500000E+07  2.2439426E-32
  5.5000000E+07  2.1396764E-32
  5.7500000E+07  2.0446645E-32
  6.0000000E+07  1.9577276E-32
  6.2500000E+07  1.8778788E-32
  6.5000000E+07  1.8042854E-32
  6.7500000E+07  1.7362404E-32
  7.0000000E+07  1.6731393E-32
  7.2500000E+07  1.6144624E-32
  7.5000000E+07  1.5597602E-32
  8.0000000E+07  1.4607677E-32
  8.5000000E+07  1.3735874E-32
  9.0000000E+07  1.2962246E-32
  9.5000000E+07  1.2271097E-32
  1.0000000E+08  1.1649907E-32
  1.1000000E+08  1.0578828E-32
  1.2000000E+08  9.6880865E-33
  1.3000000E+08  8.9356798E-33
  1.4000000E+08  8.2917072E-33
  1.5000000E+08  7.7343056E-33
  1.6000000E+08  7.2471187E-33
  1.7000000E+08  6.8176664E-33
  1.8000000E+08  6.4362607E-33
  1.9000000E+08  6.0952659E-33
  2.0000000E+08  5.7885832E-33
  2.2000000E+08  5.2593330E-33
  2.4000000E+08  4.8187505E-33
  2.6000000E+08  4.4462765E-33
  2.8000000E+08  4.1272513E-33
  3.0000000E+08  3.8509408E-33
  3.2000000E+08  3.6093048E-33
  3.4000000E+08  3.3962017E-33
  3.6000000E+08  3.2068597E-33
  3.8000000E+08  3.0375144E-33
  4.0000000E+08  2.8851571E-33
  4.2500000E+08  2.7149353E-33
  4.5000000E+08  2.5636800E-33
  4.7500000E+08  2.4283888E-33
  5.0000000E+08  2.3066608E-33
  5.2500000E+08  2.1965540E-33
  5.5000000E+08  2.0964799E-33
  5.7500000E+08  2.0051270E-33
  6.0000000E+08  1.9214030E-33
  6.2500000E+08  1.8443905E-33
  6.5000000E+08  1.7733135E-33
  6.7500000E+08  1.7075114E-33
  7.0000000E+08  1.6464180E-33
  7.2500000E+08  1.5895453E-33
  7.5000000E+08  1.5364705E-33
  8.0000000E+08  1.4402883E-33
  8.5000000E+08  1.3554385E-33
  9.0000000E+08  1.2800297E-33
  9.5000000E+08  1.2125694E-33
  1.0000000E+09  1.1518637E-33
  1.1000000E+09  1.0470274E-33
  1.2000000E+09  9.5968244E-34
  1.3000000E+09  8.8578829E-34
  1.4000000E+09  8.2246005E-34
  1.5000000E+09  7.6758274E-34
  1.6000000E+09  7.1957056E-34
  1.7000000E+09  6.7721110E-34
  1.8000000E+09  6.3956158E-34
  1.9000000E+09  6.0587783E-34
  2.0000000E+09  5.7556460E-34
  2.2000000E+09  5.2321018E-34
  2.4000000E+09  4.7958613E-34
  2.6000000E+09  4.4267677E-34
  2.8000000E+09  4.1104257E-34
  3.0000000E+09  3.8362806E-34
  3.2000000E+09  3.5964174E-34
  3.4000000E+09  3.3847839E-34
  3.6000000E+09  3.1966736E-34
  3.8000000E+09  3.0283711E-34
  4.0000000E+09  2.8769041E-34
  4.2500000E+09  2.7076236E-34
  4.5000000E+09  2.5571573E-34
  4.7500000E+09  2.4225339E-34
  5.0000000E+09  2.3013762E-34
  5.2500000E+09  2.1917602E-34
  5.5000000E+09  2.0921116E-34
  5.7500000E+09  2.0011300E-34
  6.0000000E+09  1.9177318E-34
  6.2500000E+09  1.8410068E-34
  6.5000000E+09  1.7701850E-34
  6.7500000E+09  1.7046101E-34
  7.0000000E+09  1.6437201E-34
  7.2500000E+09  1.5870301E-34
  7.5000000E+09  1.5341201E-34
  8.0000000E+09  1.4382222E-34
  8.5000000E+09  1.3536082E-34
  9.0000000E+09  1.2783971E-34
  9.5000000E+09  1.2111039E-34
  1.0000000E+10  1.1505410E-34
     
     
#   4   1  K1  EION =  1.1150000E+02 eV,  FWHM =  5.0000000E-02 eV,  NP = 688
  9.5925340E+01  0.0000000E+00
  9.6894283E+01  0.0000000E+00
  9.6894283E+01  1.9104861E-21
  9.6921511E+01  1.9192988E-21
  9.6948739E+01  1.9281778E-21
  9.6975966E+01  1.9371240E-21
  9.7003194E+01  1.9461379E-21
  9.7030422E+01  1.9552202E-21
  9.7166752E+01  2.0017515E-21
  9.7303274E+01  2.0501819E-21
  9.7439988E+01  2.1006205E-21
  9.7576894E+01  2.1531851E-21
  9.7713992E+01  2.2080018E-21
  9.7851283E+01  2.2652069E-21
  9.7988766E+01  2.3249472E-21
  9.8126443E+01  2.3873811E-21
  9.8264314E+01  2.4526800E-21
  9.8402378E+01  2.5210293E-21
  9.8540636E+01  2.5926302E-21
  9.8679088E+01  2.6677010E-21
  9.8817735E+01  2.7464788E-21
  9.8956576E+01  2.8292220E-21
  9.9095613E+01  2.9162123E-21
  9.9234845E+01  3.0077573E-21
  9.9374272E+01  3.1041938E-21
  9.9513896E+01  3.2058907E-21
  9.9653716E+01  3.3132530E-21
  9.9793732E+01  3.4267263E-21
  9.9933945E+01  3.5468020E-21
  1.0007435E+02  3.6740225E-21
  1.0021496E+02  3.8089883E-21
  1.0035577E+02  3.9523656E-21
  1.0049677E+02  4.1048951E-21
  1.0063797E+02  4.2674025E-21
  1.0077937E+02  4.4408104E-21
  1.0092097E+02  4.6261525E-21
  1.0106276E+02  4.8245904E-21
  1.0120476E+02  5.0374330E-21
  1.0134695E+02  5.2661597E-21
  1.0148935E+02  5.5124484E-21
  1.0163194E+02  5.7782082E-21
  1.0177474E+02  6.0656192E-21
  1.0191774E+02  6.3771808E-21
  1.0206093E+02  6.7157696E-21
  1.0220433E+02  7.0847103E-21
  1.0234793E+02  7.4878634E-21
  1.0249173E+02  7.9297329E-21
  1.0263574E+02  8.4156004E-21
  1.0277994E+02  8.9516931E-21
  1.0292435E+02  9.5453967E-21
  1.0306896E+02  1.0205525E-20
  1.0321378E+02  1.0942668E-20
  1.0335880E+02  1.1769641E-20
  1.0350402E+02  1.2702077E-20
  1.0364944E+02  1.3759203E-20
  1.0379507E+02  1.4964893E-20
  1.0394091E+02  1.6349087E-20
  1.0408695E+02  1.7949749E-20
  1.0423319E+02  1.9815608E-20
  1.0437964E+02  2.2010058E-20
  1.0452630E+02  2.4616816E-20
  1.0467316E+02  2.7748307E-20
  1.0482023E+02  3.1558381E-20
  1.0496751E+02  3.6262151E-20
  1.0511499E+02  4.2167869E-20
  1.0526268E+02  4.9730007E-20
  1.0533663E+02  5.4337339E-20
  1.0541057E+02  5.9641342E-20
  1.0548463E+02  6.5800593E-20
  1.0555868E+02  7.3000605E-20
  1.0563284E+02  8.1504769E-20
  1.0570699E+02  9.1635910E-20
  1.0578125E+02  1.0385903E-19
  1.0585551E+02  1.1877434E-19
  1.0592988E+02  1.3726834E-19
  1.0600424E+02  1.6055635E-19
  1.0607871E+02  1.9050609E-19
  1.0611595E+02  2.0878623E-19
  1.0615318E+02  2.2987511E-19
  1.0619047E+02  2.5441760E-19
  1.0622776E+02  2.8317104E-19
  1.0626504E+02  3.1715858E-19
  1.0630233E+02  3.5773403E-19
  1.0633967E+02  4.0679459E-19
  1.0637701E+02  4.6679640E-19
  1.0641435E+02  5.4125366E-19
  1.0645169E+02  6.3521223E-19
  1.0647038E+02  6.9178908E-19
  1.0648908E+02  7.5631894E-19
  1.0650778E+02  8.3036415E-19
  1.0652647E+02  9.1588982E-19
  1.0654517E+02  1.0153949E-18
  1.0656386E+02  1.1320957E-18
  1.0658256E+02  1.2701878E-18
  1.0660126E+02  1.4352251E-18
  1.0661998E+02  1.6349919E-18
  1.0663870E+02  1.8795730E-18
  1.0665742E+02  2.1833942E-18
  1.0667614E+02  2.5671603E-18
  1.0669487E+02  3.0614231E-18
  1.0670423E+02  3.3636618E-18
  1.0671359E+02  3.7127429E-18
  1.0672295E+02  4.1187956E-18
  1.0673231E+02  4.5948176E-18
  1.0674167E+02  5.1576980E-18
  1.0675103E+02  5.8296869E-18
  1.0676041E+02  6.6417999E-18
  1.0676978E+02  7.6338408E-18
  1.0677916E+02  8.8621944E-18
  1.0678853E+02  1.0406687E-17
  1.0679790E+02  1.2382979E-17
  1.0680259E+02  1.3583773E-17
  1.0680728E+02  1.4963017E-17
  1.0681197E+02  1.6556655E-17
  1.0681665E+02  1.8409757E-17
  1.0682134E+02  2.0579281E-17
  1.0682603E+02  2.3137775E-17
  1.0683071E+02  2.6178351E-17
  1.0683540E+02  2.9821338E-17
  1.0684009E+02  3.4223100E-17
  1.0684478E+02  3.9587430E-17
  1.0684946E+02  4.6179488E-17
  1.0685415E+02  5.4340850E-17
  1.0686352E+02  7.7166829E-17
  1.0686821E+02  9.2868738E-17
  1.0687290E+02  1.1197371E-16
  1.0687524E+02  1.2277845E-16
  1.0687759E+02  1.3427690E-16
  1.0687993E+02  1.4623521E-16
  1.0688227E+02  1.5828432E-16
  1.0688696E+02  1.8044318E-16
  1.0689165E+02  1.9532652E-16
  1.0689399E+02  1.9837227E-16
  1.0689633E+02  1.9798986E-16
  1.0689868E+02  1.9421833E-16
  1.0690102E+02  1.8743153E-16
  1.0690571E+02  1.6737940E-16
  1.0690806E+02  1.5559294E-16
  1.0691041E+02  1.4350727E-16
  1.0691276E+02  1.3160929E-16
  1.0691510E+02  1.2023691E-16
  1.0691745E+02  1.0959758E-16
  1.0691980E+02  9.9796667E-17
  1.0692214E+02  9.0866400E-17
  1.0692449E+02  8.2790607E-17
  1.0692918E+02  6.9004788E-17
  1.0693857E+02  4.9062691E-17
  1.0694326E+02  4.1912507E-17
  1.0694796E+02  3.6112905E-17
  1.0695265E+02  3.1370445E-17
  1.0695735E+02  2.7459118E-17
  1.0696204E+02  2.4205589E-17
  1.0696673E+02  2.1476716E-17
  1.0697143E+02  1.9169745E-17
  1.0697612E+02  1.7204855E-17
  1.0698081E+02  1.5519578E-17
  1.0698551E+02  1.4064643E-17
  1.0699020E+02  1.2800879E-17
  1.0699490E+02  1.1696906E-17
  1.0700428E+02  9.8717189E-18
  1.0701367E+02  8.4374211E-18
  1.0702306E+02  7.2911790E-18
  1.0703244E+02  6.3615061E-18
  1.0704183E+02  5.5975793E-18
  1.0705122E+02  4.9625299E-18
  1.0706062E+02  4.4284347E-18
  1.0707002E+02  3.9757360E-18
  1.0707942E+02  3.5887915E-18
  1.0708882E+02  3.2555239E-18
  1.0709822E+02  2.9664929E-18
  1.0710762E+02  2.7142370E-18
  1.0712642E+02  2.2973711E-18
  1.0714523E+02  1.9696381E-18
  1.0716403E+02  1.7073959E-18
  1.0718283E+02  1.4943337E-18
  1.0720163E+02  1.3189098E-18
  1.0722046E+02  1.1725858E-18
  1.0723928E+02  1.0494473E-18
  1.0725811E+02  9.4485326E-19
  1.0727694E+02  8.5526683E-19
  1.0729577E+02  7.7795507E-19
  1.0731460E+02  7.1077936E-19
  1.0735225E+02  6.0040411E-19
  1.0738996E+02  5.1410991E-19
  1.0742767E+02  4.4548470E-19
  1.0746538E+02  3.9003399E-19
  1.0750308E+02  3.4460701E-19
  1.0754084E+02  3.0689400E-19
  1.0757861E+02  2.7530151E-19
  1.0761637E+02  2.4858869E-19
  1.0765413E+02  2.2581496E-19
  1.0769194E+02  2.0623155E-19
  1.0772976E+02  1.8930729E-19
  1.0780539E+02  1.6174428E-19
  1.0788112E+02  1.4050270E-19
  1.0795685E+02  1.2391961E-19
  1.0803270E+02  1.1082806E-19
  1.0810854E+02  1.0045808E-19
  1.0818448E+02  9.2243071E-20
  1.0826043E+02  8.5807678E-20
  1.0833649E+02  8.0875523E-20
  1.0841254E+02  7.7278865E-20
  1.0848870E+02  7.4915152E-20
  1.0856486E+02  7.3762082E-20
  1.0864113E+02  7.3868188E-20
  1.0871740E+02  7.5374451E-20
  1.0879378E+02  7.8547302E-20
  1.0887015E+02  8.3829017E-20
  1.0894663E+02  9.1967971E-20
  1.0898488E+02  9.7465473E-20
  1.0902312E+02  1.0419908E-19
  1.0906141E+02  1.1248437E-19
  1.0909971E+02  1.2272513E-19
  1.0913800E+02  1.3549097E-19
  1.0917630E+02  1.5158579E-19
  1.0921465E+02  1.7220554E-19
  1.0923382E+02  1.8471774E-19
  1.0925299E+02  1.9907077E-19
  1.0927217E+02  2.1563220E-19
  1.0929134E+02  2.3486696E-19
  1.0931052E+02  2.5736995E-19
  1.0932969E+02  2.8391213E-19
  1.0934889E+02  3.1555528E-19
  1.0936810E+02  3.5362402E-19
  1.0938730E+02  3.9996565E-19
  1.0940650E+02  4.5714208E-19
  1.0942570E+02  5.2878765E-19
  1.0944490E+02  6.2019384E-19
  1.0946410E+02  7.3930023E-19
  1.0947370E+02  8.1285179E-19
  1.0948330E+02  8.9844646E-19
  1.0949292E+02  9.9899534E-19
  1.0950253E+02  1.1179911E-18
  1.0951215E+02  1.2601900E-18
  1.0952176E+02  1.4319661E-18
  1.0953137E+02  1.6420102E-18
  1.0954099E+02  1.9023986E-18
  1.0955060E+02  2.2302718E-18
  1.0956022E+02  2.6505417E-18
  1.0956502E+02  2.9062841E-18
  1.0956983E+02  3.2003815E-18
  1.0957464E+02  3.5406469E-18
  1.0957945E+02  3.9369041E-18
  1.0958425E+02  4.4016080E-18
  1.0958906E+02  4.9506796E-18
  1.0959387E+02  5.6046370E-18
  1.0959867E+02  6.3901219E-18
  1.0960348E+02  7.3419451E-18
  1.0960829E+02  8.5057677E-18
  1.0961310E+02  9.9414520E-18
  1.0961790E+02  1.1726809E-17
  1.0962752E+02  1.6761636E-17
  1.0963232E+02  2.0255644E-17
  1.0963713E+02  2.4533500E-17
  1.0963954E+02  2.6966106E-17
  1.0964194E+02  2.9559913E-17
  1.0964435E+02  3.2259183E-17
  1.0964676E+02  3.4975027E-17
  1.0965157E+02  3.9921410E-17
  1.0965639E+02  4.3097798E-17
  1.0965879E+02  4.3636974E-17
  1.0966120E+02  4.3376509E-17
  1.0966361E+02  4.2344449E-17
  1.0966601E+02  4.0647152E-17
  1.0966842E+02  3.8443459E-17
  1.0967083E+02  3.5911180E-17
  1.0967323E+02  3.3217572E-17
  1.0967564E+02  3.0500634E-17
  1.0967805E+02  2.7862002E-17
  1.0968046E+02  2.5368382E-17
  1.0968286E+02  2.3057542E-17
  1.0968527E+02  2.0945655E-17
  1.0969008E+02  1.7315085E-17
  1.0969490E+02  1.4399575E-17
  1.0969971E+02  1.2074696E-17
  1.0970452E+02  1.0218534E-17
  1.0970934E+02  8.7282306E-18
  1.0971415E+02  7.5222670E-18
  1.0971897E+02  6.5377846E-18
  1.0972378E+02  5.7268199E-18
  1.0972859E+02  5.0528310E-18
  1.0973341E+02  4.4878856E-18
  1.0973822E+02  4.0105035E-18
  1.0974304E+02  3.6040441E-18
  1.0974785E+02  3.2555114E-18
  1.0975266E+02  2.9546714E-18
  1.0976229E+02  2.4651869E-18
  1.0977192E+02  2.0879462E-18
  1.0978155E+02  1.7915611E-18
  1.0979117E+02  1.5547644E-18
  1.0980082E+02  1.3625343E-18
  1.0981046E+02  1.2046949E-18
  1.0982010E+02  1.0735992E-18
  1.0982974E+02  9.6360081E-19
  1.0983938E+02  8.7046130E-19
  1.0984902E+02  7.9095167E-19
  1.0985866E+02  7.2257864E-19
  1.0986830E+02  6.6339348E-19
  1.0987794E+02  6.1185599E-19
  1.0988759E+02  5.6673649E-19
  1.0990687E+02  4.9197327E-19
  1.0992615E+02  4.3317371E-19
  1.0994543E+02  3.8631300E-19
  1.0996474E+02  3.4854275E-19
  1.0998405E+02  3.1792909E-19
  1.1000336E+02  2.9299871E-19
  1.1002267E+02  2.7271450E-19
  1.1004198E+02  2.5629978E-19
  1.1006129E+02  2.4317572E-19
  1.1008060E+02  2.3292360E-19
  1.1009991E+02  2.2525142E-19
  1.1013858E+02  2.1699130E-19
  1.1015792E+02  2.1632338E-19
  1.1017726E+02  2.1805938E-19
  1.1019659E+02  2.2240537E-19
  1.1021593E+02  2.2970304E-19
  1.1023527E+02  2.4047189E-19
  1.1025460E+02  2.5547705E-19
  1.1027397E+02  2.7587110E-19
  1.1029333E+02  3.0329558E-19
  1.1031269E+02  3.4024658E-19
  1.1032238E+02  3.6342537E-19
  1.1033206E+02  3.9058298E-19
  1.1034174E+02  4.2257073E-19
  1.1035142E+02  4.6048727E-19
  1.1036110E+02  5.0576867E-19
  1.1037079E+02  5.6031869E-19
  1.1038047E+02  6.2670100E-19
  1.1039015E+02  7.0842899E-19
  1.1039983E+02  8.1041254E-19
  1.1040951E+02  9.3966459E-19
  1.1041921E+02  1.1067169E-18
  1.1042406E+02  1.2089239E-18
  1.1042890E+02  1.3269187E-18
  1.1043375E+02  1.4639975E-18
  1.1043860E+02  1.6243262E-18
  1.1044345E+02  1.8132148E-18
  1.1044830E+02  2.0374882E-18
  1.1045314E+02  2.3059899E-18
  1.1045799E+02  2.6302615E-18
  1.1046284E+02  3.0254492E-18
  1.1046769E+02  3.5114748E-18
  1.1047253E+02  4.1144465E-18
  1.1047738E+02  4.8680861E-18
  1.1048708E+02  7.0016854E-18
  1.1048950E+02  7.7003959E-18
  1.1049193E+02  8.4748623E-18
  1.1049435E+02  9.3259781E-18
  1.1049677E+02  1.0249706E-17
  1.1049920E+02  1.1234575E-17
  1.1050162E+02  1.2258826E-17
  1.1050405E+02  1.3287799E-17
  1.1050647E+02  1.4272655E-17
  1.1051132E+02  1.5857544E-17
  1.1051374E+02  1.6324949E-17
  1.1051616E+02  1.6506428E-17
  1.1051859E+02  1.6382347E-17
  1.1052101E+02  1.5966268E-17
  1.1052586E+02  1.4450137E-17
  1.1052828E+02  1.3480818E-17
  1.1053071E+02  1.2456742E-17
  1.1053313E+02  1.1429342E-17
  1.1053556E+02  1.0435896E-17
  1.1053798E+02  9.5003999E-18
  1.1054040E+02  8.6360299E-18
  1.1054283E+02  7.8480094E-18
  1.1054525E+02  7.1362031E-18
  1.1055010E+02  5.9256499E-18
  1.1055495E+02  4.9606969E-18
  1.1055979E+02  4.1928397E-18
  1.1056464E+02  3.5793312E-18
  1.1056707E+02  3.3190213E-18
  1.1056950E+02  3.0850743E-18
  1.1057435E+02  2.6841774E-18
  1.1057921E+02  2.3561489E-18
  1.1058406E+02  2.0854231E-18
  1.1058891E+02  1.8601567E-18
  1.1059377E+02  1.6712949E-18
  1.1059862E+02  1.5118697E-18
  1.1060348E+02  1.3764810E-18
  1.1060833E+02  1.2609151E-18
  1.1061319E+02  1.1618638E-18
  1.1062290E+02  1.0034141E-18
  1.1063261E+02  8.8617925E-19
  1.1064232E+02  8.0106905E-19
  1.1064717E+02  7.6892103E-19
  1.1065202E+02  7.4333418E-19
  1.1065688E+02  7.2436839E-19
  1.1066173E+02  7.1243222E-19
  1.1066659E+02  7.0841223E-19
  1.1067144E+02  7.1390756E-19
  1.1067630E+02  7.3165272E-19
  1.1068115E+02  7.6627806E-19
  1.1068358E+02  7.9219549E-19
  1.1068601E+02  8.2562265E-19
  1.1069086E+02  9.2255079E-19
  1.1069329E+02  9.9065322E-19
  1.1069572E+02  1.0748334E-18
  1.1069814E+02  1.1759494E-18
  1.1070057E+02  1.2919413E-18
  1.1070300E+02  1.4166798E-18
  1.1070542E+02  1.5409716E-18
  1.1070785E+02  1.6559209E-18
  1.1071028E+02  1.7560400E-18
  1.1071513E+02  1.9084557E-18
  1.1071999E+02  2.0094330E-18
  1.1072485E+02  2.0766758E-18
  1.1072971E+02  2.1225712E-18
  1.1073457E+02  2.1548140E-18
  1.1073943E+02  2.1780518E-18
  1.1074916E+02  2.2079675E-18
  1.1075888E+02  2.2251533E-18
  1.1077833E+02  2.2417064E-18
  1.1079777E+02  2.2479974E-18
  1.1081722E+02  2.2503934E-18
  1.1083666E+02  2.2513087E-18
  1.1087555E+02  2.2521918E-18
  1.1103134E+02  2.2645841E-18
  1.1118734E+02  2.2893361E-18
  1.1134356E+02  2.3200545E-18
  1.1142178E+02  2.3364601E-18
  1.1146089E+02  2.3444941E-18
  1.1148044E+02  2.3481503E-18
  1.1150000E+02  2.3506483E-18
  1.1152537E+02  2.3503137E-18
  1.1155075E+02  2.3485857E-18
  1.1160150E+02  2.3443546E-18
  1.1170299E+02  2.3352621E-18
  1.1190599E+02  2.3170129E-18
  1.1210898E+02  2.2992742E-18
  1.1231198E+02  2.2821586E-18
  1.1271937E+02  2.2497240E-18
  1.1312676E+02  2.2193682E-18
  1.1394711E+02  2.1628997E-18
  1.1477307E+02  2.1114385E-18
  1.1560468E+02  2.0641788E-18
  1.1644197E+02  2.0205218E-18
  1.1645357E+02  2.0199416E-18
  1.1646518E+02  2.0193620E-18
  1.1647679E+02  2.0187831E-18
  1.1648839E+02  2.0182048E-18
  1.1650000E+02  2.0176271E-18
  1.1728499E+02  1.9795856E-18
  1.1813377E+02  1.9419025E-18
  1.1902229E+02  1.9052374E-18
  1.1991713E+02  1.8708281E-18
  1.2172594E+02  1.8077531E-18
  1.2356055E+02  1.7509440E-18
  1.2542134E+02  1.6990669E-18
  1.2922293E+02  1.6061462E-18
  1.3116450E+02  1.5636115E-18
  1.3313377E+02  1.5229411E-18
  1.3804754E+02  1.4292558E-18
  1.4313377E+02  1.3400837E-18
  1.4605212E+02  1.2913795E-18
  1.4902725E+02  1.2432239E-18
  1.5515229E+02  1.1484001E-18
  1.5830447E+02  1.1018331E-18
  1.6151798E+02  1.0559736E-18
  1.6813377E+02  9.6693420E-19
  1.7407437E+02  8.9339847E-19
  1.8021664E+02  8.2383069E-19
  1.9313377E+02  6.9796205E-19
  2.1313377E+02  5.4903576E-19
  2.2765456E+02  4.6704596E-19
  2.4313377E+02  3.9683489E-19
  2.6699505E+02  3.1341703E-19
  2.7976661E+02  2.7801688E-19
  2.9313377E+02  2.4635063E-19
  3.4313377E+02  1.6293263E-19
  3.9313377E+02  1.1349184E-19
  4.4313377E+02  8.2082366E-20
  4.9313377E+02  6.1182436E-20
  5.4313377E+02  4.6802004E-20
  5.9313377E+02  3.6575504E-20
  6.9313377E+02  2.3501450E-20
  7.9313377E+02  1.5957596E-20
  8.9313377E+02  1.1303235E-20
  9.9313377E+02  8.2839838E-21
  1.0931338E+03  6.2445968E-21
  1.2431338E+03  4.2603927E-21
  1.3931338E+03  3.0290457E-21
  1.4931338E+03  2.4578441E-21
  1.7500000E+03  1.5172189E-21
  2.0000000E+03  1.0072566E-21
  2.2000000E+03  7.5019980E-22
  2.5000000E+03  5.0404740E-22
  3.0000000E+03  2.8440777E-22
  3.5000000E+03  1.7454543E-22
  4.0000000E+03  1.1402951E-22
  4.5000000E+03  7.8162331E-23
  5.0000000E+03  5.5665663E-23
  5.5000000E+03  4.0899994E-23
  6.0000000E+03  3.0835249E-23
  7.0000000E+03  1.8657922E-23
  8.0000000E+03  1.2049130E-23
  9.0000000E+03  8.1813101E-24
  1.0000000E+04  5.7802417E-24
  1.1000000E+04  4.2179731E-24
  1.2500000E+04  2.7610887E-24
  1.4000000E+04  1.8944935E-24
  1.5000000E+04  1.5056182E-24
  1.7500000E+04  9.0010613E-25
  2.0000000E+04  5.7578332E-25
  2.2000000E+04  4.1832670E-25
  2.5000000E+04  2.7235077E-25
  3.0000000E+04  1.4749828E-25
  3.5000000E+04  8.7742390E-26
  4.0000000E+04  5.5923189E-26
  4.5000000E+04  3.7577704E-26
  5.0000000E+04  2.6328469E-26
  5.5000000E+04  1.9083222E-26
  6.0000000E+04  1.4225494E-26
  7.0000000E+04  8.4560550E-27
  8.0000000E+04  5.3917253E-27
  9.0000000E+04  3.6277710E-27
  1.0000000E+05  2.5470048E-27
  1.1000000E+05  1.8510547E-27
  1.2500000E+05  1.2082701E-27
  1.4000000E+05  8.2930698E-28
  1.5000000E+05  6.6016313E-28
  1.7500000E+05  3.9791634E-28
  2.0000000E+05  2.5784922E-28
  2.2000000E+05  1.8979641E-28
  2.5000000E+05  1.2648031E-28
  3.0000000E+05  7.1777891E-29
  3.5000000E+05  4.5083201E-29
  4.0000000E+05  3.0509494E-29
  4.5000000E+05  2.1857943E-29
  5.0000000E+05  1.6377283E-29
  5.5000000E+05  1.2720305E-29
  6.0000000E+05  1.0174569E-29
  7.0000000E+05  6.9749793E-30
  8.0000000E+05  5.1262675E-30
  9.0000000E+05  3.9647358E-30
  1.0000000E+06  3.1867245E-30
  1.1000000E+06  2.6386766E-30
  1.2500000E+06  2.0744194E-30
  1.4000000E+06  1.6946941E-30
  1.5000000E+06  1.5055174E-30
  1.7500000E+06  1.1692791E-30
  2.0000000E+06  9.5037237E-31
  2.2000000E+06  8.2446581E-31
  2.4000000E+06  7.2688204E-31
  2.6000000E+06  6.4922054E-31
  2.8000000E+06  5.8605847E-31
  3.0000000E+06  5.3375232E-31
  3.2000000E+06  4.8977049E-31
  3.4000000E+06  4.5230295E-31
  3.6000000E+06  4.2002347E-31
  3.8000000E+06  3.9193937E-31
  4.0000000E+06  3.6729362E-31
  4.2500000E+06  3.4043998E-31
  4.5000000E+06  3.1717091E-31
  4.7500000E+06  2.9682166E-31
  5.0000000E+06  2.7888104E-31
  5.2500000E+06  2.6294976E-31
  5.5000000E+06  2.4871155E-31
  5.7500000E+06  2.3591276E-31
  6.0000000E+06  2.2434766E-31
  6.2500000E+06  2.1384770E-31
  6.5000000E+06  2.0427351E-31
  6.7500000E+06  1.9550887E-31
  7.0000000E+06  1.8745611E-31
  7.2500000E+06  1.8003259E-31
  7.5000000E+06  1.7316790E-31
  8.0000000E+06  1.6088201E-31
  8.5000000E+06  1.5020776E-31
  9.0000000E+06  1.4084947E-31
  9.5000000E+06  1.3257932E-31
  1.0000000E+07  1.2521897E-31
  1.1000000E+07  1.1268945E-31
  1.2000000E+07  1.0242509E-31
  1.3000000E+07  9.3864856E-32
  1.4000000E+07  8.6618376E-32
  1.5000000E+07  8.0405754E-32
  1.6000000E+07  7.5021141E-32
  1.7000000E+07  7.0309817E-32
  1.8000000E+07  6.6153266E-32
  1.9000000E+07  6.2459190E-32
  2.0000000E+07  5.9154653E-32
  2.2000000E+07  5.3491715E-32
  2.4000000E+07  4.8816032E-32
  2.6000000E+07  4.4890523E-32
  2.8000000E+07  4.1548306E-32
  3.0000000E+07  3.8668527E-32
  3.2000000E+07  3.6161532E-32
  3.4000000E+07  3.3959411E-32
  3.6000000E+07  3.2009794E-32
  3.8000000E+07  3.0271644E-32
  4.0000000E+07  2.8712356E-32
  4.2500000E+07  2.6975282E-32
  4.5000000E+07  2.5436236E-32
  4.7500000E+07  2.4063202E-32
  5.0000000E+07  2.2830709E-32
  5.2500000E+07  2.1718242E-32
  5.5000000E+07  2.0709091E-32
  5.7500000E+07  1.9789508E-32
  6.0000000E+07  1.8948080E-32
  6.2500000E+07  1.8175255E-32
  6.5000000E+07  1.7462974E-32
  6.7500000E+07  1.6804393E-32
  7.0000000E+07  1.6193662E-32
  7.2500000E+07  1.5625751E-32
  7.5000000E+07  1.5096310E-32
  8.0000000E+07  1.4138200E-32
  8.5000000E+07  1.3294416E-32
  9.0000000E+07  1.2545652E-32
  9.5000000E+07  1.1876716E-32
  1.0000000E+08  1.1275491E-32
  1.1000000E+08  1.0238835E-32
  1.2000000E+08  9.3767212E-33
  1.3000000E+08  8.6484962E-33
  1.4000000E+08  8.0252203E-33
  1.5000000E+08  7.4857330E-33
  1.6000000E+08  7.0142039E-33
  1.7000000E+08  6.5985538E-33
  1.8000000E+08  6.2294060E-33
  1.9000000E+08  5.8993705E-33
  2.0000000E+08  5.6025443E-33
  2.2000000E+08  5.0903036E-33
  2.4000000E+08  4.6638811E-33
  2.6000000E+08  4.3033779E-33
  2.8000000E+08  3.9946059E-33
  3.0000000E+08  3.7271757E-33
  3.2000000E+08  3.4933056E-33
  3.4000000E+08  3.2870515E-33
  3.6000000E+08  3.1037947E-33
  3.8000000E+08  2.9398920E-33
  4.0000000E+08  2.7924313E-33
  4.2500000E+08  2.6276802E-33
  4.5000000E+08  2.4812862E-33
  4.7500000E+08  2.3503430E-33
  5.0000000E+08  2.2325273E-33
  5.2500000E+08  2.1259592E-33
  5.5000000E+08  2.0291013E-33
  5.7500000E+08  1.9406845E-33
  6.0000000E+08  1.8596512E-33
  6.2500000E+08  1.7851138E-33
  6.5000000E+08  1.7163212E-33
  6.7500000E+08  1.6526339E-33
  7.0000000E+08  1.5935040E-33
  7.2500000E+08  1.5384591E-33
  7.5000000E+08  1.4870901E-33
  8.0000000E+08  1.3939990E-33
  8.5000000E+08  1.3118762E-33
  9.0000000E+08  1.2388910E-33
  9.5000000E+08  1.1735988E-33
  1.0000000E+09  1.1148441E-33
  1.1000000E+09  1.0133771E-33
  1.2000000E+09  9.2883932E-34
  1.3000000E+09  8.5732005E-34
  1.4000000E+09  7.9602710E-34
  1.5000000E+09  7.4291349E-34
  1.6000000E+09  6.9644437E-34
  1.7000000E+09  6.5544629E-34
  1.8000000E+09  6.1900679E-34
  1.9000000E+09  5.8640560E-34
  2.0000000E+09  5.5706660E-34
  2.2000000E+09  5.0639479E-34
  2.4000000E+09  4.6417277E-34
  2.6000000E+09  4.2844963E-34
  2.8000000E+09  3.9783212E-34
  3.0000000E+09  3.7129869E-34
  3.2000000E+09  3.4808326E-34
  3.4000000E+09  3.2760008E-34
  3.6000000E+09  3.0939361E-34
  3.8000000E+09  2.9310426E-34
  4.0000000E+09  2.7844437E-34
  4.2500000E+09  2.6206036E-34
  4.5000000E+09  2.4749732E-34
  4.7500000E+09  2.3446764E-34
  5.0000000E+09  2.2274126E-34
  5.2500000E+09  2.1213195E-34
  5.5000000E+09  2.0248735E-34
  5.7500000E+09  1.9368159E-34
  6.0000000E+09  1.8560981E-34
  6.2500000E+09  1.7818390E-34
  6.5000000E+09  1.7132932E-34
  6.7500000E+09  1.6498259E-34
  7.0000000E+09  1.5908928E-34
  7.2500000E+09  1.5360247E-34
  7.5000000E+09  1.4848152E-34
  8.0000000E+09  1.3919994E-34
  8.5000000E+09  1.3101048E-34
  9.0000000E+09  1.2373108E-34
  9.5000000E+09  1.1721804E-34
  1.0000000E+10  1.1135639E-34
     
     
#   4   2  L1  EION =  4.3420000E+00 eV,  FWHM =  5.0000000E-02 eV,  NP = 594
  9.9000000E-03  0.0000000E+00
  1.0000000E-02  0.0000000E+00
  1.0000000E-02  3.9380444E-18
  4.8506435E-02  4.6359812E-18
  7.8852331E-02  5.3254629E-18
  1.0053612E-01  5.9168035E-18
  1.2818279E-01  6.8250359E-18
  1.4473832E-01  7.4725888E-18
  1.6343208E-01  8.3208477E-18
  1.8454025E-01  9.4642079E-18
  2.0837466E-01  1.1062381E-17
  2.2142253E-01  1.2114268E-17
  2.3528742E-01  1.3404812E-17
  2.5002049E-01  1.5015123E-17
  2.6567611E-01  1.7064930E-17
  2.8231204E-01  1.9737279E-17
  2.9998967E-01  2.3323968E-17
  3.0938195E-01  2.5639047E-17
  3.1877422E-01  2.8314351E-17
  3.2875462E-01  3.1639805E-17
  3.3873502E-01  3.5582248E-17
  3.4934036E-01  4.0628777E-17
  3.5994570E-01  4.6817310E-17
  3.7121512E-01  5.5058446E-17
  3.8248455E-01  6.5645157E-17
  3.8847209E-01  7.2536383E-17
  3.9445963E-01  8.0550244E-17
  4.0044717E-01  8.9938594E-17
  4.0643471E-01  1.0102599E-16
  4.1279717E-01  1.1514508E-16
  4.1915964E-01  1.3233844E-16
  4.2552210E-01  1.5352713E-16
  4.3188457E-01  1.7998343E-16
  4.3864544E-01  2.1587524E-16
  4.4540630E-01  2.6281090E-16
  4.5216717E-01  3.2528745E-16
  4.5892803E-01  4.0985849E-16
  4.6611225E-01  5.3432056E-16
  4.7329646E-01  7.0814377E-16
  4.7688856E-01  8.1746233E-16
  4.8048067E-01  9.4189635E-16
  4.8407278E-01  1.0783849E-15
  4.8766488E-01  1.2192562E-15
  4.9529895E-01  1.4643040E-15
  4.9720747E-01  1.4973981E-15
  4.9911599E-01  1.5141881E-15
  5.0102451E-01  1.5135395E-15
  5.0293302E-01  1.4954971E-15
  5.0675006E-01  1.4130672E-15
  5.1056709E-01  1.2862741E-15
  5.1438413E-01  1.1390164E-15
  5.1820116E-01  9.9087017E-16
  5.2225721E-01  8.4573907E-16
  5.2631326E-01  7.1926632E-16
  5.3036930E-01  6.1239338E-16
  5.3848140E-01  4.4996968E-16
  5.4253745E-01  3.8923007E-16
  5.4659349E-01  3.3890258E-16
  5.5064954E-01  2.9700475E-16
  5.5495957E-01  2.5992150E-16
  5.5926959E-01  2.2899600E-16
  5.6357962E-01  2.0301812E-16
  5.6788964E-01  1.8103953E-16
  5.7219967E-01  1.6231530E-16
  5.7650970E-01  1.4625768E-16
  5.8081972E-01  1.3240031E-16
  5.8512975E-01  1.2037080E-16
  5.9428957E-01  9.9581697E-17
  6.0344938E-01  8.3658081E-17
  6.1260920E-01  7.1215470E-17
  6.2176902E-01  6.1321760E-17
  6.3150240E-01  5.2885299E-17
  6.4123578E-01  4.6061345E-17
  6.5096916E-01  4.0467136E-17
  6.6070254E-01  3.5826200E-17
  6.7104540E-01  3.1712659E-17
  6.8138826E-01  2.8264998E-17
  6.9173111E-01  2.5347635E-17
  7.0207397E-01  2.2857650E-17
  7.1306447E-01  2.0591799E-17
  7.2405498E-01  1.8645665E-17
  7.3504548E-01  1.6962018E-17
  7.4603598E-01  1.5495844E-17
  7.6939337E-01  1.2947644E-17
  7.9275076E-01  1.0978776E-17
  8.1757074E-01  9.3403155E-18
  8.4239071E-01  8.0425645E-18
  8.6876484E-01  6.9387803E-18
  8.9513897E-01  6.0473817E-18
  9.2316458E-01  5.2759856E-18
  9.5119019E-01  4.6432423E-18
  9.8097069E-01  4.0879503E-18
  1.0107512E+00  3.6266306E-18
  1.0423965E+00  3.2170699E-18
  1.0740417E+00  2.8731994E-18
  1.1076686E+00  2.5649411E-18
  1.1412954E+00  2.3038078E-18
  1.1770278E+00  2.0677912E-18
  1.2127603E+00  1.8663331E-18
  1.2507302E+00  1.6829709E-18
  1.2887001E+00  1.5254350E-18
  1.3290476E+00  1.3811815E-18
  1.3693950E+00  1.2565476E-18
  1.4122690E+00  1.1418254E-18
  1.4551429E+00  1.0422244E-18
  1.5462601E+00  8.6984530E-19
  1.6430828E+00  7.3014261E-19
  1.7459683E+00  6.1623978E-19
  1.8552962E+00  5.2303816E-19
  1.9714699E+00  4.4690522E-19
  2.0331940E+00  4.1406905E-19
  2.0949181E+00  3.8588641E-19
  2.1605072E+00  3.6101681E-19
  2.2260963E+00  3.4229489E-19
  2.2609443E+00  3.3585418E-19
  2.2957924E+00  3.3328905E-19
  2.3132164E+00  3.3419819E-19
  2.3306404E+00  3.3727821E-19
  2.3480645E+00  3.4344876E-19
  2.3654885E+00  3.5422417E-19
  2.3840036E+00  3.7368966E-19
  2.3932611E+00  3.8817451E-19
  2.4025186E+00  4.0732043E-19
  2.4117762E+00  4.3291243E-19
  2.4210337E+00  4.6765176E-19
  2.4302912E+00  5.1574794E-19
  2.4349200E+00  5.4677532E-19
  2.4395488E+00  5.8396337E-19
  2.4441775E+00  6.2885926E-19
  2.4488063E+00  6.8347099E-19
  2.4534351E+00  7.5040687E-19
  2.4580639E+00  8.3303744E-19
  2.4673214E+00  1.0634929E-18
  2.4719502E+00  1.2225019E-18
  2.4765789E+00  1.4181486E-18
  2.4812077E+00  1.6525051E-18
  2.4835221E+00  1.7825235E-18
  2.4858365E+00  1.9182879E-18
  2.4881508E+00  2.0559509E-18
  2.4904652E+00  2.1900210E-18
  2.4950940E+00  2.4180251E-18
  2.4974084E+00  2.4955473E-18
  2.4997228E+00  2.5390239E-18
  2.5020372E+00  2.5441935E-18
  2.5043515E+00  2.5104870E-18
  2.5089803E+00  2.3425529E-18
  2.5136091E+00  2.0898770E-18
  2.5160684E+00  1.9428788E-18
  2.5185277E+00  1.7967619E-18
  2.5209870E+00  1.6565210E-18
  2.5234463E+00  1.5252500E-18
  2.5283649E+00  1.2949119E-18
  2.5332835E+00  1.1077358E-18
  2.5431207E+00  8.3965128E-19
  2.5480393E+00  7.4500836E-19
  2.5529580E+00  6.6900763E-19
  2.5578766E+00  6.0742120E-19
  2.5627952E+00  5.5702318E-19
  2.5677138E+00  5.1536961E-19
  2.5726324E+00  4.8060793E-19
  2.5775510E+00  4.5132712E-19
  2.5824696E+00  4.2644502E-19
  2.5923068E+00  3.8671414E-19
  2.6021440E+00  3.5667380E-19
  2.6119813E+00  3.3334885E-19
  2.6218185E+00  3.1481042E-19
  2.6316557E+00  2.9976995E-19
  2.6513301E+00  2.7690837E-19
  2.6710046E+00  2.6034904E-19
  2.6919110E+00  2.4706105E-19
  2.7128174E+00  2.3668730E-19
  2.7337238E+00  2.2832527E-19
  2.7546302E+00  2.2145480E-19
  2.7755366E+00  2.1583772E-19
  2.7964430E+00  2.1161126E-19
  2.8068962E+00  2.1021162E-19
  2.8121228E+00  2.0968808E-19
  2.8225760E+00  2.0855798E-19
  2.8278026E+00  2.0763132E-19
  2.8382558E+00  2.0488695E-19
  2.8493635E+00  2.0173137E-19
  2.8604713E+00  1.9906550E-19
  2.8826868E+00  1.9497715E-19
  2.9271178E+00  1.8929662E-19
  2.9715488E+00  1.8573181E-19
  3.0159798E+00  1.8430918E-19
  3.0631930E+00  1.8592992E-19
  3.0867995E+00  1.8847855E-19
  3.1104061E+00  1.9270340E-19
  3.1340127E+00  1.9926404E-19
  3.1576193E+00  2.0922332E-19
  3.1812259E+00  2.2437489E-19
  3.1930292E+00  2.3481293E-19
  3.2048324E+00  2.4792805E-19
  3.2173748E+00  2.6578067E-19
  3.2299172E+00  2.8917964E-19
  3.2424596E+00  3.2046165E-19
  3.2487308E+00  3.4013585E-19
  3.2550020E+00  3.6331664E-19
  3.2612732E+00  3.9084366E-19
  3.2675443E+00  4.2381659E-19
  3.2738155E+00  4.6369415E-19
  3.2800867E+00  5.1243755E-19
  3.2863579E+00  5.7272055E-19
  3.2926291E+00  6.4823995E-19
  3.2989003E+00  7.4417536E-19
  3.3051715E+00  8.6786417E-19
  3.3114427E+00  1.0297571E-18
  3.3177139E+00  1.2446393E-18
  3.3271206E+00  1.7119588E-18
  3.3302562E+00  1.9189806E-18
  3.3333918E+00  2.1564403E-18
  3.3365274E+00  2.4254241E-18
  3.3396630E+00  2.7239052E-18
  3.3427986E+00  3.0445685E-18
  3.3459342E+00  3.3723404E-18
  3.3490698E+00  3.6826884E-18
  3.3522054E+00  3.9426236E-18
  3.3553410E+00  4.1163747E-18
  3.3584766E+00  4.1755606E-18
  3.3616122E+00  4.1096576E-18
  3.3647478E+00  3.9303569E-18
  3.3678834E+00  3.6667391E-18
  3.3710190E+00  3.3546570E-18
  3.3741546E+00  3.0267377E-18
  3.3772902E+00  2.7069897E-18
  3.3804258E+00  2.4100064E-18
  3.3835614E+00  2.1427516E-18
  3.3866970E+00  1.9070322E-18
  3.3898325E+00  1.7016437E-18
  3.3992393E+00  1.2382447E-18
  3.4055105E+00  1.0252348E-18
  3.4121744E+00  8.5614968E-19
  3.4188383E+00  7.2910398E-19
  3.4255021E+00  6.3208043E-19
  3.4321660E+00  5.5683326E-19
  3.4388299E+00  4.9766846E-19
  3.4454938E+00  4.5060977E-19
  3.4521576E+00  4.1284745E-19
  3.4588215E+00  3.8237689E-19
  3.4654854E+00  3.5775982E-19
  3.4721493E+00  3.3796100E-19
  3.4788131E+00  3.2222637E-19
  3.4854770E+00  3.0999808E-19
  3.4921409E+00  3.0092941E-19
  3.4988048E+00  2.9502562E-19
  3.5054686E+00  2.9273701E-19
  3.5121325E+00  2.9502166E-19
  3.5187964E+00  3.0370074E-19
  3.5221283E+00  3.1145506E-19
  3.5254603E+00  3.2239293E-19
  3.5287922E+00  3.3756230E-19
  3.5354561E+00  3.8677247E-19
  3.5387880E+00  4.2438998E-19
  3.5404540E+00  4.4686511E-19
  3.5421200E+00  4.7150009E-19
  3.5471179E+00  5.5150629E-19
  3.5487838E+00  5.7717619E-19
  3.5521158E+00  6.2266847E-19
  3.5554477E+00  6.5894028E-19
  3.5621116E+00  7.0813625E-19
  3.5654435E+00  7.2461346E-19
  3.5721074E+00  7.4795762E-19
  3.5787713E+00  7.6349489E-19
  3.5854352E+00  7.7457493E-19
  3.5920990E+00  7.8295621E-19
  3.6054268E+00  7.9514823E-19
  3.6187545E+00  8.0410870E-19
  3.6470791E+00  8.1877661E-19
  3.6754037E+00  8.3133636E-19
  3.7037283E+00  8.4338400E-19
  3.7320529E+00  8.5543754E-19
  3.8453513E+00  9.0542933E-19
  4.0861370E+00  1.0214495E-18
  4.3420000E+00  1.1533471E-18
  4.3420000E+00  1.1533471E-18
  4.4425387E+00  1.1924353E-18
  4.5415255E+00  1.2285348E-18
  4.6416954E+00  1.2635433E-18
  4.7430625E+00  1.2974383E-18
  4.8456412E+00  1.3301994E-18
  4.9494460E+00  1.3617922E-18
  5.0544915E+00  1.3921877E-18
  5.1607926E+00  1.4213606E-18
  5.2801071E+00  1.4522444E-18
  5.4010035E+00  1.4815809E-18
  5.5235025E+00  1.5093564E-18
  5.6476256E+00  1.5355634E-18
  5.7733942E+00  1.5602003E-18
  5.9008301E+00  1.5832704E-18
  6.0299554E+00  1.6047818E-18
  6.1607926E+00  1.6247471E-18
  6.2806426E+00  1.6414894E-18
  6.4019296E+00  1.6569943E-18
  6.6488806E+00  1.6843596E-18
  6.7745806E+00  1.6962588E-18
  6.9017876E+00  1.7069972E-18
  7.1607926E+00  1.7250854E-18
  7.3379756E+00  1.7347648E-18
  7.5180116E+00  1.7425498E-18
  7.7009486E+00  1.7485059E-18
  7.8868316E+00  1.7527004E-18
  8.2676296E+00  1.7560794E-18
  8.4626406E+00  1.7554031E-18
  8.6607926E+00  1.7532428E-18
  9.0200096E+00  1.7459788E-18
  9.3895496E+00  1.7346506E-18
  9.7697086E+00  1.7196313E-18
  1.0160793E+01  1.7012805E-18
  1.0652170E+01  1.6749366E-18
  1.0904288E+01  1.6602882E-18
  1.1160793E+01  1.6447490E-18
  1.1452628E+01  1.6264182E-18
  1.1750141E+01  1.6071487E-18
  1.2362645E+01  1.5661320E-18
  1.2999214E+01  1.5223376E-18
  1.3660793E+01  1.4763456E-18
  1.4254853E+01  1.4351358E-18
  1.4869080E+01  1.3929819E-18
  1.5504157E+01  1.3501665E-18
  1.6160793E+01  1.3069455E-18
  1.7136970E+01  1.2449932E-18
  1.8160793E+01  1.1832576E-18
  1.8875232E+01  1.1422193E-18
  1.9612872E+01  1.1016127E-18
  2.1160793E+01  1.0220761E-18
  2.2326671E+01  9.6698796E-19
  2.3546921E+01  9.1343817E-19
  2.4824077E+01  8.6154228E-19
  2.6160793E+01  8.1138864E-19
  2.8564496E+01  7.3072354E-19
  2.9837634E+01  6.9239729E-19
  3.1160793E+01  6.5542352E-19
  3.3577367E+01  5.9455194E-19
  3.6160793E+01  5.3763473E-19
  3.8587200E+01  4.9060595E-19
  4.1160793E+01  4.4646528E-19
  4.3594958E+01  4.0937542E-19
  4.6160793E+01  3.7450638E-19
  4.8601235E+01  3.4483601E-19
  5.1160793E+01  3.1689530E-19
  5.3606419E+01  2.9285209E-19
  5.6160793E+01  2.7016693E-19
  6.0968200E+01  2.3321850E-19
  6.7353682E+01  1.9359250E-19
  7.0000000E+01  1.7974054E-19
  7.4833148E+01  1.5760202E-19
  8.0000000E+01  1.3771509E-19
  8.4852814E+01  1.2195248E-19
  8.5250251E+01  1.2077042E-19
  8.5647688E+01  1.1960363E-19
  8.6045126E+01  1.1845188E-19
  8.6442563E+01  1.1731495E-19
  8.6840000E+01  1.1619263E-19
  9.0000000E+01  1.0761072E-19
  1.0000000E+02  8.5849136E-20
  1.1000000E+02  6.9642447E-20
  1.2500000E+02  5.2318867E-20
  1.4000000E+02  4.0396772E-20
  1.5000000E+02  3.4438781E-20
  1.7500000E+02  2.4010649E-20
  2.0000000E+02  1.7511592E-20
  2.2000000E+02  1.3968954E-20
  2.5000000E+02  1.0310701E-20
  2.7386128E+02  8.2908040E-21
  3.0000000E+02  6.6465399E-21
  3.2403703E+02  5.4951589E-21
  3.5000000E+02  4.5276199E-21
  4.0000000E+02  3.2098229E-21
  4.5000000E+02  2.3514737E-21
  5.0000000E+02  1.7711156E-21
  5.5000000E+02  1.3663788E-21
  6.0000000E+02  1.0766151E-21
  7.0000000E+02  7.0370192E-22
  8.0000000E+02  4.8302877E-22
  9.0000000E+02  3.4400906E-22
  1.0000000E+03  2.5287959E-22
  1.1000000E+03  1.9119968E-22
  1.2500000E+03  1.3147659E-22
  1.4000000E+03  9.4129796E-23
  1.5000000E+03  7.6603207E-23
  1.7500000E+03  4.8108257E-23
  2.0000000E+03  3.2127862E-23
  2.2000000E+03  2.4038617E-23
  2.5000000E+03  1.6194453E-23
  3.0000000E+03  9.1861564E-24
  3.5000000E+03  5.6552115E-24
  4.0000000E+03  3.7041701E-24
  4.5000000E+03  2.5452826E-24
  5.0000000E+03  1.8152751E-24
  5.5000000E+03  1.3360570E-24
  6.0000000E+03  1.0086050E-24
  7.0000000E+03  6.1143622E-25
  8.0000000E+03  3.9549104E-25
  9.0000000E+03  2.6884826E-25
  1.0000000E+04  1.9014088E-25
  1.1000000E+04  1.3886134E-25
  1.2500000E+04  9.0990506E-26
  1.4000000E+04  6.2481044E-26
  1.5000000E+04  4.9677407E-26
  1.7500000E+04  2.9725533E-26
  2.0000000E+04  1.9027842E-26
  2.2000000E+04  1.3830402E-26
  2.5000000E+04  9.0090892E-27
  3.0000000E+04  4.8822630E-27
  3.5000000E+04  2.9056993E-27
  4.0000000E+04  1.8526363E-27
  4.5000000E+04  1.2452344E-27
  5.0000000E+04  8.7266551E-28
  5.5000000E+04  6.3263690E-28
  6.0000000E+04  4.7167009E-28
  7.0000000E+04  2.8044429E-28
  8.0000000E+04  1.7885057E-28
  9.0000000E+04  1.2035537E-28
  1.0000000E+05  8.4509907E-29
  1.1000000E+05  6.1424062E-29
  1.2500000E+05  4.0099090E-29
  1.4000000E+05  2.7524984E-29
  1.5000000E+05  2.1912172E-29
  1.7500000E+05  1.3208992E-29
  2.0000000E+05  8.5600653E-30
  2.2000000E+05  6.3011668E-30
  2.5000000E+05  4.1993332E-30
  3.0000000E+05  2.3832897E-30
  3.5000000E+05  1.4969945E-30
  4.0000000E+05  1.0131028E-30
  4.5000000E+05  7.2583554E-31
  5.0000000E+05  5.4384601E-31
  5.5000000E+05  4.2241272E-31
  6.0000000E+05  3.3787724E-31
  7.0000000E+05  2.3162685E-31
  7.2500000E+05  2.1325253E-31
  7.5000000E+05  1.9711705E-31
  8.0000000E+05  1.7023657E-31
  8.5000000E+05  1.4889532E-31
  9.0000000E+05  1.3166588E-31
  9.5000000E+05  1.1754895E-31
  1.0000000E+06  1.0582948E-31
  1.1000000E+06  8.7629975E-32
  1.2000000E+06  7.4281825E-32
  1.3000000E+06  6.4163810E-32
  1.4000000E+06  5.6282025E-32
  1.5000000E+06  5.0000037E-32
  1.6000000E+06  4.4894963E-32
  1.7000000E+06  4.0676752E-32
  1.8000000E+06  3.7140905E-32
  1.9000000E+06  3.4139730E-32
  2.0000000E+06  3.1564270E-32
  2.2000000E+06  2.7382174E-32
  2.4000000E+06  2.4140903E-32
  2.6000000E+06  2.1561396E-32
  2.8000000E+06  1.9463514E-32
  3.0000000E+06  1.7726226E-32
  3.2000000E+06  1.6265437E-32
  3.4000000E+06  1.5021023E-32
  3.6000000E+06  1.3948932E-32
  3.8000000E+06  1.3016189E-32
  4.0000000E+06  1.2197649E-32
  4.2500000E+06  1.1305787E-32
  4.5000000E+06  1.0532982E-32
  4.7500000E+06  9.8571548E-33
  5.0000000E+06  9.2613256E-33
  5.2500000E+06  8.7322324E-33
  5.5000000E+06  8.2593704E-33
  5.7500000E+06  7.8343149E-33
  6.0000000E+06  7.4502331E-33
  6.2500000E+06  7.1015267E-33
  6.5000000E+06  6.7835667E-33
  6.7500000E+06  6.4924930E-33
  7.0000000E+06  6.2250621E-33
  7.2500000E+06  5.9785288E-33
  7.5000000E+06  5.7505550E-33
  8.0000000E+06  5.3425470E-33
  8.5000000E+06  4.9880629E-33
  9.0000000E+06  4.6772823E-33
  9.5000000E+06  4.4026389E-33
  1.0000000E+07  4.1582105E-33
  1.1000000E+07  3.7421218E-33
  1.2000000E+07  3.4012583E-33
  1.3000000E+07  3.1169878E-33
  1.4000000E+07  2.8763459E-33
  1.5000000E+07  2.6700372E-33
  1.6000000E+07  2.4912257E-33
  1.7000000E+07  2.3347732E-33
  1.8000000E+07  2.1967438E-33
  1.9000000E+07  2.0740724E-33
  2.0000000E+07  1.9643369E-33
  2.2000000E+07  1.7762854E-33
  2.4000000E+07  1.6210185E-33
  2.6000000E+07  1.4906633E-33
  2.8000000E+07  1.3796779E-33
  3.0000000E+07  1.2840489E-33
  3.2000000E+07  1.2007991E-33
  3.4000000E+07  1.1276734E-33
  3.6000000E+07  1.0629327E-33
  3.8000000E+07  1.0052142E-33
  4.0000000E+07  9.5343519E-34
  4.2500000E+07  8.9575257E-34
  4.5000000E+07  8.4464588E-34
  4.7500000E+07  7.9905195E-34
  5.0000000E+07  7.5812499E-34
  5.2500000E+07  7.2118370E-34
  5.5000000E+07  6.8767319E-34
  5.7500000E+07  6.5713696E-34
  6.0000000E+07  6.2919604E-34
  6.2500000E+07  6.0353318E-34
  6.5000000E+07  5.7988079E-34
  6.7500000E+07  5.5801161E-34
  7.0000000E+07  5.3773138E-34
  7.2500000E+07  5.1887306E-34
  7.5000000E+07  5.0129220E-34
  8.0000000E+07  4.6947675E-34
  8.5000000E+07  4.4145769E-34
  9.0000000E+07  4.1659393E-34
  9.5000000E+07  3.9438099E-34
  1.0000000E+08  3.7441647E-34
  1.1000000E+08  3.3999290E-34
  1.2000000E+08  3.1136528E-34
  1.3000000E+08  2.8718361E-34
  1.4000000E+08  2.6648693E-34
  1.5000000E+08  2.4857256E-34
  1.6000000E+08  2.3291484E-34
  1.7000000E+08  2.1911266E-34
  1.8000000E+08  2.0685465E-34
  1.9000000E+08  1.9589541E-34
  2.0000000E+08  1.8603893E-34
  2.2000000E+08  1.6902936E-34
  2.4000000E+08  1.5486948E-34
  2.6000000E+08  1.4289854E-34
  2.8000000E+08  1.3264540E-34
  3.0000000E+08  1.2376507E-34
  3.2000000E+08  1.1599914E-34
  3.4000000E+08  1.0915023E-34
  3.6000000E+08  1.0306497E-34
  3.8000000E+08  9.7622395E-35
  4.0000000E+08  9.2725792E-35
  4.2500000E+08  8.7255043E-35
  4.5000000E+08  8.2393861E-35
  4.7500000E+08  7.8045745E-35
  5.0000000E+08  7.4133540E-35
  5.2500000E+08  7.0594824E-35
  5.5000000E+08  6.7378550E-35
  5.7500000E+08  6.4442568E-35
  6.0000000E+08  6.1751768E-35
  6.2500000E+08  5.9276669E-35
  6.5000000E+08  5.6992333E-35
  6.7500000E+08  5.4877525E-35
  7.0000000E+08  5.2914049E-35
  7.2500000E+08  5.1086222E-35
  7.5000000E+08  4.9380456E-35
  8.0000000E+08  4.6289264E-35
  8.5000000E+08  4.3562285E-35
  9.0000000E+08  4.1138731E-35
  9.5000000E+08  3.8970630E-35
  1.0000000E+09  3.7019614E-35
  1.1000000E+09  3.3650293E-35
  1.2000000E+09  3.0843122E-35
  1.3000000E+09  2.8468245E-35
  1.4000000E+09  2.6432946E-35
  1.5000000E+09  2.4669250E-35
  1.6000000E+09  2.3126192E-35
  1.7000000E+09  2.1764806E-35
  1.8000000E+09  2.0554792E-35
  1.9000000E+09  1.9472234E-35
  2.0000000E+09  1.8498001E-35
  2.2000000E+09  1.6815388E-35
  2.4000000E+09  1.5413360E-35
  2.6000000E+09  1.4227134E-35
  2.8000000E+09  1.3210446E-35
  3.0000000E+09  1.2329375E-35
  3.2000000E+09  1.1558481E-35
  3.4000000E+09  1.0878315E-35
  3.6000000E+09  1.0273749E-35
  3.8000000E+09  9.7328439E-36
  4.0000000E+09  9.2460461E-36
  4.2500000E+09  8.7019975E-36
  4.5000000E+09  8.2184158E-36
  4.7500000E+09  7.7857512E-36
  5.0000000E+09  7.3963641E-36
  5.2500000E+09  7.0440705E-36
  5.5000000E+09  6.7238110E-36
  5.7500000E+09  6.4314064E-36
  6.0000000E+09  6.1633740E-36
  6.2500000E+09  5.9167886E-36
  6.5000000E+09  5.6891750E-36
  6.7500000E+09  5.4784249E-36
  7.0000000E+09  5.2827311E-36
  7.2500000E+09  5.1005359E-36
  7.5000000E+09  4.9304890E-36
  8.0000000E+09  4.6222842E-36
  8.5000000E+09  4.3503442E-36
  9.0000000E+09  4.1086241E-36
  9.5000000E+09  3.8923516E-36
  1.0000000E+10  3.6977091E-36
     
     
