1
11
3.912023005428146
0.050951000322911597
51
0.
0.000020345052083333332
0.000040690104166666664
0.00008138020833333333
0.00016276041666666666
0.0003255208333333333
0.0006510416666666666
0.0009765625
0.0013020833333333333
0.0026041666666666665
0.00390625
0.005208333333333333
0.0078125
0.010416666666666666
0.015625
0.020833333333333332
0.03125
0.041666666666666664
0.0625
0.08333333333333333
0.125
0.16666666666666666
0.25
0.3333333333333333
0.5
0.6666666666666666
0.75
0.8333333333333333
0.875
0.9166666666666666
0.9375
0.9583333333333333
0.96875
0.9791666666666666
0.984375
0.9895833333333333
0.9921875
0.9947916666666666
0.99609375
0.9973958333333333
0.998046875
0.9986979166666666
0.9993489583333333
0.99951171875
0.9996744791666666
0.9998372395833333
0.9999186197916666
0.9999593098958333
0.9999796549479166
0.9999898274739583
1.
0.
0.007547571117560735
0.010673932596912976
0.015095375645462627
0.021348520686916787
0.030192609009544912
0.042702312691892945
0.05230374878390422
0.06040014361702279
0.08544686950516459
0.10468515736544144
0.12091994460615868
0.14819408943892765
0.1712332481533827
0.20999600856868042
0.24280628506484608
0.29817500331772745
0.3452353623297036
0.42514577302032375
0.49365328600488045
0.6115280230062965
0.7145015305636063
0.8971086494238515
1.064071989557272
1.385684648487235
1.727430908239332
1.9216972975101392
2.1478001243718454
2.2814083796409825
2.439368693886352
2.533412691982791
2.644940130602033
2.711431181804283
2.7903202269776344
2.8373587499710973
2.893166477988095
2.926440059061271
2.9659134757130543
2.989446493801911
3.0173628672428654
3.0340051710051603
3.0537467169703745
3.0794752413823354
3.087797129489328
3.0976685333679956
3.1105333719022292
3.119630305680745
3.1260628688400462
3.1306114076781233
3.133827725237141
3.141592653589793
4.727602513072852
0.04507515074645297
51
0.
0.000040690104166666664
0.00008138020833333333
0.00016276041666666666
0.0003255208333333333
0.0006510416666666666
0.0009765625
0.0013020833333333333
0.0026041666666666665
0.00390625
0.005208333333333333
0.0078125
0.010416666666666666
0.015625
0.020833333333333332
0.03125
0.041666666666666664
0.0625
0.08333333333333333
0.125
0.16666666666666666
0.25
0.3333333333333333
0.5
0.6666666666666666
0.75
0.8333333333333333
0.875
0.9166666666666666
0.9375
0.9583333333333333
0.96875
0.9791666666666666
0.984375
0.9895833333333333
0.9921875
0.9947916666666666
0.99609375
0.9973958333333333
0.998046875
0.9986979166666666
0.9993489583333333
0.99951171875
0.9996744791666666
0.9998372395833333
0.9998779296875
0.9999186197916666
0.9999593098958333
0.9999796549479166
0.9999898274739583
1.
0.
0.009796874281643725
0.013855026649096018
0.019594401480053533
0.027711914304781687
0.03919407287275759
0.04800703750825667
0.05543871746315394
0.0784303041330134
0.09609159426401853
0.11099689099314905
0.13604074403909933
0.15719964153079347
0.19280818000419064
0.222959338160232
0.27386765616130476
0.31716848122707575
0.39077589304766813
0.4539767358992102
0.5629784128378857
0.6585244501982771
0.8288978058515178
0.9859894771460239
1.2932821820362717
1.6287784902298703
1.8245957886388515
2.057745274694933
2.1982513141662094
2.3669251359791867
2.4685873366357964
2.59023493089979
2.6632618441677973
2.7503282765387693
2.802433474417429
2.8644096084032875
2.9014309272492453
2.945407394400433
2.9716502570129433
3.0028017050938387
3.0213813456437335
3.0434284847892648
3.0721719030683423
3.081470474090041
3.092501117640978
3.1068778687919054
3.1115282562655104
3.117044680231801
3.1242341582814244
3.129318115379196
3.1329131301424913
3.141592653589793
5.543182020717557
0.030421571024660234
53
0.
0.000040690104166666664
0.00008138020833333333
0.00016276041666666666
0.0003255208333333333
0.00048828125
0.0006510416666666666
0.0013020833333333333
0.001953125
0.0026041666666666665
0.005208333333333333
0.0078125
0.010416666666666666
0.015625
0.020833333333333332
0.03125
0.041666666666666664
0.0625
0.08333333333333333
0.125
0.16666666666666666
0.25
0.3333333333333333
0.5
0.6666666666666666
0.75
0.8333333333333333
0.875
0.9166666666666666
0.9375
0.9583333333333333
0.96875
0.9791666666666666
0.984375
0.9895833333333333
0.9921875
0.9947916666666666
0.99609375
0.9973958333333333
0.998046875
0.9986979166666666
0.9990234375
0.9993489583333333
0.9996744791666666
0.999755859375
0.9998372395833333
0.9999186197916666
0.99993896484375
0.9999593098958333
0.9999796549479166
0.9999898274739583
0.9999949137369791
1.
0.
0.00812777753534169
0.011494552173412081
0.0162561422686028
0.02299076431218515
0.02815917860324741
0.032516986041940046
0.04599482948883368
0.056342799120541014
0.06507161819063606
0.09209634684550976
0.11288197420253365
0.1304461534974266
0.16001245727063781
0.1850559586752578
0.22736198707591876
0.26337161710278734
0.32465100258107743
0.3773476280769182
0.46845414283850484
0.5486022911355115
0.6924043588587098
0.8263371818334329
1.0938510397266206
1.3989570293990439
1.5864204136045388
1.821927852376417
1.9716440335031775
2.160176941668402
2.2787044630699036
2.4253936377756107
2.5159028660691947
2.6260338487435013
2.692992846166038
2.77353907047432
2.822064369991886
2.880049179685339
2.914805376744875
2.9561872627753023
2.9809254170532227
3.0103236510926874
3.0278735473999823
3.0487123555787896
3.0758945412200087
3.084690396155385
3.095126318064431
3.1087306099492586
3.1131317804126306
3.1183529864588895
3.1251583800883753
3.129971193476889
3.1333747033152117
3.141592653589793
6.086901692480694
0.020052845109957185
55
0.
0.00008138020833333333
0.00016276041666666666
0.0003255208333333333
0.0006510416666666666
0.0013020833333333333
0.001953125
0.0026041666666666665
0.005208333333333333
0.0078125
0.010416666666666666
0.015625
0.020833333333333332
0.03125
0.041666666666666664
0.0625
0.08333333333333333
0.125
0.16666666666666666
0.25
0.3333333333333333
0.5
0.5833333333333333
0.6666666666666666
0.75
0.7916666666666666
0.8333333333333333
0.875
0.9166666666666666
0.9375
0.9583333333333333
0.96875
0.9791666666666666
0.984375
0.9895833333333333
0.9921875
0.9947916666666666
0.99609375
0.9973958333333333
0.998046875
0.9986979166666666
0.9990234375
0.9993489583333333
0.99951171875
0.9996744791666666
0.9998372395833333
0.9998779296875
0.9999186197916666
0.9999593098958333
0.999969482421875
0.9999796549479166
0.9999898274739583
0.9999949137369791
0.9999974568684895
1.
0.
0.009472870794001019
0.013396986892208891
0.01894711755740051
0.026797866698504764
0.03790525047758576
0.046433260741781356
0.05362691647616337
0.07589887658614923
0.09302919933389399
0.10750476845018729
0.1318724029160692
0.15251306189552555
0.18738288210141793
0.21706497163636004
0.2675820432745709
0.3110312594711725
0.3861742018485355
0.452315816162548
0.5711284001227374
0.682053082339058
0.9051001269700184
1.0270750370540582
1.1644827223690846
1.3287953978283555
1.427590377052813
1.5441506247557328
1.6884005587630087
1.8809900430585316
2.0096334332978874
2.178143806552898
2.287592009081018
2.426480667812041
2.5138953795354
2.6218138881784276
2.6881589743601157
2.7685933444137514
2.8173374430093485
2.875820242261514
2.9109793674079443
2.952930641836344
2.978046041198406
3.0079246515707796
3.02577653451749
3.0469835248157127
3.074660215806887
3.0836204156338205
3.094252745694069
3.1081131500441197
3.112597114295708
3.117916501095564
3.1248498007616514
3.1297530261834896
3.13322045137241
3.141592653589793
6.630621364243831
0.012390227996868099
57
0.
0.00008138020833333333
0.00016276041666666666
0.0003255208333333333
0.0006510416666666666
0.0013020833333333333
0.0026041666666666665
0.00390625
0.005208333333333333
0.010416666666666666
0.015625
0.020833333333333332
0.03125
0.041666666666666664
0.0625
0.08333333333333333
0.125
0.16666666666666666
0.25
0.3333333333333333
0.5
0.5833333333333333
0.6666666666666666
0.75
0.7916666666666666
0.8333333333333333
0.875
0.8958333333333333
0.9166666666666666
0.9375
0.9583333333333333
0.96875
0.9791666666666666
0.984375
0.9895833333333333
0.9921875
0.9947916666666666
0.99609375
0.9973958333333333
0.998046875
0.9986979166666666
0.9990234375
0.9993489583333333
0.99951171875
0.9996744791666666
0.999755859375
0.9998372395833333
0.9999186197916666
0.99993896484375
0.9999593098958333
0.9999796549479166
0.9999847412109375
0.9999898274739583
0.9999949137369791
0.9999974568684895
0.9999987284342448
1.
0.
0.007533664135253251
0.010654464096539121
0.015068406695787028
0.02131197656259693
0.03014543865977333
0.042648373732460304
0.05225335189815985
0.060360077194984554
0.08549324817812864
0.10486913316318319
0.12128036044969621
0.14900221141039305
0.17259647095922873
0.21274432154466444
0.2472658161564831
0.306946226566198
0.3594526093858685
0.45371629136799
0.5416781199600534
0.7186572065621067
0.815756259811816
0.9257985861309054
1.0590661464607407
1.1406013655549587
1.238797899824318
1.3644832971836525
1.4442912419071006
1.5425500065837394
1.670294053844007
1.8509945580114067
1.977355884037968
2.1479512291742187
2.260732952601566
2.4048754296844463
2.495732219107057
2.607713335546423
2.676369966882342
2.7593770876783754
2.8095550918635137
2.869642087201476
2.90570990232855
2.9486958419125555
2.974408690658057
3.004982114562941
3.0232378430240128
3.044918107495372
3.0732075460641526
3.082363185779937
3.0932259606870316
3.1073866717372307
3.111967844603114
3.1174025872729385
3.1244863006802452
3.12949593871349
3.1330386360188966
3.141592653589793
7.446200871888537
0.005761148744883778
57
0.
0.00016276041666666666
0.0003255208333333333
0.0006510416666666666
0.0013020833333333333
0.0026041666666666665
0.005208333333333333
0.0078125
0.010416666666666666
0.020833333333333332
0.03125
0.041666666666666664
0.0625
0.08333333333333333
0.125
0.16666666666666666
0.25
0.3333333333333333
0.5
0.5833333333333333
0.6666666666666666
0.75
0.7916666666666666
0.8333333333333333
0.875
0.8958333333333333
0.9166666666666666
0.9375
0.9583333333333333
0.96875
0.9791666666666666
0.984375
0.9895833333333333
0.9921875
0.9947916666666666
0.99609375
0.9973958333333333
0.998046875
0.9986979166666666
0.9990234375
0.9993489583333333
0.99951171875
0.9996744791666666
0.999755859375
0.9998372395833333
0.9998779296875
0.9999186197916666
0.9999593098958333
0.999969482421875
0.9999796549479166
0.9999898274739583
0.9999923706054688
0.9999949137369791
0.9999974568684895
0.9999987284342448
0.9999993642171223
1.
0.
0.007340740668931294
0.010381861332568462
0.014683548198901154
0.020769572166077135
0.02938366247476312
0.04158610219894192
0.050970854252000854
0.05890065394719105
0.0835523294089282
0.10264566516313957
0.11889392810400161
0.14653647862351513
0.17029905526389344
0.21136473055843963
0.24747792134867816
0.31227732051580226
0.3727228905789645
0.4944662084419536
0.5615455829000924
0.638150136562936
0.7324801256420821
0.791592005830185
0.8649732094514327
0.9640967809199148
1.0313381186293609
1.1203007493093977
1.2485412734981938
1.454895084910993
1.6103716213814305
1.8234306688805666
1.963997410766372
2.144478200489285
2.2598408151072995
2.4047811793768763
2.495435841368927
2.606960807862545
2.675372714191908
2.758206299147995
2.808360304699593
2.8685052009374643
2.904649559139022
2.9477671503071488
2.973574781381414
3.0042766609329634
3.0226185085704445
3.044404237795514
3.0728367436213753
3.082041323869948
3.0929629732799837
3.107200550258625
3.1118066134481097
3.117270898760482
3.124393142427724
3.1294300456622643
3.1329920324809284
3.141592653589793
8.261780379533242
0.0026128952935266744
57
0.
0.0006510416666666666
0.0013020833333333333
0.0026041666666666665
0.005208333333333333
0.010416666666666666
0.015625
0.020833333333333332
0.041666666666666664
0.0625
0.08333333333333333
0.125
0.16666666666666666
0.25
0.3333333333333333
0.5
0.6666666666666666
0.75
0.7916666666666666
0.8333333333333333
0.875
0.8958333333333333
0.9166666666666666
0.9375
0.9479166666666666
0.9583333333333333
0.96875
0.9739583333333333
0.9791666666666666
0.984375
0.9895833333333333
0.9921875
0.9947916666666666
0.99609375
0.9973958333333333
0.998046875
0.9986979166666666
0.9990234375
0.9993489583333333
0.99951171875
0.9996744791666666
0.999755859375
0.9998372395833333
0.9998779296875
0.9999186197916666
0.99993896484375
0.9999593098958333
0.999969482421875
0.9999796549479166
0.9999898274739583
0.9999923706054688
0.9999949137369791
0.9999974568684895
0.9999987284342448
0.9999993642171223
0.9999996821085612
1.
0.
0.009911662420192573
0.014019816026705456
0.019834407541921985
0.028071036823647
0.03975797704466
0.048766763706438725
0.05639629810668315
0.08024677678292674
0.09889847409527223
0.11492964865454959
0.14262803197256968
0.16697916958118605
0.21065814470189653
0.2513900516334014
0.3334577017450442
0.43072604944714243
0.4953042124487898
0.5363489562664192
0.5882827584583779
0.6610378361197672
0.7127686317830956
0.7848612633817077
0.8954638989744907
0.9747892392818021
1.0766370527714166
1.2089946280004336
1.2928161246977035
1.3967690643511146
1.5354799944564224
1.7393379427982185
1.8830942369520702
2.072886105544644
2.1952107796832916
2.349304846483775
2.4459409749976264
2.5651764827201724
2.6385280728014773
2.7275501803985773
2.7815530302870517
2.8463976739125028
2.8854109125771914
2.931973772881725
2.959865221142204
2.993057038670142
3.012887040650846
3.036447905932573
3.0505108593742207
3.0672053710645453
3.088975799885998
3.0960203260757115
3.104378356761883
3.1152738863541316
3.122980330519768
3.128430681061903
3.1322851970411456
3.141592653589793
9.349219723059516
0.0009086583193026847
61
0.
0.0013020833333333333
0.0026041666666666665
0.005208333333333333
0.010416666666666666
0.015625
0.020833333333333332
0.041666666666666664
0.0625
0.08333333333333333
0.16666666666666666
0.25
0.3333333333333333
0.5
0.6666666666666666
0.75
0.7916666666666666
0.8333333333333333
0.875
0.8958333333333333
0.9166666666666666
0.9375
0.9479166666666666
0.9583333333333333
0.96875
0.9739583333333333
0.9791666666666666
0.984375
0.9869791666666666
0.9895833333333333
0.9921875
0.9934895833333333
0.9947916666666666
0.99609375
0.9973958333333333
0.998046875
0.9986979166666666
0.9990234375
0.9993489583333333
0.99951171875
0.9996744791666666
0.999755859375
0.9998372395833333
0.9998779296875
0.9999186197916666
0.99993896484375
0.9999593098958333
0.999969482421875
0.9999796549479166
0.9999847412109375
0.9999898274739583
0.9999949137369791
0.9999961853027344
0.9999974568684895
0.9999987284342448
0.9999990463256836
0.9999993642171223
0.9999996821085612
0.9999998410542805
0.9999999205271403
1.
0.
0.008177557122833605
0.011569098684418298
0.016373327862041265
0.02318991646146369
0.028444302278686637
0.032894124098266635
0.0468037763157136
0.05768042867455448
0.0670280581274247
0.09737117576208883
0.12282678033980497
0.14656025864890485
0.1943871511467037
0.25120865830262407
0.28918315354992014
0.3135269560436226
0.344699179237144
0.38941621797786125
0.4222152099396994
0.4694385076140503
0.5436998702795056
0.5963618918956183
0.6630073496588149
0.7525283159105471
0.8142357455777542
0.898175319471865
1.017861881221704
1.096490905745283
1.195225632551379
1.3304424715293848
1.420342107008814
1.5311020095412329
1.6721971589426854
1.8686345081733857
2.0032305396125696
2.178365456046441
2.2904757757991088
2.4312980613926083
2.5193325712640866
2.627488110650809
2.693699921669936
2.7736863300321963
2.822017398462176
2.879871283533559
2.9145946277473698
2.9559648019025784
2.980711381007906
3.010134319730564
3.027702820552482
3.048567856343205
3.0757920074644143
3.084601916893688
3.0950543829772474
3.108680028328487
3.113088055128457
3.118317362129317
3.1251332610952973
3.1299534672929634
3.1333621868319455
3.141592653589793
10.43665906658579
0.00032719369115367486
60
0.
0.005208333333333333
0.010416666666666666
0.020833333333333332
0.041666666666666664
0.08333333333333333
0.125
0.16666666666666666
0.3333333333333333
0.5
0.6666666666666666
0.75
0.8333333333333333
0.875
0.9166666666666666
0.9375
0.9479166666666666
0.9583333333333333
0.96875
0.9739583333333333
0.9791666666666666
0.984375
0.9869791666666666
0.9895833333333333
0.9921875
0.9934895833333333
0.9947916666666666
0.99609375
0.9967447916666666
0.9973958333333333
0.998046875
0.9983723958333333
0.9986979166666666
0.9990234375
0.9993489583333333
0.99951171875
0.9996744791666666
0.999755859375
0.9998372395833333
0.9998779296875
0.9999186197916666
0.99993896484375
0.9999593098958333
0.999969482421875
0.9999796549479166
0.9999847412109375
0.9999898274739583
0.9999923706054688
0.9999949137369791
0.9999961853027344
0.9999974568684895
0.9999987284342448
0.9999990463256836
0.9999993642171223
0.9999996821085612
0.9999998410542805
0.9999999205271403
0.9999999602635701
0.999999980131785
1.
0.
0.009430181091967155
0.013356140230248373
0.018945120969241547
0.026955948539253375
0.038602886303265756
0.04790199617712272
0.05607543306286131
0.08439569362121466
0.11193150956839222
0.144671547471168
0.16660152893589616
0.1988345047318643
0.22507040369232953
0.2728667477270284
0.31762455968863157
0.349124683316758
0.3890233731204358
0.44420591741276705
0.4839492255345765
0.5391288176656763
0.6168434436877606
0.6694442685256505
0.7404062075173737
0.8408966476109327
0.9084171192986288
0.9974191453994463
1.1191934966819237
1.2002794082076806
1.3037354180805656
1.4403147001977439
1.5290247053061514
1.637730953612279
1.7765507357521888
1.9662096844436157
2.0925690566426884
2.25707282108454
2.3622890779123846
2.4933954990186407
2.574692876772442
2.673999198422597
2.734548368726506
2.8075087313764024
2.851511497036997
2.904120350205889
2.9356657382503735
2.973228901481106
2.9956890671043896
3.0223874538974407
3.0383243829000426
3.057242119289706
3.081917946937429
3.089904460389299
3.0993812959719347
3.1117372210991676
3.120477923165561
3.12666040726766
3.131033021815876
3.1341253966189324
3.141592653589793
11.524098410112064
0.00013092431489299334
64
0.
0.010416666666666666
0.020833333333333332
0.041666666666666664
0.08333333333333333
0.16666666666666666
0.3333333333333333
0.5
0.6666666666666666
0.75
0.8333333333333333
0.875
0.9166666666666666
0.9375
0.9479166666666666
0.9583333333333333
0.96875
0.9739583333333333
0.9791666666666666
0.984375
0.9869791666666666
0.9895833333333333
0.9921875
0.9934895833333333
0.9947916666666666
0.99609375
0.9967447916666666
0.9973958333333333
0.998046875
0.9983723958333333
0.9986979166666666
0.9990234375
0.9991861979166666
0.9993489583333333
0.99951171875
0.9995930989583333
0.9996744791666666
0.999755859375
0.9998372395833333
0.9998779296875
0.9999186197916666
0.99993896484375
0.9999593098958333
0.999969482421875
0.9999796549479166
0.9999847412109375
0.9999898274739583
0.9999923706054688
0.9999949137369791
0.9999961853027344
0.9999974568684895
0.9999980926513672
0.9999987284342448
0.9999990463256836
0.9999993642171223
0.9999996821085612
0.9999997615814209
0.9999998410542805
0.9999999205271403
0.9999999602635701
0.999999980131785
0.9999999900658925
0.9999999950329462
1.
0.
0.007526897776264172
0.010676566992838556
0.01519102808114722
0.02175448835131956
0.031600584346152524
0.047558820606167264
0.06307520339918567
0.08152966385276865
0.09390099189400053
0.11211979158362784
0.1270046790695598
0.1542924543841932
0.17990640838407845
0.19787937666328
0.22067471179253156
0.2525904267796876
0.27592224157263234
0.3083557569791662
0.35394382983034206
0.38559072404847977
0.428998901633741
0.49038671012454005
0.5333739079509592
0.5904772260777785
0.6711309638962744
0.7266694489360601
0.7993869697791272
0.9005941727459603
0.9692189158110612
1.0572727026202602
1.1771666731417736
1.2564666106715752
1.3561652028454547
1.4879192027389292
1.5725619855442934
1.6763190112792254
1.8088794345361132
1.9896991238135542
2.1111544892084435
2.2693580350593
2.37131245101484
2.4993568340317753
2.5791962044255605
2.677139268181589
2.7370224276218584
2.8093005222525265
2.852957849730166
2.905212344269182
2.936573317297276
2.973937137483441
2.9962876822515145
3.0228651018867523
3.0387345581383327
3.0575755960828794
3.0821561965578037
3.0901125397108116
3.0995531517839883
3.111860551034861
3.1205660370545836
3.126723167080241
3.1310776268743576
3.1341570508099443
3.141592653589793
12.611537753638338
0.00006585339346842205
65
0.
0.041666666666666664
0.08333333333333333
0.16666666666666666
0.3333333333333333
0.5
0.6666666666666666
0.75
0.8333333333333333
0.875
0.9166666666666666
0.9375
0.9583333333333333
0.96875
0.9791666666666666
0.984375
0.9895833333333333
0.9921875
0.9947916666666666
0.99609375
0.9967447916666666
0.9973958333333333
0.998046875
0.9983723958333333
0.9986979166666666
0.9990234375
0.9991861979166666
0.9993489583333333
0.99951171875
0.9995930989583333
0.9996744791666666
0.999755859375
0.9997965494791666
0.9998372395833333
0.9998779296875
0.9998982747395833
0.9999186197916666
0.99993896484375
0.9999593098958333
0.999969482421875
0.9999796549479166
0.9999847412109375
0.9999898274739583
0.9999923706054688
0.9999949137369791
0.9999961853027344
0.9999974568684895
0.9999980926513672
0.9999987284342448
0.9999990463256836
0.9999993642171223
0.9999995231628418
0.9999996821085612
0.9999997615814209
0.9999998410542805
0.9999998807907104
0.9999999205271403
0.9999999602635701
0.9999999701976776
0.999999980131785
0.9999999900658925
0.9999999950329462
0.9999999975164731
0.9999999987582365
1.
0.
0.008133321376682733
0.01164741467601235
0.01691906455757236
0.025463398045309026
0.033771893766068095
0.0436563709784768
0.05028641158333776
0.06006181277024845
0.06806570710550403
0.08278964740046954
0.0966267871341945
0.11863047362414406
0.13598020262261512
0.16650125203883226
0.1914614705593743
0.23318858879943732
0.2675007995203371
0.32432453227044616
0.3710624626243515
0.4034982288390553
0.4467219111168506
0.5080699636916245
0.5503825757175635
0.6058964994372235
0.683683777405561
0.7365452938188572
0.805020150693582
0.8991926563256486
0.962112343435287
1.0423232949049217
1.1503881474406925
1.2212597638708917
1.3100812907160493
1.427248980271481
1.5025504678757242
1.5953414537613853
1.715028826833259
1.8815455617394727
1.9964153965976184
2.1511035625977923
2.254221338259684
2.3885107434434287
2.4751310239575424
2.5844333863208653
2.652935309645614
2.7372661776674354
2.788973230686666
2.8515085343172832
2.889399956989311
2.9348848915858996
2.9622343333108208
2.994884914915411
3.014442030633536
3.0377016103448695
3.0515824872990382
3.0680628683010567
3.089565241048102
3.096526047580114
3.1047866685615917
3.115558350682233
3.123179344638089
3.1285703377222136
3.1323834146308553
3.141592653589793