2
9
3.912023005428146
0.16340684654036589
51
0.
0.000020345052083333332
0.000040690104166666664
0.00008138020833333333
0.00016276041666666666
0.0003255208333333333
0.0006510416666666666
0.0009765625
0.0013020833333333333
0.0026041666666666665
0.00390625
0.005208333333333333
0.0078125
0.010416666666666666
0.015625
0.020833333333333332
0.03125
0.041666666666666664
0.0625
0.08333333333333333
0.125
0.16666666666666666
0.25
0.3333333333333333
0.5
0.6666666666666666
0.75
0.8333333333333333
0.875
0.9166666666666666
0.9375
0.9583333333333333
0.96875
0.9791666666666666
0.984375
0.9895833333333333
0.9921875
0.9947916666666666
0.99609375
0.9973958333333333
0.998046875
0.9986979166666666
0.9993489583333333
0.99951171875
0.9996744791666666
0.9998372395833333
0.9999186197916666
0.9999593098958333
0.9999796549479166
0.9999898274739583
1.
0.
0.0075752936896144
0.010713139778327557
0.015150823278397306
0.021426953369039475
0.030303542955364502
0.04285923287360193
0.052495985567783725
0.06062217046856299
0.0857611892217452
0.10507050566944974
0.12136535492659327
0.14874073427909823
0.17186576293770928
0.21077387009918253
0.24370819251993014
0.299288719147303
0.3465319113107228
0.4267595170097124
0.49554655777410855
0.6139201897499277
0.7173484071089303
0.9008003282191069
1.0685626119620841
1.3916604840845779
1.73456292277638
1.9291005261017973
2.15502581703098
2.28824666382359
2.445469446799905
2.5389356798557796
2.649654374358288
2.7156056749139594
2.7938053660283115
2.840410819597671
2.8956863671234414
2.9286345256932687
2.967715297344572
2.9910113598939145
3.0186442451519615
3.03511650544559
3.0546554765604568
3.08011893104406
3.0883548824150453
3.0981242279433125
3.1108558626022726
3.1198584722110487
3.1262242725180682
3.130725570101991
3.1339084666557766
3.141592653589793
4.99946234895442
0.12797236808579687
51
0.
0.000040690104166666664
0.00008138020833333333
0.00016276041666666666
0.0003255208333333333
0.0006510416666666666
0.0009765625
0.0013020833333333333
0.0026041666666666665
0.00390625
0.005208333333333333
0.0078125
0.010416666666666666
0.015625
0.020833333333333332
0.03125
0.041666666666666664
0.0625
0.08333333333333333
0.125
0.16666666666666666
0.25
0.3333333333333333
0.5
0.6666666666666666
0.75
0.8333333333333333
0.875
0.9166666666666666
0.9375
0.9583333333333333
0.96875
0.9791666666666666
0.984375
0.9895833333333333
0.9921875
0.9947916666666666
0.99609375
0.9973958333333333
0.998046875
0.9986979166666666
0.9993489583333333
0.99951171875
0.9996744791666666
0.9998372395833333
0.9998779296875
0.9999186197916666
0.9999593098958333
0.9999796549479166
0.9999898274739583
1.
0.
0.009655114371488405
0.013654551284240583
0.01931089588502985
0.0273109832640456
0.038627118797851044
0.047312718117593675
0.05463705147683248
0.07729692187046974
0.09470391864837775
0.10939504499405632
0.13408010787654706
0.15493712388070802
0.1900406621317155
0.21976777371903788
0.26996894411795685
0.31267866310229414
0.3853075125413305
0.4476990685295167
0.5553858880888292
0.649878458270183
0.8186480572164065
0.9746237095099569
1.2808862735318634
1.6170516929145724
1.8140052100336177
2.0489910171464105
2.1907423339551864
2.3609424002781676
2.4635059989980554
2.5861906803065784
2.65981313154602
2.7475612836039858
2.8000597626123005
2.862491176694507
2.899778082054656
2.944065497455236
2.970490986548302
3.001857849670567
3.020565673023578
3.0427635011866654
3.0717021294077753
3.081064088843429
3.092169848787061
3.1066441284093225
3.111325971833846
3.1168796519554496
3.1241175912693824
3.129235752867402
3.132854922462692
3.141592653589793
6.086901692480694
0.06340556788911918
53
0.
0.000040690104166666664
0.00008138020833333333
0.00016276041666666666
0.0003255208333333333
0.0006510416666666666
0.0013020833333333333
0.001953125
0.0026041666666666665
0.005208333333333333
0.0078125
0.010416666666666666
0.015625
0.020833333333333332
0.03125
0.041666666666666664
0.0625
0.08333333333333333
0.125
0.16666666666666666
0.25
0.3333333333333333
0.5
0.5833333333333333
0.6666666666666666
0.75
0.8333333333333333
0.875
0.9166666666666666
0.9375
0.9583333333333333
0.96875
0.9791666666666666
0.984375
0.9895833333333333
0.9921875
0.9947916666666666
0.99609375
0.9973958333333333
0.998046875
0.9986979166666666
0.9990234375
0.9993489583333333
0.99951171875
0.9996744791666666
0.9998372395833333
0.9998779296875
0.9999186197916666
0.9999593098958333
0.9999796549479166
0.9999898274739583
0.9999949137369791
1.
0.
0.007216327497974595
0.010205557874465936
0.014433189707062173
0.02041261430469758
0.02887062244027032
0.04083725115076673
0.050025047826783395
0.05777529700568763
0.08177097594572062
0.10022769434579837
0.11582458298875109
0.14208105273443353
0.1643230767850465
0.20190172593304262
0.2338936587290196
0.28835226931134916
0.3352035905035449
0.41626092834052475
0.48764524298537304
0.6159718723404123
0.7358943651990795
0.9772912507901373
1.1093138397320508
1.2578199431171233
1.43462225537319
1.6636946239344004
1.8143738146557673
2.0106550164894483
2.1380373008881515
2.299968118862077
2.402146292928692
2.528610128127745
2.606531087369714
2.7011641187316355
2.7585910835213814
2.8275607375777327
2.8690572944570683
2.9185940918242936
2.948263019854953
2.983569899401263
3.004666450058249
3.02973295101817
3.0446935232260226
3.0624529939103846
3.08561725776967
3.0931132921882574
3.1020063523562884
3.11359808268766
3.121796087629799
3.127593659820015
3.131693516221422
3.141592653589793
7.174341036006968
0.023675321685306786
56
0.
0.00016276041666666666
0.0003255208333333333
0.0006510416666666666
0.0013020833333333333
0.0026041666666666665
0.00390625
0.005208333333333333
0.010416666666666666
0.015625
0.020833333333333332
0.03125
0.041666666666666664
0.0625
0.08333333333333333
0.125
0.16666666666666666
0.25
0.3333333333333333
0.5
0.5833333333333333
0.6666666666666666
0.75
0.7916666666666666
0.8333333333333333
0.875
0.8958333333333333
0.9166666666666666
0.9375
0.9583333333333333
0.96875
0.9791666666666666
0.984375
0.9895833333333333
0.9921875
0.9947916666666666
0.99609375
0.9973958333333333
0.998046875
0.9986979166666666
0.9990234375
0.9993489583333333
0.99951171875
0.9996744791666666
0.999755859375
0.9998372395833333
0.9998779296875
0.9999186197916666
0.9999593098958333
0.999969482421875
0.9999796549479166
0.9999898274739583
0.9999949137369791
0.9999974568684895
0.9999987284342448
1.
0.
0.00917434647410973
0.012975103155641099
0.018351323507762772
0.025957643850040086
0.03672368258052622
0.04499434824021968
0.051974890854274376
0.07361657554274519
0.09030080176785467
0.10443224001602867
0.1283031639615359
0.14861999708572218
0.18319158219837395
0.2129191736428628
0.26431534580514865
0.3095394622001462
0.3907565817272974
0.4666014121944509
0.6195650387884444
0.703877177385577
0.8000177489406148
0.9177761109995412
0.9908748544988464
1.0803820068832224
1.198041426492239
1.2750081283730477
1.372594342517265
1.5044972782568662
1.7001656476875477
1.8415370434618115
2.034868848201025
2.162733911676913
2.325250043424275
2.4270412251441
2.551860944356841
2.6280954416993163
2.7200305714994397
2.775506020253596
2.8418593397466125
2.8816561976500155
2.9290609249086845
2.957405708103441
2.991100731445864
3.011217762923492
3.0351041724319323
3.049354760502156
3.0662680700037
3.0883201814098418
3.095454564861286
3.1039183738712617
3.1149504368302465
3.1227525219171017
3.1282700487830697
3.132171839355473
3.141592653589793
8.261780379533242
0.00825653909842867
59
0.
0.0003255208333333333
0.0006510416666666666
0.0013020833333333333
0.0026041666666666665
0.005208333333333333
0.010416666666666666
0.015625
0.020833333333333332
0.041666666666666664
0.0625
0.08333333333333333
0.125
0.16666666666666666
0.25
0.3333333333333333
0.5
0.5833333333333333
0.6666666666666666
0.75
0.7916666666666666
0.8333333333333333
0.875
0.8958333333333333
0.9166666666666666
0.9375
0.9479166666666666
0.9583333333333333
0.96875
0.9739583333333333
0.9791666666666666
0.984375
0.9895833333333333
0.9921875
0.9947916666666666
0.99609375
0.9973958333333333
0.998046875
0.9986979166666666
0.9990234375
0.9993489583333333
0.99951171875
0.9996744791666666
0.999755859375
0.9998372395833333
0.9998779296875
0.9999186197916666
0.99993896484375
0.9999593098958333
0.9999796549479166
0.9999847412109375
0.9999898274739583
0.9999949137369791
0.9999961853027344
0.9999974568684895
0.9999987284342448
0.9999993642171223
0.9999996821085612
1.
0.
0.007783756600155977
0.011008922300982927
0.015571890689456044
0.02203026507883751
0.031178957683450168
0.04416042245865327
0.05416749268621455
0.06264279706667902
0.08913978218609964
0.10986455720852671
0.12768058419445844
0.1584708852039163
0.18555031496776078
0.23415236855723914
0.2795164482231071
0.371071372519533
0.42172783026357363
0.47991565793211327
0.5523903759797777
0.5985205381107513
0.6569059534438894
0.7385118881672513
0.7961601167554069
0.8755659137421782
0.9948004861330103
1.0788835252013338
1.1863087896055484
1.325711606382299
1.4132714464646383
1.5200392493440293
1.6582872973497091
1.854142442221079
1.9902807242652067
2.1703534509900386
2.2863023507107676
2.4310730330740165
2.5207041200918194
2.6298914194620466
2.696309968430761
2.7762258114619662
2.8243828313851718
2.8819315943712986
2.9164324701186053
2.957510724401339
2.9820688492181784
3.0112592032122683
3.0286843011466877
3.0493725310819055
3.076361770896635
3.085096369935395
3.0954591507755707
3.1089672098477577
3.113337032862154
3.118520914432449
3.1252774366607845
3.130055536061108
3.133434421000152
3.141592653589793
9.349219723059516
0.002864049263873713
59
0.
0.0013020833333333333
0.0026041666666666665
0.005208333333333333
0.010416666666666666
0.020833333333333332
0.03125
0.041666666666666664
0.08333333333333333
0.125
0.16666666666666666
0.25
0.3333333333333333
0.5
0.6666666666666666
0.75
0.7916666666666666
0.8333333333333333
0.875
0.8958333333333333
0.9166666666666666
0.9375
0.9479166666666666
0.9583333333333333
0.96875
0.9739583333333333
0.9791666666666666
0.984375
0.9869791666666666
0.9895833333333333
0.9921875
0.9947916666666666
0.99609375
0.9973958333333333
0.998046875
0.9986979166666666
0.9990234375
0.9993489583333333
0.99951171875
0.9996744791666666
0.999755859375
0.9998372395833333
0.9998779296875
0.9999186197916666
0.99993896484375
0.9999593098958333
0.999969482421875
0.9999796549479166
0.9999847412109375
0.9999898274739583
0.9999949137369791
0.9999961853027344
0.9999974568684895
0.9999987284342448
0.9999993642171223
0.9999996821085612
0.9999998410542805
0.9999999205271403
1.
0.
0.009111256388346919
0.01289007366072722
0.018242954766517397
0.02583819166306802
0.03665140754410233
0.045025950832125516
0.05215215589532852
0.07469436549375441
0.09269896654886202
0.1085300413756108
0.13693508181559624
0.16343982212986838
0.2169364894012936
0.28070434146644274
0.3234945156903415
0.3510114301718386
0.38634425613231554
0.43716156829402353
0.4744170512268136
0.5277205529444468
0.6101488991598998
0.6678360618431465
0.7406978559786345
0.8386084473820482
0.9056889776430656
0.9958901233444635
1.1232482846833554
1.2066132807509506
1.3100753521520845
1.4483333516100476
1.65109866237915
1.7922096924125996
1.9813071400736404
2.1079263583381405
2.2726895747809697
2.3778613936593893
2.508431056896478
2.5889143709278697
2.6866371121895916
2.745931983733123
2.8171490250578928
2.860003804609286
2.9111681358384103
2.941817698098596
2.978292833581599
3.0000918763958913
3.025993779840775
3.0414522496102303
3.059804591996001
3.0837433186557752
3.091489586495307
3.1006797236609938
3.1126592041828376
3.1211317947261286
3.127123730900677
3.1313611247959625
3.1343576424333035
3.141592653589793
10.43665906658579
0.0010302025590967867
58
0.
0.0026041666666666665
0.005208333333333333
0.010416666666666666
0.020833333333333332
0.041666666666666664
0.08333333333333333
0.125
0.16666666666666666
0.3333333333333333
0.5
0.6666666666666666
0.75
0.8333333333333333
0.875
0.9166666666666666
0.9375
0.9479166666666666
0.9583333333333333
0.96875
0.9739583333333333
0.9791666666666666
0.984375
0.9869791666666666
0.9895833333333333
0.9921875
0.9934895833333333
0.9947916666666666
0.99609375
0.9973958333333333
0.998046875
0.9986979166666666
0.9990234375
0.9993489583333333
0.99951171875
0.9996744791666666
0.999755859375
0.9998372395833333
0.9998779296875
0.9999186197916666
0.99993896484375
0.9999593098958333
0.999969482421875
0.9999796549479166
0.9999847412109375
0.9999898274739583
0.9999923706054688
0.9999949137369791
0.9999961853027344
0.9999974568684895
0.9999987284342448
0.9999990463256836
0.9999993642171223
0.9999996821085612
0.9999998410542805
0.9999999205271403
0.9999999602635701
1.
0.
0.00743182004573791
0.010518025213644462
0.014897016373940634
0.02113120146861361
0.030067605497131302
0.04306261019243541
0.053440832314636914
0.06256539710526036
0.09420811816618871
0.12503419783460923
0.16181017635147968
0.18655351286904845
0.22313516827803534
0.2530970165282737
0.30765309633092564
0.35782094508755563
0.3926725465246899
0.43684730229629914
0.4983846262424427
0.5427325081524271
0.6037512031195097
0.6890187896905291
0.7466679237116187
0.8239580924728802
0.9325775163586121
1.0050008424121746
1.0994869957158018
1.2280105097011826
1.4187540513718209
1.5579753499737763
1.754816390669651
1.8909058289036706
2.0727084393690425
2.1928238692786644
2.3458388884307717
2.4423091621661244
2.5618049772986518
2.6355115417124204
2.7250967556466383
2.779499743613997
2.8447583576512576
2.8839916961523913
2.9308308120256736
2.958887811251178
2.9922626638625647
3.0121972754526753
3.0358804618202324
3.050016910832191
3.0668019079949578
3.088698181489524
3.095783006009346
3.1041861939568536
3.1151391949512917
3.122885684138574
3.1283640536346407
3.1322382332596668
3.141592653589793
11.524098410112064
0.0004120657184989819
63
0.
0.010416666666666666
0.020833333333333332
0.041666666666666664
0.08333333333333333
0.125
0.16666666666666666
0.3333333333333333
0.5
0.6666666666666666
0.75
0.8333333333333333
0.875
0.9166666666666666
0.9375
0.9479166666666666
0.9583333333333333
0.96875
0.9739583333333333
0.9791666666666666
0.984375
0.9869791666666666
0.9895833333333333
0.9921875
0.9934895833333333
0.9947916666666666
0.99609375
0.9967447916666666
0.9973958333333333
0.998046875
0.9983723958333333
0.9986979166666666
0.9990234375
0.9991861979166666
0.9993489583333333
0.99951171875
0.9996744791666666
0.999755859375
0.9998372395833333
0.9998779296875
0.9999186197916666
0.99993896484375
0.9999593098958333
0.999969482421875
0.9999796549479166
0.9999847412109375
0.9999898274739583
0.9999923706054688
0.9999949137369791
0.9999961853027344
0.9999974568684895
0.9999980926513672
0.9999987284342448
0.9999990463256836
0.9999993642171223
0.9999996821085612
0.9999997615814209
0.9999998410542805
0.9999999205271403
0.9999999602635701
0.999999980131785
0.9999999900658925
1.
0.
0.008398307067818652
0.011912842451538333
0.016950703631339138
0.02427642185997789
0.030126791058817864
0.0352703145761167
0.053106353266894044
0.07048189023850907
0.09121794231515618
0.10518291615302378
0.12587831907247393
0.1429077104321083
0.17415140461562298
0.20295399717621995
0.22290478344051365
0.24826384818343572
0.2841443819561059
0.31044182149491345
0.34662367310842224
0.3972157253932188
0.43251246659734177
0.48065086721425404
0.5483550576806612
0.5956997085195438
0.6582001905819944
0.7460760688408653
0.8062454957338434
0.8845304286042137
0.9927192884964243
1.0655281443227587
1.1581761847904761
1.2832461740001566
1.3651243664609576
1.467112713521482
1.6005536496479968
1.7880989056222674
1.9178809133971104
2.0920982816021167
2.2073355559628514
2.3554664310261137
2.4496418248537366
2.5669865457152596
2.6395778866984805
2.727944338587271
2.781662943774825
2.84629109609777
2.8852278839034824
2.931751575225759
2.959636714156815
2.992842503172079
3.0126901009054365
3.036276723134017
3.0503579470555557
3.0670775559706622
3.0888842199839575
3.095940682524017
3.1043130051192316
3.11522737774844
3.1229472947316674
3.128407246563013
3.1322685889127095
3.141592653589793
12.611537753638338
0.00020723159763125058
64
0.
0.041666666666666664
0.08333333333333333
0.16666666666666666
0.3333333333333333
0.5
0.6666666666666666
0.75
0.8333333333333333
0.875
0.9166666666666666
0.9375
0.9583333333333333
0.96875
0.9791666666666666
0.984375
0.9895833333333333
0.9921875
0.9947916666666666
0.99609375
0.9967447916666666
0.9973958333333333
0.998046875
0.9983723958333333
0.9986979166666666
0.9990234375
0.9991861979166666
0.9993489583333333
0.99951171875
0.9995930989583333
0.9996744791666666
0.999755859375
0.9997965494791666
0.9998372395833333
0.9998779296875
0.9999186197916666
0.99993896484375
0.9999593098958333
0.999969482421875
0.9999796549479166
0.9999847412109375
0.9999898274739583
0.9999923706054688
0.9999949137369791
0.9999961853027344
0.9999974568684895
0.9999980926513672
0.9999987284342448
0.9999990463256836
0.9999993642171223
0.9999995231628418
0.9999996821085612
0.9999997615814209
0.9999998410542805
0.9999999205271403
0.9999999403953552
0.9999999602635701
0.999999980131785
0.9999999850988388
0.9999999900658925
0.9999999950329462
0.9999999975164731
0.9999999987582365
1.
0.
0.00907674872741364
0.012999513390675467
0.018886511986097556
0.0284375529055383
0.03774287930727638
0.04885139836300491
0.0563375901827959
0.06744754272804539
0.07661345688272725
0.09349781710017736
0.1090803647610015
0.13358687294114296
0.15317246883465394
0.18750496558125165
0.21537066682634554
0.26210095888371177
0.30034638625759263
0.3634508046039334
0.4151525166591295
0.45092997838838655
0.4983922486081671
0.5654714654114095
0.6115133162663324
0.6716452555953786
0.7553837375255613
0.811971416463442
0.8848525186390493
0.9843456967922444
1.050388734184593
1.1340773543778044
1.2459721565666309
1.3188178514799367
1.409571401610423
1.5283114517165832
1.6968422137881993
1.8155567753392858
1.978771448866331
2.090030355505108
2.2381414676976594
2.3357742947403284
2.4614423104317202
2.541633514547073
2.641934573902619
2.7043923870041393
2.780740454157986
2.8272981233190966
2.88351934816393
2.9174730581955077
2.958048020879845
2.9823814988819843
3.0113800377372995
3.02872886779094
3.049353255126949
3.076289632666527
3.085016102239205
3.0953762769060087
3.1088925816596924
3.113267902492796
3.1184601051395755
3.1252304092353125
3.1300202649203395
3.1334084708787198
3.141592653589793