3
23
3.912023005428146
7.247307477921441
68
0.
0.000010172526041666666
0.000020345052083333332
0.000040690104166666664
0.00008138020833333333
0.0001220703125
0.00016276041666666666
0.0003255208333333333
0.00048828125
0.0006510416666666666
0.0013020833333333333
0.001953125
0.0026041666666666665
0.00390625
0.005208333333333333
0.0078125
0.010416666666666666
0.015625
0.020833333333333332
0.03125
0.041666666666666664
0.0625
0.08333333333333333
0.125
0.16666666666666666
0.25
0.3333333333333333
0.41666666666666663
0.5
0.5416666666666666
0.5833333333333333
0.625
0.6666666666666666
0.7083333333333333
0.75
0.7916666666666666
0.8333333333333333
0.875
0.8958333333333333
0.9166666666666666
0.9375
0.9583333333333333
0.96875
0.9791666666666666
0.984375
0.9895833333333333
0.9921875
0.9947916666666666
0.99609375
0.9973958333333333
0.998046875
0.9986979166666666
0.9990234375
0.9993489583333333
0.99951171875
0.9996744791666666
0.999755859375
0.9998372395833333
0.9998779296875
0.9999186197916666
0.9999593098958333
0.999969482421875
0.9999796549479166
0.9999898274739583
0.9999949137369791
0.9999974568684895
0.9999987284342448
1.
0.
0.002502028235558003
0.003538418043005286
0.005004124197151899
0.007077029920111263
0.008667713020800398
0.010008794714438113
0.014155596255024199
0.01733824796898972
0.020021939333601548
0.028323503342291056
0.034699133725806304
0.04007874920344291
0.04911480675331761
0.05674595513600465
0.06958059844764249
0.08043905888652071
0.09874999394900137
0.1142979563950336
0.14066018530065666
0.16321469750955367
0.20190222065959754
0.23555144927851668
0.29480719555443996
0.3484159560319794
0.44961689477543804
0.5526887594498321
0.6678458781493405
0.8092677940399412
0.8966722986640429
0.9996011825469437
1.119491056810875
1.2537991975391147
1.397803544642512
1.548919817600213
1.7079530218421421
1.878074189319628
2.06455320250133
2.1666194823320057
2.2771165661736696
2.399641666760622
2.541364491742647
2.6242143306345644
2.721150427622307
2.7783445594664116
2.8457092342576193
2.8856560997090117
2.9328719026846906
2.9609430371611163
2.9941819295008356
3.0139697838356145
3.0374197478983755
3.0513897937620915
3.067953593885681
3.0778241220876
3.089529598152642
3.09650642381354
3.104781540499737
3.1097141406924766
3.1155647762242458
3.1231889199793166
3.125654764205947
3.1285796261759056
3.13239124235406
3.135086367640238
3.136992061839253
3.1383395675468697
3.141592653589793
4.605170185988091
4.509915058381324
67
0.
0.000020345052083333332
0.000040690104166666664
0.00008138020833333333
0.00016276041666666666
0.000244140625
0.0003255208333333333
0.0006510416666666666
0.0009765625
0.0013020833333333333
0.0026041666666666665
0.00390625
0.005208333333333333
0.0078125
0.010416666666666666
0.015625
0.020833333333333332
0.03125
0.041666666666666664
0.0625
0.08333333333333333
0.125
0.16666666666666666
0.25
0.3333333333333333
0.41666666666666663
0.5
0.5833333333333333
0.6666666666666666
0.75
0.7916666666666666
0.8333333333333333
0.875
0.8958333333333333
0.9166666666666666
0.9375
0.9479166666666666
0.9583333333333333
0.96875
0.9791666666666666
0.984375
0.9895833333333333
0.9921875
0.9947916666666666
0.99609375
0.9973958333333333
0.998046875
0.9986979166666666
0.9990234375
0.9993489583333333
0.99951171875
0.9996744791666666
0.999755859375
0.9998372395833333
0.9998779296875
0.9999186197916666
0.99993896484375
0.9999593098958333
0.9999796549479166
0.9999847412109375
0.9999898274739583
0.9999949137369791
0.9999974568684895
0.9999987284342448
0.9999993642171223
0.9999996821085612
1.
0.
0.0025726016511955045
0.003638237506085897
0.005145329526839198
0.00727683441272697
0.008912557799826857
0.01029167223518951
0.014556528652793664
0.017830371130654058
0.020591439595563494
0.029135982688404304
0.035702909137722436
0.041247877506566576
0.05057148500819814
0.05845679917347603
0.07174721999353871
0.08302425967505624
0.10212462124972281
0.11844183811450934
0.1463662144749735
0.17057345605331828
0.21297107651377442
0.25100816979918883
0.3216984806453266
0.39167104273152836
0.46664375945425146
0.5533411691335163
0.6629245360940597
0.815718662290308
1.0389127426984328
1.1847600656396664
1.3619691197635895
1.5835383640783331
1.7158846271528716
1.865706898023673
2.0373665671839976
2.1341265154846853
2.2410222833493743
2.362144172682411
2.5055549743392715
2.5909336047044875
2.692120007364265
2.752399777871098
2.823869894954947
2.8664596633721375
2.9169665460680565
2.9470691218977083
2.9827716766532673
3.0040526605447155
3.029294248194078
3.0443404680978197
3.0621874394244233
3.0728261125264984
3.085445385230174
3.092967887615034
3.1018908870642083
3.107210012588748
3.1135194390862475
3.121741980158236
3.12440149046086
3.127556151251383
3.131667369329742
3.1345744286481008
3.1366300245796923
3.138083547675625
3.1391113423598322
3.141592653589793
5.298317366548035
2.4942474107320627
70
0.
0.000040690104166666664
0.00008138020833333333
0.00016276041666666666
0.0003255208333333333
0.00048828125
0.0006510416666666666
0.0013020833333333333
0.001953125
0.0026041666666666665
0.005208333333333333
0.0078125
0.010416666666666666
0.015625
0.020833333333333332
0.03125
0.041666666666666664
0.0625
0.08333333333333333
0.125
0.16666666666666666
0.25
0.3333333333333333
0.41666666666666663
0.5
0.5833333333333333
0.6666666666666666
0.75
0.7916666666666666
0.8333333333333333
0.875
0.8958333333333333
0.9166666666666666
0.9375
0.9479166666666666
0.9583333333333333
0.96875
0.9739583333333333
0.9791666666666666
0.984375
0.9869791666666666
0.9895833333333333
0.9921875
0.9947916666666666
0.99609375
0.9973958333333333
0.998046875
0.9986979166666666
0.9990234375
0.9993489583333333
0.99951171875
0.9996744791666666
0.999755859375
0.9998372395833333
0.9998779296875
0.9999186197916666
0.99993896484375
0.9999593098958333
0.999969482421875
0.9999796549479166
0.9999898274739583
0.9999923706054688
0.9999949137369791
0.9999974568684895
0.9999980926513672
0.9999987284342448
0.9999993642171223
0.9999996821085612
0.9999998410542805
1.
0.
0.0025957148178662346
0.0036709494866647326
0.005191665479217856
0.007342577553900216
0.00899334068847425
0.010385257974882095
0.01469060753717629
0.017996704981161984
0.020785958782431
0.029425004718844436
0.03607405860523556
0.04169640115979343
0.05117015142131819
0.05920577344290516
0.07280856436961695
0.0844204127875556
0.10426907212780011
0.12144694048331309
0.15145274796285363
0.17826457448702057
0.22773790200302188
0.2761124069883456
0.3270895282269971
0.38472212627600494
0.4555695080694843
0.5529437192009417
0.7043399329502606
0.812613840937784
0.9510806306557598
1.1349685528768116
1.2535024153194512
1.3981458678252088
1.5800028666188288
1.6911403648243175
1.8215223291741425
1.9784161129413842
2.0704952362008338
2.175100368375485
2.297006458888563
2.367030847767548
2.4455469920153483
2.5359178955935717
2.64465949453086
2.710181671434475
2.7884797415120057
2.8354091286324623
2.891286121671291
2.924685393979676
2.964378915175618
2.9880740811531616
3.016205809514303
3.0329874557909116
3.05290358298964
3.064779992964493
3.0788700580234223
3.0872705446278808
3.0972361753202464
3.1031774419729534
3.1102254330522587
3.1194114518492544
3.122382825528347
3.1259075615840213
3.130501311696756
3.1319871837545548
3.133749737021035
3.136046797357411
3.137671102646861
3.138819679134027
3.141592653589793
5.911833911013865
1.3960792434157443
73
0.
0.00008138020833333333
0.00016276041666666666
0.0003255208333333333
0.0006510416666666666
0.0009765625
0.0013020833333333333
0.0026041666666666665
0.00390625
0.005208333333333333
0.010416666666666666
0.015625
0.020833333333333332
0.03125
0.041666666666666664
0.0625
0.08333333333333333
0.125
0.16666666666666666
0.25
0.3333333333333333
0.41666666666666663
0.5
0.5833333333333333
0.6666666666666666
0.75
0.7916666666666666
0.8333333333333333
0.8541666666666666
0.875
0.8958333333333333
0.9166666666666666
0.9270833333333333
0.9375
0.9479166666666666
0.9583333333333333
0.96875
0.9739583333333333
0.9791666666666666
0.984375
0.9869791666666666
0.9895833333333333
0.9921875
0.9934895833333333
0.9947916666666666
0.99609375
0.9973958333333333
0.998046875
0.9986979166666666
0.9990234375
0.9993489583333333
0.99951171875
0.9996744791666666
0.999755859375
0.9998372395833333
0.9998779296875
0.9999186197916666
0.99993896484375
0.9999593098958333
0.999969482421875
0.9999796549479166
0.9999847412109375
0.9999898274739583
0.9999949137369791
0.9999961853027344
0.9999974568684895
0.9999987284342448
0.9999990463256836
0.9999993642171223
0.9999996821085612
0.9999998410542805
0.9999999205271403
1.
0.
0.0027021823804895167
0.0038215781559635276
0.005404852107670716
0.007644532883680236
0.00936372685525567
0.010813598409629938
0.015300094320309638
0.018747738082057392
0.021658468647601074
0.030689086282806838
0.037659624624730215
0.04357094376599054
0.053574937504362444
0.062111463620701225
0.07669485235616644
0.08930552669004757
0.11130466187273272
0.13092384347462696
0.16700248249042202
0.20208061221026644
0.23877273681109537
0.27985068210799807
0.3297335555512131
0.39765549418722745
0.5056901533534132
0.5868261240503433
0.6929585267936638
0.7582365794178297
0.8354602740520436
0.9301884679240653
1.050863660408697
1.1247902739439082
1.2111341385703895
1.3141926474397965
1.4407881475767659
1.6022818583312857
1.7023107876471333
1.8211236311861254
1.9666845648243356
2.0536553776875452
2.1539612523760248
2.2729150382134686
2.3422224748705847
2.420737442172415
2.5120774016474927
2.623203229056218
2.6907156270794816
2.7718511118924956
2.820686778281789
2.878998681214408
2.9139294558890083
2.955502233195587
2.9803432096386033
3.0098603199893312
3.0274788754757425
3.0483938176231176
3.060868647112413
3.075672512363711
3.0845002467048257
3.094973573828951
3.1012176506105043
3.10862495910269
3.118279459136853
3.121402410738533
3.125106978431492
3.1299351421828643
3.1314968464750605
3.133349358840516
3.1357636692891635
3.137470891898423
3.1386781042696383
3.141592653589793
6.448313215158565
0.8237785368950219
74
0.
0.00016276041666666666
0.0003255208333333333
0.0006510416666666666
0.0013020833333333333
0.0026041666666666665
0.00390625
0.005208333333333333
0.010416666666666666
0.015625
0.020833333333333332
0.03125
0.041666666666666664
0.0625
0.08333333333333333
0.125
0.16666666666666666
0.25
0.3333333333333333
0.5
0.5833333333333333
0.6666666666666666
0.75
0.7916666666666666
0.8333333333333333
0.8541666666666666
0.875
0.8958333333333333
0.9166666666666666
0.9270833333333333
0.9375
0.9479166666666666
0.9583333333333333
0.9635416666666666
0.96875
0.9739583333333333
0.9791666666666666
0.984375
0.9869791666666666
0.9895833333333333
0.9921875
0.9934895833333333
0.9947916666666666
0.99609375
0.9967447916666666
0.9973958333333333
0.998046875
0.9986979166666666
0.9990234375
0.9993489583333333
0.99951171875
0.9996744791666666
0.999755859375
0.9998372395833333
0.9998779296875
0.9999186197916666
0.99993896484375
0.9999593098958333
0.999969482421875
0.9999796549479166
0.9999847412109375
0.9999898274739583
0.9999923706054688
0.9999949137369791
0.9999974568684895
0.9999980926513672
0.9999987284342448
0.9999993642171223
0.9999995231628418
0.9999996821085612
0.9999998410542805
0.9999999205271403
0.9999999602635701
1.
0.
0.002917089973779996
0.004125631915473718
0.005835213778303764
0.008254187087515234
0.01167870421298669
0.01431021016355873
0.016531847239678887
0.02342413182849536
0.028743601574360015
0.033254294053176224
0.04088679858500142
0.047398356675467816
0.05851885941757015
0.06813077382487055
0.08488672533035814
0.09981425783356603
0.1272152992174241
0.1537764006776429
0.21227409961539742
0.2494568999762632
0.2997720065937189
0.3805085611574204
0.4429073205014476
0.525843184591674
0.576937821197616
0.6376128799887052
0.7130657151456214
0.8112729937716775
0.8723638284229512
0.9446303206836991
1.0327628753198443
1.1446340907064758
1.2132043139021864
1.293377274719202
1.389199326224603
1.5071783640184835
1.6582848162199266
1.7522432925376832
1.8642007777121645
2.0019966340615247
2.084752779958144
2.1806423547492755
2.294947233087362
2.3618038888675406
2.43773858915506
2.5263079312739443
2.634362015579764
2.7001570821396985
2.7793626714381774
2.827101653872941
2.8841575002368645
2.918364083194665
2.959092556408268
2.9834398644542306
3.012379572601446
3.0296561865387583
3.05016704588486
3.062402631587279
3.0769238195976256
3.085583346899467
3.0958571556560726
3.101982438461577
3.10924900219943
3.1187203520940074
3.121784130944844
3.125418550636254
3.130155363859616
3.131687537944556
3.1335050324958504
3.1358737239120855
3.1375487006001377
3.1387331175027273
3.141592653589793
6.907755278982137
0.5212694217705965
74
0.
0.00016276041666666666
0.0003255208333333333
0.0006510416666666666
0.0013020833333333333
0.0026041666666666665
0.005208333333333333
0.0078125
0.010416666666666666
0.020833333333333332
0.03125
0.041666666666666664
0.0625
0.08333333333333333
0.125
0.16666666666666666
0.25
0.3333333333333333
0.5
0.5833333333333333
0.6666666666666666
0.75
0.7916666666666666
0.8333333333333333
0.8541666666666666
0.875
0.8958333333333333
0.9166666666666666
0.9270833333333333
0.9375
0.9479166666666666
0.9583333333333333
0.9635416666666666
0.96875
0.9739583333333333
0.9791666666666666
0.984375
0.9869791666666666
0.9895833333333333
0.9921875
0.9934895833333333
0.9947916666666666
0.99609375
0.9967447916666666
0.9973958333333333
0.998046875
0.9986979166666666
0.9990234375
0.9993489583333333
0.99951171875
0.9996744791666666
0.999755859375
0.9998372395833333
0.9998779296875
0.9999186197916666
0.99993896484375
0.9999593098958333
0.999969482421875
0.9999796549479166
0.9999847412109375
0.9999898274739583
0.9999923706054688
0.9999949137369791
0.9999961853027344
0.9999974568684895
0.9999987284342448
0.9999990463256836
0.9999993642171223
0.9999996821085612
0.9999998410542805
0.9999999205271403
0.9999999602635701
0.999999980131785
1.
0.
0.002313904022603748
0.003272542740732567
0.00462861371371371
0.006547379506282551
0.009263729826328674
0.013113195681459518
0.01607544662317416
0.018579863005828944
0.026376086347077478
0.03242866381573135
0.03759171996937066
0.04640765130057397
0.05402569266933232
0.06730047101133992
0.07911965492819978
0.10079262532892233
0.12176548550819903
0.16778213640449316
0.19687801101564817
0.23608708165135694
0.2991943327280216
0.3487707040615835
0.4154119253398622
0.4565184939527777
0.5054173051317314
0.5666927687804765
0.6473674704371374
0.697892619191751
0.758076653365393
0.8325259475148514
0.9288457802502417
0.9887396967351169
1.0597968566091558
1.1466107531007659
1.2563018170070719
1.40136805093048
1.494638649821651
1.6089085013737776
1.7543334854034318
1.8443560383459423
1.9511705514928797
2.0819185949567083
2.1600883702510894
2.250356621728736
2.357549751881494
2.490873462296476
2.5732762547934587
2.673538976067447
2.734461939778366
2.807688930717789
2.851774571374309
2.90442035444964
2.9359634265362753
2.973503764942516
2.9959397014415416
3.0226012516142826
3.0385140065457477
3.057404590292223
3.068673012022249
3.0820455936488416
3.090019630157972
3.099479855098266
3.1051200405082957
3.1118110879984275
3.120532245714408
3.1233533400014712
3.1266998656609166
3.1310614467790834
3.134145758072214
3.136326799378239
3.1378690804097764
3.1389596637707484
3.141592653589793
7.522328348368392
0.2821099547621853
75
0.
0.0003255208333333333
0.0006510416666666666
0.0013020833333333333
0.0026041666666666665
0.005208333333333333
0.010416666666666666
0.015625
0.020833333333333332
0.041666666666666664
0.0625
0.08333333333333333
0.125
0.16666666666666666
0.25
0.3333333333333333
0.5
0.5833333333333333
0.6666666666666666
0.75
0.7916666666666666
0.8333333333333333
0.8541666666666666
0.875
0.8958333333333333
0.9166666666666666
0.9270833333333333
0.9375
0.9479166666666666
0.9583333333333333
0.9635416666666666
0.96875
0.9739583333333333
0.9791666666666666
0.984375
0.9869791666666666
0.9895833333333333
0.9921875
0.9934895833333333
0.9947916666666666
0.99609375
0.9967447916666666
0.9973958333333333
0.998046875
0.9983723958333333
0.9986979166666666
0.9990234375
0.9993489583333333
0.99951171875
0.9996744791666666
0.999755859375
0.9998372395833333
0.9998779296875
0.9999186197916666
0.99993896484375
0.9999593098958333
0.999969482421875
0.9999796549479166
0.9999847412109375
0.9999898274739583
0.9999923706054688
0.9999949137369791
0.9999961853027344
0.9999974568684895
0.9999980926513672
0.9999987284342448
0.9999993642171223
0.9999995231628418
0.9999996821085612
0.9999998410542805
0.9999999205271403
0.9999999602635701
0.999999980131785
0.9999999900658925
1.
0.
0.0024009591645386768
0.0033958632654033046
0.0048035895935693565
0.006796457507710847
0.009620593889124457
0.013631040605421793
0.01672598327486381
0.01935008169270638
0.02757628914746864
0.034041063117943374
0.039626200693947296
0.04935519811129275
0.05801298237100836
0.07387486457949642
0.08920197202919108
0.12272237808095982
0.14381897942546462
0.17213451142320546
0.21775491034741248
0.25407589923288115
0.3034521186187127
0.33395507895310805
0.37027883911693066
0.41607958047777815
0.4769523772470562
0.5152672850815412
0.5611890131632326
0.6187401245876124
0.6942819394824966
0.7418167023897753
0.7991470387810462
0.8706383640258866
0.9628871560207164
1.0896366932886064
1.1739027536447215
1.2806785953334512
1.4225547941283063
1.5139731442246398
1.6261628533065018
1.7693020624394018
1.8580249273142826
1.9633437743063513
2.092473799444433
2.1697507148334454
2.2589955450859573
2.3649944487728347
2.496925815171648
2.5785188930856653
2.6778273561068544
2.7381783339759616
2.8107244948953007
2.8543941707676934
2.9065629575687426
2.9378296487896702
2.9750362244239343
2.997264395924696
3.0236766709128347
3.0394428521861276
3.0581609270030516
3.0693251933997074
3.0825734646130667
3.0904737910743387
3.0998477392407513
3.105437119965821
3.1120685113482076
3.1207129146585952
3.1235094235475827
3.1268269387995624
3.131150961299901
3.1342088844316147
3.136371351438335
3.137900540969883
3.1389818884770544
3.141592653589793
8.058807652513092
0.16528931649552886
77
0.
0.0006510416666666666
0.0013020833333333333
0.0026041666666666665
0.005208333333333333
0.0078125
0.010416666666666666
0.020833333333333332
0.03125
0.041666666666666664
0.08333333333333333
0.125
0.16666666666666666
0.25
0.3333333333333333
0.5
0.5833333333333333
0.6666666666666666
0.75
0.7916666666666666
0.8333333333333333
0.875
0.8958333333333333
0.9166666666666666
0.9270833333333333
0.9375
0.9479166666666666
0.9583333333333333
0.96875
0.9739583333333333
0.9791666666666666
0.9817708333333333
0.984375
0.9869791666666666
0.9895833333333333
0.9908854166666666
0.9921875
0.9934895833333333
0.9947916666666666
0.99609375
0.9967447916666666
0.9973958333333333
0.998046875
0.9983723958333333
0.9986979166666666
0.9990234375
0.9991861979166666
0.9993489583333333
0.99951171875
0.9996744791666666
0.999755859375
0.9998372395833333
0.9998779296875
0.9999186197916666
0.99993896484375
0.9999593098958333
0.999969482421875
0.9999796549479166
0.9999847412109375
0.9999898274739583
0.9999923706054688
0.9999949137369791
0.9999961853027344
0.9999974568684895
0.9999980926513672
0.9999987284342448
0.9999990463256836
0.9999993642171223
0.9999996821085612
0.9999997615814209
0.9999998410542805
0.9999999205271403
0.9999999602635701
0.999999980131785
0.9999999900658925
0.9999999950329462
1.
0.
0.0025920097222427076
0.00366649991535399
0.005187611571998423
0.0073431919462112714
0.009001899524171169
0.010404192571743586
0.014769128055335845
0.018157318788413254
0.021047114259293658
0.030241741055043465
0.03766360304169246
0.044266503408879485
0.05635803634379171
0.06803293202138638
0.0935220881819268
0.10952400604039844
0.13095192274745446
0.16546922201693115
0.19313155131586687
0.2309848723689332
0.28227886815694564
0.3175443072375515
0.36464262083091076
0.39436038522680616
0.43009581845609063
0.47519064169661535
0.5347798102838092
0.6185282829920472
0.6764106834225617
0.7521110127340594
0.8002982543108835
0.8584257744109299
0.9307241693687835
1.024328847226975
1.0828551057587923
1.15263008383758
1.2377577713957977
1.345261225042365
1.487425011116698
1.578472611358908
1.6897358995649567
1.8307393082208765
1.9176351531916604
2.020290753618956
2.1454357811911784
2.2199558054081483
2.3057084184062995
2.40718750365283
2.532933851465306
2.6104015643526908
2.704440877392592
2.761483742715512
2.829969580151268
2.871164376341422
2.920330746359477
2.949778869322995
2.9848153427980773
3.005746974453783
3.0306165307300708
3.0454599375383444
3.063079443973851
3.073587380217521
3.086056073202015
3.0934911356606567
3.1023126678626487
3.1075724707191927
3.113812657633168
3.1219468024191666
3.12457816711271
3.1276997245396623
3.1317682617938467
3.1346454557114014
3.136680090920891
3.1381188712242776
3.1391362805852245
3.141592653589793
8.517193191416238
0.1049327596790743
76
0.
0.0013020833333333333
0.0026041666666666665
0.005208333333333333
0.010416666666666666
0.020833333333333332
0.03125
0.041666666666666664
0.08333333333333333
0.125
0.16666666666666666
0.25
0.3333333333333333
0.5
0.5833333333333333
0.6666666666666666
0.75
0.7916666666666666
0.8333333333333333
0.875
0.8958333333333333
0.9166666666666666
0.9375
0.9479166666666666
0.9583333333333333
0.96875
0.9739583333333333
0.9791666666666666
0.9817708333333333
0.984375
0.9869791666666666
0.9895833333333333
0.9908854166666666
0.9921875
0.9934895833333333
0.9947916666666666
0.99609375
0.9967447916666666
0.9973958333333333
0.998046875
0.9983723958333333
0.9986979166666666
0.9990234375
0.9991861979166666
0.9993489583333333
0.99951171875
0.9995930989583333
0.9996744791666666
0.999755859375
0.9998372395833333
0.9998779296875
0.9999186197916666
0.99993896484375
0.9999593098958333
0.999969482421875
0.9999796549479166
0.9999847412109375
0.9999898274739583
0.9999923706054688
0.9999949137369791
0.9999961853027344
0.9999974568684895
0.9999980926513672
0.9999987284342448
0.9999990463256836
0.9999993642171223
0.9999995231628418
0.9999996821085612
0.9999998410542805
0.9999998807907104
0.9999999205271403
0.9999999602635701
0.999999980131785
0.9999999900658925
0.9999999950329462
1.
0.
0.002910763958588366
0.004118340127135232
0.005829597853203516
0.008259621101383145
0.011724725616352738
0.014414365457528463
0.016708299365818746
0.024006509321813252
0.02989681056009012
0.035136391100146734
0.04472892501058885
0.05398706627466406
0.07418088959150176
0.08684098583911071
0.10377154446138763
0.13103514296796592
0.15295807296275873
0.18307029071412312
0.22390306944694702
0.25201898477929024
0.28966623144573117
0.34210385375840024
0.3783925326821042
0.4265074266367444
0.49460640638308717
0.5419962711282997
0.6045128281517285
0.6446292055260441
0.693334998411239
0.7546310172008024
0.8349488273018135
0.8859128160037275
0.9472774702531807
1.0234126283416498
1.1213711541666658
1.2544841631097396
1.3420275508780315
1.4515541281684048
1.5946568802796872
1.6852671256120535
1.7948402336943488
1.9320428378726588
2.0156278677413466
2.113583955750237
2.231754872662895
2.301566982328868
2.3814379542409965
2.475297057071362
2.590751761101384
2.661508725007113
2.747068663402583
2.79880739880509
2.860782021292642
2.897998805561824
2.9423630306270376
2.9689096976953917
3.0004773597860326
3.0193305705002964
3.041724387736954
3.055086602826296
3.070944600952718
3.08040128161971
3.091622001204851
3.0983126115206683
3.106250589248784
3.1109834321512677
3.116598298268623
3.123917103267458
3.126284653401401
3.129093215587043
3.1327537478023424
3.135342369118853
3.13717291790496
3.138467369906281
3.141592653589793
8.860399663809957
0.07483432259188927
78
0.
0.0013020833333333333
0.0026041666666666665
0.005208333333333333
0.010416666666666666
0.020833333333333332
0.041666666666666664
0.0625
0.08333333333333333
0.16666666666666666
0.25
0.3333333333333333
0.5
0.5833333333333333
0.6666666666666666
0.75
0.7916666666666666
0.8333333333333333
0.875
0.8958333333333333
0.9166666666666666
0.9375
0.9479166666666666
0.9583333333333333
0.96875
0.9739583333333333
0.9791666666666666
0.9817708333333333
0.984375
0.9869791666666666
0.9895833333333333
0.9908854166666666
0.9921875
0.9934895833333333
0.9947916666666666
0.9954427083333333
0.99609375
0.9967447916666666
0.9973958333333333
0.998046875
0.9983723958333333
0.9986979166666666
0.9990234375
0.9991861979166666
0.9993489583333333
0.99951171875
0.9995930989583333
0.9996744791666666
0.999755859375
0.9998372395833333
0.9998779296875
0.9999186197916666
0.99993896484375
0.9999593098958333
0.999969482421875
0.9999796549479166
0.9999847412109375
0.9999898274739583
0.9999923706054688
0.9999949137369791
0.9999961853027344
0.9999974568684895
0.9999980926513672
0.9999987284342448
0.9999990463256836
0.9999993642171223
0.9999995231628418
0.9999996821085612
0.9999998410542805
0.9999998807907104
0.9999999205271403
0.9999999602635701
0.9999999701976776
0.999999980131785
0.9999999900658925
0.9999999950329462
0.9999999975164731
1.
0.
0.0024483664457761074
0.0034641126158485996
0.004903523543695038
0.006947505165524374
0.009862100759216947
0.01405383260354976
0.017347353118549954
0.02019214244777884
0.02955220753710896
0.037618021942792935
0.045400989486464774
0.06236897109543851
0.07299908900651948
0.08720500662385075
0.11007551298602987
0.1284965572734947
0.15384872154545556
0.18823928361488607
0.21193641418886458
0.24370870774712358
0.28801366150495733
0.31874294754763466
0.3595543298039567
0.4175277862344912
0.4580070918418853
0.5116616535122754
0.5462206147709854
0.5883507671446433
0.6416737487712624
0.7120593348659131
0.7570253599292298
0.8115785358475124
0.8798037601862526
0.9686753929125517
1.0245642765151126
1.0914601356745122
1.1736269103933776
1.2780471808306304
1.4174425652414753
1.5075409189492839
1.618444775934262
1.7604196409497859
1.8486480714221554
1.9536726166884941
2.082729188778275
2.1601311049749454
2.249681808228964
2.356274771244388
2.489171613913526
2.571494945682118
2.671820811232854
2.732846949978557
2.80626308443043
2.8504914877749585
2.90333360897495
2.935005146728884
2.9727081645642803
2.995243445699967
3.022026962864181
3.0380159056469007
3.0569963364894113
3.0683165594427595
3.081749851662341
3.0897604868892983
3.099265295466745
3.1049326916557387
3.1116566306951485
3.120421655708461
3.1232571815967867
3.126620979972459
3.131005322565341
3.132423543294861
3.134105900374793
3.1362985297324415
3.1378490477886802
3.138945477022715
3.141592653589793
9.210340371976184
0.05315660341575615
77
0.
0.0026041666666666665
0.005208333333333333
0.010416666666666666
0.020833333333333332
0.03125
0.041666666666666664
0.08333333333333333
0.125
0.16666666666666666
0.3333333333333333
0.5
0.5833333333333333
0.6666666666666666
0.75
0.7916666666666666
0.8333333333333333
0.875
0.8958333333333333
0.9166666666666666
0.9375
0.9479166666666666
0.9583333333333333
0.96875
0.9739583333333333
0.9791666666666666
0.984375
0.9869791666666666
0.9895833333333333
0.9908854166666666
0.9921875
0.9934895833333333
0.9947916666666666
0.9954427083333333
0.99609375
0.9967447916666666
0.9973958333333333
0.998046875
0.9983723958333333
0.9986979166666666
0.9990234375
0.9991861979166666
0.9993489583333333
0.99951171875
0.9995930989583333
0.9996744791666666
0.999755859375
0.9997965494791666
0.9998372395833333
0.9998779296875
0.9999186197916666
0.99993896484375
0.9999593098958333
0.999969482421875
0.9999796549479166
0.9999847412109375
0.9999898274739583
0.9999923706054688
0.9999949137369791
0.9999961853027344
0.9999974568684895
0.9999980926513672
0.9999987284342448
0.9999990463256836
0.9999993642171223
0.9999995231628418
0.9999996821085612
0.9999997615814209
0.9999998410542805
0.9999999205271403
0.9999999403953552
0.9999999602635701
0.999999980131785
0.9999999900658925
0.9999999950329462
0.9999999975164731
1.
0.
0.0029030384215932683
0.004109306695352457
0.005822217805153399
0.008264706822733793
0.010160537198579607
0.011777407069544384
0.016921184572569567
0.021072185708891338
0.0247641386015495
0.038041414894506596
0.05225008319128012
0.06114682997112434
0.07303011773327436
0.0921573178892552
0.10758163927950709
0.12884078945791955
0.1576870337518777
0.17757355893620336
0.20426217350675419
0.24150899926682173
0.2673842565320283
0.3017901666983728
0.3507953293664453
0.3850947851522954
0.4307210888350047
0.4962265313787159
0.542017511992402
0.6028213820609103
0.6418547522471599
0.6895099062054538
0.7494793060816698
0.8283429750894139
0.8784197304387856
0.9388459905810911
1.0138408162167596
1.1105197306884547
1.2421263539094622
1.328842741115804
1.4374783368466095
1.579738638274768
1.670028015373549
1.779415010951745
1.9167220590196243
2.0005766562810994
2.099009653467628
2.2180474344744083
2.2884858832449018
2.3691821566648814
2.464177918262107
2.581224197694622
2.6530389364652467
2.7399597575641597
2.792561629279995
2.8556095786417592
2.8934876169794785
2.938656847765183
2.9656854913578643
2.9978363938092425
3.0170420001336113
3.0398519672424524
3.0534628731262536
3.0696196468186594
3.079255924053974
3.090689298621783
3.097506148596447
3.1055933570333503
3.110414894047488
3.1161347107318953
3.1235898709334418
3.126001422630161
3.1288621143722897
3.13259047813174
3.135226991862897
3.1370913697936684
3.1384097246056752
3.141592653589793
9.615805480084347
0.035928967259530466
79
0.
0.0026041666666666665
0.005208333333333333
0.010416666666666666
0.020833333333333332
0.041666666666666664
0.08333333333333333
0.125
0.16666666666666666
0.3333333333333333
0.5
0.5833333333333333
0.6666666666666666
0.75
0.7916666666666666
0.8333333333333333
0.875
0.8958333333333333
0.9166666666666666
0.9375
0.9479166666666666
0.9583333333333333
0.96875
0.9739583333333333
0.9791666666666666
0.984375
0.9869791666666666
0.9895833333333333
0.9921875
0.9934895833333333
0.9947916666666666
0.9954427083333333
0.99609375
0.9967447916666666
0.9973958333333333
0.9977213541666666
0.998046875
0.9983723958333333
0.9986979166666666
0.9990234375
0.9991861979166666
0.9993489583333333
0.99951171875
0.9995930989583333
0.9996744791666666
0.999755859375
0.9997965494791666
0.9998372395833333
0.9998779296875
0.9998982747395833
0.9999186197916666
0.99993896484375
0.9999593098958333
0.999969482421875
0.9999796549479166
0.9999847412109375
0.9999898274739583
0.9999923706054688
0.9999949137369791
0.9999961853027344
0.9999974568684895
0.9999980926513672
0.9999987284342448
0.9999990463256836
0.9999993642171223
0.9999995231628418
0.9999996821085612
0.9999997615814209
0.9999998410542805
0.9999999205271403
0.9999999403953552
0.9999999602635701
0.999999980131785
0.9999999850988388
0.9999999900658925
0.9999999950329462
0.9999999975164731
0.9999999987582365
1.
0.
0.00236402031745155
0.0033463159493666524
0.004741179544985649
0.006730142957477566
0.009590561467435038
0.013779065890770511
0.017159029346818625
0.020165073771418098
0.03097415126653601
0.042537388127275075
0.049774598271180415
0.05943710854409996
0.07498674949727979
0.0875378705330353
0.10485768216843287
0.12836381932080287
0.14457491103021824
0.1663475503081887
0.19675335456808854
0.21790294719161188
0.24605146214664694
0.28622963746137436
0.31440445573892356
0.35199185634193636
0.4061509369762394
0.4441706547256614
0.49490620713359196
0.5677400782926328
0.6185265655884798
0.6858499958460736
0.7289289043635391
0.7813265748053323
0.8469807872211301
0.9327134579442778
0.9867779757192315
1.0516327826018894
1.1315005705331977
1.2333966506452079
1.3701648522461247
1.4590415424127394
1.5690063045215756
1.7107251407429693
1.7993555377563248
1.905428008518674
2.036639161884847
2.1157596409704666
2.207732631010023
2.3177430509470165
2.382266392181404
2.455700995265084
2.5415512356529426
2.6465365873127356
2.7105733907036025
2.7877668173252537
2.8343355298701263
2.8900362086116616
2.9234385438241612
2.9632325332937643
2.987030857979947
3.0153068490942765
3.0321810948266883
3.0522149605277584
3.064166784948493
3.0783528548617944
3.086814089954943
3.096855195438365
3.1028432207548207
3.1099483903172165
3.1192117219406574
3.122208780208427
3.1257644133664138
3.1303991308625574
3.1318984236037393
3.133677004079156
3.135995127214334
3.137634446156991
3.13879369904853
3.141592653589793
9.903487552536127
0.027322537239063138
78
0.
0.005208333333333333
0.010416666666666666
0.020833333333333332
0.041666666666666664
0.08333333333333333
0.125
0.16666666666666666
0.3333333333333333
0.5
0.5833333333333333
0.6666666666666666
0.75
0.7916666666666666
0.8333333333333333
0.875
0.8958333333333333
0.9166666666666666
0.9375
0.9479166666666666
0.9583333333333333
0.96875
0.9739583333333333
0.9791666666666666
0.984375
0.9869791666666666
0.9895833333333333
0.9921875
0.9934895833333333
0.9947916666666666
0.9954427083333333
0.99609375
0.9967447916666666
0.9973958333333333
0.9977213541666666
0.998046875
0.9983723958333333
0.9986979166666666
0.9990234375
0.9991861979166666
0.9993489583333333
0.99951171875
0.9995930989583333
0.9996744791666666
0.999755859375
0.9997965494791666
0.9998372395833333
0.9998779296875
0.9998982747395833
0.9999186197916666
0.99993896484375
0.9999593098958333
0.999969482421875
0.9999796549479166
0.9999847412109375
0.9999898274739583
0.9999923706054688
0.9999949137369791
0.9999961853027344
0.9999974568684895
0.9999980926513672
0.9999987284342448
0.9999990463256836
0.9999993642171223
0.9999995231628418
0.9999996821085612
0.9999997615814209
0.9999998410542805
0.9999998807907104
0.9999999205271403
0.9999999602635701
0.9999999701976776
0.999999980131785
0.9999999900658925
0.9999999950329462
0.9999999975164731
0.9999999987582365
1.
0.
0.0028906707537478364
0.004095599735838055
0.0058137280913995205
0.008284630424377385
0.011902718696541211
0.014822320002033085
0.017418873170698363
0.02675486513569785
0.03674046455266408
0.042988899118746954
0.0513294498471588
0.06475026039102515
0.07558807730823217
0.09055275806392142
0.11086497537975466
0.12487579557090615
0.14370034088702827
0.1699978613337852
0.1883011777996238
0.2126725713266273
0.2474974229918043
0.2719403992367226
0.3045981897735807
0.3517386270265575
0.38489913716816837
0.42926489440910703
0.493177033235896
0.537929844161534
0.5974981083910299
0.6357725402343921
0.6825109563352144
0.7413847058028827
0.8188208106474272
0.86799173621044
0.9273601748111077
1.0010711825528706
1.0961496827843338
1.2257102805025573
1.3112167871740348
1.4185260091829186
1.5594156267859032
1.6490564160311496
1.7579536550938932
1.8951356712524035
1.979197902700571
2.0781381661656297
2.198208227982737
2.269479834212483
2.3512934121892513
2.4478372526822842
2.5671166169947317
2.640468436997502
2.7293944243494557
2.7832686913976348
2.8479064709866266
2.8867822866830646
2.9331523052384023
2.9608983893616383
2.9939062929296143
3.0136276947985117
3.0370550536615553
3.051032974364821
3.067624343602469
3.0775204445086755
3.089264558356065
3.096268291881168
3.1045787770447815
3.1095342399010497
3.115413718958493
3.1230782624930593
3.1255578548805274
3.1284994565564674
3.132333591950804
3.1350451215910216
3.1369626559679005
3.1383186540165475
3.141592653589793
10.126631103850338
0.022161683922369637
79
0.
0.005208333333333333
0.010416666666666666
0.020833333333333332
0.041666666666666664
0.08333333333333333
0.125
0.16666666666666666
0.3333333333333333
0.5
0.5833333333333333
0.6666666666666666
0.75
0.7916666666666666
0.8333333333333333
0.875
0.8958333333333333
0.9166666666666666
0.9375
0.9479166666666666
0.9583333333333333
0.96875
0.9739583333333333
0.9791666666666666
0.984375
0.9869791666666666
0.9895833333333333
0.9921875
0.9934895833333333
0.9947916666666666
0.99609375
0.9967447916666666
0.9973958333333333
0.9977213541666666
0.998046875
0.9983723958333333
0.9986979166666666
0.9988606770833333
0.9990234375
0.9991861979166666
0.9993489583333333
0.99951171875
0.9995930989583333
0.9996744791666666
0.999755859375
0.9997965494791666
0.9998372395833333
0.9998779296875
0.9998982747395833
0.9999186197916666
0.99993896484375
0.9999593098958333
0.999969482421875
0.9999796549479166
0.9999847412109375
0.9999898274739583
0.9999923706054688
0.9999949137369791
0.9999961853027344
0.9999974568684895
0.9999980926513672
0.9999987284342448
0.9999990463256836
0.9999993642171223
0.9999995231628418
0.9999996821085612
0.9999997615814209
0.9999998410542805
0.9999998807907104
0.9999999205271403
0.9999999602635701
0.9999999701976776
0.999999980131785
0.9999999900658925
0.9999999950329462
0.9999999975164731
0.9999999987582365
0.9999999993791182
1.
0.
0.0025791159456931482
0.0036541778663576946
0.005187122896808876
0.007391699113813108
0.010619784237000345
0.013224641227101217
0.015541246304793194
0.02387030381228188
0.03277796546079865
0.03835115120797206
0.04578936281184385
0.05775741398633212
0.06742475244609
0.08077820877130593
0.09890464308681957
0.11140906737061283
0.1282135000258261
0.1516934607400868
0.16804193449170354
0.18981637787835978
0.22095013359504675
0.2428145631968634
0.27205247943179506
0.31430269248174647
0.3440602211569667
0.3839335012694704
0.44149675204862643
0.4819046663780476
0.5358257868377407
0.6130856088586003
0.6668224055636249
0.7378218388539936
0.7831068592816774
0.8380101950778052
0.9065419427964897
0.9955748307376251
1.0514339984484686
1.1181686961447543
1.1999315076368946
1.3035652855875057
1.441513280727755
1.5304697316222424
1.639798452627072
1.779559569288844
1.8663522688177059
1.9696245012728044
2.096545202201063
2.1726951033949713
2.26084685133197
2.365829318692209
2.496850481066777
2.578043926527415
2.677088280480521
2.7373599347237447
2.80991317750784
2.8536477057317087
2.905896187013181
2.937219815020833
2.974527393565165
2.996828519445966
3.023317453991666
3.039124104668413
3.0578893676365353
3.0690837941234164
3.082370321845416
3.0902947387939745
3.099698511249394
3.105306316852971
3.1119601906122525
3.120634917011972
3.123441482108633
3.1267710834391065
3.131111113888377
3.13418053196566
3.1363512150962634
3.1378862584904548
3.138971767093385
3.141592653589793
10.308952660644293
0.018722777966591175
81
0.
0.005208333333333333
0.010416666666666666
0.020833333333333332
0.041666666666666664
0.08333333333333333
0.125
0.16666666666666666
0.3333333333333333
0.5
0.5833333333333333
0.6666666666666666
0.75
0.7916666666666666
0.8333333333333333
0.875
0.8958333333333333
0.9166666666666666
0.9375
0.9479166666666666
0.9583333333333333
0.96875
0.9739583333333333
0.9791666666666666
0.984375
0.9869791666666666
0.9895833333333333
0.9921875
0.9934895833333333
0.9947916666666666
0.99609375
0.9967447916666666
0.9973958333333333
0.9977213541666666
0.998046875
0.9983723958333333
0.9986979166666666
0.9988606770833333
0.9990234375
0.9991861979166666
0.9993489583333333
0.99951171875
0.9995930989583333
0.9996744791666666
0.999755859375
0.9997965494791666
0.9998372395833333
0.9998779296875
0.9998982747395833
0.9999186197916666
0.99993896484375
0.9999491373697916
0.9999593098958333
0.999969482421875
0.9999796549479166
0.9999847412109375
0.9999898274739583
0.9999923706054688
0.9999949137369791
0.9999961853027344
0.9999974568684895
0.9999980926513672
0.9999987284342448
0.9999990463256836
0.9999993642171223
0.9999995231628418
0.9999996821085612
0.9999997615814209
0.9999998410542805
0.9999998807907104
0.9999999205271403
0.9999999602635701
0.9999999701976776
0.999999980131785
0.9999999900658925
0.9999999925494194
0.9999999950329462
0.9999999975164731
0.9999999987582365
0.9999999993791182
1.
0.
0.0023486811581217605
0.0033276875103404597
0.004723665715060699
0.006731259080243661
0.009670894349816758
0.012042971395421594
0.01415253585401143
0.021736994241314055
0.029847731233285206
0.03492185414883557
0.04169339782255574
0.05258830163577066
0.06139044869053147
0.07355180732301221
0.09006072062982
0.10145013180603277
0.11675855461771763
0.1381507064714955
0.15304920027011826
0.17289626577399217
0.2012855707373601
0.2212306048077721
0.24791645582998106
0.28650781852754864
0.31371038677766067
0.35019619312409156
0.402944688223507
0.4400362337216692
0.4896145297213729
0.5608408622212635
0.6105251630508766
0.676378528057334
0.718506167426405
0.769725273287062
0.8338960455058568
0.9176879801496677
0.9705297851131949
1.0339342301197676
1.11205647092648
1.21182901625415
1.3459962977933562
1.4333949849355854
1.5418239771648719
1.6821355633219923
1.7702417880760082
1.876086378328995
2.007656793651115
2.087378054668572
2.180395864154685
2.2921383145152463
2.3578949028915934
2.4329560407496866
2.520957583818294
2.6289327586270077
2.694972422559184
2.774704859892236
2.8228823872393547
2.8805609950045157
2.9151744329984135
2.9564368830654555
2.9811252664754853
3.0104706879983127
3.0279856964157155
3.0487824686947125
3.061190552032699
3.0759192663810624
3.084704726693471
3.0951311471635345
3.1013492407065657
3.108727677645516
3.118347732438871
3.1214603147309576
3.125153072133912
3.129966642912802
3.131523820796299
3.133371086663877
3.1357787595970077
3.137481425591843
3.138685484193706
3.141592653589793
10.56410860802415
0.014852761843420517
80
0.
0.010416666666666666
0.020833333333333332
0.041666666666666664
0.08333333333333333
0.125
0.16666666666666666
0.3333333333333333
0.5
0.5833333333333333
0.6666666666666666
0.75
0.7916666666666666
0.8333333333333333
0.875
0.8958333333333333
0.9166666666666666
0.9375
0.9479166666666666
0.9583333333333333
0.96875
0.9739583333333333
0.9791666666666666
0.984375
0.9869791666666666
0.9895833333333333
0.9921875
0.9934895833333333
0.9947916666666666
0.99609375
0.9967447916666666
0.9973958333333333
0.998046875
0.9983723958333333
0.9986979166666666
0.9988606770833333
0.9990234375
0.9991861979166666
0.9993489583333333
0.99951171875
0.9995930989583333
0.9996744791666666
0.999755859375
0.9997965494791666
0.9998372395833333
0.9998779296875
0.9998982747395833
0.9999186197916666
0.99993896484375
0.9999491373697916
0.9999593098958333
0.999969482421875
0.9999796549479166
0.9999847412109375
0.9999898274739583
0.9999923706054688
0.9999949137369791
0.9999961853027344
0.9999974568684895
0.9999980926513672
0.9999987284342448
0.9999990463256836
0.9999993642171223
0.9999995231628418
0.9999996821085612
0.9999997615814209
0.9999998410542805
0.9999998807907104
0.9999999205271403
0.9999999403953552
0.9999999602635701
0.999999980131785
0.9999999850988388
0.9999999900658925
0.9999999950329462
0.9999999975164731
0.9999999987582365
0.9999999993791182
0.9999999996895591
1.
0.
0.0029168836941196423
0.004140524343637378
0.005900269411443618
0.008476975329287342
0.01055617600514846
0.012405256808321706
0.019052986540393887
0.026161406719686975
0.030608020467630375
0.036541524089821066
0.04608759851068609
0.05380165173236164
0.06446268742682533
0.07893560706213174
0.08892112883381273
0.10234496369345761
0.1211063684918166
0.13417624756905464
0.1515908874712184
0.1765130699241693
0.19402928945875225
0.21748123239646133
0.2514231060047969
0.27537063075175994
0.3075272642892427
0.35409199592076557
0.3868960496436854
0.4308282520126341
0.4941405526360171
0.5384509717038598
0.5973794221663062
0.6813673528197965
0.7394353430625344
0.8157123853483828
0.8640935055241066
0.9224544644049836
0.9948563356877616
1.088170157202107
1.2153017611238306
1.2992171198627298
1.404607098183972
1.5432310424885642
1.6316589729095512
1.7393549502201568
1.8755106709109008
1.959253386329505
2.0581586524679873
2.17865194650414
2.2504286569308585
2.3330769703939316
2.4309308343735245
2.5522793380279976
2.627130869744599
2.7180795163490656
2.773287695442636
2.8396029616264897
2.879508288077535
2.927134830450258
2.9556658371062943
2.989627884304328
3.0099207219536463
3.0340200512391338
3.048399488469663
3.065469159003842
3.075651435950318
3.0877360302764045
3.0949432602387428
3.1034956441912716
3.108595573631632
3.1146466750045247
3.1225353026802236
3.12508747585034
3.128115236680689
3.1320617625384353
3.1348528367590607
3.1368266535218052
3.1382224673431582
3.1392095143629866
3.141592653589793
10.819778284410283
0.0118516349305941
83
0.
0.010416666666666666
0.020833333333333332
0.041666666666666664
0.08333333333333333
0.125
0.16666666666666666
0.3333333333333333
0.5
0.5833333333333333
0.6666666666666666
0.75
0.7916666666666666
0.8333333333333333
0.875
0.8958333333333333
0.9166666666666666
0.9375
0.9479166666666666
0.9583333333333333
0.96875
0.9739583333333333
0.9791666666666666
0.984375
0.9869791666666666
0.9895833333333333
0.9921875
0.9934895833333333
0.9947916666666666
0.99609375
0.9967447916666666
0.9973958333333333
0.998046875
0.9983723958333333
0.9986979166666666
0.9988606770833333
0.9990234375
0.9991861979166666
0.9993489583333333
0.9994303385416666
0.99951171875
0.9995930989583333
0.9996744791666666
0.999755859375
0.9997965494791666
0.9998372395833333
0.9998779296875
0.9998982747395833
0.9999186197916666
0.99993896484375
0.9999491373697916
0.9999593098958333
0.999969482421875
0.9999745686848958
0.9999796549479166
0.9999847412109375
0.9999898274739583
0.9999923706054688
0.9999949137369791
0.9999961853027344
0.9999974568684895
0.9999980926513672
0.9999987284342448
0.9999990463256836
0.9999993642171223
0.9999995231628418
0.9999996821085612
0.9999997615814209
0.9999998410542805
0.9999998807907104
0.9999999205271403
0.9999999403953552
0.9999999602635701
0.999999980131785
0.9999999850988388
0.9999999900658925
0.9999999950329462
0.9999999962747097
0.9999999975164731
0.9999999987582365
0.9999999993791182
0.9999999996895591
1.
0.
0.0025531967202592322
0.0036242703504851988
0.005164602929054075
0.007420021062982812
0.009239954303430593
0.010858450320740226
0.01667704396502347
0.02289847096629146
0.026789912039499087
0.031982194729954415
0.04033542235225565
0.04708670113457981
0.05641923676976869
0.06908914916380943
0.07783122638374249
0.08958507619305506
0.10601432252956224
0.11746206783732373
0.13271782164582385
0.15455859367699104
0.16991404595003853
0.19048351422382287
0.22027288478049722
0.24130555066656523
0.26957308293587806
0.31055828606311786
0.3394737968683862
0.3782564701463896
0.43428076816860267
0.4735912940129423
0.5260122421487194
0.6010428099313093
0.6531570850538239
0.7219341769380359
0.7657680379405492
0.8188747053724378
0.8851279891314046
0.9711617449386432
1.0251486019119038
1.0896683539153764
1.1687883009084363
1.2692543539895593
1.4034060800848718
1.4902649452952161
1.597477336240386
1.7354046089383974
1.8216083317156146
1.9247983790577952
2.052585442198146
2.1297694934646225
2.2196222852765675
2.32732374732987
2.390606375344657
2.4627485939600544
2.547235951002457
2.650775653383019
2.714098754961253
2.790578320228988
2.8366932835295033
2.8918508085284462
2.9249564976724
2.9644147781379138
2.9880100951604147
3.0160548933027083
3.032802142327914
3.0526959564605143
3.064569803303995
3.0786687530703287
3.0870808448375797
3.0970663740505335
3.103022677425096
3.1100915877092996
3.119309902544518
3.122292944059045
3.125832295972708
3.1304463590560676
3.131939107858218
3.1337100128723536
3.136018274573552
3.137650716824427
3.13880515534832
3.141592653589793
11.166301533755057
0.008839274523764467
79
0.
0.020833333333333332
0.041666666666666664
0.08333333333333333
0.16666666666666666
0.3333333333333333
0.5
0.6666666666666666
0.75
0.7916666666666666
0.8333333333333333
0.875
0.8958333333333333
0.9166666666666666
0.9375
0.9479166666666666
0.9583333333333333
0.96875
0.9739583333333333
0.9791666666666666
0.984375
0.9869791666666666
0.9895833333333333
0.9921875
0.9934895833333333
0.9947916666666666
0.99609375
0.9967447916666666
0.9973958333333333
0.998046875
0.9983723958333333
0.9986979166666666
0.9990234375
0.9991861979166666
0.9993489583333333
0.9994303385416666
0.99951171875
0.9995930989583333
0.9996744791666666
0.999755859375
0.9997965494791666
0.9998372395833333
0.9998779296875
0.9998982747395833
0.9999186197916666
0.99993896484375
0.9999491373697916
0.9999593098958333
0.999969482421875
0.9999745686848958
0.9999796549479166
0.9999847412109375
0.9999898274739583
0.9999923706054688
0.9999949137369791
0.9999961853027344
0.9999974568684895
0.9999980926513672
0.9999987284342448
0.9999990463256836
0.9999993642171223
0.9999995231628418
0.9999996821085612
0.9999997615814209
0.9999998410542805
0.9999998807907104
0.9999999205271403
0.9999999403953552
0.9999999602635701
0.9999999701976776
0.999999980131785
0.9999999900658925
0.9999999925494194
0.9999999950329462
0.9999999975164731
0.9999999987582365
0.9999999993791182
0.9999999996895591
1.
0.
0.003018564285125271
0.004301463406098597
0.00617992956305502
0.009043657007400376
0.013889589524943905
0.01907073713735476
0.026634511513297234
0.03358952410854491
0.03921174485947643
0.04698530859447646
0.05753920886503203
0.06482174380503365
0.07461462667772117
0.0883045936664683
0.09784582938626256
0.11056312526242562
0.12877689690624175
0.14158679096513707
0.15875541933999726
0.18363628039507876
0.20121623588523682
0.22486497168878694
0.25919784154798325
0.28345595839141263
0.316041608061905
0.3632305447283183
0.3964270982880686
0.4408191883754042
0.504631736994552
0.5491613097996634
0.608213265859348
0.6920522923261233
0.7498014851019912
0.8254034383654283
0.8732191575902647
0.9307787051609313
1.0020043745760838
1.0935584196425039
1.2179509072872738
1.299914823266032
1.4027787778803322
1.5381043967387522
1.6245254874441963
1.7299613781670928
1.8636887179745532
1.9462321574978785
2.044054213252358
2.163799593297583
2.23543592526955
2.318198370411353
2.4165979569762444
2.539223933123913
2.615175132499254
2.707744164531564
2.764085323346362
2.831861825711261
2.8727098084223575
2.921557899494941
2.9508446533464445
2.9856807718512073
3.0064826964484572
3.0311919538579843
3.0459394074236688
3.063449932542576
3.073897253397871
3.0862984217828187
3.0936954989398737
3.1024741766523936
3.1077095734683566
3.1139219170636006
3.122021582600909
3.12464223367445
3.127751361237144
3.1318041532841243
3.1346705236466916
3.1366976610396766
3.1381312176557428
3.141592653589793
11.512925464970229
0.006714799368198413
79
0.
0.020833333333333332
0.041666666666666664
0.08333333333333333
0.16666666666666666
0.3333333333333333
0.5
0.6666666666666666
0.75
0.8333333333333333
0.875
0.9166666666666666
0.9375
0.9479166666666666
0.9583333333333333
0.96875
0.9739583333333333
0.9791666666666666
0.984375
0.9869791666666666
0.9895833333333333
0.9921875
0.9934895833333333
0.9947916666666666
0.99609375
0.9967447916666666
0.9973958333333333
0.998046875
0.9983723958333333
0.9986979166666666
0.9990234375
0.9991861979166666
0.9993489583333333
0.99951171875
0.9995930989583333
0.9996744791666666
0.9997151692708333
0.999755859375
0.9997965494791666
0.9998372395833333
0.9998779296875
0.9998982747395833
0.9999186197916666
0.99993896484375
0.9999491373697916
0.9999593098958333
0.999969482421875
0.9999745686848958
0.9999796549479166
0.9999847412109375
0.9999872843424479
0.9999898274739583
0.9999923706054688
0.9999949137369791
0.9999961853027344
0.9999974568684895
0.9999980926513672
0.9999987284342448
0.9999990463256836
0.9999993642171223
0.9999995231628418
0.9999996821085612
0.9999997615814209
0.9999998410542805
0.9999998807907104
0.9999999205271403
0.9999999403953552
0.9999999602635701
0.9999999701976776
0.999999980131785
0.9999999850988388
0.9999999900658925
0.9999999950329462
0.9999999962747097
0.9999999975164731
0.9999999987582365
0.9999999993791182
0.9999999996895591
1.
0.
0.0025048035431536036
0.0035693512039773377
0.005128093846749776
0.0075043837588206624
0.011525405684928648
0.015824385083286714
0.022099882605534544
0.027869864877297076
0.03898596150167788
0.04774477497494185
0.06191744995541831
0.07328184146750208
0.08120380355638807
0.09176415441231962
0.10689340112378441
0.11753674369603154
0.1318075534477817
0.15249953405422492
0.16712800550638252
0.18682006220522415
0.21543695234003774
0.23567985450915305
0.2629039764122806
0.30239922628912064
0.3302370669571716
0.3675409189008867
0.42133117981995516
0.4589936126244382
0.509118571430824
0.5806641748008013
0.6302333899033721
0.6954944088202534
0.7872429002730219
0.8498357191921035
0.9310340208445612
0.981962138875185
1.0428289807679902
1.1175229051254434
1.2125338555933338
1.3399039955900816
1.42279068854276
1.5257480225870907
1.6592895796235625
1.743701421556598
1.8456206855487785
1.9735156410805375
2.0517094181372335
2.1436939921280804
2.255348887470169
2.3216881262572158
2.3979156524039555
2.488075967178916
2.59974133318469
2.668571069649085
2.752205700521377
2.802927969347536
2.8638797899626143
2.900575167179811
2.9443776253386242
2.970626369885059
3.001879039390858
3.020554783134744
3.0427285327343
3.0559545429089687
3.0716507422349872
3.0810115242711418
3.0921190070481996
3.0987423823173197
3.106600866469486
3.111286456034544
3.116845400874004
3.1240915403526124
3.1264356390226906
3.129216415665398
3.132840790800058
3.135403881196879
3.1372163955640877
3.141592653589793
11.918390573078392
0.005015301244629656
78
0.
0.041666666666666664
0.08333333333333333
0.16666666666666666
0.3333333333333333
0.5
0.6666666666666666
0.75
0.8333333333333333
0.875
0.9166666666666666
0.9375
0.9583333333333333
0.96875
0.9739583333333333
0.9791666666666666
0.984375
0.9869791666666666
0.9895833333333333
0.9921875
0.9934895833333333
0.9947916666666666
0.99609375
0.9967447916666666
0.9973958333333333
0.998046875
0.9983723958333333
0.9986979166666666
0.9990234375
0.9991861979166666
0.9993489583333333
0.99951171875
0.9995930989583333
0.9996744791666666
0.999755859375
0.9997965494791666
0.9998372395833333
0.9998779296875
0.9998982747395833
0.9999186197916666
0.99993896484375
0.9999491373697916
0.9999593098958333
0.999969482421875
0.9999745686848958
0.9999796549479166
0.9999847412109375
0.9999872843424479
0.9999898274739583
0.9999923706054688
0.9999936421712239
0.9999949137369791
0.9999961853027344
0.9999974568684895
0.9999980926513672
0.9999987284342448
0.9999990463256836
0.9999993642171223
0.9999995231628418
0.9999996821085612
0.9999997615814209
0.9999998410542805
0.9999998807907104
0.9999999205271403
0.9999999403953552
0.9999999602635701
0.9999999701976776
0.999999980131785
0.9999999850988388
0.9999999900658925
0.9999999925494194
0.9999999950329462
0.9999999975164731
0.9999999981373549
0.9999999987582365
0.9999999993791182
0.9999999996895591
1.
0.
0.0028514362526858667
0.004096658531695925
0.005994976155613487
0.009207146810733709
0.012641229402863167
0.01765399109858495
0.022262951447706455
0.03114396997416077
0.038142391456068216
0.04946773068759885
0.05855049797622912
0.07332587606905284
0.08542527600971578
0.0939393685856671
0.10535986252265492
0.12192751088147737
0.13364656784048048
0.14943279588731237
0.17239603707389936
0.18865582278621681
0.2105474241767453
0.242360578989231
0.26482416427840877
0.2949839497327905
0.3385951916012205
0.36922312209472335
0.41010967914456337
0.4687394463918121
0.5095571175464102
0.563574011399256
0.640069664702393
0.6926517465652587
0.761394509466398
0.8570997509607634
0.9217884466259078
1.0050185273416214
1.1184305516544986
1.193494710290243
1.288225963411527
1.4140430157398038
1.4952931048507958
1.5955725799272857
1.7249097832608913
1.8061578976052555
1.9040163914731438
2.0263659940364396
2.1010200619243196
2.1886828316376983
2.295047485649393
2.358228346123908
2.430880035515687
2.5168146181909514
2.6233387298009685
2.6890746064203035
2.7689573408887003
2.8174924128433267
2.8757949206403493
2.910880405393673
2.952798546602468
2.9779216830736406
3.0078089822505194
3.025656594722453
3.046857385746915
3.059511249552431
3.0745363222360345
3.0835009483192146
3.0941423272582034
3.1004898236557916
3.108022982859321
3.1125156336834303
3.1178466815879906
3.124797393773793
3.1270463203450913
3.1297144484094717
3.133192410842399
3.1356522431476637
3.141592653589793
12.206072645530174
0.004173819996094698
78
0.
0.041666666666666664
0.08333333333333333
0.16666666666666666
0.3333333333333333
0.5
0.6666666666666666
0.75
0.8333333333333333
0.875
0.9166666666666666
0.9375
0.9583333333333333
0.96875
0.9791666666666666
0.984375
0.9869791666666666
0.9895833333333333
0.9921875
0.9934895833333333
0.9947916666666666
0.99609375
0.9967447916666666
0.9973958333333333
0.998046875
0.9983723958333333
0.9986979166666666
0.9990234375
0.9991861979166666
0.9993489583333333
0.99951171875
0.9995930989583333
0.9996744791666666
0.999755859375
0.9997965494791666
0.9998372395833333
0.9998779296875
0.9998982747395833
0.9999186197916666
0.99993896484375
0.9999491373697916
0.9999593098958333
0.999969482421875
0.9999745686848958
0.9999796549479166
0.9999847412109375
0.9999872843424479
0.9999898274739583
0.9999923706054688
0.9999936421712239
0.9999949137369791
0.9999961853027344
0.9999968210856119
0.9999974568684895
0.9999980926513672
0.9999987284342448
0.9999990463256836
0.9999993642171223
0.9999995231628418
0.9999996821085612
0.9999997615814209
0.9999998410542805
0.9999998807907104
0.9999999205271403
0.9999999403953552
0.9999999602635701
0.9999999701976776
0.999999980131785
0.9999999850988388
0.9999999900658925
0.9999999925494194
0.9999999950329462
0.9999999975164731
0.9999999981373549
0.9999999987582365
0.9999999993791182
0.9999999996895591
1.
0.
0.0024183306549764366
0.003474415259307896
0.005084391246300156
0.0078086291385854115
0.01072101304586498
0.01497209484919385
0.018880815224818187
0.026413570392665155
0.03234998257160377
0.04195706203314274
0.04966271640278782
0.06219996950602982
0.07246910549255423
0.08939362494006338
0.10346572894353372
0.11342301647122396
0.12684181899734576
0.14637275048572207
0.16021140015898888
0.17885602828898278
0.20597814664821196
0.22515082709995043
0.2509225595281892
0.2882513033371719
0.314515399649478
0.3496456214756734
0.40015573257127346
0.4354203912878056
0.48221962278749037
0.5487668712488342
0.5947072768255192
0.6550171186886211
0.7394958704221459
0.7969421739421622
0.871303291237166
0.9734886762715349
1.041704610181593
1.128523244758635
1.245204717553066
1.3214626550270347
1.4166792858170956
1.5414873742309618
1.6211589908140764
1.7186050600986862
1.8429146540904924
1.9202670206671406
2.0127321083393865
2.1273684021365837
2.1968311717145466
2.278021720419993
2.375944957733031
2.4339110811838145
2.500305435947076
2.5785262862898355
2.6752151714655286
2.7346155718172476
2.806737240067316
2.850501992624718
2.9029618664618826
2.934486324645736
2.972114867065509
2.994654540227191
3.0214706037054433
3.037487877657644
3.056517530221213
3.0678771365486504
3.0813669872876917
3.089416445631141
3.0989722752635545
3.104672661133319
3.1114382348547562
3.1202616078496686
3.1231170002794335
3.126504993832826
3.130921897185279
3.134046204456692
3.141592653589793
12.429216196844383
0.003674752441022619
77
0.
0.08333333333333333
0.16666666666666666
0.3333333333333333
0.5
0.6666666666666666
0.75
0.8333333333333333
0.875
0.9166666666666666
0.9375
0.9583333333333333
0.96875
0.9791666666666666
0.984375
0.9869791666666666
0.9895833333333333
0.9921875
0.9934895833333333
0.9947916666666666
0.99609375
0.9967447916666666
0.9973958333333333
0.998046875
0.9983723958333333
0.9986979166666666
0.9990234375
0.9991861979166666
0.9993489583333333
0.99951171875
0.9995930989583333
0.9996744791666666
0.999755859375
0.9997965494791666
0.9998372395833333
0.9998779296875
0.9998982747395833
0.9999186197916666
0.99993896484375
0.9999491373697916
0.9999593098958333
0.999969482421875
0.9999745686848958
0.9999796549479166
0.9999847412109375
0.9999872843424479
0.9999898274739583
0.9999923706054688
0.9999936421712239
0.9999949137369791
0.9999961853027344
0.9999968210856119
0.9999974568684895
0.9999980926513672
0.9999987284342448
0.9999990463256836
0.9999993642171223
0.9999995231628418
0.9999996821085612
0.9999997615814209
0.9999998410542805
0.9999998807907104
0.9999999205271403
0.9999999403953552
0.9999999602635701
0.9999999701976776
0.999999980131785
0.9999999850988388
0.9999999900658925
0.9999999925494194
0.9999999950329462
0.9999999962747097
0.9999999975164731
0.9999999987582365
0.9999999993791182
0.9999999996895591
1.
0.
0.0030459134970921608
0.004457319227184811
0.006845549175081647
0.009398698829461772
0.013125370031270874
0.016551840735665225
0.02315583131448937
0.028360912286455917
0.036784323444430764
0.043541293937892
0.054536315605441386
0.06354384294801914
0.07839276658466811
0.09074312613330236
0.09948441042189772
0.11126818486553892
0.12842701686218602
0.14059087419707378
0.15698758803259288
0.18085938568135188
0.1977476481802322
0.22046892961618839
0.2534204815011053
0.2766364222856396
0.3077307902621802
0.35252764111678714
0.3838718152565464
0.4255506580251035
0.48499831319643394
0.5261571655299235
0.5803500593144729
0.6565690120878174
0.7086199667283137
0.7762599583821014
0.8697239061477432
0.9324658149012732
1.0127356396517564
1.121393486842023
1.1929279340998404
1.2828533211638704
1.4018515829375109
1.4785832038713145
1.5733008551846437
1.6957355812045274
1.7729244309583831
1.8662991113274985
1.9839942431607553
2.056440999531715
2.1423098034932297
2.2477079014010766
2.311006656392632
2.3845216777971503
2.4724719062560525
2.583092835301695
2.6522062493444722
2.737049476477231
2.789007981079242
2.8518161965480027
2.889779407360648
2.935288178434459
2.9626358282981773
2.9952279528576695
3.01471064398758
3.037870779221241
3.0517029987958173
3.0681359512700093
3.0779451125447874
3.089593409820324
3.0965438188542733
3.1047947436749213
3.109716614831357
3.115558107514676
3.1231761842271744
3.1285666041699365
3.1323800260898125
3.141592653589793
12.611537753638338
0.0033463395935726995
78
0.
0.08333333333333333
0.16666666666666666
0.3333333333333333
0.5
0.6666666666666666
0.75
0.8333333333333333
0.875
0.9166666666666666
0.9375
0.9583333333333333
0.96875
0.9791666666666666
0.984375
0.9869791666666666
0.9895833333333333
0.9921875
0.9934895833333333
0.9947916666666666
0.99609375
0.9967447916666666
0.9973958333333333
0.998046875
0.9983723958333333
0.9986979166666666
0.9990234375
0.9991861979166666
0.9993489583333333
0.99951171875
0.9995930989583333
0.9996744791666666
0.999755859375
0.9997965494791666
0.9998372395833333
0.9998779296875
0.9998982747395833
0.9999186197916666
0.99993896484375
0.9999491373697916
0.9999593098958333
0.999969482421875
0.9999745686848958
0.9999796549479166
0.9999847412109375
0.9999872843424479
0.9999898274739583
0.9999923706054688
0.9999936421712239
0.9999949137369791
0.9999961853027344
0.9999968210856119
0.9999974568684895
0.9999980926513672
0.9999984105428059
0.9999987284342448
0.9999990463256836
0.9999993642171223
0.9999995231628418
0.9999996821085612
0.9999997615814209
0.9999998410542805
0.9999998807907104
0.9999999205271403
0.9999999403953552
0.9999999602635701
0.9999999701976776
0.999999980131785
0.9999999850988388
0.9999999900658925
0.9999999925494194
0.9999999950329462
0.9999999962747097
0.9999999975164731
0.9999999987582365
0.9999999993791182
0.9999999996895591
1.
0.
0.0027274235116226536
0.0039912570464809335
0.006129771422351561
0.008415952594582101
0.011752942891230411
0.01482118620774763
0.020734565482583865
0.02539600049540533
0.03293948998918288
0.03899121570925212
0.048839469111032735
0.056908795036963764
0.07021365856144424
0.08128268012330137
0.08911878254374789
0.09968491344827225
0.11507643769636344
0.12599177548483226
0.14071175806356553
0.162155477944036
0.1773358888816756
0.19777374551849722
0.22744404140920965
0.2483703793778524
0.27642978251020905
0.31691846119019496
0.3452918879419585
0.3830904640077737
0.43712188717074263
0.47462508575660606
0.5241178410734342
0.5939485217688516
0.6417875110929756
0.7041414073661146
0.7906576538886773
0.8489641352199279
0.9238442825433244
1.0257288026980362
1.0931271586557332
1.1782771854741367
1.2917158461263212
1.3653241167736085
1.4566974554545016
1.5758288744464817
1.6515874410489808
1.7440415275792667
1.8619026836956705
1.9352089542733502
2.023070442582529
2.1323936639392396
2.1989793352524374
2.277177965738364
2.3721458353013216
2.4286799038701337
2.493845477095274
2.5711832701153923
2.667339227814285
2.7267176475225203
2.799245261903507
2.8435388793479146
2.896961849211575
2.9292276255707743
2.967836596620154
2.990961511031401
3.0184511450596543
3.034870280325652
3.0543776719532154
3.066022617410456
3.079851468288061
3.0881032891928704
3.0978994286005013
3.1037432083850507
3.110679008759981
3.1197244491859757
3.1261250115743255
3.130653131233689
3.141592653589793