5
23
3.912023005428146
5.066178647487617
68
0.
5.086263020833333e-6
0.000010172526041666666
0.000020345052083333332
0.000040690104166666664
0.00008138020833333333
0.00016276041666666666
0.000244140625
0.0003255208333333333
0.0006510416666666666
0.0009765625
0.0013020833333333333
0.001953125
0.0026041666666666665
0.00390625
0.005208333333333333
0.0078125
0.010416666666666666
0.015625
0.020833333333333332
0.03125
0.041666666666666664
0.0625
0.08333333333333333
0.125
0.16666666666666666
0.25
0.3333333333333333
0.375
0.41666666666666663
0.4583333333333333
0.5
0.5208333333333333
0.5416666666666666
0.5625
0.5833333333333333
0.625
0.6666666666666666
0.7083333333333333
0.75
0.8333333333333333
0.875
0.9166666666666666
0.9375
0.9583333333333333
0.96875
0.9791666666666666
0.984375
0.9895833333333333
0.9921875
0.9947916666666666
0.99609375
0.9973958333333333
0.998046875
0.9986979166666666
0.9990234375
0.9993489583333333
0.99951171875
0.9996744791666666
0.9998372395833333
0.9998779296875
0.9999186197916666
0.9999593098958333
0.9999796549479166
0.9999898274739583
0.9999949137369791
0.9999974568684895
1.
0.
0.002309199486271755
0.0032657090930360163
0.0046184297935745735
0.006531508194000168
0.009237118458362895
0.013063745062039243
0.016000351256765154
0.01847629360320605
0.026133309483471586
0.03201139815634775
0.03696908584918755
0.045291186860773984
0.05231335272051654
0.06410879556333744
0.07407076631270298
0.09082677078421665
0.10500421696922986
0.128915708192173
0.14922357152205082
0.183668413450572
0.21315344849623588
0.26377400547902874
0.30786569871299546
0.38572944910976076
0.4565471753951938
0.5920409764284763
0.7350304060314374
0.8158732309281217
0.9089129586104234
1.023297488185497
1.1780596956233185
1.2801451675141189
1.3989985500125748
1.5213258724620606
1.6324734315434464
1.8134226784370346
1.9578701244006036
2.0826800587269325
2.1969730215720378
2.415211470715477
2.528127193589403
2.6519748921467383
2.7220612209578086
2.8025273320019477
2.8494052530564864
2.904179687848573
2.936479237048338
2.974515396795434
2.997070136280449
3.0237289822757556
3.0395795636781915
3.0583475706761716
3.069521602427026
3.082764249447441
3.090652992277906
3.1000064041752857
3.105580748764406
3.1121918093254526
3.1208056527199965
3.1235912926956595
3.126895291395579
3.1312006824245233
3.1342447368802504
3.1363970501135103
3.1379188862634133
3.13899494735187
3.141592653589793
4.605170185988091
3.9887797005501975
69
0.
0.000010172526041666666
0.000020345052083333332
0.000040690104166666664
0.00008138020833333333
0.0001220703125
0.00016276041666666666
0.0003255208333333333
0.00048828125
0.0006510416666666666
0.0013020833333333333
0.001953125
0.0026041666666666665
0.00390625
0.005208333333333333
0.0078125
0.010416666666666666
0.015625
0.020833333333333332
0.03125
0.041666666666666664
0.0625
0.08333333333333333
0.125
0.16666666666666666
0.25
0.3333333333333333
0.41666666666666663
0.4583333333333333
0.5
0.5833333333333333
0.6041666666666666
0.625
0.6666666666666666
0.7083333333333333
0.75
0.7916666666666666
0.8333333333333333
0.875
0.8958333333333333
0.9166666666666666
0.9375
0.9583333333333333
0.96875
0.9791666666666666
0.984375
0.9895833333333333
0.9921875
0.9947916666666666
0.99609375
0.9973958333333333
0.998046875
0.9986979166666666
0.9990234375
0.9993489583333333
0.99951171875
0.9996744791666666
0.999755859375
0.9998372395833333
0.9998779296875
0.9999186197916666
0.9999593098958333
0.999969482421875
0.9999796549479166
0.9999898274739583
0.9999949137369791
0.9999974568684895
0.9999987284342448
1.
0.
0.0026472869815298214
0.003743845329402445
0.005294641730723882
0.007487878924083633
0.009170892861202217
0.01058981222535893
0.014977261880909509
0.01834455596714745
0.021183890184444273
0.029966545502025464
0.03671120267787585
0.04240180022154413
0.05195927375356782
0.06002967904727454
0.07360037654341325
0.08507840272482826
0.10442626933627605
0.1208455872948816
0.14866211163348994
0.17243354471808253
0.21313752520659576
0.24845405470971718
0.3104080281530398
0.3661462537734188
0.4703927102678943
0.5750818195121412
0.6903875033956934
0.7562564672070424
0.8313060207120874
1.0299281067946386
1.095145695486859
1.167972514653501
1.3317187299486037
1.5031342226089839
1.6699261519201318
1.8327045147951444
1.9969209667506087
2.1698115034456893
2.2626386398182587
2.362372300488523
2.4725187743383494
2.5998102973906505
2.674297950075183
2.761575396773343
2.813141434761041
2.873942627160732
2.910028962720794
2.9527070313191
2.978094007777044
3.008161838068367
3.0260656557583787
3.047288356988937
3.059932860501955
3.0749257017264062
3.0838607048416478
3.094457684549084
3.100774103288817
3.1082659286416834
3.112731628014752
3.118028465552552
3.1249309388508366
3.127163376480772
3.129811383259741
3.1332622080036803
3.1357022242928814
3.1374275337216986
3.1386474904429025
3.141592653589793
5.298317366548035
2.8196918371523423
68
0.
0.000020345052083333332
0.000040690104166666664
0.00008138020833333333
0.00016276041666666666
0.0003255208333333333
0.00048828125
0.0006510416666666666
0.0013020833333333333
0.001953125
0.0026041666666666665
0.00390625
0.005208333333333333
0.0078125
0.010416666666666666
0.015625
0.020833333333333332
0.03125
0.041666666666666664
0.0625
0.08333333333333333
0.125
0.16666666666666666
0.25
0.3333333333333333
0.41666666666666663
0.5
0.5833333333333333
0.6666666666666666
0.7083333333333333
0.75
0.7916666666666666
0.8333333333333333
0.875
0.8958333333333333
0.9166666666666666
0.9375
0.9479166666666666
0.9583333333333333
0.96875
0.9791666666666666
0.984375
0.9895833333333333
0.9921875
0.9947916666666666
0.99609375
0.9973958333333333
0.998046875
0.9986979166666666
0.9990234375
0.9993489583333333
0.99951171875
0.9996744791666666
0.999755859375
0.9998372395833333
0.9998779296875
0.9999186197916666
0.99993896484375
0.9999593098958333
0.9999796549479166
0.9999847412109375
0.9999898274739583
0.9999949137369791
0.9999974568684895
0.9999987284342448
0.9999993642171223
0.9999996821085612
1.
0.
0.0028417182441672116
0.004018825737643283
0.005683564114808005
0.008038015967902398
0.011368150830356496
0.013923919402138397
0.01607891914814077
0.022744464350551358
0.027862845725853177
0.03218095273483458
0.03943238826392396
0.045554500197853155
0.05584645569355019
0.06454832482614148
0.07920900158402032
0.09164168025799938
0.11268166182794252
0.1306348859618942
0.16130450264130541
0.18782493726652555
0.23409062798664187
0.2753567869326418
0.3512846712352355
0.4252268113242993
0.5028341265897747
0.5902907302395645
0.69775119654985
0.8461043654173975
0.9472139066018938
1.0722320775047975
1.2206243602781666
1.392209767000409
1.5969839799240464
1.7191233219396784
1.860748636459519
2.0287900716328267
2.1258366151269743
2.23427859165224
2.357856042790742
2.504078249056789
2.590754789879873
2.692980544470057
2.7536128451567525
2.825258314350015
2.8678392520084346
2.9182405042756847
2.9482368715326066
2.9837785444192693
3.0049475328341595
3.0300437380935095
3.0449980208368563
3.0627312427098046
3.0732999498894515
3.085834693730729
3.093306268257911
3.10216836436267
3.1074509295636394
3.1137167421312277
3.121882042840787
3.1245229418850613
3.127655464661809
3.131737731569549
3.1346242507865085
3.1366652884091475
3.1381085000981495
3.1391289949512933
3.141592653589793
5.911833911013865
1.867935379021603
71
0.
0.000040690104166666664
0.00008138020833333333
0.00016276041666666666
0.0003255208333333333
0.0006510416666666666
0.0009765625
0.0013020833333333333
0.0026041666666666665
0.00390625
0.005208333333333333
0.0078125
0.010416666666666666
0.015625
0.020833333333333332
0.03125
0.041666666666666664
0.0625
0.08333333333333333
0.125
0.16666666666666666
0.25
0.3333333333333333
0.41666666666666663
0.5
0.5833333333333333
0.6666666666666666
0.7083333333333333
0.75
0.7916666666666666
0.8333333333333333
0.8541666666666666
0.875
0.8958333333333333
0.9166666666666666
0.9375
0.9479166666666666
0.9583333333333333
0.96875
0.9739583333333333
0.9791666666666666
0.984375
0.9895833333333333
0.9921875
0.9947916666666666
0.99609375
0.9973958333333333
0.998046875
0.9986979166666666
0.9990234375
0.9993489583333333
0.99951171875
0.9996744791666666
0.999755859375
0.9998372395833333
0.9998779296875
0.9999186197916666
0.99993896484375
0.9999593098958333
0.999969482421875
0.9999796549479166
0.9999898274739583
0.9999923706054688
0.9999949137369791
0.9999974568684895
0.9999980926513672
0.9999987284342448
0.9999993642171223
0.9999996821085612
0.9999998410542805
1.
0.
0.003057671277905197
0.004324260955069648
0.006115598907980487
0.008649248418569667
0.012233251525521339
0.014984287091883946
0.01730429997619241
0.02448292680442565
0.029998784440666674
0.03465517214958948
0.0424819572312396
0.04909822954457401
0.06024191621680546
0.06968832189611157
0.08566501008373878
0.09928640476895674
0.12252609297509812
0.14258496814801022
0.17747497332602963
0.20845567964039377
0.2649995904909087
0.31928770921193267
0.37512907030477655
0.43619707545478237
0.5078340748369772
0.6003386482269163
0.6609119960743108
0.7375175126141916
0.8373489234635957
0.9681954886415474
1.0484793612091676
1.1423934667335311
1.2557715201647897
1.3985007818620967
1.5849659935269893
1.6999661772057253
1.8333041257376954
1.990727923600674
2.081990753218271
2.1851678696893404
2.305216877748942
2.4516735959412395
2.540958099513159
2.6485705857824833
2.7134881538678144
2.791120176486825
2.8376733471480082
2.8931168547184636
2.9262648511285696
2.965663245386141
2.989183003500084
3.0171104700004867
3.0337707745207996
3.053541909273398
3.0653321614563853
3.0793212464328765
3.0876618981819206
3.097556377151629
3.10345508730814
3.110452461265394
3.1195722908787777
3.122522201909988
3.1260214449355335
3.1305819159003843
3.132057010478245
3.1338067710644952
3.1360871456548316
3.1376996427682053
3.1388398648308833
3.141592653589793
6.448313215158565
1.2209656841404524
73
0.
0.000040690104166666664
0.00008138020833333333
0.00016276041666666666
0.0003255208333333333
0.0006510416666666666
0.0013020833333333333
0.001953125
0.0026041666666666665
0.005208333333333333
0.0078125
0.010416666666666666
0.015625
0.020833333333333332
0.03125
0.041666666666666664
0.0625
0.08333333333333333
0.125
0.16666666666666666
0.25
0.3333333333333333
0.5
0.5833333333333333
0.6666666666666666
0.7083333333333333
0.75
0.7916666666666666
0.8333333333333333
0.8541666666666666
0.875
0.8958333333333333
0.9166666666666666
0.9375
0.9479166666666666
0.9583333333333333
0.96875
0.9739583333333333
0.9791666666666666
0.984375
0.9869791666666666
0.9895833333333333
0.9921875
0.9934895833333333
0.9947916666666666
0.99609375
0.9973958333333333
0.998046875
0.9986979166666666
0.9990234375
0.9993489583333333
0.99951171875
0.9996744791666666
0.999755859375
0.9998372395833333
0.9998779296875
0.9999186197916666
0.99993896484375
0.9999593098958333
0.999969482421875
0.9999796549479166
0.9999847412109375
0.9999898274739583
0.9999949137369791
0.9999961853027344
0.9999974568684895
0.9999987284342448
0.9999990463256836
0.9999993642171223
0.9999996821085612
0.9999998410542805
0.9999999205271403
1.
0.
0.00237370877943151
0.003356977061673459
0.004747610418768601
0.006714496122667572
0.009496749008598612
0.013433313052790717
0.01645591293674015
0.019005740169720967
0.026901315294827453
0.03297569931304275
0.038110018416621545
0.046756250084144184
0.05408392843324835
0.0664729827771654
0.07703064353531426
0.09503021010790491
0.11055018886196015
0.13750101958404626
0.1613733169944461
0.20475504296726693
0.24610025870171898
0.33360560288351165
0.3857707232625981
0.45109992009511035
0.49273854911043763
0.5447636299840869
0.6135191531375574
0.7092402797633214
0.7716190997902624
0.8471264042522557
0.9405902503705891
1.061154555021306
1.2253596341809283
1.3317416493524707
1.4610961674290235
1.6244008007005342
1.7255093993945365
1.8459024574080676
1.9933566414052002
2.0810362393084696
2.1814803205095536
2.2995021489889793
2.3677321264744196
2.4446115693598807
2.533596455412915
2.641379415444903
2.706686632462801
2.7850595677652454
2.8321915822321055
2.888443928000599
2.9221291397760956
2.962213879402354
2.986163293769755
3.0146167292226096
3.0315995091114316
3.0517607834502427
3.06378554624061
3.078054823007831
3.0865636729642216
3.096658822503488
3.1026774550514338
3.1098172103667263
3.1191228085864355
3.1221328569884785
3.1257034668644317
3.1303569983819104
3.131862205723575
3.133647693820995
3.1359746427957464
3.1376200820872677
3.1387836023673756
3.141592653589793
6.907755278982137
0.8187534142611762
74
0.
0.00008138020833333333
0.00016276041666666666
0.0003255208333333333
0.0006510416666666666
0.0009765625
0.0013020833333333333
0.0026041666666666665
0.00390625
0.005208333333333333
0.010416666666666666
0.015625
0.020833333333333332
0.03125
0.041666666666666664
0.0625
0.08333333333333333
0.125
0.16666666666666666
0.25
0.3333333333333333
0.5
0.5833333333333333
0.6666666666666666
0.7083333333333333
0.75
0.7916666666666666
0.8333333333333333
0.875
0.8958333333333333
0.9166666666666666
0.9270833333333333
0.9375
0.9479166666666666
0.9583333333333333
0.96875
0.9739583333333333
0.9791666666666666
0.984375
0.9869791666666666
0.9895833333333333
0.9921875
0.9934895833333333
0.9947916666666666
0.99609375
0.9973958333333333
0.998046875
0.9986979166666666
0.9990234375
0.9993489583333333
0.99951171875
0.9996744791666666
0.999755859375
0.9998372395833333
0.9998779296875
0.9999186197916666
0.99993896484375
0.9999593098958333
0.999969482421875
0.9999796549479166
0.9999847412109375
0.9999898274739583
0.9999923706054688
0.9999949137369791
0.9999974568684895
0.9999980926513672
0.9999987284342448
0.9999993642171223
0.9999995231628418
0.9999996821085612
0.9999998410542805
0.9999999205271403
0.9999999602635701
1.
0.
0.0026862161820639338
0.003798987126478949
0.0053728637897554055
0.0075991743372722095
0.009308024371553165
0.010749105394270729
0.015207902753338588
0.01863362383670225
0.021525302707513263
0.030492778482156004
0.037409276838421206
0.04327025833068487
0.053177638401543124
0.06161822803988813
0.07600261413873043
0.08839830800354442
0.10990411095597241
0.1289275557246414
0.1634162787831729
0.196156358521766
0.2648298356100352
0.3052058433125401
0.35500372326107443
0.38628217395409403
0.4249760607551305
0.4759917785919967
0.5486116574405383
0.6587888889174827
0.7356823127704499
0.8353788629565917
0.8979643115345879
0.9729881612210085
1.065090930646255
1.1813961470007004
1.3354894288575356
1.4348576929688628
1.5565999323534463
1.710384942985328
1.8047338945187268
1.916265658384667
2.0526944436987082
2.1342170889325316
2.228180306068299
2.3393452045628362
2.476866851982133
2.561491426501847
2.664165869881185
2.726435348193456
2.8012011669206784
2.8461803708455156
2.89987195329914
2.932030621191241
2.9702993264346373
2.9931682167293765
3.0203381078811846
3.036553731596789
3.0558052693783817
3.0672887977709973
3.0809151775785044
3.089039976102372
3.0986792681386244
3.1044263488134547
3.1112443392548763
3.1201311693790115
3.123005906775101
3.1264160995125234
3.1308607126094543
3.1322983809253215
3.1340037769635245
3.136226383255261
3.1377980653338726
3.138909443442185
3.141592653589793
7.522328348368392
0.4644640220785227
77
0.
0.00016276041666666666
0.0003255208333333333
0.0006510416666666666
0.0013020833333333333
0.0026041666666666665
0.00390625
0.005208333333333333
0.010416666666666666
0.015625
0.020833333333333332
0.03125
0.041666666666666664
0.0625
0.08333333333333333
0.125
0.16666666666666666
0.25
0.3333333333333333
0.5
0.5833333333333333
0.6666666666666666
0.7083333333333333
0.75
0.7916666666666666
0.8333333333333333
0.875
0.8958333333333333
0.9166666666666666
0.9270833333333333
0.9375
0.9479166666666666
0.9583333333333333
0.9635416666666666
0.96875
0.9739583333333333
0.9791666666666666
0.984375
0.9869791666666666
0.9895833333333333
0.9921875
0.9934895833333333
0.9947916666666666
0.99609375
0.9967447916666666
0.9973958333333333
0.998046875
0.9983723958333333
0.9986979166666666
0.9990234375
0.9993489583333333
0.99951171875
0.9996744791666666
0.999755859375
0.9998372395833333
0.9998779296875
0.9999186197916666
0.99993896484375
0.9999593098958333
0.999969482421875
0.9999796549479166
0.9999847412109375
0.9999898274739583
0.9999923706054688
0.9999949137369791
0.9999961853027344
0.9999974568684895
0.9999987284342448
0.9999990463256836
0.9999993642171223
0.9999996821085612
0.9999997615814209
0.9999998410542805
0.9999999205271403
0.9999999602635701
0.999999980131785
1.
0.
0.002805831737290459
0.003968248956983104
0.0056125263399672415
0.007938939443490188
0.011231968087242241
0.013761951660559754
0.015897476892008273
0.022519608283118997
0.027626626931794542
0.03195380973056793
0.03926728376128328
0.045496607810850014
0.05610898758540974
0.06524978722810355
0.0810965364813497
0.09509841778823061
0.1204340665337096
0.14440792197354807
0.1943345152174116
0.22337039498689576
0.25875536470711485
0.28071792978047255
0.3076355033773211
0.34289893989211867
0.3935834865447812
0.47395901562222925
0.5319628465414387
0.6073433891184974
0.654639008161309
0.7119304978500213
0.7840960001181595
0.8784851848272351
0.9375195534308698
1.0077372210083613
1.0936411485808606
1.2026683429617961
1.3478280034484098
1.441516781883876
1.5567625908803664
1.7040316594804659
1.795534304465184
1.9045970885681207
2.0387692264388426
2.119224027630512
2.2122995905521403
2.3230929151413173
2.3878516824444773
2.4613839327046376
2.547130195378448
2.6516987854650718
2.715336221280347
2.7919041137959986
2.8380309487306272
2.893140158377989
2.9261681406529947
2.9654861742127197
2.9889866886464267
3.016915768530519
3.0335865245024536
3.053374890066695
3.065177736520723
3.0791845310000023
3.087537570323639
3.097449046731163
3.1033591306560817
3.110371199713165
3.119512143219897
3.122469359325391
3.125977569414032
3.1305502184485605
3.1320293711661282
3.1337840210445527
3.136070890624142
3.137688064557723
3.138831635705519
3.141592653589793
8.058807652513092
0.2784192840804925
77
0.
0.0003255208333333333
0.0006510416666666666
0.0013020833333333333
0.0026041666666666665
0.005208333333333333
0.0078125
0.010416666666666666
0.020833333333333332
0.03125
0.041666666666666664
0.0625
0.08333333333333333
0.125
0.16666666666666666
0.25
0.3333333333333333
0.5
0.5833333333333333
0.6666666666666666
0.75
0.7916666666666666
0.8333333333333333
0.875
0.8958333333333333
0.9166666666666666
0.9270833333333333
0.9375
0.9479166666666666
0.9583333333333333
0.9635416666666666
0.96875
0.9739583333333333
0.9791666666666666
0.9817708333333333
0.984375
0.9869791666666666
0.9895833333333333
0.9921875
0.9934895833333333
0.9947916666666666
0.99609375
0.9967447916666666
0.9973958333333333
0.998046875
0.9983723958333333
0.9986979166666666
0.9990234375
0.9993489583333333
0.99951171875
0.9996744791666666
0.999755859375
0.9998372395833333
0.9998779296875
0.9999186197916666
0.99993896484375
0.9999593098958333
0.999969482421875
0.9999796549479166
0.9999847412109375
0.9999898274739583
0.9999923706054688
0.9999949137369791
0.9999961853027344
0.9999974568684895
0.9999980926513672
0.9999987284342448
0.9999993642171223
0.9999995231628418
0.9999996821085612
0.9999998410542805
0.9999998807907104
0.9999999205271403
0.9999999602635701
0.999999980131785
0.9999999900658925
1.
0.
0.0030381620151353314
0.004297045863204962
0.006078173200602551
0.008599326948345157
0.012171186161536566
0.014918767629767045
0.017240808361271714
0.024462649998592486
0.030060456063874526
0.03482789741376215
0.042948356805811924
0.049941061282010236
0.06205907663976009
0.07276014392290488
0.0921039527995127
0.11037813883391126
0.1482979134631972
0.1702313883284087
0.1968016065473783
0.23318016800437924
0.25924170240144784
0.29675008058756863
0.3575066446617155
0.40231748515553856
0.4606678649449903
0.49719704918187924
0.5416474628393761
0.59845348179844
0.6741398261882435
0.7218910843536636
0.7790894011243515
0.8502507221442513
0.9429860921480027
1.0009810511507728
1.0699390239482494
1.154348728294275
1.2614707538691492
1.403746936354126
1.4954367107555901
1.608128660383831
1.752015994285494
1.8412741301437476
1.9474011962230189
2.0776467682407644
2.1556653378472297
2.245867113826508
2.353130183168904
2.486773731221035
2.569506109420683
2.6702844612591496
2.7315656077036836
2.8052648649980494
2.8496478547899984
2.90266416900783
2.9344269751019576
2.9722431316341793
2.994848599063339
3.0217054961293535
3.0377308283328865
3.0567544083376474
3.0681022617809774
3.081570236235645
3.089602533947796
3.099133997726847
3.1048177800160555
3.1115616378169535
3.1203534077480697
3.123197774881309
3.126572181679272
3.130970546844295
3.132393350930073
3.1340811750720405
3.1362809787133297
3.1378366034961402
3.1389366606968108
3.141592653589793
8.517193191416238
0.17880626587409434
78
0.
0.0003255208333333333
0.0006510416666666666
0.0013020833333333333
0.0026041666666666665
0.005208333333333333
0.010416666666666666
0.015625
0.020833333333333332
0.041666666666666664
0.0625
0.08333333333333333
0.125
0.16666666666666666
0.25
0.3333333333333333
0.5
0.5833333333333333
0.6666666666666666
0.75
0.7916666666666666
0.8333333333333333
0.875
0.8958333333333333
0.9166666666666666
0.9270833333333333
0.9375
0.9479166666666666
0.9583333333333333
0.9635416666666666
0.96875
0.9739583333333333
0.9791666666666666
0.9817708333333333
0.984375
0.9869791666666666
0.9895833333333333
0.9921875
0.9934895833333333
0.9947916666666666
0.99609375
0.9967447916666666
0.9973958333333333
0.998046875
0.9983723958333333
0.9986979166666666
0.9990234375
0.9991861979166666
0.9993489583333333
0.99951171875
0.9996744791666666
0.999755859375
0.9998372395833333
0.9998779296875
0.9999186197916666
0.99993896484375
0.9999593098958333
0.999969482421875
0.9999796549479166
0.9999847412109375
0.9999898274739583
0.9999923706054688
0.9999949137369791
0.9999961853027344
0.9999974568684895
0.9999980926513672
0.9999987284342448
0.9999990463256836
0.9999993642171223
0.9999996821085612
0.9999997615814209
0.9999998410542805
0.9999999205271403
0.9999999602635701
0.999999980131785
0.9999999900658925
0.9999999950329462
1.
0.
0.0024155005628218895
0.003416381181936368
0.004832471358082136
0.006836908357129614
0.009676673651300082
0.01370713730695359
0.016815186536782836
0.019448409260167727
0.027687909251840198
0.034142173625824994
0.03969933651928684
0.04932761768691716
0.057827451346330556
0.07318402479605002
0.08767878573456286
0.11769844054612366
0.13501238644383262
0.15592000061517444
0.18440762908732442
0.20473079573034614
0.2339681175183252
0.2818203593129153
0.3175797005030327
0.3642263242550089
0.39337739138106786
0.4289191500014486
0.47470178105612115
0.5363132423422131
0.5753242144586028
0.6222434200616593
0.6812866661733288
0.7593361088999588
0.8085471338692847
0.8677074536631137
0.941461273788311
1.036683373479778
1.1665286974274578
1.252618083682376
1.3607960755725648
1.5036226911792503
1.5947971024058074
1.7059628032608898
1.8465899258021976
1.9329907587528423
2.0349792248071363
2.159099859082066
2.2328889304199566
2.317710736977435
2.4179693750195046
2.542083917503968
2.6185126128929737
2.7112466819291585
2.7674661483336864
2.834930064838697
2.8754849371590114
2.9238846460126244
2.952872003588335
2.9873538614897566
3.0079425427257043
3.0323945448625125
3.0469864004156535
3.0643101676570446
3.074645021338799
3.086911675261909
3.0942279915249107
3.102910313587748
3.1080879817738487
3.1142315678812507
3.1222411682648215
3.1248325770517624
3.1279069470330754
3.131914326930852
3.1347485075486543
3.136752843615838
3.138170257128271
3.139172586866737
3.141592653589793
8.860399663809957
0.1282403039734913
79
0.
0.0006510416666666666
0.0013020833333333333
0.0026041666666666665
0.005208333333333333
0.010416666666666666
0.015625
0.020833333333333332
0.041666666666666664
0.0625
0.08333333333333333
0.125
0.16666666666666666
0.25
0.3333333333333333
0.5
0.5833333333333333
0.6666666666666666
0.75
0.7916666666666666
0.8333333333333333
0.875
0.8958333333333333
0.9166666666666666
0.9375
0.9479166666666666
0.9583333333333333
0.9635416666666666
0.96875
0.9739583333333333
0.9791666666666666
0.9817708333333333
0.984375
0.9869791666666666
0.9895833333333333
0.9921875
0.9934895833333333
0.9947916666666666
0.9954427083333333
0.99609375
0.9967447916666666
0.9973958333333333
0.998046875
0.9983723958333333
0.9986979166666666
0.9990234375
0.9991861979166666
0.9993489583333333
0.99951171875
0.9995930989583333
0.9996744791666666
0.999755859375
0.9998372395833333
0.9998779296875
0.9999186197916666
0.99993896484375
0.9999593098958333
0.999969482421875
0.9999796549479166
0.9999847412109375
0.9999898274739583
0.9999923706054688
0.9999949137369791
0.9999961853027344
0.9999974568684895
0.9999980926513672
0.9999987284342448
0.9999990463256836
0.9999993642171223
0.9999996821085612
0.9999997615814209
0.9999998410542805
0.9999999205271403
0.9999999403953552
0.9999999602635701
0.999999980131785
0.9999999900658925
0.9999999950329462
1.
0.
0.00287568038081888
0.004067647275241184
0.005754840190888279
0.00814514333194026
0.01153764210438851
0.014153696032291191
0.016370054093669352
0.02330489594855456
0.028736821493030675
0.03341342867591793
0.04151520106187018
0.048666292822097924
0.06158262191627992
0.07376863951662821
0.09898212699360745
0.1135027765992901
0.1310089436103997
0.1548025168539995
0.17173847885949364
0.196089703968809
0.2361403989002202
0.2662826207052118
0.3056492305049174
0.36021189942708587
0.3989952532732553
0.4514564776831351
0.4847264732471728
0.5248303269374042
0.5756225527337516
0.6432182775499655
0.6860064922437574
0.7378356051033333
0.8030871871529187
0.8879845188554347
1.0059062996002661
1.085151140732746
1.186564733539477
1.2492674641650685
1.3230998765325501
1.412232167845581
1.5228060167383057
1.6660006889004642
1.7558700289157478
1.8637758273470881
1.9978107759010295
2.078848886393667
2.1732952935534877
2.2866137061708938
2.353193954225734
2.4290497267691684
2.517855035909905
2.626665801321833
2.693144194521802
2.7733553942256908
2.8217763433895087
2.8797127237009876
2.914469803483054
2.9558758757383234
2.980641240959798
3.0100807976577517
3.0276580008760132
3.0485321670775165
3.0609862667153585
3.0757660152715918
3.0845790528071353
3.095035371106988
3.1012698310666886
3.1086662679864663
3.1183074734288323
3.121426336754382
3.125126189313279
3.1299484270565103
3.131508267660777
3.1333586029608065
3.135770130999564
3.1374754235612925
3.138681289895048
3.141592653589793
9.210340371976184
0.09145746592636332
78
0.
0.0006510416666666666
0.0013020833333333333
0.0026041666666666665
0.005208333333333333
0.010416666666666666
0.020833333333333332
0.03125
0.041666666666666664
0.08333333333333333
0.125
0.16666666666666666
0.25
0.3333333333333333
0.5
0.5833333333333333
0.6666666666666666
0.75
0.7916666666666666
0.8333333333333333
0.875
0.8958333333333333
0.9166666666666666
0.9375
0.9479166666666666
0.9583333333333333
0.9635416666666666
0.96875
0.9739583333333333
0.9791666666666666
0.984375
0.9869791666666666
0.9895833333333333
0.9908854166666666
0.9921875
0.9934895833333333
0.9947916666666666
0.99609375
0.9967447916666666
0.9973958333333333
0.998046875
0.9983723958333333
0.9986979166666666
0.9990234375
0.9991861979166666
0.9993489583333333
0.99951171875
0.9995930989583333
0.9996744791666666
0.999755859375
0.9998372395833333
0.9998779296875
0.9999186197916666
0.99993896484375
0.9999593098958333
0.999969482421875
0.9999796549479166
0.9999847412109375
0.9999898274739583
0.9999923706054688
0.9999949137369791
0.9999961853027344
0.9999974568684895
0.9999980926513672
0.9999987284342448
0.9999990463256836
0.9999993642171223
0.9999995231628418
0.9999996821085612
0.9999998410542805
0.9999998807907104
0.9999999205271403
0.9999999602635701
0.999999980131785
0.9999999900658925
0.9999999950329462
0.9999999975164731
1.
0.
0.0024110859321128295
0.003410474697155874
0.004825070592445791
0.0068291795334042655
0.009673539724431562
0.013725088673254834
0.016865168825579063
0.019539142954202105
0.028013367993920468
0.034804556324745196
0.040798162943823345
0.051621673192245046
0.06182987621349966
0.08293606577390085
0.09507823055192063
0.10969957065852412
0.12953565801256794
0.14363045490663978
0.16388533662184945
0.19731124301773606
0.2226024964492411
0.2556680000051575
0.3014702079191679
0.33412818802511174
0.37847166732532606
0.40662340097364347
0.4406149523181567
0.48387789321425945
0.5417169521968643
0.6232112184745819
0.6799474255766115
0.7542282705870218
0.8015740832087057
0.8589022961108965
0.9300770023687442
1.0225200109423145
1.1492153494481445
1.2334018969849758
1.33980324178694
1.4806418553251768
1.571046286458823
1.6815523384947888
1.8219609714265597
1.9085943052927974
2.011198959346536
2.1364136010171153
2.2111447593878832
2.2972960465882006
2.399338058824816
2.5259778362025562
2.604158974113738
2.69919014193056
2.7568649107262604
2.826152328628313
2.8678276185762175
2.917581287602652
2.947384718224385
2.982849308138691
3.0040435892831643
3.0292273246664356
3.044255843451187
3.0620927941946863
3.072730995353702
3.085354973907117
3.092883002061987
3.1018151942032284
3.107141162843395
3.1134600279549316
3.12169702357202
3.1243617311724456
3.127522887980024
3.1316431112398364
3.13455690677933
3.1366174502876008
3.1380745640926313
3.1391049438488263
3.141592653589793
9.615805480084347
0.06201069865275875
80
0.
0.0013020833333333333
0.0026041666666666665
0.005208333333333333
0.010416666666666666
0.015625
0.020833333333333332
0.041666666666666664
0.0625
0.08333333333333333
0.16666666666666666
0.25
0.3333333333333333
0.5
0.5833333333333333
0.6666666666666666
0.75
0.7916666666666666
0.8333333333333333
0.875
0.8958333333333333
0.9166666666666666
0.9375
0.9479166666666666
0.9583333333333333
0.96875
0.9739583333333333
0.9791666666666666
0.984375
0.9869791666666666
0.9895833333333333
0.9908854166666666
0.9921875
0.9934895833333333
0.9947916666666666
0.9954427083333333
0.99609375
0.9967447916666666
0.9973958333333333
0.9977213541666666
0.998046875
0.9983723958333333
0.9986979166666666
0.9990234375
0.9991861979166666
0.9993489583333333
0.99951171875
0.9995930989583333
0.9996744791666666
0.999755859375
0.9997965494791666
0.9998372395833333
0.9998779296875
0.9999186197916666
0.99993896484375
0.9999593098958333
0.999969482421875
0.9999796549479166
0.9999847412109375
0.9999898274739583
0.9999923706054688
0.9999949137369791
0.9999961853027344
0.9999974568684895
0.9999980926513672
0.9999987284342448
0.9999990463256836
0.9999993642171223
0.9999995231628418
0.9999996821085612
0.9999997615814209
0.9999998410542805
0.9999999205271403
0.9999999403953552
0.9999999602635701
0.999999980131785
0.9999999900658925
0.9999999950329462
0.9999999975164731
1.
0.
0.0027782753040128385
0.003930646554524978
0.005563238925689365
0.00788030750215831
0.009667028951811905
0.011180734417115631
0.015916788085873563
0.019626122379318007
0.022819382510150022
0.03323175845357538
0.04204495341420606
0.05035493268501614
0.06752651379061173
0.07739660866984457
0.08927057643720948
0.10535535998896287
0.11676831231279867
0.1331603725986327
0.16028112479546533
0.18089205438176634
0.20786431384128629
0.24520478110870916
0.27189376640158724
0.3082440278339022
0.3592657849618232
0.3949519255092906
0.4428252465084787
0.5106678569372362
0.5582383815635945
0.6208976803184901
0.6612092049544712
0.7101949887835418
0.7716800213755566
0.8523325456843899
0.9034012861673348
0.964920428670272
1.041041486984376
1.1388470989688784
1.1996263818285697
1.271491091679478
1.3586004913732594
1.467333424291276
1.6092119566285852
1.6989862222138348
1.8074229780516022
1.943159580638273
2.0258644488763307
2.1227653656000034
2.2396916021908844
2.3088041250427707
2.3878695970456616
2.4808128342017164
2.5952331429177287
2.6653858837188755
2.750229828448523
2.8015404121657284
2.863019783589031
2.8999252035215073
2.943926698262213
2.9702614334545023
3.0015785240440387
3.020283805931809
3.0425028474909066
3.055760629068353
3.071494399932633
3.0808771559900467
3.0920102934055627
3.0986487492500676
3.106524915412543
3.1112209388358743
3.116792156963772
3.1240541223918035
3.1264032987074617
3.1291900728454145
3.1328222212763603
3.1353907797011455
3.137207145581726
3.138491570688085
3.141592653589793
9.903487552536127
0.04722954212295752
80
0.
0.0013020833333333333
0.0026041666666666665
0.005208333333333333
0.010416666666666666
0.020833333333333332
0.041666666666666664
0.0625
0.08333333333333333
0.16666666666666666
0.25
0.3333333333333333
0.5
0.5833333333333333
0.6666666666666666
0.75
0.7916666666666666
0.8333333333333333
0.875
0.8958333333333333
0.9166666666666666
0.9375
0.9479166666666666
0.9583333333333333
0.96875
0.9739583333333333
0.9791666666666666
0.984375
0.9869791666666666
0.9895833333333333
0.9908854166666666
0.9921875
0.9934895833333333
0.9947916666666666
0.9954427083333333
0.99609375
0.9967447916666666
0.9973958333333333
0.9977213541666666
0.998046875
0.9983723958333333
0.9986979166666666
0.9990234375
0.9991861979166666
0.9993489583333333
0.99951171875
0.9995930989583333
0.9996744791666666
0.999755859375
0.9997965494791666
0.9998372395833333
0.9998779296875
0.9999186197916666
0.99993896484375
0.9999593098958333
0.999969482421875
0.9999796549479166
0.9999847412109375
0.9999898274739583
0.9999923706054688
0.9999949137369791
0.9999961853027344
0.9999974568684895
0.9999980926513672
0.9999987284342448
0.9999990463256836
0.9999993642171223
0.9999995231628418
0.9999996821085612
0.9999997615814209
0.9999998410542805
0.9999999205271403
0.9999999403953552
0.9999999602635701
0.999999980131785
0.9999999900658925
0.9999999950329462
0.9999999975164731
0.9999999987582365
1.
0.
0.0024004048559808744
0.0033960459152207697
0.004806590015781638
0.0068085079688947935
0.009660014799814575
0.013751823158880183
0.016956515332609414
0.01971527279126138
0.028710411633420887
0.03632321325347433
0.043500394462304616
0.05832685680372287
0.06684525978218551
0.07708816189901735
0.09095291592185752
0.10078342299403138
0.1148982864400616
0.13828032733836096
0.1560899529002103
0.1794084825809733
0.21168014072820251
0.23477334236009437
0.26627535120366935
0.31052629951509253
0.3415498297343022
0.38323647339999334
0.4424914814512423
0.4841806316501393
0.5392884208416802
0.5748956043994601
0.6182484479465388
0.6730076294864519
0.7451883535746705
0.7912500739181046
0.8469440915589578
0.9164851484334344
1.0066632864462355
1.063188732532682
1.1306865753810234
1.2132626313515955
1.3178262249065298
1.4567228458618602
1.546132105291075
1.655801869806813
1.795675846535744
1.882352749829781
1.9853017503569035
2.111529420836178
2.1871213384504764
2.2744887240878904
2.378327600013987
2.5077072170641155
2.587754355720851
2.6852621645589023
2.7445723879951274
2.8159173101745836
2.858892410147185
2.910225345697168
2.9409829505326326
2.9776023910299303
2.999488662847948
3.025495396796637
3.0410201545362296
3.059452808495739
3.0704471457962534
3.0834926220095737
3.0912714008807685
3.1005005327457464
3.106003255662878
3.112531534622491
3.121041036924257
3.123793786313567
3.127059314335305
3.1313154547675603
3.1343252885156407
3.1364537064038562
3.1379587970878307
3.1390230929394547
3.141592653589793
10.126631103850338
0.03834374735519095
81
0.
0.0026041666666666665
0.005208333333333333
0.010416666666666666
0.020833333333333332
0.041666666666666664
0.0625
0.08333333333333333
0.16666666666666666
0.25
0.3333333333333333
0.5
0.5833333333333333
0.6666666666666666
0.75
0.7916666666666666
0.8333333333333333
0.875
0.8958333333333333
0.9166666666666666
0.9375
0.9479166666666666
0.9583333333333333
0.96875
0.9739583333333333
0.9791666666666666
0.984375
0.9869791666666666
0.9895833333333333
0.9908854166666666
0.9921875
0.9934895833333333
0.9947916666666666
0.9954427083333333
0.99609375
0.9967447916666666
0.9973958333333333
0.9977213541666666
0.998046875
0.9983723958333333
0.9986979166666666
0.9990234375
0.9991861979166666
0.9993489583333333
0.99951171875
0.9995930989583333
0.9996744791666666
0.999755859375
0.9997965494791666
0.9998372395833333
0.9998779296875
0.9998982747395833
0.9999186197916666
0.99993896484375
0.9999593098958333
0.999969482421875
0.9999796549479166
0.9999847412109375
0.9999898274739583
0.9999923706054688
0.9999949137369791
0.9999961853027344
0.9999974568684895
0.9999980926513672
0.9999987284342448
0.9999990463256836
0.9999993642171223
0.9999995231628418
0.9999996821085612
0.9999997615814209
0.9999998410542805
0.9999999205271403
0.9999999403953552
0.9999999602635701
0.999999980131785
0.9999999850988388
0.9999999900658925
0.9999999950329462
0.9999999975164731
0.9999999987582365
1.
0.
0.003030352146257469
0.004288998763989534
0.006075334408020395
0.008619759657810625
0.012270881914468491
0.015130400124208321
0.017591992861483743
0.025617905938045794
0.03241000445223875
0.03881292611323544
0.05203760207518759
0.059633701584095804
0.06876492281635636
0.08111922832572066
0.0898748518352211
0.10244387345687797
0.12328034954342694
0.1391727279870763
0.15998786304218823
0.18878878960812087
0.20941274029965123
0.23757295889828695
0.27714809031708887
0.30493295727484104
0.3423032545280034
0.39552172423035076
0.43303710245782945
0.4827409518834358
0.5149344086707748
0.5541855194121283
0.6039517797677318
0.6697630112772401
0.711939161913763
0.763097677083698
0.8272862793199519
0.9110838604025226
0.9639079687331672
1.027367020119042
1.1055727731941787
1.2054806515647418
1.339933618782661
1.4275541311720512
1.5363045272660352
1.677081329898371
1.7655065347237593
1.8717598866820997
2.003846348823299
2.0838675987564703
2.17722901470299
2.2893603752188665
2.355370311275717
2.4307091967829795
2.5190058059339933
2.627338050784607
2.6936049190152045
2.7736135143126806
2.8219439420734282
2.8797893644920944
2.9145116114454255
2.955885098198669
2.980634528810204
3.0100653117298353
3.0276393115700357
3.0485048828682877
3.0609528701338338
3.0757278379124884
3.084540310668639
3.094998228147157
3.101234815485057
3.1086349154094677
3.1182827542896354
3.1214042144017293
3.1251074336037568
3.129934525804839
3.1314960497622004
3.1333484535545315
3.135762794316131
3.1374701557539333
3.1386775250739833
3.141592653589793
10.308952660644293
0.032413516305841765
81
0.
0.0026041666666666665
0.005208333333333333
0.010416666666666666
0.020833333333333332
0.03125
0.041666666666666664
0.08333333333333333
0.125
0.16666666666666666
0.3333333333333333
0.5
0.5833333333333333
0.6666666666666666
0.75
0.7916666666666666
0.8333333333333333
0.875
0.8958333333333333
0.9166666666666666
0.9375
0.9479166666666666
0.9583333333333333
0.96875
0.9739583333333333
0.9791666666666666
0.984375
0.9869791666666666
0.9895833333333333
0.9908854166666666
0.9921875
0.9934895833333333
0.9947916666666666
0.9954427083333333
0.99609375
0.9967447916666666
0.9973958333333333
0.9977213541666666
0.998046875
0.9983723958333333
0.9986979166666666
0.9990234375
0.9991861979166666
0.9993489583333333
0.99951171875
0.9995930989583333
0.9996744791666666
0.999755859375
0.9997965494791666
0.9998372395833333
0.9998779296875
0.9998982747395833
0.9999186197916666
0.99993896484375
0.9999593098958333
0.999969482421875
0.9999796549479166
0.9999847412109375
0.9999898274739583
0.9999923706054688
0.9999949137369791
0.9999961853027344
0.9999974568684895
0.9999980926513672
0.9999987284342448
0.9999990463256836
0.9999993642171223
0.9999995231628418
0.9999996821085612
0.9999997615814209
0.9999998410542805
0.9999998807907104
0.9999999205271403
0.9999999602635701
0.9999999701976776
0.999999980131785
0.9999999900658925
0.9999999950329462
0.9999999975164731
0.9999999987582365
1.
0.
0.0027597810583435997
0.0039060521116676154
0.005532893842868112
0.007850131641858304
0.00964599778335888
0.01117523314435704
0.016021144868168535
0.019903951196881264
0.02333010495252069
0.0353455981528417
0.04738635880494472
0.054301205354709954
0.06261187083279497
0.07385250978051237
0.08181645426430562
0.09324742402177895
0.1122063303407837
0.12667992347536305
0.1456411775681438
0.17187310051858265
0.19066603225515857
0.2163423722420027
0.2524377954157982
0.27780349760051376
0.3119417964127893
0.3606189831691433
0.3949763262787511
0.440568547153708
0.47014386045983747
0.5062408376595944
0.5521214295260971
0.6129350932852697
0.6520100528103139
0.6995316189950477
0.7593316707921319
0.8377700908285722
0.8874440959131211
0.947317241503502
1.0215073455022776
1.1169274006437793
1.246544679329445
1.3318535042195419
1.4386679097883686
1.5785705726794308
1.6674449598038323
1.7752593252573836
1.9108967330432103
1.9939326894703373
2.0916459383185226
2.210166031903723
2.2804934703030666
2.361251098654161
2.4565641037677444
2.574331049942576
2.646744504080326
2.7345443249946406
2.7877245719156982
2.8515366707223087
2.889903697346588
2.935677456892938
2.9630884958230546
2.9957006104514865
3.015183564590207
3.038331156172888
3.0521460456570573
3.0685432940157367
3.078321559193854
3.089923789427024
3.096841852185298
3.1050496565241796
3.1099433615332974
3.115749052773171
3.123316567128794
3.125764565736487
3.1286685579513507
3.1324534622291194
3.1351300315171624
3.137022770676994
3.13836119897585
3.141592653589793
10.56410860802415
0.025731059207078816
81
0.
0.0026041666666666665
0.005208333333333333
0.010416666666666666
0.020833333333333332
0.041666666666666664
0.08333333333333333
0.125
0.16666666666666666
0.3333333333333333
0.5
0.6666666666666666
0.75
0.7916666666666666
0.8333333333333333
0.875
0.8958333333333333
0.9166666666666666
0.9375
0.9479166666666666
0.9583333333333333
0.96875
0.9739583333333333
0.9791666666666666
0.984375
0.9869791666666666
0.9895833333333333
0.9921875
0.9934895833333333
0.9947916666666666
0.9954427083333333
0.99609375
0.9967447916666666
0.9973958333333333
0.9977213541666666
0.998046875
0.9983723958333333
0.9986979166666666
0.9988606770833333
0.9990234375
0.9991861979166666
0.9993489583333333
0.99951171875
0.9995930989583333
0.9996744791666666
0.999755859375
0.9997965494791666
0.9998372395833333
0.9998779296875
0.9998982747395833
0.9999186197916666
0.99993896484375
0.9999593098958333
0.999969482421875
0.9999796549479166
0.9999847412109375
0.9999898274739583
0.9999923706054688
0.9999949137369791
0.9999961853027344
0.9999974568684895
0.9999980926513672
0.9999987284342448
0.9999990463256836
0.9999993642171223
0.9999995231628418
0.9999996821085612
0.9999997615814209
0.9999998410542805
0.9999998807907104
0.9999999205271403
0.9999999602635701
0.9999999701976776
0.999999980131785
0.9999999900658925
0.9999999925494194
0.9999999950329462
0.9999999975164731
0.9999999987582365
0.9999999993791182
1.
0.
0.002419268960106421
0.0034241081256765884
0.004850221141532193
0.006881537469736417
0.009796341355805684
0.014044240717743817
0.017447824259766695
0.02045105413308097
0.030982624341223706
0.04153462241211907
0.05487333872408637
0.06471656525592862
0.07168805859790169
0.08169292063864257
0.09829544538161464
0.11098332545719419
0.12760951923992642
0.15060719186595564
0.1670916105728887
0.1896300276917281
0.22132496167009577
0.24362226943736548
0.27365182811518296
0.3165319767757869
0.3468404000561228
0.38713333653835585
0.4453101385047073
0.486086661464373
0.5402861984864198
0.5752039063550997
0.6178188887011737
0.6716052722994085
0.7425435562659055
0.7877285538396008
0.8423942073216742
0.9105510823056532
0.998945841491539
1.0543440591602034
1.120452072083083
1.2013646424828361
1.3038480284395517
1.4401743291931872
1.5280897299815086
1.6362005199719318
1.774575153185415
1.8606305482792782
1.963207719716271
2.0895454765118635
2.1654891554964384
2.253575003599735
2.3586898103837233
2.4902160632792176
2.5719356676968177
2.671754524468766
2.7325965614210115
2.8058829831880896
2.850088699704393
2.9029399718330593
2.9346384225633844
2.972389804920986
2.9949582910096133
3.0217856473836844
3.0378036186206034
3.056821792366692
3.0681650193860657
3.081625750553818
3.0896528212636074
3.0991772016875347
3.1048563045129254
3.1115941680583203
3.1203774023245274
3.1232188330759802
3.1265896452718405
3.1309831441176263
3.132404330229083
3.134090207135548
3.136287427495412
3.137841194663178
3.1389399227759314
3.141592653589793
10.819778284410283
0.02054258482588917
80
0.
0.005208333333333333
0.010416666666666666
0.020833333333333332
0.041666666666666664
0.08333333333333333
0.125
0.16666666666666666
0.3333333333333333
0.5
0.6666666666666666
0.75
0.7916666666666666
0.8333333333333333
0.875
0.8958333333333333
0.9166666666666666
0.9375
0.9479166666666666
0.9583333333333333
0.96875
0.9739583333333333
0.9791666666666666
0.984375
0.9869791666666666
0.9895833333333333
0.9921875
0.9934895833333333
0.9947916666666666
0.99609375
0.9967447916666666
0.9973958333333333
0.9977213541666666
0.998046875
0.9983723958333333
0.9986979166666666
0.9988606770833333
0.9990234375
0.9991861979166666
0.9993489583333333
0.99951171875
0.9995930989583333
0.9996744791666666
0.999755859375
0.9997965494791666
0.9998372395833333
0.9998779296875
0.9998982747395833
0.9999186197916666
0.99993896484375
0.9999491373697916
0.9999593098958333
0.999969482421875
0.9999796549479166
0.9999847412109375
0.9999898274739583
0.9999923706054688
0.9999949137369791
0.9999961853027344
0.9999974568684895
0.9999980926513672
0.9999987284342448
0.9999990463256836
0.9999993642171223
0.9999995231628418
0.9999996821085612
0.9999997615814209
0.9999998410542805
0.9999998807907104
0.9999999205271403
0.9999999403953552
0.9999999602635701
0.999999980131785
0.9999999850988388
0.9999999900658925
0.9999999950329462
0.9999999975164731
0.9999999987582365
0.9999999993791182
1.
0.
0.0029973608136461467
0.004245733206461285
0.006023877816964953
0.00857538372975394
0.012293790333008309
0.015273080651675515
0.017901875523433215
0.027119941604688957
0.03635470783637548
0.048025383659390464
0.05663469785050547
0.06273065281214721
0.0714779341756527
0.08599955092375287
0.09710622656314954
0.11166347538810262
0.13179676783867086
0.1462338639809875
0.1659840696443741
0.19376551312364357
0.21332623615389204
0.23968414958855977
0.2773651915984534
0.3040262190615953
0.3395240800916557
0.390870492565029
0.42694864950432143
0.4750158170153402
0.5440170593299197
0.5920639170014731
0.6557004442038309
0.6964072108867162
0.7458454851356914
0.8077667482857533
0.8886230778238213
0.9396063317299637
1.0008197749931105
1.0763128075212935
1.1728924053619645
1.303156937241648
1.3883397459684808
1.4944485584128548
1.6325872224119748
1.719886135435023
1.8253937626739625
1.9575434712637414
2.0381774585321595
2.1328226340768635
2.247331590928956
2.315155741331949
2.392922523762181
2.4845800933679603
2.5977211517603007
2.667234942006342
2.7514728964908413
2.802486004651464
2.8636726651227926
2.9004572207292822
2.944327935341477
2.9705923537575423
3.001843029179288
3.02051127054128
3.04267868796895
3.055904031546087
3.071602365793676
3.0809659365908804
3.0920782014396617
3.0987051902960046
3.1065687016588557
3.111257671187058
3.1168209974424905
3.124073453290267
3.1264197419591464
3.129203210047036
3.132831244628777
3.135397026933666
3.1372114964461977
3.138494613904852
3.141592653589793
11.166301533755057
0.015329121812256898
82
0.
0.005208333333333333
0.010416666666666666
0.020833333333333332
0.041666666666666664
0.08333333333333333
0.125
0.16666666666666666
0.3333333333333333
0.5
0.6666666666666666
0.75
0.8333333333333333
0.875
0.8958333333333333
0.9166666666666666
0.9375
0.9479166666666666
0.9583333333333333
0.96875
0.9739583333333333
0.9791666666666666
0.984375
0.9869791666666666
0.9895833333333333
0.9921875
0.9934895833333333
0.9947916666666666
0.99609375
0.9967447916666666
0.9973958333333333
0.998046875
0.9983723958333333
0.9986979166666666
0.9988606770833333
0.9990234375
0.9991861979166666
0.9993489583333333
0.9994303385416666
0.99951171875
0.9995930989583333
0.9996744791666666
0.999755859375
0.9997965494791666
0.9998372395833333
0.9998779296875
0.9998982747395833
0.9999186197916666
0.99993896484375
0.9999491373697916
0.9999593098958333
0.999969482421875
0.9999745686848958
0.9999796549479166
0.9999847412109375
0.9999898274739583
0.9999923706054688
0.9999949137369791
0.9999961853027344
0.9999974568684895
0.9999980926513672
0.9999987284342448
0.9999990463256836
0.9999993642171223
0.9999995231628418
0.9999996821085612
0.9999997615814209
0.9999998410542805
0.9999998807907104
0.9999999205271403
0.9999999403953552
0.9999999602635701
0.999999980131785
0.9999999850988388
0.9999999900658925
0.9999999950329462
0.9999999962747097
0.9999999975164731
0.9999999987582365
0.9999999993791182
0.9999999996895591
1.
0.
0.002496573470226691
0.0035363705404230037
0.00501742220042983
0.007142613130000618
0.010239702893476494
0.012721137078236588
0.014910608038638225
0.022587767960104147
0.030277843082936594
0.03999395907627479
0.047158907835492495
0.059507748002496114
0.07159354653664525
0.0808448906663063
0.0929730617652977
0.10974475191048749
0.12177640563176331
0.13824540292848056
0.16141813574479721
0.17774811214798497
0.19976467597103587
0.2312773441641775
0.25359700489618925
0.2833630925214868
0.32649675372064146
0.3568787934674666
0.39746058665591844
0.45592171948663396
0.4967864080358356
0.5511461210672153
0.628648799644632
0.6822466379382626
0.7527128438969978
0.7974672459978415
0.8515266007434982
0.9187383867066098
1.0056351446615743
1.0599671018308363
1.1247009014272995
1.2038049632041767
1.3038423444853129
1.436829319246521
1.5226186550986947
1.6282185191122285
1.7637005789105606
1.8482229766200822
1.9492999228872114
2.074370331502689
2.1498657540798263
2.2377793528467937
2.343165517402567
2.40510858578725
2.4757421276978
2.5585073258630913
2.6599932951467955
2.722035441038405
2.796954969513822
2.842211950422258
2.8963721800282625
2.9288879785794553
2.9676448320719615
2.9908272416640593
3.018395543707879
3.0348610391838435
3.054414224309537
3.0660775629014188
3.0799189801680753
3.0881734894617185
3.097968143885203
3.1038086154407374
3.1107381379591055
3.119771548132847
3.1226939939045257
3.1261609664465904
3.1306798847615607
3.132141661396998
3.1338757015955574
3.1361357146314033
3.1377338998977766
3.1388640448038894
3.141592653589793
11.512925464970229
0.011649020361987065
79
0.
0.010416666666666666
0.020833333333333332
0.041666666666666664
0.08333333333333333
0.125
0.16666666666666666
0.3333333333333333
0.5
0.6666666666666666
0.75
0.8333333333333333
0.875
0.8958333333333333
0.9166666666666666
0.9375
0.9479166666666666
0.9583333333333333
0.96875
0.9739583333333333
0.9791666666666666
0.984375
0.9869791666666666
0.9895833333333333
0.9921875
0.9934895833333333
0.9947916666666666
0.99609375
0.9967447916666666
0.9973958333333333
0.998046875
0.9983723958333333
0.9986979166666666
0.9990234375
0.9991861979166666
0.9993489583333333
0.99951171875
0.9995930989583333
0.9996744791666666
0.999755859375
0.9997965494791666
0.9998372395833333
0.9998779296875
0.9998982747395833
0.9999186197916666
0.99993896484375
0.9999491373697916
0.9999593098958333
0.999969482421875
0.9999745686848958
0.9999796549479166
0.9999847412109375
0.9999898274739583
0.9999923706054688
0.9999949137369791
0.9999961853027344
0.9999974568684895
0.9999980926513672
0.9999987284342448
0.9999990463256836
0.9999993642171223
0.9999995231628418
0.9999996821085612
0.9999997615814209
0.9999998410542805
0.9999998807907104
0.9999999205271403
0.9999999403953552
0.9999999602635701
0.9999999701976776
0.999999980131785
0.9999999900658925
0.9999999925494194
0.9999999950329462
0.9999999975164731
0.9999999987582365
0.9999999993791182
0.9999999996895591
1.
0.
0.0029345976893111014
0.004163620914578169
0.005927162566493475
0.00849719640727225
0.010556324286367392
0.012373157415612998
0.01874344737406525
0.025123939775782624
0.03318399932261825
0.03912630795041569
0.049365600407307655
0.05938953780982348
0.06706710683222285
0.07713377248776299
0.09105409960383805
0.10104361183090917
0.11472270929170279
0.13397431425941445
0.14755096396302286
0.1658618536367766
0.1920953255043521
0.2106904820399604
0.23551928036092587
0.2715485273276905
0.29697404476665684
0.33099603409989514
0.38013860605183075
0.4145959954874099
0.4605711911120571
0.5264060757342736
0.5721738739004367
0.632647486212883
0.7181018334442434
0.7766859086044614
0.8530611681346715
0.9589233409919203
1.0301171902984365
1.1212480413709731
1.2444621785959695
1.3253231079627237
1.4264947644090957
1.5591923023798488
1.6437732595459609
1.7468719810457254
1.8776080628488352
1.9583578807413784
2.0541276892760623
2.171530875328859
2.24188485667666
2.3233141970834805
2.4203316495627063
2.5415981612300484
2.6168758556394636
2.708815709492674
2.7648387067605116
2.8323670075820817
2.873070897021835
2.921737195314778
2.950932805083173
2.9857113526031185
3.0064952737337802
3.0311885052724037
3.045929292429407
3.0634347325656943
3.0738804897367134
3.086281234304705
3.0936788012831835
3.10245878247024
3.1076953306475263
3.1139094039426114
3.122011917870715
3.1246336346522194
3.127744117869821
3.131798826379271
3.134666654829388
3.1366948738761895
3.138129220884773
3.141592653589793
11.918390573078392
0.008703180594776216
80
0.
0.010416666666666666
0.020833333333333332
0.041666666666666664
0.08333333333333333
0.16666666666666666
0.3333333333333333
0.5
0.6666666666666666
0.75
0.8333333333333333
0.875
0.8958333333333333
0.9166666666666666
0.9375
0.9479166666666666
0.9583333333333333
0.96875
0.9739583333333333
0.9791666666666666
0.984375
0.9869791666666666
0.9895833333333333
0.9921875
0.9934895833333333
0.9947916666666666
0.99609375
0.9967447916666666
0.9973958333333333
0.998046875
0.9983723958333333
0.9986979166666666
0.9990234375
0.9991861979166666
0.9993489583333333
0.99951171875
0.9995930989583333
0.9996744791666666
0.999755859375
0.9997965494791666
0.9998372395833333
0.9998779296875
0.9998982747395833
0.9999186197916666
0.99993896484375
0.9999491373697916
0.9999593098958333
0.999969482421875
0.9999745686848958
0.9999796549479166
0.9999847412109375
0.9999872843424479
0.9999898274739583
0.9999923706054688
0.9999949137369791
0.9999961853027344
0.9999974568684895
0.9999980926513672
0.9999987284342448
0.9999990463256836
0.9999993642171223
0.9999995231628418
0.9999996821085612
0.9999997615814209
0.9999998410542805
0.9999998807907104
0.9999999205271403
0.9999999403953552
0.9999999602635701
0.9999999701976776
0.999999980131785
0.9999999850988388
0.9999999900658925
0.9999999950329462
0.9999999962747097
0.9999999975164731
0.9999999987582365
0.9999999993791182
0.9999999996895591
1.
0.
0.002344444238736086
0.0033263083045151657
0.004735194621774129
0.006788370941092475
0.009884801281594184
0.014973737838638262
0.020070449407821996
0.026507928582499396
0.03125305070023021
0.039428166714877484
0.04743351076050496
0.05356804704832022
0.06161262229228035
0.0727366428015385
0.08072216003536503
0.0916611536700556
0.10706016701188432
0.11792705327294149
0.1325886824970138
0.15361301265827576
0.16852657586793307
0.18846252386899118
0.21742968065247253
0.2379036447284396
0.2653512425450322
0.3050892573907439
0.3330307382582432
0.3704127980399479
0.4241545621528309
0.46168311134289064
0.5114979238979428
0.5823344412416428
0.6312415074630507
0.695430578942563
0.7852811913785878
0.8463406126257356
0.9252988711942396
1.0336174352709617
1.1057760919098136
1.1973870313850699
1.3200241916191495
1.399830518893702
1.4990218030335671
1.6281483348060128
1.7099631250548115
1.8092634200198718
1.9346002831054139
2.0117809235258197
2.1031869704838857
2.2151091890499077
2.282144736297293
2.3597226435698806
2.4521774310984146
2.567771645753416
2.6395811020242177
2.7273960711571474
2.7809143067229094
2.845458744573524
2.8844245314210966
2.9310208071003103
2.9589816348457876
2.9923058362652424
3.0122338546002125
3.0359053710613595
3.0500304546089385
3.0667991162826898
3.076802320699707
3.088674856965085
3.0957558592607946
3.1041586928875744
3.109169565266598
3.115115118625017
3.1228663402269485
3.125374106171132
3.1283492144322937
3.1322271590002466
3.1349697649080372
3.136909320831145
3.141592653589793
12.206072645530174
0.007243935047098973
81
0.
0.020833333333333332
0.041666666666666664
0.08333333333333333
0.16666666666666666
0.3333333333333333
0.5
0.6666666666666666
0.75
0.8333333333333333
0.875
0.8958333333333333
0.9166666666666666
0.9375
0.9479166666666666
0.9583333333333333
0.96875
0.9739583333333333
0.9791666666666666
0.984375
0.9869791666666666
0.9895833333333333
0.9921875
0.9934895833333333
0.9947916666666666
0.99609375
0.9967447916666666
0.9973958333333333
0.998046875
0.9983723958333333
0.9986979166666666
0.9990234375
0.9991861979166666
0.9993489583333333
0.99951171875
0.9995930989583333
0.9996744791666666
0.999755859375
0.9997965494791666
0.9998372395833333
0.9998779296875
0.9998982747395833
0.9999186197916666
0.99993896484375
0.9999491373697916
0.9999593098958333
0.999969482421875
0.9999745686848958
0.9999796549479166
0.9999847412109375
0.9999872843424479
0.9999898274739583
0.9999923706054688
0.9999936421712239
0.9999949137369791
0.9999961853027344
0.9999974568684895
0.9999980926513672
0.9999987284342448
0.9999990463256836
0.9999993642171223
0.9999995231628418
0.9999996821085612
0.9999997615814209
0.9999998410542805
0.9999998807907104
0.9999999205271403
0.9999999403953552
0.9999999602635701
0.9999999701976776
0.999999980131785
0.9999999850988388
0.9999999900658925
0.9999999925494194
0.9999999950329462
0.9999999975164731
0.9999999981373549
0.9999999987582365
0.9999999993791182
0.9999999996895591
1.
0.
0.002821134373360199
0.004016049658995044
0.005757400335265417
0.008383542861935137
0.012699504172336644
0.017021913647067618
0.022481036075244144
0.026504632916931975
0.03343616381629025
0.040224895943261
0.04542852168764681
0.05225286746299714
0.061689885189817724
0.0684658425403211
0.07774976510300158
0.09082114921170141
0.10004947558280333
0.11250293032593726
0.13037143284250866
0.14305192604013933
0.16001600219273265
0.18468376836625552
0.20213707989334734
0.2255606518266
0.2595215916356378
0.2834430057077779
0.31549776923584816
0.36169266698775476
0.39403745760282033
0.43708815030684994
0.4985347063768498
0.5411164332699514
0.5972289055104938
0.6762132289996353
0.7301773274262514
0.8003573307431546
0.8973642608006337
0.9624945847801571
1.0458120817908323
1.1585327856908885
1.2326831200813009
1.3258053194833597
1.4487865713313124
1.52786634627456
1.6251972385051974
1.7504118212110669
1.8289540537383349
1.9235275152766427
2.0418584305121024
2.1141677949230995
2.1993036284533263
2.30285519926588
2.364500147725208
2.435621354054196
2.519978357871108
2.6250370634023956
2.6900562008905533
2.7693684926701403
2.81761439824999
2.87570222040781
2.9107350961545593
2.952608542738238
2.977717895611766
3.0076291981926424
3.0255113888987353
3.0467522867871866
3.0594272146560884
3.074474503128434
3.083450933384236
3.094104912813842
3.100459193654517
3.1079996938212746
3.1124963545919884
3.117831803289842
3.1247876703787254
3.127038123584395
3.129707971901401
3.1331880317300174
3.1356492469445256
3.141592653589793
12.429216196844383
0.006378223265514285
80
0.
0.020833333333333332
0.041666666666666664
0.08333333333333333
0.16666666666666666
0.3333333333333333
0.5
0.6666666666666666
0.75
0.8333333333333333
0.875
0.9166666666666666
0.9375
0.9479166666666666
0.9583333333333333
0.96875
0.9739583333333333
0.9791666666666666
0.984375
0.9869791666666666
0.9895833333333333
0.9921875
0.9934895833333333
0.9947916666666666
0.99609375
0.9967447916666666
0.9973958333333333
0.998046875
0.9983723958333333
0.9986979166666666
0.9990234375
0.9991861979166666
0.9993489583333333
0.99951171875
0.9995930989583333
0.9996744791666666
0.999755859375
0.9997965494791666
0.9998372395833333
0.9998779296875
0.9998982747395833
0.9999186197916666
0.99993896484375
0.9999491373697916
0.9999593098958333
0.999969482421875
0.9999745686848958
0.9999796549479166
0.9999847412109375
0.9999872843424479
0.9999898274739583
0.9999923706054688
0.9999936421712239
0.9999949137369791
0.9999961853027344
0.9999974568684895
0.9999980926513672
0.9999987284342448
0.9999990463256836
0.9999993642171223
0.9999995231628418
0.9999996821085612
0.9999997615814209
0.9999998410542805
0.9999998807907104
0.9999999205271403
0.9999999403953552
0.9999999602635701
0.9999999701976776
0.999999980131785
0.9999999850988388
0.9999999900658925
0.9999999925494194
0.9999999950329462
0.9999999975164731
0.9999999981373549
0.9999999987582365
0.9999999993791182
0.9999999996895591
1.
0.
0.00247322225178058
0.003520771570670377
0.005047363949932929
0.0073496215311141914
0.01113325420280406
0.014922470515861378
0.019708136050990213
0.0232350211814701
0.02931068162356623
0.03526196430481636
0.0458082844548405
0.05408335437095418
0.060025936308761886
0.06816915334466507
0.07963592500220966
0.08773405008871012
0.09866382619263278
0.11435324979532942
0.12549083358786553
0.1403990753649437
0.16209070177750273
0.17744895884198675
0.19807856802811127
0.22801723589593323
0.2491336880536705
0.2774619518793907
0.3183594262786939
0.34705071612473437
0.38530835830585614
0.4400599906098464
0.47810743425227425
0.5283799145356713
0.5994150211506329
0.6481443571711809
0.7117399050309672
0.8000964679108185
0.8597158655845741
0.9363477266573106
1.0407159443338256
1.1098256677252523
1.1971704641730283
1.3135276162280043
1.3890038377384415
1.4826938902936517
1.6046557003921647
1.6820634456622197
1.7763179471672477
1.896044055016546
1.9702980458444295
2.058897273199817
2.1686232688772553
2.2350188151628423
2.312652229574939
2.4062584089633763
2.525165784377612
2.60007634607853
2.692716832125152
2.749756520652695
2.8190481740080156
2.8610634818709615
2.9115435694938308
2.9419391380491176
2.978219527119421
2.999925202297281
3.025743983205026
3.041172471282969
3.0595100835933344
3.0704604824808746
3.0834682036492973
3.0912319570877136
3.1004505511936578
3.105950768611716
3.1124797477021025
3.120996165162857
3.123752609535735
3.1270234477185936
3.1312880208429124
3.1343048501066444
3.141592653589793
12.611537753638338
0.005808399962635619
79
0.
0.041666666666666664
0.08333333333333333
0.16666666666666666
0.3333333333333333
0.5
0.6666666666666666
0.75
0.8333333333333333
0.875
0.9166666666666666
0.9375
0.9583333333333333
0.96875
0.9739583333333333
0.9791666666666666
0.984375
0.9869791666666666
0.9895833333333333
0.9921875
0.9934895833333333
0.9947916666666666
0.99609375
0.9967447916666666
0.9973958333333333
0.998046875
0.9983723958333333
0.9986979166666666
0.9990234375
0.9991861979166666
0.9993489583333333
0.99951171875
0.9995930989583333
0.9996744791666666
0.999755859375
0.9997965494791666
0.9998372395833333
0.9998779296875
0.9998982747395833
0.9999186197916666
0.99993896484375
0.9999491373697916
0.9999593098958333
0.999969482421875
0.9999745686848958
0.9999796549479166
0.9999847412109375
0.9999872843424479
0.9999898274739583
0.9999923706054688
0.9999936421712239
0.9999949137369791
0.9999961853027344
0.9999968210856119
0.9999974568684895
0.9999980926513672
0.9999987284342448
0.9999990463256836
0.9999993642171223
0.9999995231628418
0.9999996821085612
0.9999997615814209
0.9999998410542805
0.9999998807907104
0.9999999205271403
0.9999999403953552
0.9999999602635701
0.9999999701976776
0.999999980131785
0.9999999850988388
0.9999999900658925
0.9999999925494194
0.9999999950329462
0.9999999962747097
0.9999999975164731
0.9999999987582365
0.9999999993791182
0.9999999996895591
1.
0.
0.003152638936846346
0.004519610683726349
0.00658113841598437
0.009969120403245818
0.013362054466328648
0.017647097517483265
0.020805089360685165
0.026244723904480113
0.03157390596347772
0.04101888049267292
0.04843016347348439
0.061047856408477
0.07132105804606557
0.07857811044108222
0.08837386819427576
0.1024402969903278
0.11242824691060162
0.12580352838571204
0.14527377381287027
0.15906705420439912
0.17760655881722429
0.20453664129297472
0.22354944963451898
0.24907967617938098
0.28599046192923394
0.31192342186018
0.34655438731861143
0.39622287505702175
0.4308153879231275
0.4766208257058851
0.5415403963587172
0.5862134062481278
0.6446575426901392
0.7261888463327693
0.7814192997669406
0.8526775158418373
0.9501880476316744
1.0150525413470024
1.0973915749482417
1.207740879167271
1.2797364659283623
1.369581588877293
1.4874593721617593
1.5628572765734654
1.655333135874933
1.7740051775898455
1.8483712801222003
1.937968305815622
2.0503180819113074
2.1192532095785475
2.200752661229832
2.3004790953055014
2.360273137949488
2.4295787146044456
2.5124619982132597
2.6165421534763156
2.6815442331752557
2.7612910930106436
2.8101478405173825
2.8691665456815554
2.904849888353776
2.94763385731225
2.9733390483522264
3.0039583832743566
3.0222645315984216
3.044031710359982
3.0570349596634894
3.072485985120494
3.081710528313484
3.0926660757853317
3.09920389838192
3.1069657851761177
3.111596322808573
3.1170924253717507
3.1242606885186275
3.129333251732804
3.132922017864666
3.141592653589793