7
11
3.912023005428146
5.2240312061715075
64
0.
0.00008138020833333333
0.00016276041666666666
0.0003255208333333333
0.0006510416666666666
0.0013020833333333333
0.001953125
0.0026041666666666665
0.005208333333333333
0.0078125
0.010416666666666666
0.015625
0.020833333333333332
0.03125
0.041666666666666664
0.0625
0.08333333333333333
0.125
0.16666666666666666
0.25
0.3333333333333333
0.375
0.41666666666666663
0.4583333333333333
0.47916666666666663
0.4895833333333333
0.5
0.5104166666666666
0.515625
0.5208333333333333
0.5234375
0.5260416666666666
0.5286458333333333
0.53125
0.5364583333333333
0.5416666666666666
0.5520833333333333
0.5625
0.5833333333333333
0.6041666666666666
0.625
0.6666666666666666
0.75
0.8333333333333333
0.875
0.9166666666666666
0.9375
0.9583333333333333
0.96875
0.9791666666666666
0.984375
0.9895833333333333
0.9921875
0.9947916666666666
0.9973958333333333
0.998046875
0.9986979166666666
0.9993489583333333
0.99951171875
0.9996744791666666
0.9998372395833333
0.9999186197916666
0.9999593098958333
1.
0.
0.009333909195118745
0.013200589144797655
0.018669723510490295
0.02640658677907778
0.03735476471527261
0.045762556725407876
0.05285651025483171
0.0748324718623581
0.09175170753737065
0.10606296697691865
0.13018947157647245
0.150667457335994
0.18536925742452404
0.2150367777874013
0.26587286651909076
0.31003270570860475
0.3876842526929445
0.45786726377491616
0.5907237505010003
0.7286842429921868
0.8058237226209747
0.8944876441663545
1.0059960906307728
1.0796361553579934
1.1254417493893552
1.1821134143559675
1.2599093630364668
1.315652894988771
1.397369964227081
1.45483731326088
1.5199721043278422
1.578981766683322
1.6263231095946589
1.6961716170188925
1.7475182104486484
1.8237862614035838
1.8820238612205817
1.9725323160312616
2.0448085435598977
2.10693203663421
2.21384806539792
2.3951896023353205
2.564767245448674
2.6535359527931974
2.7514574658502653
2.8070704027474993
2.871056140792058
2.9083873917784397
2.9520481423473446
2.9778111942497207
3.008163914001698
3.0261676025645037
3.04745294400876
3.075098574540431
3.084023175947598
3.0946003018469757
3.10837289835437
3.1128257694493566
3.1181067864999785
3.124987659774769
3.1298521603688965
3.1332913762870658
3.141592653589793
4.455742677191283
4.259057703648236
56
0.
0.00008138020833333333
0.00016276041666666666
0.0003255208333333333
0.0006510416666666666
0.0009765625
0.0013020833333333333
0.0026041666666666665
0.00390625
0.005208333333333333
0.010416666666666666
0.015625
0.020833333333333332
0.03125
0.041666666666666664
0.0625
0.08333333333333333
0.125
0.16666666666666666
0.25
0.3333333333333333
0.41666666666666663
0.4583333333333333
0.5
0.5208333333333333
0.5416666666666666
0.5520833333333333
0.5625
0.5729166666666666
0.5833333333333333
0.6041666666666666
0.625
0.6666666666666666
0.7083333333333333
0.75
0.8333333333333333
0.875
0.9166666666666666
0.9375
0.9583333333333333
0.96875
0.9791666666666666
0.984375
0.9895833333333333
0.9921875
0.9947916666666666
0.99609375
0.9973958333333333
0.9986979166666666
0.9990234375
0.9993489583333333
0.9996744791666666
0.9998372395833333
0.9999186197916666
0.9999593098958333
1.
0.
0.0084964383704289
0.012016195209642592
0.01699464661422219
0.024037400393020606
0.029443780028903237
0.03400348337998749
0.04811500416827965
0.05896153722094936
0.06812102167060238
0.09655462594536644
0.11852314555274192
0.13717175622102426
0.16877899207658642
0.19580704791407968
0.24213481549297733
0.2823937124848653
0.35321520726970795
0.41723890377710576
0.5382949892547624
0.6630874478484725
0.8087614791047262
0.900030569316318
1.019134325946964
1.099671813814149
1.2092698062443266
1.2824517326521796
1.371293427301897
1.469299974234414
1.56193779654615
1.7096547234213846
1.820577916566473
1.988396683882815
2.1217677086905558
2.238788423654885
2.454404375189108
2.5633831744440116
2.681572777425788
2.7479826330796855
2.823900755257776
2.8679978437436593
2.9194237952625013
2.9497070883466856
2.9853369785919037
3.006450709567008
3.0313952240283872
3.0462215559822146
3.0637741601255595
3.086602191385237
3.0939774082916953
3.1027213775172355
3.114110819878619
3.1221619403645464
3.127854002977171
3.13187842968142
3.141592653589793
4.99946234895442
3.4205275513919533
53
0.
0.00008138020833333333
0.00016276041666666666
0.0003255208333333333
0.0006510416666666666
0.0013020833333333333
0.0026041666666666665
0.00390625
0.005208333333333333
0.010416666666666666
0.015625
0.020833333333333332
0.03125
0.041666666666666664
0.0625
0.08333333333333333
0.125
0.16666666666666666
0.25
0.3333333333333333
0.41666666666666663
0.5
0.5416666666666666
0.5833333333333333
0.6041666666666666
0.625
0.6666666666666666
0.7083333333333333
0.75
0.8333333333333333
0.875
0.9166666666666666
0.9375
0.9583333333333333
0.96875
0.9791666666666666
0.984375
0.9895833333333333
0.9921875
0.9947916666666666
0.99609375
0.9973958333333333
0.998046875
0.9986979166666666
0.9993489583333333
0.99951171875
0.9996744791666666
0.9998372395833333
0.9999186197916666
0.9999593098958333
0.9999796549479166
0.9999898274739583
1.
0.
0.007174387303496525
0.010146452270936178
0.014350199770517765
0.020296948516115732
0.028711830041616534
0.04062623704653155
0.04978326394205346
0.05751541697747961
0.08151354740501053
0.10004899766424342
0.11577804019467218
0.14242325882051382
0.1651915765537539
0.204173077979704
0.23799012875226455
0.2973051974004007
0.3506681420485912
0.4505336506062194
0.551126038970237
0.6629496558815926
0.803558298635496
0.8971680888632768
1.0225188943246621
1.1036433670214185
1.1987786476736788
1.40844798296942
1.6035198221597662
1.778861501216225
2.1059359455885587
2.272187582325837
2.4520237960763036
2.5526001668090705
2.66707688502932
2.7333286210915246
2.8103864467184785
2.855671343966469
2.9088753213798513
2.9403699669074577
2.977551986579975
2.9996401806873334
3.0257792259812537
3.0413343346357955
3.059763649269421
3.083753620586069
3.0915073349097875
3.100702004091488
3.1126819734670534
3.1211514024984175
3.127139349466226
3.131373045698074
3.1343665102438085
3.141592653589793
5.543182020717557
2.6727930649072005
52
0.
0.00016276041666666666
0.0003255208333333333
0.0006510416666666666
0.0013020833333333333
0.001953125
0.0026041666666666665
0.005208333333333333
0.0078125
0.010416666666666666
0.020833333333333332
0.03125
0.041666666666666664
0.0625
0.08333333333333333
0.125
0.16666666666666666
0.25
0.3333333333333333
0.41666666666666663
0.5
0.5833333333333333
0.6666666666666666
0.75
0.7916666666666666
0.8333333333333333
0.875
0.9166666666666666
0.9375
0.9583333333333333
0.96875
0.9791666666666666
0.984375
0.9895833333333333
0.9921875
0.9947916666666666
0.99609375
0.9973958333333333
0.998046875
0.9986979166666666
0.9990234375
0.9993489583333333
0.9996744791666666
0.999755859375
0.9998372395833333
0.9999186197916666
0.99993896484375
0.9999593098958333
0.9999796549479166
0.9999898274739583
0.9999949137369791
1.
0.
0.00827162303129479
0.011698559115488408
0.01654629529579624
0.023405746682837878
0.02867313054362591
0.03311703682172075
0.046880861196309506
0.05747401988577457
0.06643128628179151
0.09432548718477057
0.11599501787294579
0.13449224844131843
0.1661095338731484
0.1934729009480801
0.24127835035189024
0.2840179003685795
0.3630261348831917
0.44069446315793936
0.523508448064261
0.6195294635265542
0.7442943522633491
0.9350034144843867
1.2291563864711523
1.398163014756105
1.581182842570767
1.7901230288261425
2.0423310097569436
2.1932907544203224
2.37119549345846
2.4763116903026443
2.6000339144048357
2.673321736115008
2.7598590076315483
2.811267562376484
2.8721019471826685
2.9083017330615877
2.9511895621897044
2.9767322302555974
3.0070121770507323
3.025054750340084
3.0464496668692123
3.074323220020287
3.0833373898628587
3.0940291484187776
3.1079617598326847
3.112467888674559
3.11781281204079
3.1247781620607853
3.1297032104335547
3.1331856466118
3.141592653589793
6.358761528362263
1.6417460919794682
53
0.
0.0003255208333333333
0.0006510416666666666
0.0013020833333333333
0.0026041666666666665
0.00390625
0.005208333333333333
0.010416666666666666
0.015625
0.020833333333333332
0.041666666666666664
0.0625
0.08333333333333333
0.125
0.16666666666666666
0.25
0.3333333333333333
0.5
0.5833333333333333
0.6666666666666666
0.75
0.7916666666666666
0.8333333333333333
0.875
0.9166666666666666
0.9375
0.9583333333333333
0.96875
0.9791666666666666
0.984375
0.9895833333333333
0.9921875
0.9947916666666666
0.99609375
0.9973958333333333
0.998046875
0.9986979166666666
0.9990234375
0.9993489583333333
0.99951171875
0.9996744791666666
0.999755859375
0.9998372395833333
0.9999186197916666
0.99993896484375
0.9999593098958333
0.9999796549479166
0.9999847412109375
0.9999898274739583
0.9999949137369791
0.9999974568684895
0.9999987284342448
1.
0.
0.008225846777402094
0.011634401662114834
0.01645720615312792
0.023284408630121923
0.028530244558026694
0.03295867608912718
0.046694674979372186
0.057292802055084906
0.06627676180765552
0.09442587079019261
0.11652811371885231
0.13560561620854078
0.16879048662910606
0.1982607510703765
0.25206654360710445
0.3037709698309967
0.4154928379172189
0.48448948076000153
0.5747111399965136
0.7112698287139826
0.8111078299392972
0.9397239212372172
1.108524470088515
1.3607129423391089
1.5482164332282713
1.7985657939394617
1.957680810377123
2.1556941572475306
2.278828902446671
2.429689783969497
2.521853724330776
2.6330013456534886
2.700048292866457
2.7801997512596683
2.828245627839337
2.8854466525845677
2.9196356945815665
2.960261421646366
2.98451059816516
3.013298979088564
3.0304713783537554
3.050849834950896
3.0774187658437246
3.086014614785674
3.0962118826384346
3.109502261808933
3.1138011834370216
3.118900649378125
3.12554664820485
3.1302462466916663
3.1335694484850904
3.141592653589793
7.174341036006968
0.8847911973452598
55
0.
0.0006510416666666666
0.0013020833333333333
0.0026041666666666665
0.005208333333333333
0.0078125
0.010416666666666666
0.020833333333333332
0.03125
0.041666666666666664
0.08333333333333333
0.125
0.16666666666666666
0.25
0.3333333333333333
0.5
0.5833333333333333
0.6666666666666666
0.75
0.7916666666666666
0.8333333333333333
0.875
0.8958333333333333
0.9166666666666666
0.9375
0.9479166666666666
0.9583333333333333
0.96875
0.9791666666666666
0.984375
0.9895833333333333
0.9921875
0.9947916666666666
0.99609375
0.9973958333333333
0.998046875
0.9986979166666666
0.9990234375
0.9993489583333333
0.99951171875
0.9996744791666666
0.999755859375
0.9998372395833333
0.9998779296875
0.9999186197916666
0.99993896484375
0.9999593098958333
0.9999796549479166
0.9999847412109375
0.9999898274739583
0.9999949137369791
0.9999974568684895
0.9999987284342448
0.9999993642171223
1.
0.
0.007923521931413472
0.011207905326550721
0.015857035838399994
0.022444135835233397
0.027511568392662854
0.0317945420136699
0.04511791307174883
0.055448856055900365
0.06425055226920887
0.09217850638767434
0.11460942626585151
0.1344546539595492
0.17044486212762697
0.20463037542460302
0.2764409487591961
0.31876076950644294
0.37108061481439175
0.4447029975094021
0.4981041118615721
0.5728461909835983
0.6830532321974991
0.7593486966624841
0.8597609040345131
1.001416388303762
1.096498172765384
1.2155321985358354
1.3723879962364782
1.598383311299108
1.7546957667280472
1.9604181535280572
2.094841138654666
2.2665730425701978
2.3748881248425215
2.5082747636813862
2.589932991847228
2.68852783607919
2.7480694231973404
2.819325816313395
2.862082862006107
2.9130300666944744
2.9435014051076105
2.9797286230230915
3.001361751290279
3.0270505859652967
3.0423768841989975
3.060567821985181
3.0842882751693694
3.091962592243236
3.1010669582240986
3.112933967661783
3.121326555929274
3.127261685088435
3.1314587917761028
3.141592653589793
8.261780379533242
0.33789917259489943
58
0.
0.0026041666666666665
0.005208333333333333
0.010416666666666666
0.020833333333333332
0.041666666666666664
0.0625
0.08333333333333333
0.16666666666666666
0.25
0.3333333333333333
0.5
0.5833333333333333
0.6666666666666666
0.75
0.7916666666666666
0.8333333333333333
0.875
0.8958333333333333
0.9166666666666666
0.9375
0.9479166666666666
0.9583333333333333
0.96875
0.9739583333333333
0.9791666666666666
0.984375
0.9869791666666666
0.9895833333333333
0.9921875
0.9934895833333333
0.9947916666666666
0.99609375
0.9973958333333333
0.998046875
0.9986979166666666
0.9990234375
0.9993489583333333
0.99951171875
0.9996744791666666
0.999755859375
0.9998372395833333
0.9998779296875
0.9999186197916666
0.99993896484375
0.9999593098958333
0.999969482421875
0.9999796549479166
0.9999847412109375
0.9999898274739583
0.9999949137369791
0.9999961853027344
0.9999974568684895
0.9999987284342448
0.9999993642171223
0.9999996821085612
0.9999998410542805
1.
0.
0.009297169629190102
0.01315882056414708
0.018639623861449635
0.026446838671233014
0.03765115891738739
0.04642774880309842
0.05398434217762864
0.07863359736884248
0.09951164559975516
0.11921354723081175
0.15998563721231732
0.1834582942249703
0.2117118680896378
0.24988165614559604
0.2766952942809348
0.3143415673804815
0.3737009725521988
0.4177137173561664
0.4765764787925836
0.5597002624525693
0.6178376061617383
0.695521671113898
0.8047838654169315
0.8789518454826194
0.9749961089345153
1.1064191130091712
1.1935708882766578
1.303347675580042
1.4482505333562945
1.5411839259699867
1.6546003550448503
1.798205057316513
1.9917361923319323
2.1195852275397735
2.283382891964409
2.387270486386236
2.516198895430813
2.5957229686765273
2.692313937091907
2.750919205985881
2.8212925360471335
2.8636252943058396
2.9141569224695605
2.944417785965465
2.980430355146558
3.0019478190359394
3.027511333762178
3.042769177253082
3.0608831620312107
3.084505856185454
3.0921493989866176
3.101217911142635
3.113039255344855
3.1214002787458086
3.1273134512946195
3.131495214097146
3.141592653589793
9.349219723059516
0.1212164479588516
59
0.
0.005208333333333333
0.010416666666666666
0.020833333333333332
0.041666666666666664
0.08333333333333333
0.125
0.16666666666666666
0.3333333333333333
0.5
0.6666666666666666
0.75
0.8333333333333333
0.875
0.8958333333333333
0.9166666666666666
0.9375
0.9479166666666666
0.9583333333333333
0.96875
0.9739583333333333
0.9791666666666666
0.984375
0.9869791666666666
0.9895833333333333
0.9921875
0.9934895833333333
0.9947916666666666
0.99609375
0.9967447916666666
0.9973958333333333
0.998046875
0.9986979166666666
0.9990234375
0.9993489583333333
0.99951171875
0.9996744791666666
0.999755859375
0.9998372395833333
0.9998779296875
0.9999186197916666
0.99993896484375
0.9999593098958333
0.999969482421875
0.9999796549479166
0.9999847412109375
0.9999898274739583
0.9999923706054688
0.9999949137369791
0.9999961853027344
0.9999974568684895
0.9999987284342448
0.9999990463256836
0.9999993642171223
0.9999996821085612
0.9999998410542805
0.9999999205271403
0.9999999602635701
1.
0.
0.007634136554225344
0.01081357203433507
0.015342062260295422
0.021839502495077275
0.0313065390361058
0.038889427041533586
0.04557785114469458
0.06900316772370377
0.09238983861226478
0.12168377473921058
0.1429130261047895
0.17812349957994794
0.21087849988569554
0.23594425230816118
0.2699891410166128
0.3178269510363644
0.3515370968539106
0.39785759122894765
0.4643400492831192
0.5101068163943259
0.5713811334246099
0.6581083414281952
0.7178638357838765
0.7964065775498614
0.9059567347112074
0.9803276311046875
1.076080676534744
1.2066146529290218
1.2927704298317193
1.4009036936321948
1.542983432663352
1.7433645689716835
1.8819022762618254
2.0668279361810704
2.1881298966646883
2.3428630921419806
2.4404614685087935
2.5610048207551976
2.6351188345934378
2.7249759519429277
2.779431334257266
2.8447618370589347
2.884040899195672
2.930893852895962
2.958942868810007
2.992318722985502
3.0122594544276753
3.0359402737588495
3.0500679799205668
3.0668368504074404
3.0887081070763642
3.0957865007736998
3.104185502871665
3.115135730622276
3.1228817444548973
3.128360522063375
3.1322353628748685
3.141592653589793
10.43665906658579
0.04409792703868826
60
0.
0.020833333333333332
0.041666666666666664
0.08333333333333333
0.16666666666666666
0.3333333333333333
0.5
0.6666666666666666
0.75
0.8333333333333333
0.875
0.9166666666666666
0.9375
0.9583333333333333
0.96875
0.9739583333333333
0.9791666666666666
0.984375
0.9869791666666666
0.9895833333333333
0.9921875
0.9934895833333333
0.9947916666666666
0.99609375
0.9967447916666666
0.9973958333333333
0.998046875
0.9983723958333333
0.9986979166666666
0.9990234375
0.9991861979166666
0.9993489583333333
0.99951171875
0.9996744791666666
0.999755859375
0.9998372395833333
0.9998779296875
0.9999186197916666
0.99993896484375
0.9999593098958333
0.999969482421875
0.9999796549479166
0.9999847412109375
0.9999898274739583
0.9999923706054688
0.9999949137369791
0.9999961853027344
0.9999974568684895
0.9999980926513672
0.9999987284342448
0.9999993642171223
0.9999995231628418
0.9999996821085612
0.9999998410542805
0.9999998807907104
0.9999999205271403
0.9999999602635701
0.999999980131785
0.9999999900658925
1.
0.
0.008818378233123248
0.012552538445474489
0.0179924213837808
0.02618968338800758
0.03963092582220801
0.05302030029486712
0.06971833698249488
0.08174376897465549
0.10154752522488324
0.11998599019774836
0.15377443996655482
0.18115716011754762
0.227261321673305
0.26600807052563213
0.2928042021425865
0.32914006219591424
0.3810817132669349
0.41754289353104806
0.4660512405032878
0.5355605796400607
0.5838310383241927
0.6478861898122755
0.7385823429155406
0.8009221694220227
0.8824051727911002
0.9956636467333048
1.0719441973894066
1.1696101044378093
1.3014340652612748
1.3876745784934317
1.495076988662174
1.634803981929326
1.8295122486432251
1.9626672286019884
2.1388042587526286
2.253542486884685
2.39902310859882
2.490405253000965
2.6029530322676173
2.671970817864598
2.755493590599653
2.8060582125877724
2.8666635170071997
2.903083598492968
2.9465082316095357
2.9724932525496173
3.0034038755167907
3.021868822368499
3.043796810836266
3.072402266957495
3.081661277962512
3.092648475220991
3.106974283700195
3.1116095716562366
3.1171089590643493
3.1242776599155166
3.1293478997882893
3.132933702677647
3.141592653589793
11.524098410112064
0.01770232659714849
62
0.
0.08333333333333333
0.16666666666666666
0.3333333333333333
0.5
0.6666666666666666
0.75
0.8333333333333333
0.875
0.9166666666666666
0.9375
0.9583333333333333
0.96875
0.9791666666666666
0.984375
0.9895833333333333
0.9921875
0.9934895833333333
0.9947916666666666
0.99609375
0.9967447916666666
0.9973958333333333
0.998046875
0.9983723958333333
0.9986979166666666
0.9990234375
0.9991861979166666
0.9993489583333333
0.99951171875
0.9995930989583333
0.9996744791666666
0.999755859375
0.9997965494791666
0.9998372395833333
0.9998779296875
0.9999186197916666
0.99993896484375
0.9999593098958333
0.999969482421875
0.9999796549479166
0.9999847412109375
0.9999898274739583
0.9999923706054688
0.9999949137369791
0.9999961853027344
0.9999974568684895
0.9999980926513672
0.9999987284342448
0.9999990463256836
0.9999993642171223
0.9999995231628418
0.9999996821085612
0.9999998410542805
0.9999998807907104
0.9999999205271403
0.9999999602635701
0.9999999701976776
0.999999980131785
0.9999999900658925
0.9999999950329462
0.9999999975164731
1.
0.
0.010131422387956097
0.014746333736033929
0.022310827514643142
0.029840435790548937
0.03921666676894907
0.04595471878549336
0.057023235518425607
0.06732843635550904
0.08631500043836712
0.10171336328707399
0.12769124131702628
0.14961509897253888
0.18548718313293974
0.2151588090360889
0.2641364393118805
0.3046693412483275
0.33309634342567834
0.37115691672317314
0.4259248690897995
0.46423901220838015
0.5151436206904974
0.5876818373672875
0.6378932463678895
0.7039271156507183
0.796640955336326
0.8597833662328114
0.9415929513075967
1.054019319498323
1.1290038059259415
1.2242401420484466
1.3516682271127536
1.4344563123603944
1.5371209851546175
1.670227058615327
1.8554957496631301
1.982506761617832
2.1514100714449387
2.2621604458573326
2.403588345150032
2.49301387656635
2.603786453329719
2.672090133340094
2.755087035234509
2.8054459742847024
2.8659807657249923
2.9024186681288193
2.9458813455858204
2.971905522955492
3.002879931934306
3.0213920206711196
3.0433846949557304
3.0720895971904327
3.081384515219685
3.092416690587812
3.106805017515969
3.1114614753701875
3.1169865768626828
3.124189773387683
3.1292850788798567
3.132888943188952
3.141592653589793
12.611537753638338
0.008909722192901119
66
0.
0.16666666666666666
0.3333333333333333
0.5
0.6666666666666666
0.75
0.8333333333333333
0.875
0.9166666666666666
0.9375
0.9583333333333333
0.96875
0.9791666666666666
0.984375
0.9895833333333333
0.9921875
0.9947916666666666
0.99609375
0.9973958333333333
0.998046875
0.9983723958333333
0.9986979166666666
0.9990234375
0.9991861979166666
0.9993489583333333
0.99951171875
0.9995930989583333
0.9996744791666666
0.999755859375
0.9997965494791666
0.9998372395833333
0.9998779296875
0.9998982747395833
0.9999186197916666
0.99993896484375
0.9999491373697916
0.9999593098958333
0.999969482421875
0.9999796549479166
0.9999847412109375
0.9999898274739583
0.9999923706054688
0.9999949137369791
0.9999961853027344
0.9999974568684895
0.9999980926513672
0.9999987284342448
0.9999990463256836
0.9999993642171223
0.9999995231628418
0.9999996821085612
0.9999997615814209
0.9999998410542805
0.9999998807907104
0.9999999205271403
0.9999999403953552
0.9999999602635701
0.999999980131785
0.9999999850988388
0.9999999900658925
0.9999999950329462
0.9999999975164731
0.9999999987582365
0.9999999993791182
0.9999999996895591
1.
0.
0.007891527399796965
0.011939014994430315
0.01596683557751762
0.02098000751308564
0.024580010839323714
0.030489072166129567
0.035991440825195675
0.04615007192988709
0.05439314206704632
0.06831665132100631
0.08008853582610166
0.09939696317515356
0.11541034278556316
0.14196497608266911
0.16406603863635824
0.20059641670817696
0.23097700395458304
0.28107644152128836
0.3224563016808066
0.3514422037283317
0.39004152328885766
0.4451955831303284
0.483454030394534
0.533924671531573
0.605075337633872
0.6537484677090767
0.7171191072728516
0.8049070248247484
0.8639897418503891
0.9397390434231438
1.0425798656586633
1.110480900914884
1.1961011261868022
1.309900886113995
1.3835712830169538
1.4748994351204139
1.5937042363144949
1.7609745928866838
1.8778751924405936
2.037570491852714
2.1457342034803344
2.2887777524721744
2.3824192777003774
2.50239084918097
2.57860817500124
2.6734904484613935
2.732287491136845
2.8040318766713153
2.847699802409301
2.900333530142541
2.9320913258243873
2.9700660728107064
2.9928496687459547
3.019996261800981
3.0362238126457344
3.0554984749151335
3.0806585445756247
3.0888063399492287
3.0984774544652476
3.111091425843283
3.120017925226911
3.1263334603407107
3.1308009934466283
3.1339609066472742
3.141592653589793