8
12
3.912023005428146
5.311862852060324
71
0.
0.00008138020833333333
0.00016276041666666666
0.0003255208333333333
0.0006510416666666666
0.0013020833333333333
0.001953125
0.0026041666666666665
0.005208333333333333
0.0078125
0.010416666666666666
0.015625
0.020833333333333332
0.03125
0.041666666666666664
0.0625
0.08333333333333333
0.125
0.16666666666666666
0.25
0.3333333333333333
0.375
0.41666666666666663
0.4583333333333333
0.47916666666666663
0.5
0.5104166666666666
0.5208333333333333
0.5260416666666666
0.5286458333333333
0.53125
0.5338541666666666
0.53515625
0.5364583333333333
0.537109375
0.5377604166666666
0.5384114583333333
0.5390625
0.5403645833333333
0.5416666666666666
0.5442708333333333
0.546875
0.5520833333333333
0.5625
0.5729166666666666
0.5833333333333333
0.6041666666666666
0.625
0.6666666666666666
0.7083333333333333
0.75
0.8333333333333333
0.875
0.9166666666666666
0.9375
0.9583333333333333
0.96875
0.9791666666666666
0.984375
0.9895833333333333
0.9921875
0.9947916666666666
0.9973958333333333
0.998046875
0.9986979166666666
0.9993489583333333
0.9996744791666666
0.9998372395833333
0.9999186197916666
0.9999593098958333
1.
0.
0.009411578311021275
0.0133104066283074
0.018824969117772882
0.026625961530856355
0.03766451688851062
0.046141341883521966
0.05329320326290764
0.07544611375834624
0.09249839489285921
0.10691952613333215
0.13122448269028958
0.15184605980188784
0.18677102452044347
0.21660532192028967
0.2676635614619257
0.31193659929029877
0.38955763116160524
0.459391092071375
0.590411123339806
0.7240295130531992
0.7971135623134106
0.8790067953198951
0.9773030359471624
1.0379850240259163
1.1140124066579233
1.1627832669100409
1.2264017615232106
1.2693325306938519
1.2962608644113147
1.3297278509150456
1.3759238235862523
1.4094882381543232
1.461634622555231
1.504295497790484
1.5585700777384366
1.602125713833991
1.6325877710928056
1.674362328382512
1.704100839008452
1.747612245275948
1.7804243335697536
1.8306017007030082
1.90263991071595
1.9571260118703595
2.002400515700064
2.0773548031816294
2.140105232635199
2.246093326084946
2.338052760294711
2.4229791142341
2.5869281129425663
2.6724773870003684
2.7667201616330455
2.820202008594632
2.881708691731954
2.91758306638899
2.9595322239803594
2.9842823798424924
3.0134389212910904
3.0307326209267957
3.0511768378846744
3.0777301142085647
3.0863014859605222
3.096459906203733
3.1096878801572037
3.1190357065631487
3.125643708316342
3.1303156556788942
3.1336189165477086
3.141592653589793
4.455742677191283
4.229446362760155
61
0.
0.00008138020833333333
0.00016276041666666666
0.0003255208333333333
0.0006510416666666666
0.0013020833333333333
0.001953125
0.0026041666666666665
0.005208333333333333
0.0078125
0.010416666666666666
0.015625
0.020833333333333332
0.03125
0.041666666666666664
0.0625
0.08333333333333333
0.125
0.16666666666666666
0.25
0.3333333333333333
0.375
0.41666666666666663
0.4583333333333333
0.47916666666666663
0.5
0.5208333333333333
0.53125
0.5416666666666666
0.546875
0.5520833333333333
0.5572916666666666
0.5625
0.5729166666666666
0.5833333333333333
0.6041666666666666
0.625
0.6666666666666666
0.7083333333333333
0.75
0.8333333333333333
0.875
0.9166666666666666
0.9375
0.9583333333333333
0.96875
0.9791666666666666
0.984375
0.9895833333333333
0.9921875
0.9947916666666666
0.9973958333333333
0.998046875
0.9986979166666666
0.9993489583333333
0.99951171875
0.9996744791666666
0.9998372395833333
0.9999186197916666
0.9999593098958333
1.
0.
0.008782671552500843
0.012420995818287872
0.017567145268404267
0.024847096689534335
0.03514872890020369
0.04306002299555054
0.049735078208482754
0.07041341552573721
0.08633374956943328
0.0998001796164125
0.12250258285502798
0.14177202291276408
0.17442596918468678
0.2023425964369016
0.25017671766339916
0.2917240714759977
0.36475605609841216
0.43070574978084103
0.5551868655995612
0.6832395131631062
0.7536982119177004
0.8328109231444131
0.9273692719184402
0.984866934194967
1.0546119899940538
1.1474197280119849
1.2113062045983594
1.300979313619882
1.3642325366610522
1.4458039824304025
1.5362107441751676
1.6142512606700012
1.7254249999199425
1.8033536539226989
1.9161508828371605
2.001705506814314
2.136252343387144
2.2470131783339338
2.346264453590924
2.532677521152248
2.6281418102262553
2.73234465150393
2.7911360012233293
2.8585119940207098
2.8977148037479274
2.9434841733173855
2.970457906487637
3.002211016461608
3.021034103244778
3.0432785098737045
3.072160199038726
3.0814801044579845
3.0925258972447183
3.1069079157888773
3.11155698358472
3.117070542303671
3.12425465262736
3.1293337102672303
3.1329247088685546
3.141592653589793
4.99946234895442
3.345768014584932
54
0.
0.00008138020833333333
0.00016276041666666666
0.0003255208333333333
0.0006510416666666666
0.0013020833333333333
0.0026041666666666665
0.00390625
0.005208333333333333
0.010416666666666666
0.015625
0.020833333333333332
0.03125
0.041666666666666664
0.0625
0.08333333333333333
0.125
0.16666666666666666
0.25
0.3333333333333333
0.41666666666666663
0.4583333333333333
0.5
0.5416666666666666
0.5833333333333333
0.6041666666666666
0.625
0.6458333333333333
0.6666666666666666
0.7083333333333333
0.75
0.8333333333333333
0.875
0.9166666666666666
0.9375
0.9583333333333333
0.96875
0.9791666666666666
0.984375
0.9895833333333333
0.9921875
0.9947916666666666
0.99609375
0.9973958333333333
0.9986979166666666
0.9990234375
0.9993489583333333
0.9996744791666666
0.999755859375
0.9998372395833333
0.9999186197916666
0.9999593098958333
0.9999796549479166
1.
0.
0.007538441031016787
0.010661324243774034
0.015078408225378015
0.021326979470977087
0.030169087697265503
0.042688735880624065
0.05231128763480759
0.06043682032939824
0.08565812505486661
0.10514128025467094
0.12167711018009013
0.14969567055772473
0.1736455585123152
0.21467157782029675
0.2502900671238782
0.31284749323025907
0.36924887709489074
0.47527361475244506
0.5831068626199921
0.7052828883384674
0.7781789929549255
0.8662524889490966
0.9827370414669381
1.1595459896852514
1.2838788604496003
1.420452701169064
1.5481935789082553
1.6607035281557125
1.8506889750587894
2.012294360995573
2.2981103807230707
2.437360681119989
2.585156237754811
2.666987506376837
2.75967157385504
2.8131557005965537
2.875262902367531
2.911723554181618
2.954532746231759
2.9798629099432645
3.0097588745541257
3.0275154356909804
3.048525244289948
3.0758382702081226
3.084659107268593
3.0951161200649118
3.1087354785916728
3.113138869236879
3.118361442819297
3.1251668159516792
3.1299783867665294
3.1333804038819886
3.141592653589793
5.543182020717557
2.646777423327666
51
0.
0.00016276041666666666
0.0003255208333333333
0.0006510416666666666
0.0013020833333333333
0.0026041666666666665
0.00390625
0.005208333333333333
0.010416666666666666
0.015625
0.020833333333333332
0.03125
0.041666666666666664
0.0625
0.08333333333333333
0.125
0.16666666666666666
0.25
0.3333333333333333
0.41666666666666663
0.5
0.5833333333333333
0.625
0.6666666666666666
0.7083333333333333
0.75
0.8333333333333333
0.875
0.9166666666666666
0.9375
0.9583333333333333
0.96875
0.9791666666666666
0.984375
0.9895833333333333
0.9921875
0.9947916666666666
0.99609375
0.9973958333333333
0.998046875
0.9986979166666666
0.9990234375
0.9993489583333333
0.9996744791666666
0.999755859375
0.9998372395833333
0.9999186197916666
0.9999593098958333
0.9999796549479166
0.9999898274739583
1.
0.
0.00876695032800409
0.012399127379451529
0.017537231601775633
0.02480766736282946
0.03510115178870804
0.04301181793418833
0.049691077266502875
0.07041770008283033
0.0864215272665128
0.09999814036506577
0.12298656931599729
0.14261752903844854
0.17619383026923702
0.20527928616606192
0.25617120125584
0.30178063677241473
0.3864953848399341
0.4705567282845143
0.5616085024614752
0.6703290312088962
0.8206375296121702
0.9292621386605368
1.0745684796613237
1.2480816039666431
1.4264068185470218
1.7917002880877329
1.9937501299086429
2.2221269416695946
2.3529170852297403
2.50367321024865
2.591666439089132
2.694588949538025
2.7553264807851825
2.826890715027933
2.86934491478134
2.9195395655553655
2.949390716163242
2.9847430357216567
3.005792755274162
3.0307412745198503
3.045605169850295
3.0632296138942845
3.086188627978755
3.0936129754866735
3.1024189741572106
3.1138941198611993
3.1220075527224678
3.1277442559803905
3.1318005377279015
3.141592653589793
6.086901692480694
1.987026397286256
51
0.
0.0003255208333333333
0.0006510416666666666
0.0013020833333333333
0.0026041666666666665
0.005208333333333333
0.0078125
0.010416666666666666
0.020833333333333332
0.03125
0.041666666666666664
0.0625
0.08333333333333333
0.125
0.16666666666666666
0.25
0.3333333333333333
0.41666666666666663
0.5
0.5833333333333333
0.6666666666666666
0.75
0.7916666666666666
0.8333333333333333
0.875
0.9166666666666666
0.9375
0.9583333333333333
0.96875
0.9791666666666666
0.984375
0.9895833333333333
0.9921875
0.9947916666666666
0.99609375
0.9973958333333333
0.998046875
0.9986979166666666
0.9990234375
0.9993489583333333
0.99951171875
0.9996744791666666
0.9998372395833333
0.9998779296875
0.9999186197916666
0.9999593098958333
0.9999796549479166
0.9999898274739583
0.9999949137369791
0.9999974568684895
1.
0.
0.009942278153748573
0.014062171902520777
0.019891635591126475
0.02814438047662498
0.0398400774217512
0.04884055350225929
0.05645025609037273
0.08014162425188613
0.09853773636265842
0.11423329131058425
0.14104203177360133
0.16421923912986935
0.20464109688622592
0.24068272205516186
0.3069746426570892
0.37153490457396143
0.43938160410323956
0.5161602888859513
0.6116142024930997
0.7475766783048927
0.9649130925499932
1.107885724899353
1.2735779884640077
1.4786235274439592
1.7581614110558912
1.940512727797131
2.1630215248618128
2.2962416739699587
2.4536338532360924
2.5469435604059045
2.657076889189142
2.722454328725045
2.799760964312297
2.8457325239669125
2.9001690531856665
2.932577308612809
2.9709847799030373
2.9938645298772295
3.020992073828287
3.0371577242583254
3.0563283942859556
3.0813065319139974
3.0893846605218322
3.098966283822214
3.1114524360447366
3.120280890051652
3.126523255379778
3.1309371270683792
3.1340581320955363
3.141592653589793
6.630621364243831
1.4122610213027038
52
0.
0.0003255208333333333
0.0006510416666666666
0.0013020833333333333
0.0026041666666666665
0.005208333333333333
0.010416666666666666
0.015625
0.020833333333333332
0.041666666666666664
0.0625
0.08333333333333333
0.125
0.16666666666666666
0.25
0.3333333333333333
0.5
0.5833333333333333
0.6666666666666666
0.75
0.7916666666666666
0.8333333333333333
0.875
0.9166666666666666
0.9375
0.9583333333333333
0.96875
0.9791666666666666
0.984375
0.9895833333333333
0.9921875
0.9947916666666666
0.99609375
0.9973958333333333
0.998046875
0.9986979166666666
0.9990234375
0.9993489583333333
0.99951171875
0.9996744791666666
0.999755859375
0.9998372395833333
0.9999186197916666
0.99993896484375
0.9999593098958333
0.9999796549479166
0.9999847412109375
0.9999898274739583
0.9999949137369791
0.9999974568684895
0.9999987284342448
1.
0.
0.007805114304188703
0.01103932993612182
0.015615456217484216
0.022093472127350047
0.03127289862166652
0.04430624443203161
0.05436219550385547
0.06288649945255012
0.08959513723436874
0.11056591696688427
0.12866643978120884
0.16015083885242656
0.18810970342736988
0.23915182881263108
0.2881939478496575
0.3941301797227486
0.4595202923380703
0.544974382341703
0.6742668863503344
0.7689605852441067
0.8915238106123536
1.0538526800896013
1.3001780432927514
1.485078672899323
1.7337676328100984
1.8946656703361704
2.0991837383250966
2.228415612560608
2.3880240597933966
2.4858399173380437
2.6038293079844372
2.6749447102737243
2.7598655121293856
2.8107162044318077
2.871205608391499
2.9073363659386326
2.9502469402796434
2.9758498695189077
3.0062379659587712
3.024360758185342
3.045864414139997
3.0738963207909746
3.082964428738636
3.0937216734035697
3.1077418224746105
3.1122767197766423
3.117656047725724
3.124666690429541
3.1296240768368357
3.1331295350922557
3.141592653589793
7.446200871888537
0.7627905184349645
55
0.
0.0006510416666666666
0.0013020833333333333
0.0026041666666666665
0.005208333333333333
0.010416666666666666
0.020833333333333332
0.03125
0.041666666666666664
0.08333333333333333
0.125
0.16666666666666666
0.25
0.3333333333333333
0.5
0.5833333333333333
0.6666666666666666
0.75
0.7916666666666666
0.8333333333333333
0.875
0.8958333333333333
0.9166666666666666
0.9375
0.9479166666666666
0.9583333333333333
0.96875
0.9791666666666666
0.984375
0.9895833333333333
0.9921875
0.9947916666666666
0.99609375
0.9973958333333333
0.998046875
0.9986979166666666
0.9990234375
0.9993489583333333
0.99951171875
0.9996744791666666
0.999755859375
0.9998372395833333
0.9998779296875
0.9999186197916666
0.99993896484375
0.9999593098958333
0.9999796549479166
0.9999847412109375
0.9999898274739583
0.9999949137369791
0.9999974568684895
0.9999987284342448
0.9999993642171223
0.9999996821085612
1.
0.
0.007509912114743437
0.010622853587649026
0.015029308619938992
0.021272584810653465
0.03013497131695961
0.042763067585704174
0.05255502103969504
0.060897617734330604
0.0873695948695601
0.10863219361632025
0.12744473650407726
0.16156492001667228
0.19397769796175826
0.26207335141110505
0.30220276043023653
0.3517942388351741
0.42147008828010135
0.47187255581143633
0.542224289131175
0.6458816814950258
0.7178223420385058
0.8128585479299949
0.9476493089258314
1.0385957430718211
1.1532741602229066
1.3064640787318582
1.530345499424189
1.686433878922827
1.895376365630429
2.034445509689187
2.213656466695329
2.327014897849151
2.4669365446680422
2.552900534756449
2.657115743653256
2.720299262649228
2.7961567516638444
2.841793594324884
2.8962736980033847
2.928906736519597
2.9677422061028036
2.9909505291900986
3.0185245757130317
3.0349821592306117
3.054521446811315
3.0800066603322054
3.088252921919561
3.098036393752789
3.110789530259141
3.119809456662297
3.126188557130057
3.1306997872671705
3.133889971266517
3.141592653589793
8.261780379533242
0.37577566095107917
58
0.
0.0013020833333333333
0.0026041666666666665
0.005208333333333333
0.010416666666666666
0.020833333333333332
0.041666666666666664
0.0625
0.08333333333333333
0.16666666666666666
0.25
0.3333333333333333
0.5
0.5833333333333333
0.6666666666666666
0.75
0.7916666666666666
0.8333333333333333
0.875
0.8958333333333333
0.9166666666666666
0.9375
0.9479166666666666
0.9583333333333333
0.96875
0.9739583333333333
0.9791666666666666
0.984375
0.9869791666666666
0.9895833333333333
0.9921875
0.9947916666666666
0.99609375
0.9973958333333333
0.998046875
0.9986979166666666
0.9990234375
0.9993489583333333
0.99951171875
0.9996744791666666
0.999755859375
0.9998372395833333
0.9998779296875
0.9999186197916666
0.99993896484375
0.9999593098958333
0.999969482421875
0.9999796549479166
0.9999847412109375
0.9999898274739583
0.9999949137369791
0.9999961853027344
0.9999974568684895
0.9999987284342448
0.9999993642171223
0.9999996821085612
0.9999998410542805
1.
0.
0.007124168960950042
0.010079201585342649
0.01426578356186836
0.02020795839807432
0.028672944719747514
0.04082290620171513
0.050342099300765976
0.058539726082654835
0.08529437746505365
0.10797927147490123
0.12941368477658977
0.17389148450063593
0.1995967574630345
0.23065898663813697
0.27283560681004815
0.30254584650188043
0.34412263215846717
0.4086100744206996
0.4556094473573805
0.5183063319425754
0.6074998514877635
0.6698750974579608
0.7525909225163658
0.8686129913030612
0.9473967690254808
1.0487159724631498
1.1860511738391537
1.276601305708021
1.3897195616248659
1.537020359908235
1.7438157075861112
1.8853578953587062
2.072835426609956
2.1953689390526363
2.350692608582758
2.448085959781576
2.567930574093268
2.641432982382387
2.7304006450413487
2.784247977165657
2.8487970736498256
2.887576950738756
2.9338221822096116
2.9614980476086354
2.994416793612999
3.014077250783015
3.037429612580104
3.0513650500692813
3.067906307235673
3.089474843052732
3.096453466125509
3.1047329409652002
3.1155254704324333
3.123158655442635
3.1285569900725396
3.13237461818322
3.141592653589793
9.349219723059516
0.13691544368897995
59
0.
0.005208333333333333
0.010416666666666666
0.020833333333333332
0.041666666666666664
0.08333333333333333
0.125
0.16666666666666666
0.3333333333333333
0.5
0.6666666666666666
0.75
0.8333333333333333
0.875
0.8958333333333333
0.9166666666666666
0.9375
0.9479166666666666
0.9583333333333333
0.96875
0.9739583333333333
0.9791666666666666
0.984375
0.9869791666666666
0.9895833333333333
0.9921875
0.9934895833333333
0.9947916666666666
0.99609375
0.9967447916666666
0.9973958333333333
0.998046875
0.9986979166666666
0.9990234375
0.9993489583333333
0.99951171875
0.9996744791666666
0.999755859375
0.9998372395833333
0.9998779296875
0.9999186197916666
0.99993896484375
0.9999593098958333
0.999969482421875
0.9999796549479166
0.9999847412109375
0.9999898274739583
0.9999923706054688
0.9999949137369791
0.9999974568684895
0.9999980926513672
0.9999987284342448
0.9999993642171223
0.9999995231628418
0.9999996821085612
0.9999998410542805
0.9999999205271403
0.9999999602635701
1.
0.
0.008286619769085835
0.011737901483472903
0.016653772612928268
0.023707589996787196
0.03398699512225371
0.0422225518495548
0.049488523679345364
0.07495559671007215
0.10042156408013428
0.1323942381830149
0.1556034239359529
0.19397972010955986
0.2291635818235259
0.2557119479650675
0.29167143844056
0.342565518591585
0.378540722917224
0.42785412339843165
0.4987618449611532
0.547682979272656
0.6129728184245185
0.7052959946469138
0.7686778562255989
0.8516882883405609
0.9668813355620318
1.0446290306103578
1.1441600688433518
1.2787651246230163
1.3668669851361592
1.4766834554030441
1.6195449059306364
1.818441454685188
1.9542060683409097
2.1333204996127417
2.249659213694842
2.3967456760298957
2.4888744085168018
2.602096176368424
2.6714323384636867
2.755254234531202
2.805929110675538
2.8666398086335456
2.9030806076513453
2.9465219031431684
2.972519339324857
3.003434504809289
3.0218899881225054
3.0438032082533506
3.0723964251334044
3.0816533032279088
3.0926391338337775
3.1069650631345724
3.1116008523310508
3.117101128009917
3.1242714657237913
3.129343191015673
3.1329302085381148
3.141592653589793
10.43665906658579
0.050083979152825496
60
0.
0.020833333333333332
0.041666666666666664
0.08333333333333333
0.16666666666666666
0.3333333333333333
0.5
0.6666666666666666
0.75
0.8333333333333333
0.875
0.9166666666666666
0.9375
0.9583333333333333
0.96875
0.9739583333333333
0.9791666666666666
0.984375
0.9869791666666666
0.9895833333333333
0.9921875
0.9934895833333333
0.9947916666666666
0.99609375
0.9967447916666666
0.9973958333333333
0.998046875
0.9983723958333333
0.9986979166666666
0.9990234375
0.9991861979166666
0.9993489583333333
0.99951171875
0.9996744791666666
0.999755859375
0.9998372395833333
0.9998779296875
0.9999186197916666
0.99993896484375
0.9999593098958333
0.999969482421875
0.9999796549479166
0.9999847412109375
0.9999898274739583
0.9999923706054688
0.9999949137369791
0.9999961853027344
0.9999974568684895
0.9999980926513672
0.9999987284342448
0.9999993642171223
0.9999995231628418
0.9999996821085612
0.9999998410542805
0.9999998807907104
0.9999999205271403
0.9999999602635701
0.999999980131785
0.9999999900658925
1.
0.
0.009575867708236464
0.013631150978533707
0.0195395632636363
0.02844514481594567
0.04305668725066854
0.057626468575576205
0.07581669377304033
0.08891619846603258
0.11038582219213966
0.13008804331434745
0.16568815952987775
0.19471521354946422
0.2437315339676952
0.2850823058092324
0.31374327950276665
0.3525642901363301
0.40812827128694107
0.44704861336358387
0.49881660487628876
0.5727786593951821
0.62403420888142
0.6918538791635188
0.7875004925242487
0.8529670039573499
0.9382234283088134
1.0560241665045371
1.13493024794439
1.23537081867197
1.3699577255596227
1.4573508899903056
1.5655038848189142
1.7050507397271542
1.8972860081662648
2.0273239507811978
2.197669613405321
2.307672111379555
2.446178390652254
2.5326405918276635
2.638693344504466
2.703525335676312
2.781785509351854
2.8290516041744604
2.8856137419097925
2.9195660740724336
2.9600262715733288
2.9842271149506234
3.013005651497637
3.030192438358965
3.0505994156159804
3.077218235274821
3.0858336580458765
3.0960567894998534
3.1093857846791795
3.1136984019663587
3.1188148784684366
3.1254842929171955
3.1302013012901537
3.133537240272197
3.141592653589793
11.524098410112064
0.02014229566971374
63
0.
0.041666666666666664
0.08333333333333333
0.16666666666666666
0.3333333333333333
0.5
0.6666666666666666
0.75
0.8333333333333333
0.875
0.9166666666666666
0.9375
0.9583333333333333
0.96875
0.9791666666666666
0.984375
0.9895833333333333
0.9921875
0.9934895833333333
0.9947916666666666
0.99609375
0.9967447916666666
0.9973958333333333
0.998046875
0.9983723958333333
0.9986979166666666
0.9990234375
0.9991861979166666
0.9993489583333333
0.99951171875
0.9995930989583333
0.9996744791666666
0.999755859375
0.9997965494791666
0.9998372395833333
0.9998779296875
0.9999186197916666
0.99993896484375
0.9999593098958333
0.999969482421875
0.9999796549479166
0.9999847412109375
0.9999898274739583
0.9999923706054688
0.9999949137369791
0.9999961853027344
0.9999974568684895
0.9999980926513672
0.9999987284342448
0.9999990463256836
0.9999993642171223
0.9999995231628418
0.9999996821085612
0.9999998410542805
0.9999998807907104
0.9999999205271403
0.9999999602635701
0.9999999701976776
0.999999980131785
0.9999999900658925
0.9999999950329462
0.9999999975164731
1.
0.
0.007676657787856639
0.011003718665944016
0.016017646628571205
0.024240376499423698
0.03243168073080603
0.042638921219739105
0.049969596454715964
0.0619466130714683
0.0729361346637106
0.09291230019969104
0.10921353758186662
0.13680242391473438
0.16020173785965466
0.19856314118504206
0.23034968633435576
0.282767707551562
0.32608884147808403
0.3564306333592086
0.39702072186281495
0.4552998805107292
0.4959807626974817
0.5499247493342105
0.6265799526003988
0.6794756185455026
0.7488408382295059
0.8458295488402996
0.9116161350404903
0.9965069947039072
1.1125735928435576
1.189573886724337
1.2869209908830106
1.4163578190937252
1.4999600648734412
1.6030837549423185
1.7358521022950026
1.9188629137581779
2.0431738229207697
2.20699614730413
2.3135655988350226
2.448703540072188
2.5336534901175733
2.6383985729211576
2.7027126689529104
2.7806452775995774
2.827825362593301
2.884434984643733
2.918467915310011
2.9590645649712983
2.983373422130776
3.012296472275379
3.029570033207834
3.0500794522995394
3.076839502288516
3.085502554739581
3.095783425590095
3.109189697727254
3.1135278028562055
3.118674825879704
3.1253845603693744
3.1301304290757375
3.1334869505466725
3.141592653589793
12.611537753638338
0.010143399995732856
65
0.
0.16666666666666666
0.3333333333333333
0.5
0.6666666666666666
0.75
0.8333333333333333
0.875
0.9166666666666666
0.9375
0.9583333333333333
0.96875
0.9791666666666666
0.984375
0.9895833333333333
0.9921875
0.9947916666666666
0.99609375
0.9973958333333333
0.998046875
0.9983723958333333
0.9986979166666666
0.9990234375
0.9991861979166666
0.9993489583333333
0.99951171875
0.9995930989583333
0.9996744791666666
0.999755859375
0.9997965494791666
0.9998372395833333
0.9998779296875
0.9998982747395833
0.9999186197916666
0.99993896484375
0.9999491373697916
0.9999593098958333
0.999969482421875
0.9999796549479166
0.9999847412109375
0.9999898274739583
0.9999923706054688
0.9999949137369791
0.9999961853027344
0.9999974568684895
0.9999980926513672
0.9999987284342448
0.9999990463256836
0.9999993642171223
0.9999995231628418
0.9999996821085612
0.9999997615814209
0.9999998410542805
0.9999998807907104
0.9999999205271403
0.9999999403953552
0.9999999602635701
0.999999980131785
0.9999999850988388
0.9999999900658925
0.9999999950329462
0.9999999975164731
0.9999999987582365
0.9999999993791182
1.
0.
0.008572003483529786
0.012971547855940058
0.01735287940619216
0.02280897493394903
0.02672387947052248
0.03311368355103973
0.03897706813072655
0.04965957368547761
0.05838215422871975
0.07316379664442402
0.08572978548222401
0.10638476708080637
0.12355310169472959
0.15201126295033196
0.1756825665878646
0.2147700555949269
0.2472321694410771
0.30067358078221157
0.3447151091183698
0.37551450968748074
0.41646490455596813
0.47482934814962346
0.5152156560882566
0.5683567297254605
0.6430119509055399
0.6939472638997238
0.7600489253561875
0.8512198237494193
0.9123252902278953
0.9904095377676245
1.0959391134564
1.165318882487923
1.252482397921785
1.3678020382433516
1.4421457946551393
1.5339654099070659
1.6528505850676436
1.8192227463052422
1.9347025297126959
2.091338598384733
2.196761206292075
2.3353180246732377
2.4255472156210534
2.5404084865683414
2.6129965899392746
2.7029722570666688
2.758501983101204
2.825957510947296
2.8669811996587207
2.9163706040735473
2.946112325425511
2.98156978484199
3.0027929223605128
3.028052300380482
3.0431541645466296
3.061111109694917
3.08458438382624
3.092194089738225
3.1012317371703255
3.11302805213351
3.121381821114029
3.127295115351716
3.1314796004538277
3.141592653589793