10
16
3.912023005428146
5.29787976235419
85
0.
0.00008138020833333333
0.00016276041666666666
0.0003255208333333333
0.0006510416666666666
0.0013020833333333333
0.001953125
0.0026041666666666665
0.005208333333333333
0.0078125
0.010416666666666666
0.015625
0.020833333333333332
0.03125
0.041666666666666664
0.0625
0.08333333333333333
0.125
0.16666666666666666
0.25
0.3333333333333333
0.41666666666666663
0.4583333333333333
0.5
0.5208333333333333
0.5416666666666666
0.5520833333333333
0.5625
0.5677083333333333
0.5729166666666666
0.57421875
0.5755208333333333
0.5768229166666666
0.578125
0.5787760416666666
0.5791015625
0.5794270833333333
0.5795084635416666
0.57958984375
0.5796712239583333
0.5797526041666666
0.57977294921875
0.5797932942708333
0.5798136393229166
0.579833984375
0.5798746744791666
0.5799153645833333
0.5799967447916666
0.580078125
0.5802408854166666
0.5804036458333333
0.5807291666666666
0.5813802083333333
0.58203125
0.5833333333333333
0.5859375
0.5885416666666666
0.59375
0.6041666666666666
0.6145833333333333
0.625
0.6458333333333333
0.6666666666666666
0.7083333333333333
0.75
0.8333333333333333
0.875
0.9166666666666666
0.9375
0.9583333333333333
0.96875
0.9791666666666666
0.984375
0.9895833333333333
0.9921875
0.9947916666666666
0.9973958333333333
0.998046875
0.9986979166666666
0.9993489583333333
0.9996744791666666
0.9998372395833333
0.9999186197916666
0.9999593098958333
1.
0.
0.009577090745698597
0.013544445562719947
0.019155840244810717
0.027093588521118973
0.03832501595477948
0.0469492539593513
0.05422492227139768
0.07675702493854891
0.09409564429348376
0.10875420139180592
0.13344743575596574
0.15438459957644401
0.18980870583365367
0.22002725052515792
0.27163198593314264
0.3162402283090047
0.3940519394891389
0.46350471783596925
0.5918359095112871
0.7187683204666586
0.8576971739040304
0.9383288258685408
1.0346508912617791
1.0936326168116797
1.16667545506549
1.2127955738961136
1.2716410491031225
1.3101249082108417
1.3616732624611319
1.3784424773717647
1.3980396163107125
1.4221179449294272
1.4547762185024995
1.4781742887375138
1.4939044474638565
1.515732996887519
1.5231096457356674
1.5319891017977487
1.543459471357823
1.5608636057792784
1.5674925231359602
1.5764457595802681
1.5908587886194572
1.6145600817025805
1.6397857026889253
1.6522201400408327
1.6678604049071908
1.6787197575187722
1.6945175809977413
1.7064015785040303
1.724518227380275
1.7502985709635877
1.7695104471659304
1.7987145860696627
1.8403320807521275
1.871496114997815
1.919217575669211
1.9881518679991508
2.0406564564750096
2.0845107705524044
2.1575376958961536
2.219072714482048
2.3238863784845414
2.4158952962795257
2.586678067471826
2.673733673834324
2.7686702583289353
2.8222245591154844
2.8836033987483356
2.9193211338907874
2.961026751116252
2.9856079453720423
3.0145462391341047
3.0317022295601093
3.0519771117720405
3.0783018913424955
3.086797948962991
3.0968663069925624
3.1099760072903697
3.1192396044040214
3.1257879894912546
3.130417731904491
3.1336911223394353
3.141592653589793
4.455742677191283
4.112901631713942
74
0.
0.00008138020833333333
0.00016276041666666666
0.0003255208333333333
0.0006510416666666666
0.0013020833333333333
0.001953125
0.0026041666666666665
0.005208333333333333
0.0078125
0.010416666666666666
0.015625
0.020833333333333332
0.03125
0.041666666666666664
0.0625
0.08333333333333333
0.125
0.16666666666666666
0.25
0.3333333333333333
0.41666666666666663
0.4583333333333333
0.47916666666666663
0.5
0.5208333333333333
0.53125
0.5364583333333333
0.5416666666666666
0.546875
0.5494791666666666
0.55078125
0.5520833333333333
0.5533854166666666
0.5540364583333333
0.5546875
0.5550130208333333
0.5553385416666666
0.5556640625
0.5559895833333333
0.556640625
0.5572916666666666
0.55859375
0.5598958333333333
0.5625
0.5677083333333333
0.5729166666666666
0.5833333333333333
0.59375
0.6041666666666666
0.625
0.6666666666666666
0.7083333333333333
0.75
0.8333333333333333
0.875
0.9166666666666666
0.9375
0.9583333333333333
0.96875
0.9791666666666666
0.984375
0.9895833333333333
0.9921875
0.9947916666666666
0.9973958333333333
0.998046875
0.9986979166666666
0.9993489583333333
0.9996744791666666
0.9998372395833333
0.9999186197916666
0.9999593098958333
1.
0.
0.009282844169027015
0.013128346177508939
0.01856746955261749
0.026261736241783993
0.03714923475533218
0.04551002924238489
0.052563960684358174
0.0744132773775716
0.0912315723609942
0.1054545495264405
0.12942483416759612
0.14976152379567303
0.18420153004977388
0.2136181829085528
0.26395157139613945
0.307581547033953
0.3840236276047685
0.4527072928280783
0.5811456765116461
0.7109970663930674
0.8584169752744544
0.9483358512145885
1.0014139804968984
1.06386390985255
1.1431670291251386
1.1950654928485194
1.2267900705922954
1.2651048063528836
1.3153607106047938
1.349379302231762
1.37073400435857
1.3972693634679918
1.433857859758981
1.4604247028824004
1.5020358874289326
1.5376561854835284
1.5860879084272093
1.6231065967051617
1.647754858101547
1.6809153144551885
1.7043464006470406
1.7385116360012378
1.7642003066099907
1.8033355409621818
1.8591157827607945
1.9008980020000663
1.9650148558100065
2.0155043974207274
2.0582844224442116
2.1301977739379896
2.2452851203190445
2.3415072673363704
2.4286072597113026
2.5938678862267515
2.67913473263308
2.772568724457373
2.825417531394554
2.8860774635257114
2.921410856406164
2.9626921209817874
2.987033240239658
3.0156963886089527
3.032692564275442
3.052781005756712
3.0788671033280015
3.087286730651685
3.0972648762942323
3.110257453107317
3.119438470194106
3.125928571518756
3.1305171201361968
3.13376139129928
3.141592653589793
4.99946234895442
3.1339325548992862
58
0.
0.00008138020833333333
0.00016276041666666666
0.0003255208333333333
0.0006510416666666666
0.0009765625
0.0013020833333333333
0.0026041666666666665
0.00390625
0.005208333333333333
0.010416666666666666
0.015625
0.020833333333333332
0.03125
0.041666666666666664
0.0625
0.08333333333333333
0.125
0.16666666666666666
0.25
0.3333333333333333
0.41666666666666663
0.4583333333333333
0.5
0.5208333333333333
0.5416666666666666
0.5625
0.5677083333333333
0.5729166666666666
0.5833333333333333
0.59375
0.6041666666666666
0.625
0.6458333333333333
0.6666666666666666
0.7083333333333333
0.75
0.8333333333333333
0.875
0.9166666666666666
0.9375
0.9583333333333333
0.96875
0.9791666666666666
0.984375
0.9895833333333333
0.9921875
0.9947916666666666
0.9973958333333333
0.998046875
0.9986979166666666
0.9993489583333333
0.99951171875
0.9996744791666666
0.9998372395833333
0.9999186197916666
0.9999593098958333
1.
0.
0.008272580110392516
0.011699599530119585
0.016546873918080532
0.0234040693392141
0.02866797142013392
0.03310749263552812
0.046847007807328374
0.057407493031983746
0.06632536377192583
0.09400822269738211
0.11539577082102412
0.13355041721115618
0.16431834539522983
0.19062610324919887
0.23571192204124364
0.2748815052627364
0.34375470217829085
0.4059659468913338
0.5233704661539904
0.6438448194330678
0.7830889571629585
0.8690329787167512
0.978941062851442
1.0516243061571258
1.1495416195436179
1.3088730932705448
1.3692185192381454
1.44031709537532
1.5872578903262584
1.7005108596982506
1.784695171934684
1.908102845064996
2.0013175623659683
2.078679560468767
2.207649200551678
2.3181748219856226
2.517980601487702
2.617766670278137
2.7254105104327655
2.785702196634781
2.854500017986045
2.8944120832935325
2.940921938800102
2.9682950598367217
3.0004896066122857
3.019562789987149
3.042092582974176
3.071332190493528
3.080765802123127
3.091944572297538
3.1064982102358805
3.11120243853813
3.1167812438603297
3.12405024715948
3.1291892534198067
3.132822602251174
3.141592653589793
5.543182020717557
2.478610087126227
53
0.
0.00016276041666666666
0.0003255208333333333
0.0006510416666666666
0.0013020833333333333
0.0026041666666666665
0.00390625
0.005208333333333333
0.010416666666666666
0.015625
0.020833333333333332
0.03125
0.041666666666666664
0.0625
0.08333333333333333
0.125
0.16666666666666666
0.25
0.3333333333333333
0.41666666666666663
0.4583333333333333
0.5
0.5416666666666666
0.5833333333333333
0.6041666666666666
0.625
0.6458333333333333
0.6666666666666666
0.7083333333333333
0.75
0.8333333333333333
0.875
0.9166666666666666
0.9375
0.9583333333333333
0.96875
0.9791666666666666
0.984375
0.9895833333333333
0.9921875
0.9947916666666666
0.99609375
0.9973958333333333
0.998046875
0.9986979166666666
0.9993489583333333
0.99951171875
0.9996744791666666
0.9998372395833333
0.9999186197916666
0.9999593098958333
0.9999796549479166
1.
0.
0.009720719040416635
0.013748088407477994
0.019445313065593526
0.02750715960395087
0.038921778008619616
0.047694744091185966
0.05510265617561654
0.0780948513055858
0.0958538805294891
0.11092453655321233
0.1364556947068207
0.15827360454605402
0.19563218785739936
0.22804704172421167
0.28492042616669194
0.3361139875188449
0.43203498511303584
0.5289267505770004
0.6372845820678565
0.7007672689182634
0.775690056996464
0.8705928476750726
1.0042081875264928
1.0958239597012842
1.2065684818445281
1.327061162041661
1.4447050352463628
1.6570504694395116
1.8454485654314137
2.18392041863525
2.3468212293015185
2.517091151824651
2.610281070130351
2.715051474923847
2.7751964371063993
2.8448036710368414
2.885569470830982
2.9333575067066278
2.961601060144132
2.9949101056143155
3.0146823755433796
3.0380687816577563
3.051980767744752
3.0684595106388457
3.0899039269366213
3.096834259707643
3.1050518191107783
3.1157573927638276
3.12332580755407
3.1286767636903594
3.1324601005700488
3.141592653589793
6.086901692480694
1.9111665965472013
52
0.
0.00016276041666666666
0.0003255208333333333
0.0006510416666666666
0.0013020833333333333
0.001953125
0.0026041666666666665
0.005208333333333333
0.0078125
0.010416666666666666
0.020833333333333332
0.03125
0.041666666666666664
0.0625
0.08333333333333333
0.125
0.16666666666666666
0.25
0.3333333333333333
0.41666666666666663
0.5
0.5833333333333333
0.625
0.6666666666666666
0.7083333333333333
0.75
0.8333333333333333
0.875
0.9166666666666666
0.9375
0.9583333333333333
0.96875
0.9791666666666666
0.984375
0.9895833333333333
0.9921875
0.9947916666666666
0.99609375
0.9973958333333333
0.998046875
0.9986979166666666
0.9990234375
0.9993489583333333
0.9996744791666666
0.999755859375
0.9998372395833333
0.9999186197916666
0.9999593098958333
0.9999796549479166
0.9999898274739583
0.9999949137369791
1.
0.
0.007912868216074807
0.011191190329079809
0.015828717093746794
0.022390802192467293
0.027429904353706513
0.031681286332389216
0.04484923492921758
0.054984420599877314
0.06355494792999329
0.09024865682630755
0.11099084763502239
0.12870114448675168
0.15898573870785876
0.185211374129693
0.2310747452520874
0.27214255166609763
0.3482929498874418
0.4236001343373818
0.5046915814719412
0.6004125236750255
0.7293731609109112
0.8195321848310274
0.9387540619140445
1.0877773902420265
1.2525741420671843
1.6228766695689365
1.846409039330013
2.106659266665822
2.255954745480709
2.42713417601341
2.526531682142475
2.642344807317739
2.710487542309581
2.7906111556141444
2.8380692270798007
2.8941201707014677
2.9274279650123067
2.9668516485506466
2.990316450309369
3.01812012752527
3.034680840409915
3.054314852213365
3.079889003839298
3.0881580181882993
3.097965423270081
3.110745336861665
3.1197812033649495
3.1261700774572323
3.130687469512018
3.133881636010151
3.141592653589793
6.630621364243831
1.411493367608987
51
0.
0.0003255208333333333
0.0006510416666666666
0.0013020833333333333
0.0026041666666666665
0.005208333333333333
0.0078125
0.010416666666666666
0.020833333333333332
0.03125
0.041666666666666664
0.0625
0.08333333333333333
0.125
0.16666666666666666
0.25
0.3333333333333333
0.5
0.5833333333333333
0.6666666666666666
0.75
0.7916666666666666
0.8333333333333333
0.875
0.9166666666666666
0.9375
0.9583333333333333
0.96875
0.9791666666666666
0.984375
0.9895833333333333
0.9921875
0.9947916666666666
0.99609375
0.9973958333333333
0.998046875
0.9986979166666666
0.9990234375
0.9993489583333333
0.99951171875
0.9996744791666666
0.999755859375
0.9998372395833333
0.9999186197916666
0.99993896484375
0.9999593098958333
0.9999796549479166
0.9999898274739583
0.9999949137369791
0.9999974568684895
1.
0.
0.008886537448167238
0.01256893868615026
0.017779344737878632
0.025155621539009507
0.035609008644258075
0.04365324524235005
0.050454319874588344
0.07162681031763829
0.08806522593931845
0.10208893564464817
0.12603790936902737
0.14673751618623054
0.1828234067204024
0.21497811981491124
0.2740486115886502
0.3314440157677777
0.4591535202107368
0.5423053564535733
0.658562869144653
0.8438875372735796
0.9708882223723527
1.1235479846068384
1.3203898474762465
1.6026105411672977
1.791569403457431
2.0259828044888066
2.1693565256071516
2.342484581356134
2.4471398045087605
2.5725343833438603
2.6478617374597087
2.7376994684524605
2.791474500516512
2.8554424537920666
2.8936575460204264
2.939054531386176
2.966145054100486
2.9983044862235944
3.0174866273758276
3.0402481501332144
3.0538194887286045
3.069920108673676
3.0909069277026497
3.0976959628388565
3.105749640119011
3.116246418745907
3.123669460410337
3.12891869277205
3.1326306352403925
3.141592653589793
7.174341036006968
0.9919221194686033
52
0.
0.0006510416666666666
0.0013020833333333333
0.0026041666666666665
0.005208333333333333
0.010416666666666666
0.015625
0.020833333333333332
0.041666666666666664
0.0625
0.08333333333333333
0.125
0.16666666666666666
0.25
0.3333333333333333
0.5
0.5833333333333333
0.6666666666666666
0.75
0.7916666666666666
0.8333333333333333
0.875
0.9166666666666666
0.9375
0.9479166666666666
0.9583333333333333
0.96875
0.9791666666666666
0.984375
0.9895833333333333
0.9921875
0.9947916666666666
0.99609375
0.9973958333333333
0.998046875
0.9986979166666666
0.9990234375
0.9993489583333333
0.99951171875
0.9996744791666666
0.999755859375
0.9998372395833333
0.9998779296875
0.9999186197916666
0.9999593098958333
0.999969482421875
0.9999796549479166
0.9999898274739583
0.9999949137369791
0.9999974568684895
0.9999987284342448
1.
0.
0.009823750853313348
0.013895980071581689
0.01966065253688124
0.02782922607070209
0.03942720167502976
0.048375558562782736
0.05596086278706883
0.0797264964192112
0.09838527402444086
0.1144890580208958
0.1424967588902319
0.16736313172971498
0.21274115445533323
0.256306169646274
0.35018182758818
0.40783985454269805
0.4826404193476021
0.5946349241804002
0.6767911029300243
0.785028416415882
0.9320637956960756
1.161053452494292
1.3353246689382843
1.444875521761285
1.5759044619041966
1.7398897880934172
1.9588260508093576
2.1011732805022527
2.279036683100152
2.3887989877547655
2.5220055058912685
2.6027821387234957
2.699766087254719
2.7581166837731677
2.8277825934500767
2.8695145454839928
2.919184752497807
2.948871544200856
2.984144592189502
3.005197877891103
3.0301942159876964
3.045105155677192
3.0627989571043717
3.085866086808634
3.093328945152179
3.102182510842743
3.113722718018747
3.121884254381042
3.127656021292824
3.1317376214993082
3.141592653589793
7.718060707770105
0.6617653198857025
55
0.
0.0006510416666666666
0.0013020833333333333
0.0026041666666666665
0.005208333333333333
0.010416666666666666
0.020833333333333332
0.03125
0.041666666666666664
0.08333333333333333
0.125
0.16666666666666666
0.25
0.3333333333333333
0.5
0.5833333333333333
0.6666666666666666
0.75
0.7916666666666666
0.8333333333333333
0.875
0.8958333333333333
0.9166666666666666
0.9375
0.9479166666666666
0.9583333333333333
0.96875
0.9791666666666666
0.984375
0.9895833333333333
0.9921875
0.9947916666666666
0.99609375
0.9973958333333333
0.998046875
0.9986979166666666
0.9990234375
0.9993489583333333
0.99951171875
0.9996744791666666
0.999755859375
0.9998372395833333
0.9998779296875
0.9999186197916666
0.99993896484375
0.9999593098958333
0.9999796549479166
0.9999847412109375
0.9999898274739583
0.9999949137369791
0.9999974568684895
0.9999987284342448
0.9999993642171223
0.9999996821085612
1.
0.
0.00759480957694851
0.010742982450788101
0.01519938519136025
0.02151364599107402
0.030477435714013106
0.04325187091491994
0.05315928483408108
0.06160197395009025
0.08840543406776415
0.10995440650672096
0.12904003847945922
0.1637173186922192
0.1967568632674793
0.26662769659536273
0.30821240545077655
0.360147249214675
0.43408792176400235
0.4878057511011385
0.5619319055027414
0.6688252482706463
0.7425171823040063
0.8401450000990923
0.9779432224378648
1.0697815662582795
1.1852339389356683
1.3400707375492824
1.564787158702742
1.720003627977262
1.9275888000443724
2.0651967756744796
2.241288247050405
2.352057996180862
2.488344791193915
2.5718934359077377
2.6730266905936593
2.73426635972164
2.8077221188538584
2.8518814629616367
2.9045724553522643
2.9361195710064476
2.9736544658194743
2.99608062767638
3.022721039391647
3.0386202074704136
3.0574951138774287
3.0821109976787717
3.090075686084277
3.0995250181146985
3.111842463613689
3.120554151604726
3.126715215344076
3.131072230556472
3.1341533482965405
3.141592653589793
8.53364021541481
0.3336237084885904
58
0.
0.0013020833333333333
0.0026041666666666665
0.005208333333333333
0.010416666666666666
0.020833333333333332
0.041666666666666664
0.0625
0.08333333333333333
0.16666666666666666
0.25
0.3333333333333333
0.5
0.5833333333333333
0.6666666666666666
0.75
0.7916666666666666
0.8333333333333333
0.875
0.8958333333333333
0.9166666666666666
0.9375
0.9479166666666666
0.9583333333333333
0.96875
0.9739583333333333
0.9791666666666666
0.984375
0.9869791666666666
0.9895833333333333
0.9921875
0.9947916666666666
0.99609375
0.9973958333333333
0.998046875
0.9986979166666666
0.9990234375
0.9993489583333333
0.99951171875
0.9996744791666666
0.999755859375
0.9998372395833333
0.9998779296875
0.9999186197916666
0.99993896484375
0.9999593098958333
0.999969482421875
0.9999796549479166
0.9999847412109375
0.9999898274739583
0.9999949137369791
0.9999961853027344
0.9999974568684895
0.9999987284342448
0.9999993642171223
0.9999996821085612
0.9999998410542805
1.
0.
0.007215485911995726
0.0102084583444387
0.014448910836407744
0.02046787863113975
0.029043252372622955
0.04135453647480547
0.051003321999032174
0.05931541461695949
0.08646832716069819
0.10953114522363575
0.13136910828357834
0.17688571481738108
0.20335527551588387
0.2355370700649287
0.27956446930679524
0.3106905513256417
0.3540249102239709
0.4198762674424732
0.46698599791660617
0.5296592895273825
0.619427182921055
0.6822251836490739
0.7651422297354017
0.881701263442278
0.9610862010541867
1.0629594527196475
1.2011098194776397
1.2922406600688114
1.4057406934685224
1.5533660099077016
1.7601676134724507
1.9011204908933628
2.087553446977047
2.209097809161302
2.362731625791348
2.4588818367105496
2.5770729122786085
2.64950688698357
2.737132689991076
2.790144149380267
2.853662274621571
2.891819576551927
2.937306106336928
2.9645222208225857
2.9968945104809954
3.016230987168668
3.0391922555124844
3.052889126127755
3.069145014321526
3.090344578578197
3.097204949172125
3.105344846786738
3.1159566050498984
3.123462738487404
3.1287716212788657
3.132526191240321
3.141592653589793
9.077359887177948
0.2046158215625433
58
0.
0.0026041666666666665
0.005208333333333333
0.010416666666666666
0.020833333333333332
0.041666666666666664
0.08333333333333333
0.125
0.16666666666666666
0.3333333333333333
0.5
0.6666666666666666
0.75
0.7916666666666666
0.8333333333333333
0.875
0.8958333333333333
0.9166666666666666
0.9375
0.9479166666666666
0.9583333333333333
0.96875
0.9739583333333333
0.9791666666666666
0.984375
0.9869791666666666
0.9895833333333333
0.9921875
0.9934895833333333
0.9947916666666666
0.99609375
0.9973958333333333
0.998046875
0.9986979166666666
0.9990234375
0.9993489583333333
0.99951171875
0.9996744791666666
0.999755859375
0.9998372395833333
0.9998779296875
0.9999186197916666
0.99993896484375
0.9999593098958333
0.999969482421875
0.9999796549479166
0.9999847412109375
0.9999898274739583
0.9999923706054688
0.9999949137369791
0.9999974568684895
0.9999980926513672
0.9999987284342448
0.9999993642171223
0.9999996821085612
0.9999998410542805
0.9999999205271403
1.
0.
0.007791310016030425
0.011027592114353918
0.015621002511323923
0.022164692577715788
0.031557261356983196
0.04525408284336502
0.056238446280402185
0.06594005027834554
0.10005469724455193
0.13443147570593283
0.17818902529467404
0.21048107591171572
0.23304713382060727
0.26435652114608893
0.3125673059413666
0.347694797379692
0.3946429857491581
0.46177934134388426
0.5093409969711196
0.5734751376395749
0.6649034915909255
0.7279749233410876
0.8108431500298064
0.9264024390133299
1.004463419258677
1.1045510794748636
1.2401711994308724
1.3290045816101792
1.439859927033125
1.584474560904083
1.786155382062027
1.924292481023712
2.106790438920365
2.2257056705130283
2.3763058446356724
2.4707147309659936
2.58685988611262
2.658060354614748
2.744188026794633
2.7962855075075113
2.858709177564521
2.896195798846292
2.9408911931735227
2.9676318157364134
2.999432469225162
3.0184269610985837
3.040985738081487
3.0544431930907905
3.070414744696556
3.0912431896648247
3.0979833870318765
3.1059806498338984
3.116406380570701
3.1237808753727556
3.1289966268521145
3.1326853186350387
3.141592653589793
9.892939394822653
0.09673428834993957
59
0.
0.005208333333333333
0.010416666666666666
0.020833333333333332
0.041666666666666664
0.08333333333333333
0.125
0.16666666666666666
0.3333333333333333
0.5
0.6666666666666666
0.75
0.8333333333333333
0.875
0.8958333333333333
0.9166666666666666
0.9375
0.9479166666666666
0.9583333333333333
0.96875
0.9739583333333333
0.9791666666666666
0.984375
0.9869791666666666
0.9895833333333333
0.9921875
0.9934895833333333
0.9947916666666666
0.99609375
0.9967447916666666
0.9973958333333333
0.998046875
0.9986979166666666
0.9990234375
0.9993489583333333
0.99951171875
0.9996744791666666
0.999755859375
0.9998372395833333
0.9998779296875
0.9999186197916666
0.99993896484375
0.9999593098958333
0.999969482421875
0.9999796549479166
0.9999847412109375
0.9999898274739583
0.9999923706054688
0.9999949137369791
0.9999961853027344
0.9999974568684895
0.9999987284342448
0.9999990463256836
0.9999993642171223
0.9999996821085612
0.9999998410542805
0.9999999205271403
0.9999999602635701
1.
0.
0.00731348066990008
0.010359636233367116
0.014698791163471628
0.020926034009532416
0.030003778951747235
0.037279989259141874
0.043702742481043486
0.0662462187040076
0.08885704327303978
0.11736819007445982
0.13813348847612836
0.17234791574424116
0.20312015093297311
0.22589352750758873
0.2565256476878982
0.3001938651490139
0.3313223827884328
0.3740719902790282
0.4357398159567873
0.47865661649286967
0.5362311100288025
0.6180618896280095
0.6747209883168465
0.7492604991557439
0.8537528233884517
0.9248606081248116
1.0168434030773805
1.142820562429269
1.2264525803990027
1.3320020515929305
1.4717718434036517
1.6712733166154492
1.8109490436195568
1.9997118864915324
2.1250427245843224
2.286484828666841
2.389209340289057
2.517001470880428
2.5960103830753347
2.6921799653980036
2.7506363110864216
2.820913147206714
2.8632365740025185
2.9137870691995817
2.944071517782936
2.9801279143079302
3.001681280789067
3.0272876066804666
3.042566697370173
3.060704450232902
3.08436478900325
3.092023094873969
3.1011107722239726
3.112959792680724
3.121342234839987
3.127271479232185
3.131465070527408
3.141592653589793
10.43665906658579
0.05911584582960188
58
0.
0.010416666666666666
0.020833333333333332
0.041666666666666664
0.08333333333333333
0.16666666666666666
0.3333333333333333
0.5
0.6666666666666666
0.75
0.8333333333333333
0.875
0.9166666666666666
0.9375
0.9583333333333333
0.96875
0.9739583333333333
0.9791666666666666
0.984375
0.9869791666666666
0.9895833333333333
0.9921875
0.9934895833333333
0.9947916666666666
0.99609375
0.9967447916666666
0.9973958333333333
0.998046875
0.9983723958333333
0.9986979166666666
0.9990234375
0.9993489583333333
0.99951171875
0.9996744791666666
0.999755859375
0.9998372395833333
0.9998779296875
0.9999186197916666
0.99993896484375
0.9999593098958333
0.999969482421875
0.9999796549479166
0.9999847412109375
0.9999898274739583
0.9999923706054688
0.9999949137369791
0.9999961853027344
0.9999974568684895
0.9999980926513672
0.9999987284342448
0.9999993642171223
0.9999995231628418
0.9999996821085612
0.9999998410542805
0.9999999205271403
0.9999999602635701
0.999999980131785
1.
0.
0.007845801626297855
0.011131892816717446
0.015847582827456536
0.0227210564220793
0.03309076526172969
0.0501430625077593
0.0672193039085411
0.08868398636669103
0.10424830186360304
0.1297764871269543
0.1527530042555772
0.19290717950083958
0.2257385226798712
0.2815471173448941
0.3284668351726282
0.3612016030809594
0.40544162656787597
0.4686944401996032
0.5129228287778134
0.5715418146247888
0.6548961907578059
0.7123591264879365
0.7878929539912587
0.8935062693103993
0.9651504357974311
1.0576143106791236
1.183767549836832
1.2671847483978123
1.3721624202223077
1.5106248914723022
1.70732094997037
1.8444854316892867
2.029283425313641
2.15171464539497
2.309180769246458
2.409296381601702
2.5337660838871665
2.6106826659723232
2.704291836555496
2.7611888097125554
2.829588119803892
2.8707745200234585
2.9199600782130197
2.9494271231655795
2.9845095975228038
3.005479013343541
3.0303886645852844
3.0452522032977165
3.062897068298758
3.0859151201834725
3.0933656970248893
3.102206978740851
3.113734905716901
3.1218903113546776
3.127659022198068
3.1317391019393983
3.141592653589793
10.980378738348927
0.03688685598680933
60
0.
0.020833333333333332
0.041666666666666664
0.08333333333333333
0.16666666666666666
0.3333333333333333
0.5
0.6666666666666666
0.75
0.8333333333333333
0.875
0.9166666666666666
0.9375
0.9583333333333333
0.96875
0.9739583333333333
0.9791666666666666
0.984375
0.9869791666666666
0.9895833333333333
0.9921875
0.9934895833333333
0.9947916666666666
0.99609375
0.9967447916666666
0.9973958333333333
0.998046875
0.9983723958333333
0.9986979166666666
0.9990234375
0.9991861979166666
0.9993489583333333
0.99951171875
0.9996744791666666
0.999755859375
0.9998372395833333
0.9998779296875
0.9999186197916666
0.99993896484375
0.9999593098958333
0.999969482421875
0.9999796549479166
0.9999847412109375
0.9999898274739583
0.9999923706054688
0.9999949137369791
0.9999961853027344
0.9999974568684895
0.9999980926513672
0.9999987284342448
0.9999990463256836
0.9999993642171223
0.9999996821085612
0.9999997615814209
0.9999998410542805
0.9999999205271403
0.9999999602635701
0.999999980131785
0.9999999900658925
1.
0.
0.00838818434389503
0.011941406823326724
0.017120127351711745
0.02493178030411188
0.037772017263336496
0.05061840023880063
0.06673655620697655
0.07839394770513251
0.09746169945591755
0.11462671476013117
0.1447499153329714
0.1693808959561614
0.2113563588111765
0.24680230924831179
0.2715653562293829
0.3051793608300639
0.35340496239009617
0.387327544530565
0.43247124737976805
0.49723289200693255
0.5422464861495012
0.601959783648024
0.6866043474406138
0.7448650589370331
0.8211032855802047
0.9273492154408584
0.9991362065534598
1.0914014460741683
1.2167127193993783
1.2992433792607174
1.4027813546695818
1.5388912303316276
1.7316533098852047
1.8658489515332781
2.0466007909556816
2.1664451713598343
2.320784365053815
2.419055133677401
2.5414286415497753
2.617174774583882
2.709454844237813
2.7655925616955757
2.83311988797188
2.8738085090380023
2.922407699996707
2.95153731266192
2.9862285417600476
3.006966274613043
3.0315989328469533
3.0462981633182924
3.0637489867207806
3.0865155673760545
3.0938851509862824
3.102630578636107
3.114033944010835
3.1221015166615236
3.1278082433142997
3.131844555356993
3.141592653589793
11.524098410112064
0.023881143775373342
60
0.
0.041666666666666664
0.08333333333333333
0.16666666666666666
0.3333333333333333
0.5
0.6666666666666666
0.75
0.8333333333333333
0.875
0.9166666666666666
0.9375
0.9583333333333333
0.96875
0.9791666666666666
0.984375
0.9895833333333333
0.9921875
0.9934895833333333
0.9947916666666666
0.99609375
0.9967447916666666
0.9973958333333333
0.998046875
0.9983723958333333
0.9986979166666666
0.9990234375
0.9991861979166666
0.9993489583333333
0.99951171875
0.9995930989583333
0.9996744791666666
0.999755859375
0.9998372395833333
0.9998779296875
0.9999186197916666
0.99993896484375
0.9999593098958333
0.999969482421875
0.9999796549479166
0.9999847412109375
0.9999898274739583
0.9999923706054688
0.9999949137369791
0.9999961853027344
0.9999974568684895
0.9999980926513672
0.9999987284342448
0.9999990463256836
0.9999993642171223
0.9999995231628418
0.9999996821085612
0.9999998410542805
0.9999998807907104
0.9999999205271403
0.9999999602635701
0.999999980131785
0.9999999900658925
0.9999999950329462
1.
0.
0.008927261740431753
0.01279857259999931
0.018637562272425225
0.02823286373194523
0.03782757664696044
0.049853055931161336
0.05853742832251205
0.07271942597132741
0.08548691545270695
0.10794913291175538
0.1263184282781715
0.1576698462043991
0.184217229982126
0.22804604194236044
0.2643717903013228
0.3242365417023778
0.3735880708416351
0.408079462942914
0.45406715081600524
0.5198234779645329
0.5655091715698987
0.6258188513210712
0.7109700591084827
0.7693307240665432
0.8453714080268203
0.9507282073738323
1.021560614936666
1.1122146230983745
1.234742801137644
1.3151548141848397
1.4158053948025022
1.5478732461807325
1.7348785107948634
1.8653250948220625
2.041831691621408
2.1595425625280367
2.3121204666041595
2.4098889853488332
2.5323303112664846
2.6084866784480516
2.7016347767428686
2.758478217032353
2.8270154232822082
2.868381768337442
2.9178669883674173
2.947550813060671
2.982923476966959
3.004079625822019
3.029219037272221
3.0442248920092654
3.0620442753730956
3.085299130441447
3.0928285840821435
3.1017648842807763
3.113419022582837
3.1216653060214448
3.1274990965907232
3.1316256054502243
3.141592653589793
12.0678180818752
0.016345315524049445
63
0.
0.08333333333333333
0.16666666666666666
0.3333333333333333
0.5
0.6666666666666666
0.75
0.8333333333333333
0.875
0.9166666666666666
0.9375
0.9583333333333333
0.96875
0.9791666666666666
0.984375
0.9895833333333333
0.9921875
0.9934895833333333
0.9947916666666666
0.99609375
0.9967447916666666
0.9973958333333333
0.998046875
0.9983723958333333
0.9986979166666666
0.9990234375
0.9991861979166666
0.9993489583333333
0.99951171875
0.9995930989583333
0.9996744791666666
0.999755859375
0.9997965494791666
0.9998372395833333
0.9998779296875
0.9999186197916666
0.99993896484375
0.9999593098958333
0.999969482421875
0.9999796549479166
0.9999847412109375
0.9999898274739583
0.9999923706054688
0.9999949137369791
0.9999961853027344
0.9999974568684895
0.9999980926513672
0.9999987284342448
0.9999990463256836
0.9999993642171223
0.9999995231628418
0.9999996821085612
0.9999997615814209
0.9999998410542805
0.9999999205271403
0.9999999403953552
0.9999999602635701
0.999999980131785
0.9999999900658925
0.9999999950329462
0.9999999975164731
0.9999999987582365
1.
0.
0.009450411184335823
0.013761544690892332
0.0208450583762069
0.02792592738816882
0.036795205935378474
0.04319473566610293
0.053635834527988896
0.06303608545652169
0.07959999793266379
0.09314865664672599
0.1162969110150787
0.135933681860801
0.1684120869560727
0.19539254159281574
0.24001610357032674
0.27696851322827876
0.3028963430084381
0.3375829378986588
0.38747650696853486
0.4223507377876344
0.46867212674715486
0.5346436677020722
0.5802771937878088
0.640283930374195
0.7245064468225655
0.781885715743559
0.8562767639514727
0.9586864869448185
1.027154956521833
1.1143946429436624
1.2317609631855442
1.3085360876158996
1.4044630765037915
1.5302869990875907
1.7088883105876043
1.834267229690156
2.0055412472979595
2.121127887469037
2.273004713825938
2.3716868700468487
2.4968559114351274
2.5756037594325694
2.6727597049440774
2.7325360388690925
2.8049873856771774
2.8489320599112404
2.9016866729614463
2.933406614895343
2.9712750408754522
2.993957991720824
3.020937038584472
3.0370444470556643
3.0561736612309174
3.081140746673846
3.0892252837736
3.098820827144747
3.111335435039922
3.1201910722605524
3.126456197554153
3.130887935284354
3.1340224599486457
3.141592653589793
12.611537753638338
0.012042632875835162
64
0.
0.16666666666666666
0.3333333333333333
0.5
0.6666666666666666
0.75
0.8333333333333333
0.875
0.9166666666666666
0.9375
0.9583333333333333
0.96875
0.9791666666666666
0.984375
0.9895833333333333
0.9921875
0.9947916666666666
0.99609375
0.9973958333333333
0.998046875
0.9983723958333333
0.9986979166666666
0.9990234375
0.9991861979166666
0.9993489583333333
0.99951171875
0.9995930989583333
0.9996744791666666
0.999755859375
0.9997965494791666
0.9998372395833333
0.9998779296875
0.9998982747395833
0.9999186197916666
0.99993896484375
0.9999593098958333
0.999969482421875
0.9999796549479166
0.9999847412109375
0.9999898274739583
0.9999923706054688
0.9999949137369791
0.9999961853027344
0.9999974568684895
0.9999980926513672
0.9999987284342448
0.9999990463256836
0.9999993642171223
0.9999995231628418
0.9999996821085612
0.9999997615814209
0.9999998410542805
0.9999998807907104
0.9999999205271403
0.9999999602635701
0.9999999701976776
0.999999980131785
0.9999999900658925
0.9999999925494194
0.9999999950329462
0.9999999975164731
0.9999999987582365
0.9999999993791182
1.
0.
0.009974484201905264
0.015108056217181807
0.020238762192314092
0.026662946195300852
0.03129587789254949
0.0388507467680904
0.04565305064894702
0.05765147802812031
0.06746830026800396
0.08425494572706359
0.09851404456998601
0.12213460199266221
0.1417934799030328
0.1744040327010842
0.2015072269566891
0.24618494967459353
0.28318329391092456
0.34385595513420153
0.3936203230336525
0.4282891282944104
0.4742057364728542
0.5392935274026108
0.5840858111105542
0.6427033166805602
0.7244656053305912
0.7798384154831578
0.8512464021534658
0.9488846800996463
1.0137958170492367
1.096121054781213
1.2063432422552631
1.2781902337869415
1.3677828665874177
1.4852261223175693
1.6523016545429792
1.770330021248451
1.933439564628643
2.045265245764668
2.1950714393658206
2.294545320068809
2.42358775440747
2.5065685235549324
2.6110305673118908
2.6763836905639042
2.7568708796672836
2.8061655116918285
2.8657383347988827
2.9018164958598534
2.9450996353894303
2.9710910319829904
3.002051237677508
3.020575621835548
3.0426161355895864
3.0714507353607994
3.0808042490399545
3.0919166173693977
3.1064270224054398
3.1111272550258695
3.1167070183893433
3.123985928707142
3.1291378457774237
3.132783283263069
3.141592653589793