12
25
3.912023005428146
11.439914803443793
70
0.
0.00016276041666666666
0.0003255208333333333
0.0006510416666666666
0.0013020833333333333
0.0026041666666666665
0.00390625
0.005208333333333333
0.010416666666666666
0.015625
0.020833333333333332
0.03125
0.041666666666666664
0.0625
0.08333333333333333
0.125
0.16666666666666666
0.25
0.3333333333333333
0.35416666666666663
0.375
0.41666666666666663
0.4583333333333333
0.5
0.5833333333333333
0.625
0.6458333333333333
0.6666666666666666
0.6770833333333333
0.6875
0.6927083333333333
0.6979166666666666
0.7005208333333333
0.7018229166666666
0.703125
0.7044270833333333
0.705078125
0.7057291666666666
0.7063802083333333
0.70703125
0.7083333333333333
0.7109375
0.7135416666666666
0.71875
0.7239583333333333
0.7291666666666666
0.7395833333333333
0.75
0.7708333333333333
0.7916666666666666
0.8333333333333333
0.875
0.9166666666666666
0.9375
0.9583333333333333
0.96875
0.9791666666666666
0.984375
0.9895833333333333
0.9921875
0.9947916666666666
0.9973958333333333
0.998046875
0.9986979166666666
0.9993489583333333
0.9996744791666666
0.9998372395833333
0.9999186197916666
0.9999593098958333
1.
0.
0.009497692178812495
0.013433152533375282
0.019001272353529424
0.02688297331341813
0.03804979469473981
0.046640052799250833
0.0539002230917344
0.07648296865109966
0.09399113794550443
0.108905695917681
0.13431980153360176
0.15621765443017768
0.19420719500380798
0.22781808879612173
0.288820781633211
0.3469367988717523
0.470686984307469
0.6426773319943296
0.7045389463511169
0.7766366956296191
0.9249468543501527
1.045747778575119
1.1463336385846872
1.3312113018824951
1.4331715312159943
1.4928225766981658
1.5649387702956514
1.6098660778633882
1.6668900259453856
1.7041673937373747
1.7542151061829343
1.7894984916580532
1.812606671472792
1.8428132273280686
1.8877447671466738
1.9207021414600618
1.9594686583458776
1.99386408815904
2.020275075090012
2.057878332003917
2.1063575610358587
2.1400932007283906
2.189300145004054
2.2266223786794908
2.25755865591131
2.308481586440381
2.3507440184242765
2.4211634966278375
2.4810372994607004
2.5855827759950443
2.68226369681568
2.780892206321176
2.8345730431269947
2.894922522065021
2.929603847410321
2.9697881650894766
2.9933460794214426
3.020983157808321
3.0373267577662757
3.056610015743739
3.081606126588391
3.0896653932334845
3.0992122667904636
3.111638396111626
3.1204162921394665
3.126620605631952
3.1310067668376473
3.1341077760441856
3.141592653589793
4.04795292336893
11.419196468799523
76
0.
0.00016276041666666666
0.0003255208333333333
0.0006510416666666666
0.0013020833333333333
0.0026041666666666665
0.00390625
0.005208333333333333
0.010416666666666666
0.015625
0.020833333333333332
0.03125
0.041666666666666664
0.0625
0.08333333333333333
0.125
0.16666666666666666
0.25
0.3333333333333333
0.375
0.41666666666666663
0.4583333333333333
0.5
0.5833333333333333
0.625
0.6458333333333333
0.6666666666666666
0.6770833333333333
0.6875
0.6927083333333333
0.6979166666666666
0.69921875
0.7005208333333333
0.7018229166666666
0.703125
0.7037760416666666
0.7044270833333333
0.705078125
0.7054036458333333
0.7057291666666666
0.7060546875
0.7063802083333333
0.70703125
0.7076822916666666
0.7083333333333333
0.7096354166666666
0.7109375
0.7122395833333333
0.7135416666666666
0.71875
0.7239583333333333
0.7291666666666666
0.7395833333333333
0.75
0.7708333333333333
0.7916666666666666
0.8333333333333333
0.875
0.9166666666666666
0.9375
0.9583333333333333
0.96875
0.9791666666666666
0.984375
0.9895833333333333
0.9921875
0.9947916666666666
0.9973958333333333
0.998046875
0.9986979166666666
0.9993489583333333
0.9996744791666666
0.9998372395833333
0.9999186197916666
0.9999593098958333
1.
0.
0.008946497963161172
0.01265348363028553
0.017898192609854247
0.025321682936098162
0.03583809929498282
0.04392673331944839
0.05076185552764469
0.07201427172762957
0.08848002903809768
0.1024969787054263
0.12635635559219616
0.14688344102165898
0.18240758598523998
0.21371970811631624
0.27016383340782696
0.3232872834409033
0.4329179979395918
0.571678722359425
0.6709045783389873
0.8029485337505808
0.9391081504936556
1.0542167986608677
1.2552085104353785
1.3620738429439712
1.423730352180233
1.497478676745268
1.5429362296217866
1.5999567187138366
1.6367046826616223
1.6851628715640061
1.70067387757913
1.7185704292574187
1.7400834253709654
1.7678904987891784
1.7861628247692234
1.810326763390656
1.8485233387626931
1.8819781324994844
1.9268494676525634
1.9593638194362504
1.9808835728941503
2.010002572266697
2.030708796581662
2.047174392600995
2.0731539832473036
2.093776577031319
2.1111794556640113
2.1263972455734286
2.1745167791341546
2.2113986739418237
2.242172569757481
2.2931376034571658
2.3356585724820844
2.406826207764961
2.4675545877117018
2.573894588532621
2.6724434641171486
2.7730955536493886
2.827909257441397
2.8895497401608066
2.9249792392461282
2.966034694867646
2.9901049774302293
3.018344430564468
3.0350450036654784
3.0547493615596513
3.0802920292905203
3.08852769914725
3.09828435738586
3.1109820654598237
3.119952564053086
3.1262932083068815
3.1307755156599013
3.1339443835098852
3.141592653589793
4.183882841309714
11.275947870881515
83
0.
0.00016276041666666666
0.0003255208333333333
0.0006510416666666666
0.0013020833333333333
0.001953125
0.0026041666666666665
0.005208333333333333
0.0078125
0.010416666666666666
0.020833333333333332
0.03125
0.041666666666666664
0.0625
0.08333333333333333
0.125
0.16666666666666666
0.25
0.3333333333333333
0.375
0.41666666666666663
0.4583333333333333
0.5
0.5416666666666666
0.5833333333333333
0.625
0.6458333333333333
0.6666666666666666
0.6770833333333333
0.6875
0.6927083333333333
0.6979166666666666
0.7005208333333333
0.703125
0.7057291666666666
0.70703125
0.7076822916666666
0.7083333333333333
0.7086588541666666
0.708984375
0.7091471354166666
0.709228515625
0.7093098958333333
0.7093505859375
0.7093912760416666
0.7094319661458333
0.70947265625
0.7095540364583333
0.7096354166666666
0.7097981770833333
0.7099609375
0.7102864583333333
0.7109375
0.7122395833333333
0.7135416666666666
0.7161458333333333
0.71875
0.7239583333333333
0.7291666666666666
0.7395833333333333
0.75
0.7708333333333333
0.7916666666666666
0.8333333333333333
0.875
0.9166666666666666
0.9375
0.9583333333333333
0.96875
0.9791666666666666
0.984375
0.9895833333333333
0.9921875
0.9947916666666666
0.9973958333333333
0.998046875
0.9986979166666666
0.9993489583333333
0.9996744791666666
0.9998372395833333
0.9999186197916666
0.9999593098958333
1.
0.
0.008425496303869115
0.011916539746060094
0.016855613348814583
0.023846163942215025
0.029216169035776264
0.03374830607921897
0.04779762434681387
0.058626572563092894
0.06779687630795864
0.09645866346988752
0.11886623584563186
0.13812017092402123
0.17137403309836105
0.20059595633149774
0.25298613305783296
0.30182956602802097
0.40034558664486347
0.5174763467786627
0.5944475141388634
0.6960804260794206
0.8243683674373088
0.9514840950519904
1.0642317103214245
1.1706758044433114
1.2822182115512994
1.345123339030543
1.4186588861797773
1.4627082048672104
1.515868561129987
1.5483175222069647
1.5878159159785417
1.6119711449396799
1.6412329870655296
1.6800181720189962
1.706882129302462
1.7242652338446471
1.7469417867754509
1.762110129488805
1.7829582726221846
1.798151995980099
1.8085117713230168
1.823029141868343
1.8337228142871824
1.850161725116182
1.8753256723172
1.8942148856683956
1.9145786748428557
1.9271757375476335
1.9443601462302231
1.9567730699622101
1.975200408863491
2.000838893431995
2.0350116426486946
2.05966523271554
2.09655478196176
2.1249913470962545
2.1693532940524536
2.2046141633183955
2.2610519972225718
2.3070162039105035
2.3826553492350517
2.4464317946972036
2.55715894086872
2.6591449837445116
2.762944215512658
2.8193690131651286
2.8827598232883593
2.919172336072185
2.9613505919650587
2.9860721005309694
3.0150706820863356
3.032217819646466
3.0524476098877202
3.0786694851901846
3.0871233901742574
3.097138011186709
3.1101724276819547
3.119379904156464
3.125887990624216
3.130488840692231
3.133741602367543
3.141592653589793
4.319812759250499
11.025727454786628
106
0.
0.00016276041666666666
0.0003255208333333333
0.0006510416666666666
0.0013020833333333333
0.001953125
0.0026041666666666665
0.005208333333333333
0.0078125
0.010416666666666666
0.020833333333333332
0.03125
0.041666666666666664
0.0625
0.08333333333333333
0.125
0.16666666666666666
0.25
0.3333333333333333
0.41666666666666663
0.4583333333333333
0.5
0.5416666666666666
0.5833333333333333
0.625
0.6458333333333333
0.6666666666666666
0.6875
0.6979166666666666
0.703125
0.7083333333333333
0.7109375
0.7122395833333333
0.7135416666666666
0.7141927083333333
0.71484375
0.7151692708333333
0.7154947916666666
0.7156575520833333
0.7158203125
0.7159016927083333
0.7159423828125
0.7159830729166666
0.71600341796875
0.7160237630208333
0.7160288492838541
0.716033935546875
0.7160390218098958
0.7160415649414062
0.7160441080729166
0.7160453796386719
0.7160460154215494
0.716046651204427
0.7160469690958658
0.7160472869873047
0.7160476048787434
0.7160479227701823
0.7160485585530598
0.7160491943359375
0.7160504659016926
0.7160517374674479
0.7160542805989583
0.7160593668619791
0.716064453125
0.7160847981770833
0.7161051432291666
0.71612548828125
0.7161458333333333
0.7162272135416666
0.71630859375
0.7164713541666666
0.7166341145833333
0.716796875
0.7174479166666666
0.7180989583333333
0.71875
0.7200520833333333
0.7213541666666666
0.7239583333333333
0.7291666666666666
0.734375
0.7395833333333333
0.75
0.7708333333333333
0.7916666666666666
0.8333333333333333
0.875
0.9166666666666666
0.9375
0.9583333333333333
0.96875
0.9791666666666666
0.984375
0.9895833333333333
0.9921875
0.9947916666666666
0.9973958333333333
0.998046875
0.9986979166666666
0.9993489583333333
0.99951171875
0.9996744791666666
0.9998372395833333
0.9999186197916666
0.9999593098958333
1.
0.
0.007936148760126804
0.011224384557003827
0.015876437116112235
0.02246048877177494
0.02751795720571803
0.0317860880442253
0.04501528223955743
0.05520982754931584
0.06384096484708149
0.09080273029708441
0.11186083077449957
0.12993676015276404
0.16110514560891878
0.18842737096478174
0.2372001156321487
0.2823365698404138
0.37183683767816567
0.47374916026738284
0.6159837960782728
0.7198729912795467
0.8437672582971792
0.9650946773607886
1.079164116402289
1.1955743974854252
1.2596098805605702
1.3325509591326408
1.4239392968926625
1.4848991173100434
1.5237144845476123
1.5740605941279582
1.6079567781114326
1.6292849313328635
1.656069816514355
1.6730557593495137
1.6945824317772284
1.708394360922895
1.7261778775478391
1.7378551366170254
1.7534438578451397
1.7642927167815865
1.771331518419733
1.7805371257904505
1.7867176789496388
1.7952861651766998
1.7981838504277639
1.8016807933900723
1.806235362007049
1.8092722162936676
1.81342378091744
1.8164274822865287
1.818466402636767
1.8213355415067825
1.823518892902045
1.8275607457129759
1.8370708782585194
1.8404706097752808
1.8440104288477766
1.846302757593253
1.849533996768294
1.8519212134504575
1.8555177094075448
1.860581402891134
1.864326883817288
1.8743428586565487
1.8810965046240127
1.886392361663817
1.8908283300709032
1.904100839415189
1.9137672114821185
1.9282541331060747
1.939380281936981
1.9486051064621155
1.9759522734215171
1.9957593875985387
2.01176699018504
2.037438918550875
2.0581221450378915
2.0912692109446804
2.14085727168698
2.179246292500971
2.2114517415897352
2.2650405573695824
2.349442072032204
2.418558918689112
2.5361902388830866
2.6430367601175746
2.7509493492861217
2.8093810433279516
2.874891696340828
2.9124718771001423
2.9559670730118897
2.9814463963235416
3.011322699646868
3.028984332605979
3.0498172902679466
3.076816091942503
3.08552001073155
3.095830569694769
3.1092484109611713
3.113584924347852
3.118727034309684
3.125425954456639
3.130161826583705
3.133510215982869
3.141592653589793
4.421760197706087
10.775423431209411
83
0.
0.00016276041666666666
0.0003255208333333333
0.0006510416666666666
0.0013020833333333333
0.0026041666666666665
0.005208333333333333
0.0078125
0.010416666666666666
0.020833333333333332
0.03125
0.041666666666666664
0.0625
0.08333333333333333
0.125
0.16666666666666666
0.25
0.3333333333333333
0.41666666666666663
0.4583333333333333
0.5
0.5416666666666666
0.5833333333333333
0.625
0.6458333333333333
0.6666666666666666
0.6875
0.6979166666666666
0.7083333333333333
0.7135416666666666
0.7161458333333333
0.71875
0.7200520833333333
0.720703125
0.7213541666666666
0.7216796875
0.7220052083333333
0.72216796875
0.7222493489583333
0.7223307291666666
0.722412109375
0.7224527994791666
0.7224934895833333
0.7225341796875
0.7225748697916666
0.7226155598958333
0.72265625
0.7228190104166666
0.7229817708333333
0.7233072916666666
0.7236328125
0.7239583333333333
0.7252604166666666
0.7265625
0.7278645833333333
0.7291666666666666
0.734375
0.7395833333333333
0.75
0.7604166666666666
0.7708333333333333
0.7916666666666666
0.8333333333333333
0.875
0.9166666666666666
0.9375
0.9583333333333333
0.96875
0.9791666666666666
0.984375
0.9895833333333333
0.9921875
0.9947916666666666
0.9973958333333333
0.998046875
0.9986979166666666
0.9993489583333333
0.99951171875
0.9996744791666666
0.9998372395833333
0.9999186197916666
0.9999593098958333
1.
0.
0.007589461754792043
0.010734022222813173
0.015182754985340042
0.021478894947269744
0.030396255200983494
0.04304506337612208
0.05279101086489742
0.06104119581773491
0.08680412519744202
0.10691379720810021
0.12416471153887997
0.15388059302084015
0.17989036579950782
0.2261982357526566
0.2688640807901147
0.3526303079309092
0.44576316199830696
0.5693381986096853
0.6564216980529742
0.7673701838686705
0.8888987475317154
1.0073311653580586
1.1271165149387155
1.1919716810488374
1.264562504442473
1.3524373860789294
1.4077844599167537
1.4798176479998308
1.5292754093682601
1.5613406144510114
1.6037078673248535
1.6329034841715016
1.6516855697384265
1.6759730388166278
1.6920179271674007
1.7135941897389024
1.7287363079610616
1.7386071431865506
1.7514966553035918
1.7713448813246897
1.7887013756963441
1.8171521816729714
1.8391461525973056
1.85235259937976
1.8618196494459556
1.8693246594967774
1.8903122901349882
1.9047386691641954
1.9256061284934927
1.9412507919587285
1.9540599297369274
1.9914906062524342
2.018309606626101
2.039893125243123
2.05826480962486
2.1145232124043982
2.156580208510826
2.221381361887859
2.272839455724518
2.316862961132914
2.3920401874443353
2.516907343886168
2.628511041054431
2.740274904859538
2.80053834062368
2.86795680529722
2.9065783148804223
2.951241186211629
2.97738945638438
3.0080386072462053
3.0261522815368096
3.047514658109938
3.0751949978974666
3.0841172259079834
3.0946860025026885
3.1084402933884565
3.1128850780296107
3.1181557473819885
3.1250227438047204
3.129877199983993
3.133309197603041
3.141592653589793
4.523707636161675
10.477930612588708
78
0.
0.00016276041666666666
0.0003255208333333333
0.0006510416666666666
0.0013020833333333333
0.0026041666666666665
0.005208333333333333
0.0078125
0.010416666666666666
0.020833333333333332
0.03125
0.041666666666666664
0.0625
0.08333333333333333
0.125
0.16666666666666666
0.25
0.3333333333333333
0.41666666666666663
0.4583333333333333
0.5
0.5416666666666666
0.5833333333333333
0.625
0.6666666666666666
0.6875
0.6979166666666666
0.7083333333333333
0.7135416666666666
0.71875
0.7213541666666666
0.7239583333333333
0.7265625
0.7272135416666666
0.7278645833333333
0.728515625
0.7291666666666666
0.7294921875
0.7298177083333333
0.72998046875
0.7301432291666666
0.7303059895833333
0.73046875
0.7307942708333333
0.7311197916666666
0.7314453125
0.7317708333333333
0.7330729166666666
0.734375
0.7369791666666666
0.7395833333333333
0.7447916666666666
0.75
0.7604166666666666
0.7708333333333333
0.7916666666666666
0.8125
0.8333333333333333
0.875
0.9166666666666666
0.9375
0.9583333333333333
0.96875
0.9791666666666666
0.984375
0.9895833333333333
0.9921875
0.9947916666666666
0.9973958333333333
0.998046875
0.9986979166666666
0.9993489583333333
0.99951171875
0.9996744791666666
0.9998372395833333
0.9999186197916666
0.9999593098958333
1.
0.
0.007258882624288184
0.010266446377895835
0.014521327524024696
0.020542977349933118
0.02907123846228477
0.04116709423490238
0.050485917570403535
0.05837359324541729
0.08299736396036234
0.1022080921129478
0.1186790853906627
0.14702751084561497
0.17180909455941049
0.21583369477538775
0.25624775180496845
0.3349592729985567
0.4208555831808993
0.5305104237707391
0.6047660421831749
0.7005375680079747
0.8151772953651008
0.9347289699588816
1.0567668275899347
1.194392376735847
1.2794440448279842
1.3308019733666705
1.3932640909083849
1.431696208462892
1.47887953478034
1.508023041340611
1.5437461813204958
1.5922146035594775
1.6082090258503627
1.627099076186702
1.650684680758896
1.6835563773627502
1.7078276144715194
1.7464987754846633
1.777860689867131
1.812823289849805
1.8389042229304484
1.8575644908230506
1.8838374680976755
1.902827629639822
1.9179914984106323
1.9307717794339638
1.9691163250482695
1.997010371080733
2.0387598856052342
2.07086328424149
2.120767909803313
2.1602827592207627
2.2232949194900695
2.2744573148604204
2.3584875816248534
2.429337002106769
2.493094628132308
2.6107570357067416
2.7272949568108795
2.7898022197208316
2.859546431826735
2.8994336509669587
2.9455138699044636
2.972473417362657
3.004059552699257
3.0227208875281444
3.0447247698399993
3.073230101730498
3.0824177079250923
3.0932998097320668
3.1074611054657026
3.1120373371809
3.1174637270254553
3.124532980718853
3.12953034650552
3.1330636462547856
3.141592653589793
4.6256550746172636
10.140705202273553
67
0.
0.0003255208333333333
0.0006510416666666666
0.0013020833333333333
0.0026041666666666665
0.005208333333333333
0.0078125
0.010416666666666666
0.020833333333333332
0.03125
0.041666666666666664
0.0625
0.08333333333333333
0.125
0.16666666666666666
0.25
0.3333333333333333
0.41666666666666663
0.5
0.5833333333333333
0.625
0.6666666666666666
0.6875
0.6979166666666666
0.7083333333333333
0.71875
0.7239583333333333
0.7291666666666666
0.7317708333333333
0.734375
0.7356770833333333
0.7369791666666666
0.7376302083333333
0.73828125
0.7389322916666666
0.7395833333333333
0.7408854166666666
0.7421875
0.7447916666666666
0.7473958333333333
0.75
0.7552083333333333
0.7604166666666666
0.7708333333333333
0.7916666666666666
0.8125
0.8333333333333333
0.875
0.9166666666666666
0.9375
0.9583333333333333
0.96875
0.9791666666666666
0.984375
0.9895833333333333
0.9921875
0.9947916666666666
0.9973958333333333
0.998046875
0.9986979166666666
0.9993489583333333
0.99951171875
0.9996744791666666
0.9998372395833333
0.9999186197916666
0.9999593098958333
1.
0.
0.009819527796386436
0.0138891366589875
0.019648460187182408
0.027804920089245073
0.03937263574715588
0.048283678678238746
0.0558254372698303
0.07936360358739357
0.0977195290129018
0.11345055902034751
0.1405061978846564
0.16413267655735936
0.20602866186269986
0.24437248566864095
0.31856676055788963
0.3983491775646835
0.49722882380838795
0.6443871151346242
0.8639059357800032
0.9860581252936644
1.1229363422948058
1.2054841944602446
1.253861240706814
1.310266273522622
1.3805031857800059
1.4250118560904068
1.4818354328297305
1.5188626946158421
1.56781499574019
1.6012269288380123
1.6483653263055373
1.6833770456563772
1.7359845473476974
1.8037897590457184
1.8528070314896865
1.9101987778997107
1.9470472919476385
1.9981096485491394
2.035410946549217
2.0656378765035104
2.1142421560840634
2.1536015523752763
2.217294159805126
2.314972885946239
2.393734566422148
2.46301194104493
2.588514654577535
2.711080092051693
2.77639710781261
2.8490463288347145
2.8905131533840644
2.9383625212176474
2.9663345728863413
2.999090216162479
3.018435643216654
3.041240706978233
3.0707768502497133
3.0802953820583006
3.0915684480671306
3.1062381706960736
3.110978545586238
3.1165993216459547
3.1239222280344556
3.1290990394996694
3.1327589658958432
3.141592653589793
4.727602513072852
9.772575349211678
64
0.
0.0003255208333333333
0.0006510416666666666
0.0013020833333333333
0.0026041666666666665
0.005208333333333333
0.0078125
0.010416666666666666
0.020833333333333332
0.03125
0.041666666666666664
0.0625
0.08333333333333333
0.125
0.16666666666666666
0.25
0.3333333333333333
0.41666666666666663
0.5
0.5416666666666666
0.5833333333333333
0.625
0.6666666666666666
0.6875
0.7083333333333333
0.71875
0.7291666666666666
0.734375
0.7395833333333333
0.7421875
0.7447916666666666
0.74609375
0.7473958333333333
0.7486979166666666
0.75
0.7526041666666666
0.7552083333333333
0.7604166666666666
0.765625
0.7708333333333333
0.78125
0.7916666666666666
0.8125
0.8333333333333333
0.875
0.9166666666666666
0.9375
0.9583333333333333
0.96875
0.9791666666666666
0.984375
0.9895833333333333
0.9921875
0.9947916666666666
0.99609375
0.9973958333333333
0.9986979166666666
0.9990234375
0.9993489583333333
0.9996744791666666
0.9998372395833333
0.9999186197916666
0.9999593098958333
1.
0.
0.009391457284067964
0.0132835975150764
0.01879172012404383
0.0265921441695109
0.037654266580404785
0.04617510823115613
0.05338603942083063
0.07588699164542861
0.09342771577534377
0.10845442332597423
0.13428323295945682
0.15681834506913217
0.19671799769820714
0.23314298852819293
0.30324875261846246
0.3777506957719496
0.4679889490797009
0.5972881661973125
0.6886430138113189
0.7974535133870979
0.9169199998779922
1.0515154130258908
1.1314618799875917
1.2295001941640025
1.2911382213675568
1.3694093885819851
1.4201407154571999
1.4868149195337867
1.531998100530746
1.595057968853362
1.6409605600785642
1.707081368891345
1.7895558862762233
1.8525794594136948
1.9286364637055409
1.9777421457188202
2.0459672121388865
2.0960543782580148
2.1368812353692417
2.2031946800719613
2.257702912057522
2.3480528930170794
2.424899542505109
2.5606634413650067
2.6908748088541765
2.759715367324824
2.835991611605833
2.8794263584675295
2.9294767720350494
2.9587077985746952
2.992917287227767
3.0131127588798026
3.036912855774057
3.0510333519690573
3.0677292788844865
3.0894182777643655
3.096420198600144
3.1047190730091936
3.1155259872571324
3.123163055045917
3.1285619497258117
3.132379049484091
3.141592653589793
4.8635324310136365
9.249180959078215
61
0.
0.0003255208333333333
0.0006510416666666666
0.0013020833333333333
0.0026041666666666665
0.005208333333333333
0.0078125
0.010416666666666666
0.020833333333333332
0.03125
0.041666666666666664
0.0625
0.08333333333333333
0.125
0.16666666666666666
0.25
0.3333333333333333
0.41666666666666663
0.5
0.5833333333333333
0.625
0.6666666666666666
0.6875
0.7083333333333333
0.71875
0.7291666666666666
0.7395833333333333
0.7447916666666666
0.75
0.7552083333333333
0.7578125
0.7604166666666666
0.7630208333333333
0.765625
0.7708333333333333
0.7760416666666666
0.78125
0.7916666666666666
0.8020833333333333
0.8125
0.8333333333333333
0.875
0.9166666666666666
0.9375
0.9583333333333333
0.96875
0.9791666666666666
0.984375
0.9895833333333333
0.9921875
0.9947916666666666
0.99609375
0.9973958333333333
0.9986979166666666
0.9990234375
0.9993489583333333
0.9996744791666666
0.9998372395833333
0.9999186197916666
0.9999593098958333
1.
0.
0.008848349929357029
0.012515366437901748
0.01770480502663549
0.025053691637627065
0.03547474966648376
0.043501066443098924
0.05029286098577792
0.07148109392940871
0.08799188504314458
0.10213042103510432
0.1264166205214128
0.14758519432710457
0.18500299029550252
0.2190692791488393
0.28426214501867125
0.35269435827234286
0.43367460596008756
0.5450126050869477
0.7185985596641948
0.8304314037258912
0.9591485776271422
1.0349677698157882
1.1255078037839956
1.179864487050978
1.2440762034318302
1.3244166730582994
1.3748499813307433
1.4375068974586944
1.5236469195986018
1.5848027629882424
1.6691773505010057
1.7707450022415168
1.851808052091237
1.9533045824077833
2.019776423816588
2.0708251226996652
2.1500167801116548
2.2129286393824072
2.2667329523623736
2.3587699550504895
2.5135213878193197
2.6571018138604794
2.731954561399097
2.8143466931346994
2.8610746108079397
2.9147913074757454
2.946112648782658
2.9827302220454115
3.0043312923926004
3.0297757294869374
3.0448666606980463
3.0627054454556237
3.0858742642344263
3.0933525032624574
3.1022156265875793
3.1137567651497435
3.1219123509878184
3.1276777703226433
3.1317539411340403
3.141592653589793
5.067427307924812
8.428875527832409
57
0.
0.0003255208333333333
0.0006510416666666666
0.0013020833333333333
0.0026041666666666665
0.00390625
0.005208333333333333
0.010416666666666666
0.015625
0.020833333333333332
0.041666666666666664
0.0625
0.08333333333333333
0.125
0.16666666666666666
0.25
0.3333333333333333
0.41666666666666663
0.5
0.5833333333333333
0.625
0.6666666666666666
0.7083333333333333
0.7291666666666666
0.75
0.7604166666666666
0.7708333333333333
0.7760416666666666
0.78125
0.7864583333333333
0.7916666666666666
0.8020833333333333
0.8125
0.8229166666666666
0.8333333333333333
0.8541666666666666
0.875
0.9166666666666666
0.9375
0.9583333333333333
0.96875
0.9791666666666666
0.984375
0.9895833333333333
0.9921875
0.9947916666666666
0.99609375
0.9973958333333333
0.9986979166666666
0.9990234375
0.9993489583333333
0.9996744791666666
0.9998372395833333
0.9999186197916666
0.9999593098958333
0.9999796549479166
1.
0.
0.008091556843033476
0.011444884251667684
0.01619031562225353
0.022910187953157714
0.02807585656820385
0.03243856531060679
0.045985247525107284
0.05645654018371761
0.06534945183587716
0.09334171068602379
0.11550053834328537
0.13479388728654354
0.1688337714315745
0.19973139223240777
0.25849286803835586
0.31936692808012973
0.38969067619955444
0.4822218614001591
0.6226994148948437
0.7187608568602705
0.8338506540802834
0.9815837583337209
1.080979721198868
1.21552681691679
1.3066505835246762
1.4297412982966444
1.5139558966379527
1.622794974960392
1.7448842766516992
1.8465231953822505
1.9841083134611204
2.0786570489814746
2.1532871473836597
2.216712857189774
2.3246206766995785
2.418699768981912
2.591412745877526
2.678604144022476
2.7731709503016404
2.826321795759118
2.887099420142803
2.922410154455035
2.9635972435786213
2.9878549726727197
3.016396856854326
3.033312508476734
3.053296911566491
3.0792399524055676
3.08761101905751
3.097530492385964
3.110447175142694
3.1195750474580484
3.1260266384179456
3.1305872093598412
3.1338113242970236
3.141592653589793
5.271322184835989
7.601162881663932
54
0.
0.0003255208333333333
0.0006510416666666666
0.0013020833333333333
0.0026041666666666665
0.005208333333333333
0.010416666666666666
0.015625
0.020833333333333332
0.041666666666666664
0.0625
0.08333333333333333
0.125
0.16666666666666666
0.25
0.3333333333333333
0.41666666666666663
0.5
0.5833333333333333
0.625
0.6666666666666666
0.7083333333333333
0.7291666666666666
0.75
0.7708333333333333
0.7916666666666666
0.796875
0.8020833333333333
0.8125
0.8229166666666666
0.8333333333333333
0.8541666666666666
0.875
0.9166666666666666
0.9375
0.9583333333333333
0.96875
0.9791666666666666
0.984375
0.9895833333333333
0.9921875
0.9947916666666666
0.99609375
0.9973958333333333
0.9986979166666666
0.9990234375
0.9993489583333333
0.9996744791666666
0.999755859375
0.9998372395833333
0.9999186197916666
0.9999593098958333
0.9999796549479166
1.
0.
0.007399886187998817
0.010466545304358768
0.014806243130221254
0.02095141542398165
0.029664422786192763
0.042050642341918215
0.05162356672606024
0.05975231293119144
0.08532978596708765
0.10556357163785578
0.12316785881272971
0.15418898929162564
0.1822894903134424
0.23550997671752447
0.29016944818902773
0.3523493073383573
0.43189285217948925
0.5488472667093762
0.6299495839638004
0.7297443311155045
0.8579333795227868
0.9420955431515923
1.0507525286523611
1.198364954551801
1.4158755862233865
1.4897335858129934
1.5728374653683093
1.7444393812386467
1.8849489536584993
1.9933509617328067
2.1569834335059572
2.2856494106142073
2.5034364996919645
2.60813548206758
2.719341843988986
2.7810793702478134
2.851180826391872
2.891717268542959
2.938860098323104
2.966567727697225
2.9991241737308383
3.01840000880923
3.0411583763633523
3.070682801227643
3.0802055746945474
3.091489022301124
3.106177402258023
3.1109248715399076
3.116554847451663
3.123890380224039
3.1290763200752503
3.13274280110551
3.141592653589793
5.543182020717557
6.541437963521872
52
0.
0.0006510416666666666
0.0013020833333333333
0.0026041666666666665
0.005208333333333333
0.010416666666666666
0.015625
0.020833333333333332
0.041666666666666664
0.0625
0.08333333333333333
0.125
0.16666666666666666
0.25
0.3333333333333333
0.41666666666666663
0.5
0.5833333333333333
0.625
0.6666666666666666
0.7083333333333333
0.75
0.7708333333333333
0.7916666666666666
0.8125
0.8229166666666666
0.8333333333333333
0.84375
0.8541666666666666
0.875
0.9166666666666666
0.9375
0.9583333333333333
0.96875
0.9791666666666666
0.984375
0.9895833333333333
0.9921875
0.9947916666666666
0.99609375
0.9973958333333333
0.998046875
0.9986979166666666
0.9993489583333333
0.99951171875
0.9996744791666666
0.9998372395833333
0.9999186197916666
0.9999593098958333
0.9999796549479166
0.9999898274739583
1.
0.
0.009288817543954326
0.01314013408034397
0.018593612350499587
0.026325610427360802
0.037316284579122845
0.04580959797344846
0.05302073234593756
0.07570389275033011
0.09363797705468403
0.10923182645531483
0.13668140890293906
0.16150418999288654
0.20835274596287223
0.2561208952722492
0.30977448093046694
0.3768414303142317
0.4723078681485775
0.5381412018251998
0.6202790301341552
0.725434467468234
0.8765782011429377
0.9852615266608591
1.1264986689815797
1.3133414822973344
1.4304376504815717
1.5602645947849823
1.6915074163265134
1.813505127305277
2.018824116635049
2.332909045219627
2.472674898228311
2.6164249551315946
2.694754529369675
2.7827634228904445
2.8332984975104956
2.8918102291637964
2.926092994961457
2.966294309233336
2.9900606527880393
3.018094466243142
3.0347388987046173
3.054425882054501
3.0800125451660296
3.088274875012269
3.0980683630237564
3.110823606529792
3.119839252835191
3.1262124756680323
3.130718124669287
3.1339036498811956
3.141592653589793
5.815041856599126
5.574984024494186
50
0.
0.0006510416666666666
0.0013020833333333333
0.0026041666666666665
0.005208333333333333
0.0078125
0.010416666666666666
0.020833333333333332
0.03125
0.041666666666666664
0.08333333333333333
0.125
0.16666666666666666
0.25
0.3333333333333333
0.41666666666666663
0.5
0.5833333333333333
0.6666666666666666
0.7083333333333333
0.75
0.7916666666666666
0.8125
0.8333333333333333
0.8541666666666666
0.875
0.8958333333333333
0.9166666666666666
0.9375
0.9583333333333333
0.96875
0.9791666666666666
0.984375
0.9895833333333333
0.9921875
0.9947916666666666
0.99609375
0.9973958333333333
0.998046875
0.9986979166666666
0.9990234375
0.9993489583333333
0.9996744791666666
0.999755859375
0.9998372395833333
0.9999186197916666
0.9999593098958333
0.9999796549479166
0.9999898274739583
1.
0.
0.00824408025935765
0.011662207150657742
0.016502232575477283
0.023364320741439296
0.028648112502557378
0.03311803069071994
0.04705370434641978
0.05790069253667207
0.06717817945785318
0.09691088507978712
0.12123521109341324
0.14321127648960905
0.18460602791696348
0.2266391323082732
0.27350416949777395
0.3312933079719391
0.4118059587391132
0.5353190316177431
0.6225640181887571
0.743095994513673
0.9310264429736685
1.0626527652412983
1.2305058654809224
1.4384010585071798
1.6667635592318908
1.8874409209739071
2.089343531595823
2.2793747359719387
2.4704312052381443
2.5726967911200824
2.686326000885732
2.751074067701827
2.825678745345391
2.869240230946804
2.920208413511779
2.950291136996298
2.9857375237617774
3.0067650121698413
3.0316265208128517
3.0464111275963868
3.0639184978756204
3.086698530525974
3.0940593848316897
3.102786953996208
3.114156896132992
3.122194643029534
3.127877188133569
3.1318948544794534
3.141592653589793
6.222831610421478
4.331690290471784
46
0.
0.0013020833333333333
0.0026041666666666665
0.005208333333333333
0.010416666666666666
0.020833333333333332
0.03125
0.041666666666666664
0.08333333333333333
0.125
0.16666666666666666
0.25
0.3333333333333333
0.5
0.5833333333333333
0.6666666666666666
0.7083333333333333
0.75
0.7916666666666666
0.8333333333333333
0.875
0.9166666666666666
0.9375
0.9583333333333333
0.96875
0.9791666666666666
0.984375
0.9895833333333333
0.9921875
0.9947916666666666
0.99609375
0.9973958333333333
0.998046875
0.9986979166666666
0.9990234375
0.9993489583333333
0.99951171875
0.9996744791666666
0.9998372395833333
0.9998779296875
0.9999186197916666
0.9999593098958333
0.9999796549479166
0.9999898274739583
0.9999949137369791
1.
0.
0.009749409848524035
0.013795563659598841
0.01953206834848083
0.027685722148306526
0.03933487122347243
0.04840159120938056
0.05615591417226497
0.08100266004197837
0.10132175554161181
0.11966914095726484
0.15418475850866753
0.18912894567283564
0.27510250766207106
0.3396233720521644
0.4368514351936465
0.5045493428734569
0.593882594537274
0.7228332400986529
0.9173474709965894
1.2198522129032838
1.643080657959938
1.8903194135598678
2.159330010953145
2.307532494153371
2.4736620475325917
2.568609536935193
2.6780896805276972
2.7420229406354784
2.8168209081303917
2.860962988287308
2.912971029941549
2.9438205200981193
2.980292154116516
3.0019788611261595
3.0276618276402902
3.042953364823052
3.061075892109851
3.0846742818009734
3.0923040876933454
3.101352764266692
3.1131424906834897
3.121477217280307
3.1273698252029587
3.1315360615859356
3.141592653589793
6.630621364243831
3.3248379577716816
49
0.
0.0013020833333333333
0.0026041666666666665
0.005208333333333333
0.010416666666666666
0.015625
0.020833333333333332
0.041666666666666664
0.0625
0.08333333333333333
0.16666666666666666
0.25
0.3333333333333333
0.5
0.5833333333333333
0.6666666666666666
0.7083333333333333
0.75
0.7916666666666666
0.8333333333333333
0.875
0.9166666666666666
0.9375
0.9583333333333333
0.96875
0.9791666666666666
0.984375
0.9895833333333333
0.9921875
0.9947916666666666
0.99609375
0.9973958333333333
0.998046875
0.9986979166666666
0.9990234375
0.9993489583333333
0.99951171875
0.9996744791666666
0.999755859375
0.9998372395833333
0.9999186197916666
0.99993896484375
0.9999593098958333
0.9999796549479166
0.9999898274739583
0.9999949137369791
0.9999974568684895
0.9999987284342448
1.
0.
0.008142043799323909
0.011521134718949829
0.01631192361965113
0.02312145273699485
0.028383312616184472
0.03285049548266594
0.046899598652104656
0.05800307847073025
0.0676532952354971
0.09995171367729927
0.12877543091043384
0.15792797991412896
0.22923648456707055
0.28196982219171157
0.3601765198955014
0.4137626750985977
0.48215060897135303
0.5752229264625623
0.70974970589761
0.9183990568857798
1.2484081331735286
1.4815322815763605
1.7808680027479353
1.964909285941614
2.184320373502493
2.314700401379651
2.46843820787402
2.5595558651059287
2.6671543373898015
2.7310705910967306
2.806697343841633
2.851694363763529
2.9049986428611394
2.936742838042259
2.974371908080563
2.996791949636187
3.023376821294074
3.039220702458142
3.0580112317996466
3.0824950086561786
3.09041337681743
3.0998057093193045
3.1120455224230765
3.120700026987689
3.126819510735555
3.1311465516398918
3.1342061878336325
3.141592653589793
7.174341036006968
2.2858592436752296
51
0.
0.0026041666666666665
0.005208333333333333
0.010416666666666666
0.020833333333333332
0.03125
0.041666666666666664
0.08333333333333333
0.125
0.16666666666666666
0.3333333333333333
0.5
0.5833333333333333
0.6666666666666666
0.75
0.7916666666666666
0.8333333333333333
0.875
0.8958333333333333
0.9166666666666666
0.9375
0.9479166666666666
0.9583333333333333
0.96875
0.9791666666666666
0.984375
0.9895833333333333
0.9921875
0.9947916666666666
0.99609375
0.9973958333333333
0.998046875
0.9986979166666666
0.9990234375
0.9993489583333333
0.99951171875
0.9996744791666666
0.999755859375
0.9998372395833333
0.9998779296875
0.9999186197916666
0.9999593098958333
0.999969482421875
0.9999796549479166
0.9999898274739583
0.9999923706054688
0.9999949137369791
0.9999974568684895
0.9999987284342448
0.9999993642171223
1.
0.
0.009025173291756335
0.012778160066940051
0.018112749074113667
0.02573492013724127
0.0316680304394993
0.036742881229766475
0.05300778358985718
0.0663132698273934
0.07833013760224974
0.12379090730424756
0.17946803723985702
0.2201312725031122
0.279410608403059
0.368442325365439
0.4320992389128715
0.5202213416716297
0.652943728994918
0.7480844505148855
0.8742118317873616
1.0483589348236435
1.1632419353580201
1.305799432515872
1.489385189405441
1.7380293914143972
1.9016899868961352
2.109265521672695
2.2389958194303436
2.397715559516193
2.4944302037803796
2.6108139038914406
2.6809091502803715
2.7646242377703434
2.8147755409255764
2.8744601278502793
2.910125583974117
2.952498891032727
2.9777894621005268
3.007812760553071
3.0257201360950674
3.0469703918422857
3.074675833816294
3.0836387496388786
3.094271321082674
3.108129420024118
3.1126120833312716
3.1179295747327758
3.1248598302350437
3.129760510779778
3.1332259401875704
3.141592653589793
7.718060707770105
1.522318605027229
52
0.
0.005208333333333333
0.010416666666666666
0.020833333333333332
0.041666666666666664
0.08333333333333333
0.125
0.16666666666666666
0.3333333333333333
0.5
0.5833333333333333
0.6666666666666666
0.75
0.7916666666666666
0.8333333333333333
0.875
0.8958333333333333
0.9166666666666666
0.9375
0.9479166666666666
0.9583333333333333
0.96875
0.9739583333333333
0.9791666666666666
0.984375
0.9895833333333333
0.9921875
0.9947916666666666
0.99609375
0.9973958333333333
0.998046875
0.9986979166666666
0.9990234375
0.9993489583333333
0.99951171875
0.9996744791666666
0.999755859375
0.9998372395833333
0.9998779296875
0.9999186197916666
0.99993896484375
0.9999593098958333
0.999969482421875
0.9999796549479166
0.9999898274739583
0.9999923706054688
0.9999949137369791
0.9999974568684895
0.9999987284342448
0.9999993642171223
0.9999996821085612
1.
0.
0.009944056305105689
0.014095621448121844
0.02002774124041949
0.02859569401593229
0.04125755264864158
0.05161785158182163
0.06097649570572272
0.09638331389924243
0.1396245217677418
0.17094510932694748
0.216038994484643
0.2819455607335813
0.32726592726695164
0.3883184694505152
0.4778489214334431
0.5416967194916196
0.6275420119355378
0.7505578592299498
0.8351383068180127
0.9449094023715147
1.0953651179209367
1.1948293602553572
1.31956641023687
1.4825945200312185
1.7093059729175597
1.8629585876921486
2.06343698873801
2.192040908758011
2.3527153315642586
2.4523016053143385
2.5736956548964622
2.6475409507340273
2.7363541985586592
2.789838678818924
2.8537219702066396
2.8919952940744404
2.937561040130358
2.9647985869933593
2.997159635371738
3.0164724200947766
3.039401312459815
3.0530790370605314
3.0693103427730506
3.090471214405219
3.0973173500305524
3.1054392694724404
3.1160258150978244
3.123512900471665
3.1288077032453976
3.132552011280047
3.141592653589793
8.53364021541481
0.777334758537349
55
0.
0.010416666666666666
0.020833333333333332
0.041666666666666664
0.08333333333333333
0.125
0.16666666666666666
0.3333333333333333
0.5
0.6666666666666666
0.75
0.7916666666666666
0.8333333333333333
0.875
0.8958333333333333
0.9166666666666666
0.9375
0.9479166666666666
0.9583333333333333
0.96875
0.9739583333333333
0.9791666666666666
0.984375
0.9869791666666666
0.9895833333333333
0.9921875
0.9934895833333333
0.9947916666666666
0.99609375
0.9973958333333333
0.998046875
0.9986979166666666
0.9990234375
0.9993489583333333
0.99951171875
0.9996744791666666
0.999755859375
0.9998372395833333
0.9998779296875
0.9999186197916666
0.99993896484375
0.9999593098958333
0.999969482421875
0.9999796549479166
0.9999847412109375
0.9999898274739583
0.9999949137369791
0.9999961853027344
0.9999974568684895
0.9999987284342448
0.9999993642171223
0.9999996821085612
0.9999998410542805
0.9999999205271403
1.
0.
0.009554055457020484
0.013575043360171473
0.019383030288298582
0.02796702846407338
0.0349914705584552
0.04133716420200561
0.06533812331014158
0.09455291539129929
0.145439619367305
0.18807871194094306
0.21651799656648715
0.2540077424060193
0.30771554091630415
0.3453418072034501
0.3960771604255738
0.4698255385088491
0.5218720700461049
0.5915024390870547
0.6912218319775751
0.7602925439711948
0.850974246251021
0.9773630960921653
1.0624851904593091
1.171158950681441
1.3168726264922548
1.4113456386579606
1.527872311774321
1.6773504481805595
1.881253686509724
2.0176557290794874
2.19436258874079
2.3073100460547544
2.448269463721277
2.5356276020806803
2.642174930508109
2.707017423241436
2.7850428648705883
2.832055219299328
2.888231736635307
2.9219027837127047
2.9619924213248012
2.98595786995442
3.0144366227908357
3.0314373197269022
3.0516237533301256
3.0779546239610363
3.0864748804609383
3.0965837314507403
3.1097615148259155
3.1190821254718673
3.1256740488910335
3.130335871231251
3.133632591863246
3.141592653589793
9.077359887177948
0.4810874185237009
56
0.
0.010416666666666666
0.020833333333333332
0.041666666666666664
0.08333333333333333
0.16666666666666666
0.3333333333333333
0.5
0.6666666666666666
0.75
0.8333333333333333
0.875
0.8958333333333333
0.9166666666666666
0.9375
0.9479166666666666
0.9583333333333333
0.96875
0.9739583333333333
0.9791666666666666
0.984375
0.9869791666666666
0.9895833333333333
0.9921875
0.9934895833333333
0.9947916666666666
0.99609375
0.9967447916666666
0.9973958333333333
0.998046875
0.9986979166666666
0.9990234375
0.9993489583333333
0.99951171875
0.9996744791666666
0.999755859375
0.9998372395833333
0.9998779296875
0.9999186197916666
0.99993896484375
0.9999593098958333
0.999969482421875
0.9999796549479166
0.9999847412109375
0.9999898274739583
0.9999923706054688
0.9999949137369791
0.9999974568684895
0.9999980926513672
0.9999987284342448
0.9999993642171223
0.9999996821085612
0.9999998410542805
0.9999999205271403
0.9999999602635701
1.
0.
0.007321297841935218
0.010402608331511649
0.01485332751140538
0.02143135086385156
0.03167681070671858
0.05006294349497961
0.07240666219938671
0.11110923268060302
0.1432064505194512
0.19212290602608886
0.23152463474817178
0.25889515098147897
0.29574533143238635
0.34935066900467815
0.38743675404977446
0.4387950881226227
0.5134071880227795
0.5658821117748136
0.6358126843211408
0.7354154046213089
0.8040314824804308
0.8936377661011754
1.0177347170850803
1.10088458875562
1.2066969948836554
1.3482086773202675
1.4398545772210931
1.5529140675167714
1.6981086696190268
1.8967073327428716
2.0300224345051188
2.203320122247479
2.3144421757810156
2.4534931449950275
2.53987283457862
2.645367779358543
2.709662021461399
2.787107405874715
2.833803142613094
2.889628983319143
2.923092700307796
2.9629489740401773
2.986783509480595
3.0151120885264087
3.0320178775857904
3.052086995314311
3.0782672807743525
3.086741361703221
3.096797153516935
3.1099085870158345
3.119184197610572
3.125745261713279
3.130385744308968
3.1336676162968944
3.141592653589793
9.892939394822653
0.22956728389991166
57
0.
0.041666666666666664
0.08333333333333333
0.16666666666666666
0.3333333333333333
0.5
0.6666666666666666
0.75
0.8333333333333333
0.875
0.9166666666666666
0.9375
0.9479166666666666
0.9583333333333333
0.96875
0.9739583333333333
0.9791666666666666
0.984375
0.9869791666666666
0.9895833333333333
0.9921875
0.9934895833333333
0.9947916666666666
0.99609375
0.9967447916666666
0.9973958333333333
0.998046875
0.9983723958333333
0.9986979166666666
0.9990234375
0.9993489583333333
0.99951171875
0.9996744791666666
0.999755859375
0.9998372395833333
0.9998779296875
0.9999186197916666
0.99993896484375
0.9999593098958333
0.999969482421875
0.9999796549479166
0.9999847412109375
0.9999898274739583
0.9999923706054688
0.9999949137369791
0.9999961853027344
0.9999974568684895
0.9999980926513672
0.9999987284342448
0.9999993642171223
0.9999995231628418
0.9999996821085612
0.9999998410542805
0.9999999205271403
0.9999999602635701
0.999999980131785
1.
0.
0.009884973968142379
0.014262581727782143
0.021080298891113864
0.03331022764929761
0.048148456832223546
0.07372901074914885
0.0947733216085331
0.12648318145363685
0.151798511996073
0.1926977510358033
0.2267702876279115
0.2510641182639871
0.28399161552664814
0.3323388769207109
0.36674272845836603
0.4131207722013823
0.48030624377501374
0.5274171445249032
0.590060585822191
0.6791688058190699
0.7406066802793897
0.8210670233879249
0.9332078883695335
1.0089730271598518
1.1062727518647661
1.2381973714498085
1.3248676127562147
1.4332531927108096
1.5749780447284185
1.7737701330429847
1.910558692146552
2.092451656971946
2.211464567242389
2.36288792722289
2.4583035239210176
2.575991620575442
2.64829911089847
2.735923769477279
2.788984780444407
2.8526248100473106
2.890875425491128
2.936491581820583
2.9638011271242233
2.996293480000305
3.0157009707336475
3.0387458865867263
3.0524954365916077
3.0688166480344266
3.090105986428108
3.0969965237253625
3.105172923420873
3.115833425917432
3.123374830677034
3.1287090570169296
3.132481749418338
3.141592653589793
10.43665906658579
0.14080006563339623
59
0.
0.041666666666666664
0.08333333333333333
0.16666666666666666
0.3333333333333333
0.5
0.6666666666666666
0.75
0.8333333333333333
0.875
0.9166666666666666
0.9375
0.9583333333333333
0.96875
0.9739583333333333
0.9791666666666666
0.984375
0.9869791666666666
0.9895833333333333
0.9921875
0.9934895833333333
0.9947916666666666
0.99609375
0.9967447916666666
0.9973958333333333
0.998046875
0.9983723958333333
0.9986979166666666
0.9990234375
0.9991861979166666
0.9993489583333333
0.99951171875
0.9996744791666666
0.999755859375
0.9998372395833333
0.9998779296875
0.9999186197916666
0.99993896484375
0.9999593098958333
0.999969482421875
0.9999796549479166
0.9999847412109375
0.9999898274739583
0.9999923706054688
0.9999949137369791
0.9999961853027344
0.9999974568684895
0.9999980926513672
0.9999987284342448
0.9999990463256836
0.9999993642171223
0.9999996821085612
0.9999997615814209
0.9999998410542805
0.9999999205271403
0.9999999602635701
0.999999980131785
0.9999999900658925
1.
0.
0.007495475757180302
0.010814813893486382
0.01598414852530331
0.025255388863281103
0.036496480978434394
0.0558428039397185
0.07171604445630267
0.09554202884178346
0.1145059910290554
0.14504267322092748
0.17045502894242703
0.21319835142846572
0.2494564566729746
0.2753558270313304
0.31040467703380564
0.36146983905992786
0.3974904652765202
0.4456803478731396
0.5148618729328587
0.5630429553947287
0.6268030955221096
0.7170696108215886
0.7790847628625001
0.8600782802211022
0.9725906539690734
1.0483755239875838
1.1454379446015277
1.2765928171234062
1.3624905912626832
1.4696281302783198
1.6093126461445793
1.8045988609082997
1.9386417847274766
2.1166047096227603
2.2329334572155033
2.3808659436077653
2.4740128811394877
2.5889619405891513
2.659597362210125
2.7451836086741452
2.797024819633956
2.8592123248049424
2.896575072644881
2.941152240834983
2.967845029578197
2.9995952495139426
3.0185521272887894
3.041065237878439
3.054499586664109
3.0704486849752657
3.0912559858175706
3.0979913204849066
3.105984072956787
3.1164059801634503
3.1237791788019313
3.1289947194980057
3.1326836156354805
3.141592653589793
10.980378738348927
0.08805166534878218
60
0.
0.08333333333333333
0.16666666666666666
0.3333333333333333
0.5
0.6666666666666666
0.75
0.8333333333333333
0.875
0.9166666666666666
0.9375
0.9583333333333333
0.96875
0.9791666666666666
0.984375
0.9869791666666666
0.9895833333333333
0.9921875
0.9934895833333333
0.9947916666666666
0.99609375
0.9967447916666666
0.9973958333333333
0.998046875
0.9983723958333333
0.9986979166666666
0.9990234375
0.9991861979166666
0.9993489583333333
0.99951171875
0.9995930989583333
0.9996744791666666
0.999755859375
0.9998372395833333
0.9998779296875
0.9999186197916666
0.99993896484375
0.9999593098958333
0.999969482421875
0.9999796549479166
0.9999847412109375
0.9999898274739583
0.9999923706054688
0.9999949137369791
0.9999961853027344
0.9999974568684895
0.9999980926513672
0.9999987284342448
0.9999990463256836
0.9999993642171223
0.9999996821085612
0.9999997615814209
0.9999998410542805
0.9999999205271403
0.9999999403953552
0.9999999602635701
0.999999980131785
0.9999999900658925
0.9999999950329462
1.
0.
0.008155099157648123
0.01205295418169295
0.019042880239833353
0.027514239892537644
0.042078658238041064
0.05401037679737718
0.07187945365504649
0.08607689272756383
0.10889226884104136
0.12786536599669157
0.15980142887798254
0.18695269625635522
0.23275283926922663
0.27129370436656636
0.29857529349559725
0.33520565569730965
0.38808115943948884
0.4251263478145296
0.4744585264926264
0.5449691511676963
0.5939140081794186
0.6585198646228706
0.7496805912574932
0.8121046149812366
0.8933808135760586
1.0058128899263539
1.0812460314433416
1.177530507275129
1.307099065413373
1.3916753178433872
1.4969095156962158
1.6337944074686028
1.8248283656575257
1.9559038069856687
2.1300804479020767
2.2441168953189505
2.3894222753325556
2.481099362671106
2.5944339025161063
2.664158137700618
2.7487770740406074
2.800054380533656
2.8616101310736948
2.8986428180038235
2.9428246125315884
2.969281523803931
3.000768884118789
3.019583042501221
3.041925878514499
3.07107481550983
3.080510405648887
3.0917075638179785
3.1063078245001687
3.1110320827404823
3.116637132736275
3.1239437436532156
3.1291116428539554
3.132766572495951
3.141592653589793
11.524098410112064
0.05708228135980092
61
0.
0.16666666666666666
0.3333333333333333
0.5
0.6666666666666666
0.75
0.8333333333333333
0.875
0.9166666666666666
0.9375
0.9583333333333333
0.96875
0.9791666666666666
0.984375
0.9895833333333333
0.9921875
0.9934895833333333
0.9947916666666666
0.99609375
0.9967447916666666
0.9973958333333333
0.998046875
0.9983723958333333
0.9986979166666666
0.9990234375
0.9991861979166666
0.9993489583333333
0.99951171875
0.9995930989583333
0.9996744791666666
0.999755859375
0.9997965494791666
0.9998372395833333
0.9998779296875
0.9999186197916666
0.99993896484375
0.9999593098958333
0.999969482421875
0.9999796549479166
0.9999847412109375
0.9999898274739583
0.9999923706054688
0.9999949137369791
0.9999961853027344
0.9999974568684895
0.9999980926513672
0.9999987284342448
0.9999990463256836
0.9999993642171223
0.9999995231628418
0.9999996821085612
0.9999997615814209
0.9999998410542805
0.9999999205271403
0.9999999403953552
0.9999999602635701
0.999999980131785
0.9999999900658925
0.9999999950329462
0.9999999975164731
1.
0.
0.009014279392744433
0.014241386022532573
0.020574561460510263
0.031455768908625704
0.04036270796355406
0.05368406599665145
0.0642573217752025
0.08122833631626894
0.09533533019184348
0.11909052649038337
0.1393136820442589
0.17350059252040165
0.20234703751886116
0.25034868660842935
0.2902330977757698
0.3182810254407325
0.35577721595548306
0.4096885236410637
0.44735105860157776
0.49739525873007484
0.5687038352449811
0.6180450649113185
0.6829618009344082
0.774140712794933
0.8362920430766583
0.91686904627972
1.0277346621177936
1.1017620478271
1.1958977486606959
1.3220778293343047
1.4042167953337423
1.5062665385750418
1.6389267987261256
1.8243525728265941
1.95204797960329
2.1226686084715585
2.2351036852335953
2.3793502647001397
2.4709204822719224
2.584757781799808
2.65513702682621
2.7408052425105986
2.7928981679295397
2.855551963521694
2.893271887710182
2.9383485544983623
2.9653723759505
2.9975350721844123
3.0167456793098175
3.0395685533557417
3.05319213818219
3.069370178998761
3.0904831891118256
3.097319195168151
3.1054325046738596
3.116013392749439
3.123500288888057
3.128796868889051
3.1325433907025158
3.141592653589793
12.0678180818752
0.03910020802301017
63
0.
0.16666666666666666
0.3333333333333333
0.5
0.6666666666666666
0.75
0.8333333333333333
0.875
0.9166666666666666
0.9375
0.9583333333333333
0.96875
0.9791666666666666
0.984375
0.9895833333333333
0.9921875
0.9947916666666666
0.99609375
0.9967447916666666
0.9973958333333333
0.998046875
0.9983723958333333
0.9986979166666666
0.9990234375
0.9991861979166666
0.9993489583333333
0.99951171875
0.9995930989583333
0.9996744791666666
0.999755859375
0.9997965494791666
0.9998372395833333
0.9998779296875
0.9998982747395833
0.9999186197916666
0.99993896484375
0.9999593098958333
0.999969482421875
0.9999796549479166
0.9999847412109375
0.9999898274739583
0.9999923706054688
0.9999949137369791
0.9999961853027344
0.9999974568684895
0.9999980926513672
0.9999987284342448
0.9999990463256836
0.9999993642171223
0.9999995231628418
0.9999996821085612
0.9999997615814209
0.9999998410542805
0.9999998807907104
0.9999999205271403
0.9999999602635701
0.9999999701976776
0.999999980131785
0.9999999900658925
0.9999999950329462
0.9999999975164731
0.9999999987582365
1.
0.
0.006657548878561192
0.010517717840186918
0.015193802029467171
0.023224916367865743
0.02979599644476247
0.039615924188587
0.04740546139374778
0.05989984604075932
0.07028354951407834
0.08777433892688317
0.10267799763471248
0.12790912848518649
0.1492385374426967
0.18481728104576747
0.21447000843925657
0.26340238167012286
0.3038625746767448
0.3322543980628171
0.3701521769007118
0.4245144918442151
0.4623972562717708
0.5125902450893737
0.5838082030710384
0.6328615322301988
0.6971183005588494
0.7868199789290982
0.8476105286657939
0.9260188518033975
1.0332435760557317
1.1044767395614679
1.194717428099153
1.3152174730408637
1.3934916124382934
1.4906834732206804
1.6171500006745247
1.7947112652040758
1.9179767208544443
2.0845275967931305
2.1957301416160933
2.3403642829772813
2.4334491987047207
2.5505721070372993
2.623755164923295
2.7135139494911593
2.768497060693549
2.8349863809951072
2.875177516914794
2.9233585186673574
2.9523132905426257
2.986821791040099
3.007444337138822
3.0319512431975006
3.0465835117992257
3.0639627297538548
3.0866488529922633
3.093995553242223
3.1027158402140107
3.1140897191894
3.12213869142496
3.127833394800813
3.131861771446019
3.141592653589793
12.611537753638338
0.028820910646068433
66
0.
0.16666666666666666
0.3333333333333333
0.5
0.6666666666666666
0.75
0.8333333333333333
0.875
0.9166666666666666
0.9375
0.9583333333333333
0.96875
0.9791666666666666
0.984375
0.9895833333333333
0.9921875
0.9947916666666666
0.99609375
0.9973958333333333
0.998046875
0.9983723958333333
0.9986979166666666
0.9990234375
0.9991861979166666
0.9993489583333333
0.99951171875
0.9995930989583333
0.9996744791666666
0.999755859375
0.9997965494791666
0.9998372395833333
0.9998779296875
0.9998982747395833
0.9999186197916666
0.99993896484375
0.9999491373697916
0.9999593098958333
0.999969482421875
0.9999796549479166
0.9999847412109375
0.9999898274739583
0.9999923706054688
0.9999949137369791
0.9999961853027344
0.9999974568684895
0.9999980926513672
0.9999987284342448
0.9999990463256836
0.9999993642171223
0.9999995231628418
0.9999996821085612
0.9999997615814209
0.9999998410542805
0.9999998807907104
0.9999999205271403
0.9999999403953552
0.9999999602635701
0.999999980131785
0.9999999850988388
0.9999999900658925
0.9999999950329462
0.9999999975164731
0.9999999987582365
0.9999999993791182
0.9999999996895591
1.
0.
0.004826002556430804
0.007623967809842307
0.011012768052715175
0.01683148825327778
0.02159140705651466
0.028701808410327687
0.03433979304614299
0.04337977318034021
0.050891991973296705
0.06354924445724629
0.07434149226498832
0.09263255548215388
0.10811690793274108
0.1339953924755209
0.1556168604755741
0.19141494243237292
0.22114230458243125
0.2701258112525314
0.31058276637469345
0.3389368288719913
0.37672046698457423
0.43077488830693084
0.46831509965156204
0.517881305097597
0.5878417040271888
0.6357831073492768
0.6982758263066783
0.7849498472810418
0.8433378747145784
0.9182618540307439
1.020083054473071
1.0873694379517669
1.1722627171906133
1.285178661912213
1.3583440883652416
1.4491059699794442
1.5672510338215968
1.733912349200973
1.850646776348998
2.0104924476142507
2.1191253606519984
2.2633967510225674
2.3583862098389035
2.4805980658069036
2.558589380352877
2.65599773926589
2.7164621062023406
2.790569384917878
2.835841488579123
2.890464546946419
2.9234842113464485
2.963031343465199
2.9867396331409606
3.014946620394586
3.031805325381932
3.0518458797655628
3.078033944130517
3.086521561100872
3.096600455715555
3.1097535477608367
3.1190665553457007
3.12565805706746
3.1303220674130428
3.13362158154948
3.141592653589793