13
21
3.912023005428146
11.835394393696069
73
0.
0.00016276041666666666
0.0003255208333333333
0.0006510416666666666
0.0013020833333333333
0.0026041666666666665
0.00390625
0.005208333333333333
0.010416666666666666
0.015625
0.020833333333333332
0.03125
0.041666666666666664
0.0625
0.08333333333333333
0.125
0.16666666666666666
0.25
0.29166666666666663
0.3333333333333333
0.35416666666666663
0.375
0.3958333333333333
0.40625
0.41666666666666663
0.4375
0.44791666666666663
0.4583333333333333
0.5
0.5416666666666666
0.5833333333333333
0.625
0.6666666666666666
0.6875
0.6979166666666666
0.7083333333333333
0.7135416666666666
0.71875
0.7213541666666666
0.7239583333333333
0.7265625
0.7278645833333333
0.7291666666666666
0.73046875
0.7317708333333333
0.734375
0.7369791666666666
0.7395833333333333
0.7447916666666666
0.75
0.7604166666666666
0.7708333333333333
0.7916666666666666
0.8333333333333333
0.875
0.9166666666666666
0.9375
0.9583333333333333
0.96875
0.9791666666666666
0.984375
0.9895833333333333
0.9921875
0.9947916666666666
0.9973958333333333
0.998046875
0.9986979166666666
0.9993489583333333
0.9996744791666666
0.9998372395833333
0.9999186197916666
0.9999593098958333
1.
0.
0.00901240837401039
0.012746589980292506
0.01802956998618539
0.025506643436558465
0.03609730200327649
0.04424127354487569
0.05112166391110758
0.07250367652645964
0.08905509055190873
0.1031322573078898
0.12706157005301782
0.14760970609861904
0.18306550639500987
0.21418452561727402
0.26988777054353263
0.3217457834030356
0.4265775691427908
0.48544383344122294
0.5553542173074809
0.5981123010445714
0.6505501983594524
0.7208807244867204
0.7677466243058358
0.8251031876320917
0.9484858259004837
0.9993944272376821
1.042624908499608
1.1733077288339742
1.2750858377767897
1.3684099661734
1.4637203324300296
1.5732888031289614
1.6418177862885006
1.683528605304363
1.7347643098278824
1.7666944869579313
1.8065099433222966
1.8315469504662618
1.8628075930925012
1.9062609201230496
1.9377102041058483
1.9832593202481856
2.0443703993213225
2.0940309204247733
2.1533477340151586
2.19125292694313
2.220067513687091
2.26427494887099
2.298878762573052
2.3535583962820623
2.397662938545919
2.469792709630339
2.5850354306612098
2.68576741738348
2.785647015313089
2.8392733121499383
2.8991499989954286
2.933411472550458
2.973006410514943
2.996177498314234
3.023329623532558
3.0393735548823595
3.0582925459998864
3.0828036716850167
3.090704118862684
3.100062286947167
3.1122402310455652
3.1208422249312724
3.1269222184627843
3.1312202554816664
3.1342588432973035
3.141592653589793
4.115917882339323
11.699939705915055
77
0.
0.00016276041666666666
0.0003255208333333333
0.0006510416666666666
0.0013020833333333333
0.001953125
0.0026041666666666665
0.005208333333333333
0.0078125
0.010416666666666666
0.020833333333333332
0.03125
0.041666666666666664
0.0625
0.08333333333333333
0.125
0.16666666666666666
0.25
0.3333333333333333
0.375
0.41666666666666663
0.4375
0.4583333333333333
0.47916666666666663
0.5
0.5416666666666666
0.5833333333333333
0.625
0.6458333333333333
0.6666666666666666
0.6875
0.6979166666666666
0.7083333333333333
0.7135416666666666
0.7161458333333333
0.71875
0.7200520833333333
0.7213541666666666
0.7220052083333333
0.72265625
0.7233072916666666
0.7236328125
0.7239583333333333
0.7242838541666666
0.724609375
0.7252604166666666
0.7259114583333333
0.7265625
0.7278645833333333
0.7291666666666666
0.7317708333333333
0.734375
0.7395833333333333
0.75
0.7604166666666666
0.7708333333333333
0.7916666666666666
0.8333333333333333
0.875
0.9166666666666666
0.9375
0.9583333333333333
0.96875
0.9791666666666666
0.984375
0.9895833333333333
0.9921875
0.9947916666666666
0.9973958333333333
0.998046875
0.9986979166666666
0.9993489583333333
0.9996744791666666
0.9998372395833333
0.9999186197916666
0.9999593098958333
1.
0.
0.008445053575685145
0.011944112317252497
0.016894362672271894
0.023900269514168477
0.02928158496634093
0.033822858639826245
0.047897461534513845
0.058741921979154996
0.06792199146011249
0.09658870835016058
0.118965626715784
0.13816279114189164
0.17123751135440157
0.20019985450617675
0.25182633332956267
0.29953373671156674
0.3941842160105315
0.5037762624154749
0.5753323393490208
0.677161461679121
0.7530406209320417
0.8516390510268825
0.949342121122392
1.029259371718252
1.1546898473173413
1.2615504014228245
1.3669440651220586
1.42362317478408
1.4867104518671632
1.5624139684011862
1.609586811557925
1.6700789701366967
1.7106262242757977
1.7361739397308777
1.768416418715831
1.7890302192701928
1.8154492520073733
1.8326375829127903
1.8551259955984962
1.890285999819797
1.922788096137786
1.9783919467884388
2.0149798111393573
2.0366385745475517
2.065007281195212
2.084984579929252
2.1008543930009256
2.1259093229893318
2.1458330998772395
2.1774158428802886
2.2026803434594653
2.2430482198325845
2.3036239899253
2.3509968452588947
2.3912533344183715
2.4596941480806884
2.573058117714619
2.674371920192371
2.775944524692291
2.8307694453860752
2.8921481631177866
2.927328380921346
2.9680265759039037
2.9918599211827948
3.0198008047809553
3.036316206498124
3.0557949543984724
3.081036836754349
3.0891740635165137
3.098813110878864
3.1113564742139617
3.1202179243708623
3.1264811721580457
3.130908588812682
3.1340385616711215
3.141592653589793
4.319812759250499
11.363809476146196
104
0.
0.00016276041666666666
0.0003255208333333333
0.0006510416666666666
0.0013020833333333333
0.0026041666666666665
0.005208333333333333
0.0078125
0.010416666666666666
0.020833333333333332
0.03125
0.041666666666666664
0.0625
0.08333333333333333
0.125
0.16666666666666666
0.25
0.3333333333333333
0.375
0.41666666666666663
0.4583333333333333
0.47916666666666663
0.5
0.5208333333333333
0.5416666666666666
0.5833333333333333
0.625
0.6666666666666666
0.6875
0.6979166666666666
0.7083333333333333
0.7135416666666666
0.71875
0.7213541666666666
0.7239583333333333
0.7252604166666666
0.7265625
0.7272135416666666
0.7278645833333333
0.728515625
0.7288411458333333
0.72900390625
0.7290852864583333
0.7291666666666666
0.72918701171875
0.7292073567708333
0.7292277018229166
0.7292327880859375
0.7292378743489583
0.7292429606119791
0.7292455037434895
0.729248046875
0.7292493184407551
0.7292499542236328
0.7292505900065104
0.7292518615722656
0.7292531331380208
0.7292556762695312
0.7292582194010416
0.7292633056640625
0.7292683919270833
0.729278564453125
0.7292887369791666
0.72930908203125
0.7293294270833333
0.7293701171875
0.7294108072916666
0.7294514973958333
0.7294921875
0.7296549479166666
0.7298177083333333
0.7301432291666666
0.73046875
0.7311197916666666
0.7317708333333333
0.7330729166666666
0.734375
0.7369791666666666
0.7395833333333333
0.7447916666666666
0.75
0.7604166666666666
0.7708333333333333
0.7916666666666666
0.8333333333333333
0.875
0.9166666666666666
0.9375
0.9583333333333333
0.96875
0.9791666666666666
0.984375
0.9895833333333333
0.9921875
0.9947916666666666
0.9973958333333333
0.998046875
0.9986979166666666
0.9993489583333333
0.9996744791666666
0.9998372395833333
0.9999186197916666
0.9999593098958333
1.
0.
0.007856203450635073
0.011111238379946485
0.01571618248872612
0.022233165824290347
0.03146264974807753
0.044552303528165416
0.05463591135855648
0.06317024067219676
0.0898077050603257
0.11058301554661781
0.12839022061215918
0.15902614635370288
0.18579472960444773
0.23332660492992766
0.2769575240354203
0.36215803460160273
0.4565955342351953
0.5138435011699447
0.5859479572219947
0.6898907469007236
0.763419619552027
0.8489700258092533
0.9316002056011149
1.0043107078816496
1.1290835746511987
1.244716319995144
1.3699906785962443
1.4457283575138442
1.4910030531105332
1.5457510858146197
1.5793551362059637
1.6206679098743617
1.6463192736130077
1.6780881905948843
1.697908646631956
1.7225125669970038
1.7378676301244307
1.7568907186135787
1.7832496738655739
1.8030198242228765
1.8172701951431547
1.8269446865876544
1.8406654113861511
1.8454594057416465
1.8514372524564116
1.8598038252563625
1.8626698529427428
1.8661706294781422
1.870841609863134
1.874078479585505
1.8788410099475663
1.882883636951374
1.886513312382542
1.8973620114732297
1.9060233785312368
1.9096000720582478
1.9140904780018417
1.9172227603257372
1.9217995767334326
1.9252550494564071
1.930533459786775
1.9346324213311419
1.9410110517470394
1.9460309733956347
1.9539144094009817
1.9601572224396084
1.9654144449612696
1.9700020785091783
1.9844157133054845
1.9953347290145502
2.0120861315103817
2.0251525191501663
2.045581850119963
2.061742748179751
2.0872688571302396
2.1076301035445577
2.1400350509225268
2.1660700181885573
2.207847361860807
2.241728912373856
2.2967655967149945
2.3421127941008346
2.4175012310454105
2.5398829345881055
2.647960521354783
2.7556971435354365
2.813694166162492
2.878538413655843
2.9156742428495694
2.9586134192622366
2.9837505556834936
3.013213529098846
3.030625762146153
3.0511604928118548
3.0777679201628576
3.086344937221522
3.096504236872292
3.1097251928565885
3.119064190781682
3.125664497795735
3.130330659580397
3.133629677580366
3.141592653589793
4.455742677191283
11.04795266796411
86
0.
0.00016276041666666666
0.0003255208333333333
0.0006510416666666666
0.0013020833333333333
0.0026041666666666665
0.005208333333333333
0.0078125
0.010416666666666666
0.020833333333333332
0.03125
0.041666666666666664
0.0625
0.08333333333333333
0.125
0.16666666666666666
0.3333333333333333
0.375
0.41666666666666663
0.4583333333333333
0.5
0.5416666666666666
0.5833333333333333
0.625
0.6666666666666666
0.6875
0.6979166666666666
0.7083333333333333
0.71875
0.7239583333333333
0.7291666666666666
0.73046875
0.7317708333333333
0.7330729166666666
0.734375
0.7350260416666666
0.7356770833333333
0.7360026041666666
0.736328125
0.7364908854166666
0.7366536458333333
0.7367350260416666
0.73681640625
0.7368570963541666
0.7368977864583333
0.7369384765625
0.7369791666666666
0.737060546875
0.7371419270833333
0.7373046875
0.7374674479166666
0.7376302083333333
0.73828125
0.7389322916666666
0.7395833333333333
0.7408854166666666
0.7421875
0.7434895833333333
0.7447916666666666
0.75
0.7552083333333333
0.7604166666666666
0.7708333333333333
0.7916666666666666
0.8125
0.8333333333333333
0.875
0.9166666666666666
0.9375
0.9583333333333333
0.96875
0.9791666666666666
0.984375
0.9895833333333333
0.9921875
0.9947916666666666
0.9973958333333333
0.998046875
0.9986979166666666
0.9993489583333333
0.99951171875
0.9996744791666666
0.9998372395833333
0.9999186197916666
0.9999593098958333
1.
0.
0.007467545987289297
0.0105615183302961
0.014938563362925128
0.02113287323271081
0.029905061634360085
0.04234510282680002
0.05192718721965866
0.06003608268065469
0.0853384571063811
0.10506252583970561
0.12195969125920826
0.1510052711939781
0.17635189088065484
0.2212578969033813
0.2623213349355636
0.42800102328566814
0.47853113001895453
0.5392783173074379
0.6195813439954589
0.7386700268959264
0.8924365709511283
1.0299015150080537
1.1533054253731656
1.2819649011769847
1.3568260563963752
1.4000368428860523
1.4500002151447975
1.5119685530813696
1.5514193777003666
1.6026643640487297
1.618824445069709
1.6372848230096126
1.6591582262306963
1.6867855180950768
1.704443472991194
1.7270588763786867
1.7417755228823322
1.7611044636460647
1.7741461701688515
1.7922880790023545
1.805737365263168
1.8281946452467688
1.8508898284591215
1.8786249963366883
1.8946054646686592
1.9051178420981072
1.9196488178988877
1.930161602332631
1.9457368958724792
1.957562638213583
1.9672934798899153
1.995838375665045
2.016308549822248
2.032770417348982
2.0590529175164254
2.0801603278200815
2.0981095485748913
2.113897715115934
2.164261392214548
2.2032186846619894
2.235906867124709
2.2903498957290793
2.3763507986508374
2.4471399009594257
2.5101266421938915
2.625420233053021
2.739013897656142
2.799824585168257
2.8676239555159553
2.9063830459925777
2.9511508506832005
2.9773391324980674
3.0080193501641284
3.0261448153018575
3.0475156688136633
3.075200376523666
3.084123562693904
3.0946921519624113
3.1084449381338173
3.112889439183234
3.1181593881576775
3.1250248503557057
3.1298784196994185
3.1333099252603174
3.141592653589793
4.591672595132067
10.66511696900211
73
0.
0.00016276041666666666
0.0003255208333333333
0.0006510416666666666
0.0013020833333333333
0.0026041666666666665
0.005208333333333333
0.0078125
0.010416666666666666
0.020833333333333332
0.03125
0.041666666666666664
0.0625
0.08333333333333333
0.125
0.16666666666666666
0.25
0.3333333333333333
0.41666666666666663
0.4583333333333333
0.5
0.5416666666666666
0.5833333333333333
0.625
0.6666666666666666
0.6875
0.7083333333333333
0.71875
0.7291666666666666
0.734375
0.7395833333333333
0.7421875
0.7434895833333333
0.7447916666666666
0.7454427083333333
0.74609375
0.7464192708333333
0.7467447916666666
0.7470703125
0.7473958333333333
0.748046875
0.7486979166666666
0.7493489583333333
0.75
0.7526041666666666
0.7552083333333333
0.7604166666666666
0.765625
0.7708333333333333
0.78125
0.7916666666666666
0.8125
0.8333333333333333
0.875
0.9166666666666666
0.9375
0.9583333333333333
0.96875
0.9791666666666666
0.984375
0.9895833333333333
0.9921875
0.9947916666666666
0.9973958333333333
0.998046875
0.9986979166666666
0.9993489583333333
0.99951171875
0.9996744791666666
0.9998372395833333
0.9999186197916666
0.9999593098958333
1.
0.
0.007087284535334396
0.010023693005775018
0.014177794288449407
0.020056515561321042
0.02838142297726945
0.04018631940445618
0.04927823109772597
0.05697154334820868
0.08097113217252935
0.09967136569624455
0.11568398654528853
0.14318874914673801
0.1671642093366054
0.20955887569032247
0.24819987873721433
0.32246279454058
0.40158576867243345
0.4995361170817466
0.5654069061592045
0.656096296214755
0.7847451865229719
0.9260209737657653
1.0563145173770103
1.1882653162917236
1.262501551446821
1.3506397185971588
1.4048928709515454
1.4731129035233472
1.517333182432827
1.5763265176872767
1.6179220368372325
1.6454920696683848
1.6828706886578142
1.7094141509002678
1.749708127775937
1.7836193276815857
1.8367564671122452
1.8815563135447628
1.909388319853792
1.94510398027983
1.9697407534855098
1.989082750288541
2.005260246220923
2.053545529259505
2.088684666038042
2.14158574775617
2.182645873884957
2.2171280379784517
2.274569764820033
2.3227694860064796
2.404017200885286
2.4740485185796786
2.599098651428966
2.72002133917693
2.7841960284690743
2.855436614126798
2.8960517756912134
2.942886158146608
2.9702521111548053
3.002288589971802
3.0212054000822786
3.0435017259109682
3.072375311793094
3.0816797308007073
3.0926989510670593
3.107037437070939
3.111670815460788
3.1171646007710483
3.1243217956917215
3.1293814985092814
3.1329586556087614
3.141592653589793
4.727602513072852
10.224621389801378
69
0.
0.0003255208333333333
0.0006510416666666666
0.0013020833333333333
0.0026041666666666665
0.005208333333333333
0.0078125
0.010416666666666666
0.020833333333333332
0.03125
0.041666666666666664
0.0625
0.08333333333333333
0.125
0.16666666666666666
0.25
0.3333333333333333
0.41666666666666663
0.5
0.5416666666666666
0.5833333333333333
0.625
0.6666666666666666
0.6875
0.7083333333333333
0.71875
0.7291666666666666
0.7395833333333333
0.7447916666666666
0.75
0.7526041666666666
0.75390625
0.7552083333333333
0.7565104166666666
0.7571614583333333
0.7578125
0.7584635416666666
0.7591145833333333
0.759765625
0.7604166666666666
0.7630208333333333
0.7643229166666666
0.765625
0.7708333333333333
0.7760416666666666
0.78125
0.7916666666666666
0.8125
0.8333333333333333
0.875
0.9166666666666666
0.9375
0.9583333333333333
0.96875
0.9791666666666666
0.984375
0.9895833333333333
0.9921875
0.9947916666666666
0.99609375
0.9973958333333333
0.9986979166666666
0.9990234375
0.9993489583333333
0.9996744791666666
0.9998372395833333
0.9999186197916666
0.9999593098958333
1.
0.
0.00949946940846709
0.01343626665935527
0.019007375884379278
0.026896433418974845
0.03808257519155438
0.04669717685046514
0.05398597718895382
0.07671863166131704
0.09442497772949773
0.10958048686503095
0.13559636731096783
0.15825252127623998
0.19824846501080526
0.2346032308692057
0.30405624729425607
0.3770349623350223
0.46464306881728035
0.5937855661235367
0.6954729640552682
0.8249980293649226
0.9572566425919701
1.090876128211631
1.1643103931424987
1.24866478428782
1.2981350740181186
1.3560682514553362
1.4290169723746369
1.476085415375986
1.5379102376625244
1.5799799186316088
1.6065272707528013
1.6396410809901873
1.6850652487702042
1.7167175739503304
1.7589387645868033
1.8108455764132452
1.8573967139209546
1.8922033289943594
1.9188726687670672
1.9886825955737029
2.0131372779945678
2.034025811249154
2.097910982575291
2.145393437103684
2.184391333238205
2.2481896301723054
2.347188728707182
2.427861983958212
2.566428053817713
2.696834519734993
2.765224226768575
2.8407101156158667
2.8835926781542103
2.932937090438653
2.9617279158098784
2.9954012910091703
3.015271810035868
3.038681563584333
3.052568031720142
3.0689838102354923
3.0903075364552133
3.097190434239563
3.1053479115818146
3.115971846563309
3.123480049552708
3.12878712770124
3.1325387883437856
3.141592653589793
4.8635324310136365
9.741081008842155
66
0.
0.0003255208333333333
0.0006510416666666666
0.0013020833333333333
0.0026041666666666665
0.005208333333333333
0.0078125
0.010416666666666666
0.020833333333333332
0.03125
0.041666666666666664
0.0625
0.08333333333333333
0.125
0.16666666666666666
0.25
0.3333333333333333
0.41666666666666663
0.5
0.5416666666666666
0.5833333333333333
0.625
0.6666666666666666
0.6875
0.7083333333333333
0.7291666666666666
0.7395833333333333
0.75
0.7552083333333333
0.7604166666666666
0.7630208333333333
0.765625
0.7682291666666666
0.76953125
0.7708333333333333
0.7721354166666666
0.7734375
0.7760416666666666
0.7786458333333333
0.78125
0.7864583333333333
0.7916666666666666
0.8020833333333333
0.8125
0.8333333333333333
0.8541666666666666
0.875
0.9166666666666666
0.9375
0.9583333333333333
0.96875
0.9791666666666666
0.984375
0.9895833333333333
0.9921875
0.9947916666666666
0.99609375
0.9973958333333333
0.9986979166666666
0.9990234375
0.9993489583333333
0.9996744791666666
0.9998372395833333
0.9999186197916666
0.9999593098958333
1.
0.
0.008989541883122596
0.01271497512527652
0.01798690494654065
0.025452091571074
0.03603662199569396
0.044187314716285314
0.05108303806867348
0.07258575309721724
0.08932852738281388
0.10365427923877626
0.12823229848033477
0.1496187403899253
0.18731991184992086
0.22150907101306136
0.2865007529804666
0.35403304975130434
0.4332438524742256
0.5435869061157946
0.6254960040798709
0.735354859937371
0.8614703778524292
0.9932525362981409
1.0649266194488523
1.1455766050742398
1.2433657676466958
1.3041340621126198
1.380011191303219
1.4279150173355075
1.4882331035973246
1.5264488707287047
1.5743571155367595
1.640435375616093
1.6860771825006482
1.7438053013643529
1.8067692529393535
1.860393280158889
1.935098989411074
1.9860944196195074
2.0253942375027574
2.0858559511588934
2.13310028826867
2.2075102954600085
2.2673707257637137
2.3652828274553785
2.448084237741749
2.5233611326681973
2.6665311474399758
2.7404680019621597
2.821504080398718
2.867343579623443
2.9199593050096673
2.95060732142618
2.9864147333140365
3.0075283996264432
3.0323909615942997
3.047133277596371
3.0645579141094172
3.0871849437445373
3.0944876973538045
3.103143050560549
3.1144125944570167
3.122376361270017
3.128006115529706
3.131986236346914
3.141592653589793
4.99946234895442
9.230869867997633
61
0.
0.0003255208333333333
0.0006510416666666666
0.0013020833333333333
0.0026041666666666665
0.00390625
0.005208333333333333
0.010416666666666666
0.015625
0.020833333333333332
0.041666666666666664
0.0625
0.08333333333333333
0.125
0.16666666666666666
0.25
0.3333333333333333
0.41666666666666663
0.5
0.5416666666666666
0.5833333333333333
0.625
0.6666666666666666
0.7083333333333333
0.7291666666666666
0.75
0.7604166666666666
0.7708333333333333
0.7760416666666666
0.78125
0.7838541666666666
0.7864583333333333
0.7890625
0.7916666666666666
0.796875
0.8020833333333333
0.8125
0.8229166666666666
0.8333333333333333
0.8541666666666666
0.875
0.9166666666666666
0.9375
0.9583333333333333
0.96875
0.9791666666666666
0.984375
0.9895833333333333
0.9921875
0.9947916666666666
0.99609375
0.9973958333333333
0.9986979166666666
0.9990234375
0.9993489583333333
0.9996744791666666
0.9998372395833333
0.9999186197916666
0.9999593098958333
0.9999796549479166
1.
0.
0.008495970561256153
0.012016824380951377
0.016999190457745283
0.024054184413618635
0.02947704912984873
0.034056631612453266
0.04827417017021331
0.0592606322707808
0.06858818305971211
0.09792651490876521
0.12112082700277267
0.14128884943405648
0.17679875089061176
0.20893632542525176
0.2697723141030789
0.3324109060832113
0.4045700078929298
0.5010668752231656
0.5692263702617286
0.6605362163069811
0.7740995537609682
0.8997900511140217
1.0446106657590137
1.1346132172699255
1.2509818045810752
1.3283473249613211
1.4329844073375004
1.5064373917272773
1.6128270590925913
1.6887745621091828
1.7764426052645765
1.8535660891811672
1.9127317108292483
1.9972618935669806
2.058511728622078
2.1494613558270173
2.2195791852951983
2.278687105006533
2.3788834851019565
2.466194996097869
2.6268100274371364
2.7081077623560486
2.7964385319283083
2.8461476066925235
2.9030371584717063
2.93610926879373
2.9746998565007496
2.9974348338863077
3.024190886526159
3.0400504884704476
3.0587882663880333
3.0831157935447986
3.0909660526275853
3.1002686017015884
3.112382211036435
3.1209427749710157
3.1269934934762658
3.131270742098838
3.134294586498254
3.141592653589793
5.135392266895204
8.707028903106272
57
0.
0.0003255208333333333
0.0006510416666666666
0.0013020833333333333
0.0026041666666666665
0.00390625
0.005208333333333333
0.010416666666666666
0.015625
0.020833333333333332
0.041666666666666664
0.0625
0.08333333333333333
0.125
0.16666666666666666
0.25
0.3333333333333333
0.41666666666666663
0.5
0.5833333333333333
0.625
0.6666666666666666
0.7083333333333333
0.7291666666666666
0.75
0.7604166666666666
0.7708333333333333
0.78125
0.7916666666666666
0.796875
0.8020833333333333
0.8072916666666666
0.8125
0.8229166666666666
0.8333333333333333
0.8541666666666666
0.875
0.9166666666666666
0.9375
0.9583333333333333
0.96875
0.9791666666666666
0.984375
0.9895833333333333
0.9921875
0.9947916666666666
0.99609375
0.9973958333333333
0.9986979166666666
0.9990234375
0.9993489583333333
0.9996744791666666
0.9998372395833333
0.9999186197916666
0.9999593098958333
0.9999796549479166
1.
0.
0.008021935766366953
0.011346310753713899
0.01605059027945836
0.02271167488337112
0.027831616020435157
0.032155255530870765
0.0455772600321252
0.05594773228660311
0.06475120632006344
0.09243262911599065
0.11430477096954958
0.13331143534332993
0.16674149077499942
0.19694515108961527
0.25391926176777707
0.3121429146024923
0.37827120734527414
0.46405993739830215
0.5990665294925164
0.6980702771653398
0.8142088716095287
0.9495418640284483
1.0321732797133116
1.135204510712248
1.1995036175679297
1.2776523981165364
1.3784807705259463
1.525561796234352
1.635009058957696
1.766630874220004
1.8775959033649485
1.9587701439686371
2.0733917987150057
2.1576446258989463
2.2871062100472277
2.392398885083011
2.5769712823396698
2.6678622324822165
2.7654857024537978
2.820054166416164
2.8822634820522457
2.9183344164961844
2.9603561917249985
2.9850841102288372
3.0141632071300064
3.0313902508977506
3.0517372265079725
3.0781441889504477
3.0866633917135973
3.0967578752702343
3.1099020808464664
3.11919022487239
3.12575483576388
3.130395169637119
3.1336756085158535
3.141592653589793
5.339287143806381
7.913066075016251
57
0.
0.0003255208333333333
0.0006510416666666666
0.0013020833333333333
0.0026041666666666665
0.005208333333333333
0.010416666666666666
0.015625
0.020833333333333332
0.041666666666666664
0.0625
0.08333333333333333
0.125
0.16666666666666666
0.25
0.3333333333333333
0.41666666666666663
0.5
0.5833333333333333
0.625
0.6666666666666666
0.7083333333333333
0.7291666666666666
0.75
0.7708333333333333
0.7916666666666666
0.8020833333333333
0.8125
0.8177083333333333
0.8229166666666666
0.828125
0.8333333333333333
0.84375
0.8541666666666666
0.875
0.8958333333333333
0.9166666666666666
0.9375
0.9583333333333333
0.96875
0.9791666666666666
0.984375
0.9895833333333333
0.9921875
0.9947916666666666
0.99609375
0.9973958333333333
0.998046875
0.9986979166666666
0.9993489583333333
0.99951171875
0.9996744791666666
0.9998372395833333
0.9999186197916666
0.9999593098958333
0.9999796549479166
1.
0.
0.007351685190689238
0.010398279041504782
0.014709415362226233
0.020813667395223362
0.029467374933761975
0.04176546650447669
0.051266153734339036
0.05933008128123222
0.08467661037874404
0.10469036018694962
0.12206925644546533
0.15259794855129616
0.18012430806224214
0.23183323693458888
0.2842207579368218
0.342788746993617
0.4163715730691483
0.5256671441606215
0.6054660163250688
0.7046753375674444
0.823706888003107
0.8954385603091777
0.9825242254754644
1.095985191809628
1.2548959246263154
1.3630294694073877
1.5059292557105701
1.5953004264226385
1.692099434707449
1.7844369383063887
1.8646593282708053
1.9915818817426436
2.0897430466836635
2.2430332253301475
2.368634784000314
2.4823407513006948
2.5929832436932774
2.7088363008461047
2.7726404220234757
2.844766687948528
2.8863518700141255
2.9346257602148635
2.962961408213122
2.9962281238002273
3.0159127748891343
3.0391450703836016
3.052942288063811
3.0692697280189485
3.0904943806166716
3.0973488637017312
3.1054755805584042
3.116061229768512
3.1235428080556615
3.1288312825760305
3.132569899672011
3.141592653589793
5.543182020717557
7.129471240019665
53
0.
0.0006510416666666666
0.0013020833333333333
0.0026041666666666665
0.005208333333333333
0.010416666666666666
0.015625
0.020833333333333332
0.041666666666666664
0.0625
0.08333333333333333
0.125
0.16666666666666666
0.25
0.3333333333333333
0.41666666666666663
0.5
0.5833333333333333
0.6666666666666666
0.7083333333333333
0.75
0.7708333333333333
0.7916666666666666
0.8125
0.8229166666666666
0.8333333333333333
0.84375
0.8541666666666666
0.8645833333333333
0.875
0.8958333333333333
0.9166666666666666
0.9375
0.9583333333333333
0.96875
0.9791666666666666
0.984375
0.9895833333333333
0.9921875
0.9947916666666666
0.99609375
0.9973958333333333
0.998046875
0.9986979166666666
0.9993489583333333
0.99951171875
0.9996744791666666
0.9998372395833333
0.9999186197916666
0.9999593098958333
0.9999796549479166
0.9999898274739583
1.
0.
0.009518603521359801
0.013464964396024737
0.01905260339391179
0.026973621082291017
0.03822957672119673
0.046924229036917585
0.054303179179276566
0.07749010603711
0.09578924687537606
0.11167034636136851
0.13954151563824607
0.164633390034149
0.2116239909288357
0.25893146145336454
0.31123368683185093
0.3755407829856302
0.46730097654887653
0.6165456381341017
0.7195856698670743
0.8548334379148966
0.9480027400222343
1.0728406361778309
1.2435484155823053
1.3538468283224596
1.4881504389116649
1.6418847986151974
1.7908420777610672
1.9189833050401155
2.027366450749062
2.2052718633322974
2.3551841195381567
2.494151678218733
2.6348994519921867
2.710995794591915
2.796160482897448
2.844943517685747
2.901346069796717
2.9343601340272523
2.9730516974262344
2.9959150779244497
3.022877359108366
3.038880060723333
3.057809276038645
3.0824051603589857
3.0903464332790054
3.0997610025553275
3.112023065824615
3.1206887187337324
3.126813797613917
3.131143652511981
3.1342047078444146
3.141592653589793
5.815041856599126
6.140405373563049
50
0.
0.0006510416666666666
0.0013020833333333333
0.0026041666666666665
0.005208333333333333
0.0078125
0.010416666666666666
0.020833333333333332
0.03125
0.041666666666666664
0.08333333333333333
0.125
0.16666666666666666
0.25
0.3333333333333333
0.41666666666666663
0.5
0.5833333333333333
0.6666666666666666
0.7083333333333333
0.75
0.7916666666666666
0.8333333333333333
0.84375
0.8541666666666666
0.875
0.8958333333333333
0.9166666666666666
0.9375
0.9583333333333333
0.96875
0.9791666666666666
0.984375
0.9895833333333333
0.9921875
0.9947916666666666
0.99609375
0.9973958333333333
0.998046875
0.9986979166666666
0.9990234375
0.9993489583333333
0.9996744791666666
0.999755859375
0.9998372395833333
0.9999186197916666
0.9999593098958333
0.9999796549479166
0.9999898274739583
1.
0.
0.00845001645672402
0.011953299903587816
0.016913500963477997
0.02394479603168953
0.029357624297319068
0.033935639596696
0.04820037949017448
0.05929285692586108
0.06877105546069115
0.0990719251566152
0.12374986175879862
0.14593407581110604
0.18735619426623046
0.22880754093709307
0.2741621353332347
0.3288551375575812
0.4041373032885589
0.5237930419528045
0.6086310326697446
0.7187226442008481
0.8859303746679353
1.1727691713483268
1.2721959816694137
1.3866720610311352
1.6461399444426217
1.898419419537861
2.115229833195887
2.308105132540309
2.4961560794348663
2.595520770402165
2.70527830060837
2.767594795225441
2.8392436793241083
2.8810172643516614
2.929846760801314
2.9586470783094936
2.992567715190816
3.0126829286745784
3.0364609225477954
3.050598338031512
3.067338708807664
3.089117737399159
3.096154306247634
3.104497603705698
3.1153671833169994
3.1230507894564563
3.1284827469614327
3.1323231351069962
3.141592653589793
6.222831610421478
4.825409701718597
47
0.
0.0013020833333333333
0.0026041666666666665
0.005208333333333333
0.010416666666666666
0.020833333333333332
0.03125
0.041666666666666664
0.08333333333333333
0.125
0.16666666666666666
0.25
0.3333333333333333
0.5
0.5833333333333333
0.6666666666666666
0.7083333333333333
0.75
0.7916666666666666
0.8333333333333333
0.8541666666666666
0.875
0.9166666666666666
0.9375
0.9583333333333333
0.96875
0.9791666666666666
0.984375
0.9895833333333333
0.9921875
0.9947916666666666
0.99609375
0.9973958333333333
0.998046875
0.9986979166666666
0.9990234375
0.9993489583333333
0.99951171875
0.9996744791666666
0.9998372395833333
0.9998779296875
0.9999186197916666
0.9999593098958333
0.9999796549479166
0.9999898274739583
0.9999949137369791
1.
0.
0.00998575329757526
0.014129394276006794
0.02000299346049472
0.028348299133489338
0.04026196928981562
0.04952444573451596
0.05743735929509115
0.08272059597398757
0.10329034441871286
0.12175748954831911
0.1561482385483984
0.1903783500539988
0.27147609567925146
0.33013224771286365
0.42034660625017345
0.485009233678901
0.5685146663015146
0.686976450434366
0.8772222934143273
1.0116121525829205
1.1858693503443722
1.650730299675004
1.916701425154773
2.1941337717690907
2.341725469371203
2.504058648177759
2.595815387715912
2.700952072151422
2.7620861629474867
2.8334096886229143
2.8754171310319094
2.9248437230580033
2.9541329438806554
2.988734746074838
3.0093030745483724
3.0336507391460112
3.0481420615023533
3.0653148910603125
3.0876777406311624
3.094907014531431
3.1034798396556087
3.114648211210337
3.1225427467727664
3.1281236800400403
3.132069323144954
3.141592653589793
6.630621364243831
3.733098976538783
48
0.
0.0013020833333333333
0.0026041666666666665
0.005208333333333333
0.010416666666666666
0.015625
0.020833333333333332
0.041666666666666664
0.0625
0.08333333333333333
0.16666666666666666
0.25
0.3333333333333333
0.5
0.5833333333333333
0.6666666666666666
0.7083333333333333
0.75
0.7916666666666666
0.8333333333333333
0.875
0.9166666666666666
0.9375
0.9583333333333333
0.96875
0.9791666666666666
0.984375
0.9895833333333333
0.9921875
0.9947916666666666
0.99609375
0.9973958333333333
0.998046875
0.9986979166666666
0.9990234375
0.9993489583333333
0.99951171875
0.9996744791666666
0.999755859375
0.9998372395833333
0.9999186197916666
0.99993896484375
0.9999593098958333
0.9999796549479166
0.9999898274739583
0.9999949137369791
0.9999974568684895
1.
0.
0.008331821279671673
0.011789117471416892
0.016689757792074444
0.023652496463424443
0.02902958262261321
0.03359189477725771
0.04791937502523599
0.059214144180710596
0.06900447012530407
0.10153464909232565
0.1301462458383501
0.15854402198508394
0.22514328959042906
0.27224939354223254
0.34300855497202387
0.39360231574322174
0.45879060202926564
0.5473800872579896
0.680565335492676
0.8907490881528465
1.2424246172984665
1.4935043163279105
1.8093172587204573
1.9984658366760726
2.2189284401804676
2.3475436222347694
2.4974936756772115
2.585680146471929
2.689273520082713
2.7505693510177713
2.822898029405457
2.8658463942520753
2.916652257516686
2.946878492544182
2.982682974730747
3.004004127506993
3.0292779583723393
3.0443367603169817
3.0621927337491983
3.0854547840359294
3.0929774894430553
3.1019001428155963
3.1135272883233536
3.1217481824593523
3.1275608629087124
3.131670863938207
3.141592653589793
7.174341036006968
2.5903747706062106
51
0.
0.0026041666666666665
0.005208333333333333
0.010416666666666666
0.020833333333333332
0.03125
0.041666666666666664
0.08333333333333333
0.125
0.16666666666666666
0.3333333333333333
0.5
0.5833333333333333
0.6666666666666666
0.75
0.7916666666666666
0.8333333333333333
0.875
0.8958333333333333
0.9166666666666666
0.9375
0.9479166666666666
0.9583333333333333
0.96875
0.9791666666666666
0.984375
0.9895833333333333
0.9921875
0.9947916666666666
0.99609375
0.9973958333333333
0.998046875
0.9986979166666666
0.9990234375
0.9993489583333333
0.99951171875
0.9996744791666666
0.999755859375
0.9998372395833333
0.9998779296875
0.9999186197916666
0.9999593098958333
0.999969482421875
0.9999796549479166
0.9999898274739583
0.9999923706054688
0.9999949137369791
0.9999974568684895
0.9999987284342448
0.9999993642171223
1.
0.
0.009231108253369714
0.013068393337796
0.018520305665209878
0.026302881808189335
0.032352966181370214
0.03752098862603892
0.05402866869743454
0.0674499053497769
0.07948823065602394
0.12402539718736083
0.17562722300681588
0.21151267315141714
0.2643356746179231
0.3498640450362931
0.4128416480300363
0.5012666498141335
0.6355158782984485
0.733976519580431
0.8657865600759825
1.0495036022910844
1.170171343545425
1.3198690465013745
1.5105645034809418
1.7654335284419238
1.930796193020483
2.1379517097060434
2.2661572392175056
2.421857720042287
2.5162058412260775
2.6293172506940086
2.697251126109625
2.7782306499843146
2.8266739373036396
2.8842700937154384
2.918661991524216
2.9595031036663837
2.9838698664623236
3.0127886900808187
3.0300347443744897
3.0504977918256526
3.077172866024089
3.0858018454173823
3.096038065078355
3.1093792347992757
3.1136946054571717
3.1188135964066466
3.125485062581042
3.1302026841377435
3.133538637636386
3.141592653589793
7.718060707770105
1.7427419221020424
53
0.
0.0026041666666666665
0.005208333333333333
0.010416666666666666
0.020833333333333332
0.041666666666666664
0.08333333333333333
0.125
0.16666666666666666
0.3333333333333333
0.5
0.5833333333333333
0.6666666666666666
0.75
0.7916666666666666
0.8333333333333333
0.875
0.8958333333333333
0.9166666666666666
0.9375
0.9479166666666666
0.9583333333333333
0.96875
0.9739583333333333
0.9791666666666666
0.984375
0.9895833333333333
0.9921875
0.9947916666666666
0.99609375
0.9973958333333333
0.998046875
0.9986979166666666
0.9990234375
0.9993489583333333
0.99951171875
0.9996744791666666
0.999755859375
0.9998372395833333
0.9998779296875
0.9999186197916666
0.99993896484375
0.9999593098958333
0.9999796549479166
0.9999847412109375
0.9999898274739583
0.9999949137369791
0.9999961853027344
0.9999974568684895
0.9999987284342448
0.9999993642171223
0.9999996821085612
1.
0.
0.007187785328825228
0.01017568892719728
0.014420835163098373
0.0204807957739179
0.029215942596705808
0.042069861842900166
0.05252001862002307
0.06189237897730892
0.09653767539829945
0.1364895877006705
0.16400081306625705
0.20400666541218102
0.2681232433435396
0.31410712927235784
0.37594073062869887
0.4671017428808381
0.5324829312384329
0.6210460695356264
0.7482974226408637
0.8359220154267962
0.9496168955088948
1.1047393439930135
1.2070312427303587
1.3346462669954204
1.5006669211545651
1.7299798647589748
1.8843263953339184
2.084427982658805
2.2120432235013676
2.3707537552796345
2.4687274746969052
2.587786201011398
2.660047038443407
2.746820102778835
2.7990186465565516
2.861314373563888
2.8986200960725275
2.9430033623336778
2.9695221996777392
3.0010284660674813
3.019829533405072
3.0421477716093137
3.07125700745503
3.080676135189384
3.0918505907315312
3.1064160768510503
3.111127828270931
3.116717243449289
3.124002175017933
3.12915385311878
3.132796866497955
3.141592653589793
8.53364021541481
0.9033988959481464
55
0.
0.010416666666666666
0.020833333333333332
0.041666666666666664
0.08333333333333333
0.125
0.16666666666666666
0.3333333333333333
0.5
0.6666666666666666
0.75
0.7916666666666666
0.8333333333333333
0.875
0.8958333333333333
0.9166666666666666
0.9375
0.9479166666666666
0.9583333333333333
0.96875
0.9739583333333333
0.9791666666666666
0.984375
0.9869791666666666
0.9895833333333333
0.9921875
0.9934895833333333
0.9947916666666666
0.99609375
0.9973958333333333
0.998046875
0.9986979166666666
0.9990234375
0.9993489583333333
0.99951171875
0.9996744791666666
0.999755859375
0.9998372395833333
0.9998779296875
0.9999186197916666
0.99993896484375
0.9999593098958333
0.999969482421875
0.9999796549479166
0.9999847412109375
0.9999898274739583
0.9999949137369791
0.9999961853027344
0.9999974568684895
0.9999987284342448
0.9999993642171223
0.9999996821085612
0.9999998410542805
0.9999999205271403
1.
0.
0.009789474906592543
0.013903244971986745
0.019833034363630722
0.028558633786834386
0.03565196103760101
0.04201282431630193
0.06550516247862097
0.09247572019414693
0.13740489138770437
0.17945038940993815
0.20888776383212407
0.24713127258430673
0.3020765162788703
0.340610602972613
0.3922473079220138
0.4672842560316668
0.5202008739640206
0.5908861959352992
0.6920334034797404
0.7620598747188858
0.8538492018578437
0.9817221030398875
1.0678115493321405
1.1776801816735412
1.3248821387418144
1.4202029197973223
1.537659078340376
1.6880374857792537
1.8925298688914758
2.0289083492383653
2.20503096437396
2.317325130844775
2.457140791435321
2.5436685241444787
2.649038971218175
2.71309459593082
2.790107583121599
2.8364871972877737
2.8918900410216364
2.9250873199590073
2.9646061339886884
2.988227837752817
3.016295573031143
3.0330493461333905
3.0529415455118634
3.0788882431298092
3.087283987998445
3.097244917221937
3.1102295532944217
3.11941333371458
3.1259083761264512
3.1305016294695225
3.1337498325800204
3.141592653589793
9.349219723059516
0.4421791582925313
55
0.
0.020833333333333332
0.041666666666666664
0.08333333333333333
0.16666666666666666
0.3333333333333333
0.5
0.6666666666666666
0.75
0.8333333333333333
0.875
0.9166666666666666
0.9375
0.9479166666666666
0.9583333333333333
0.96875
0.9739583333333333
0.9791666666666666
0.984375
0.9869791666666666
0.9895833333333333
0.9921875
0.9934895833333333
0.9947916666666666
0.99609375
0.9967447916666666
0.9973958333333333
0.998046875
0.9986979166666666
0.9990234375
0.9993489583333333
0.99951171875
0.9996744791666666
0.999755859375
0.9998372395833333
0.9998779296875
0.9999186197916666
0.99993896484375
0.9999593098958333
0.999969482421875
0.9999796549479166
0.9999847412109375
0.9999898274739583
0.9999923706054688
0.9999949137369791
0.9999961853027344
0.9999974568684895
0.9999987284342448
0.9999990463256836
0.9999993642171223
0.9999996821085612
0.9999998410542805
0.9999999205271403
0.9999999602635701
1.
0.
0.009322361315794732
0.013298269547394152
0.019148465164447764
0.028167558292267542
0.04390432351959053
0.06192270217478472
0.09171891816156331
0.11939404355794189
0.16303910531268767
0.19779579426680732
0.25389586484832954
0.30035698128552063
0.3331932847334943
0.377575529408262
0.44220672768227026
0.48788034009889947
0.5490726976113411
0.6369432528738715
0.6980033813559655
0.7784318520058273
0.8911798483998993
0.9676688412254255
1.0661636545338724
1.200059720120509
1.2881800563045636
1.3985087861038792
1.5429431244576226
1.7457701843634454
1.8854283940633054
2.0711840052689707
2.1927336832163666
2.347350834650716
2.4446982077377175
2.5648118165296356
2.638589326729275
2.7279555839481753
2.782075839468874
2.8469766388670865
2.885979727281877
2.932500889881459
2.960348237107104
2.9934682576489147
3.0132530482370146
3.0367567547014063
3.050782149984307
3.06742752587581
3.089132766513072
3.096156229309914
3.1044892884504174
3.1153522965923557
3.1230357597517324
3.1284698678560643
3.1323129024764023
3.141592653589793
10.43665906658579
0.16661404816293054
59
0.
0.041666666666666664
0.08333333333333333
0.16666666666666666
0.3333333333333333
0.5
0.6666666666666666
0.75
0.8333333333333333
0.875
0.9166666666666666
0.9375
0.9583333333333333
0.96875
0.9739583333333333
0.9791666666666666
0.984375
0.9869791666666666
0.9895833333333333
0.9921875
0.9934895833333333
0.9947916666666666
0.99609375
0.9967447916666666
0.9973958333333333
0.998046875
0.9983723958333333
0.9986979166666666
0.9990234375
0.9991861979166666
0.9993489583333333
0.99951171875
0.9996744791666666
0.999755859375
0.9998372395833333
0.9998779296875
0.9999186197916666
0.99993896484375
0.9999593098958333
0.999969482421875
0.9999796549479166
0.9999847412109375
0.9999898274739583
0.9999923706054688
0.9999949137369791
0.9999961853027344
0.9999974568684895
0.9999980926513672
0.9999987284342448
0.9999990463256836
0.9999993642171223
0.9999996821085612
0.9999997615814209
0.9999998410542805
0.9999999205271403
0.9999999602635701
0.999999980131785
0.9999999900658925
1.
0.
0.007684835152277058
0.01106529470794286
0.0162760757079076
0.02536281904311257
0.03574793044934269
0.052843666837856774
0.06865499746703707
0.09331982044335409
0.11275152306378451
0.14381927883217696
0.16941251505464539
0.2120061429914651
0.24799642435733205
0.2737080654607739
0.30853766583457665
0.3593673797354674
0.3952917934852238
0.443428510961722
0.5126387376562982
0.5608850533794862
0.6247621253597696
0.7152147877132983
0.7773560445013159
0.8585035420018832
0.9712000507799164
1.0470883868396772
1.144265372405639
1.2755350121286673
1.3614917731282745
1.4686892900854702
1.6084340008991644
1.8037855836860734
1.9378805212298031
2.115903928941852
2.23228114811291
2.3802875712101272
2.4734992443561414
2.5885320911372616
2.659210487386905
2.744868498949761
2.7967454425484912
2.8589815140384096
2.8963805863038496
2.940993279533058
2.9677068753182314
2.9994880191192617
3.018467642327069
3.0410115017232804
3.054465051323108
3.0704355863217074
3.091262234055578
3.098001091770878
3.105996280738028
3.116418517735452
3.123790000630098
3.129003351154721
3.1326902093757587
3.141592653589793
11.524098410112064
0.06773120098485898
61
0.
0.16666666666666666
0.3333333333333333
0.5
0.6666666666666666
0.75
0.8333333333333333
0.875
0.9166666666666666
0.9375
0.9583333333333333
0.96875
0.9791666666666666
0.984375
0.9895833333333333
0.9921875
0.9934895833333333
0.9947916666666666
0.99609375
0.9967447916666666
0.9973958333333333
0.998046875
0.9983723958333333
0.9986979166666666
0.9990234375
0.9991861979166666
0.9993489583333333
0.99951171875
0.9995930989583333
0.9996744791666666
0.999755859375
0.9997965494791666
0.9998372395833333
0.9998779296875
0.9999186197916666
0.99993896484375
0.9999593098958333
0.999969482421875
0.9999796549479166
0.9999847412109375
0.9999898274739583
0.9999923706054688
0.9999949137369791
0.9999961853027344
0.9999974568684895
0.9999980926513672
0.9999987284342448
0.9999990463256836
0.9999993642171223
0.9999995231628418
0.9999996821085612
0.9999997615814209
0.9999998410542805
0.9999999205271403
0.9999999403953552
0.9999999602635701
0.999999980131785
0.9999999900658925
0.9999999950329462
0.9999999975164731
1.
0.
0.00918147688230522
0.014305682661709304
0.020157540512195166
0.02977306887414908
0.03865331859083342
0.05245643599276355
0.06328934694320361
0.08055245826324164
0.09473996691206821
0.11834842421514755
0.13835187859205553
0.17219722022442097
0.20082162115862473
0.24861072294347872
0.2884161240882191
0.31643875726665277
0.3539243352241278
0.40783524061230864
0.4455006890018385
0.495546753226109
0.566852201550849
0.6161849146450377
0.6810863040207238
0.7722304765000761
0.8343516756133385
0.9148838094696009
1.025679804072572
1.0996588203290507
1.1937285034855598
1.319815915966674
1.4018985958569055
1.503882936774535
1.6364747151822414
1.8218441628329933
1.949549213393615
2.1202546730286502
2.2327975554010626
2.3772159682958147
2.4689651697745942
2.583044391550427
2.6536084428398543
2.739504912534506
2.7917559678763504
2.8546033961918194
2.892441096598581
2.9376618326881037
2.964773407312479
2.99704133205339
3.0163155830840322
3.0392149373113564
3.0528846278712685
3.06911786149328
3.090303626762623
3.0971633667735334
3.105304957770326
3.1159229135790896
3.1234361651000877
3.1287514535957226
3.1325112407268056
3.141592653589793
12.611537753638338
0.03422823679285403
67
0.
0.16666666666666666
0.3333333333333333
0.5
0.6666666666666666
0.75
0.8333333333333333
0.875
0.9166666666666666
0.9375
0.9583333333333333
0.96875
0.9791666666666666
0.984375
0.9895833333333333
0.9921875
0.9947916666666666
0.99609375
0.9973958333333333
0.998046875
0.9983723958333333
0.9986979166666666
0.9990234375
0.9991861979166666
0.9993489583333333
0.99951171875
0.9995930989583333
0.9996744791666666
0.999755859375
0.9997965494791666
0.9998372395833333
0.9998779296875
0.9998982747395833
0.9999186197916666
0.99993896484375
0.9999491373697916
0.9999593098958333
0.999969482421875
0.9999796549479166
0.9999847412109375
0.9999898274739583
0.9999923706054688
0.9999949137369791
0.9999961853027344
0.9999974568684895
0.9999980926513672
0.9999987284342448
0.9999990463256836
0.9999993642171223
0.9999995231628418
0.9999996821085612
0.9999997615814209
0.9999998410542805
0.9999998807907104
0.9999999205271403
0.9999999403953552
0.9999999602635701
0.999999980131785
0.9999999850988388
0.9999999900658925
0.9999999950329462
0.9999999962747097
0.9999999975164731
0.9999999987582365
0.9999999993791182
0.9999999996895591
1.
0.
0.004915920720218069
0.007658999877391559
0.010790386810381985
0.015931636758360266
0.020677540627658662
0.02804738825577056
0.033822669629307474
0.043017112622822415
0.05056718997886644
0.06313220728052578
0.07379166935145581
0.09187307946517857
0.10721632255940287
0.13294663701284637
0.15449799444176765
0.1902348045452464
0.21992882363198757
0.26886462757309576
0.30928094557217967
0.3376049920774926
0.37535033447248406
0.42934769707204784
0.46685408805929274
0.5163822606471187
0.5863041549705466
0.634218770730313
0.6966786812733883
0.7833135621896877
0.8416711049094957
0.9165603918972155
1.0183250012316079
1.085565311509342
1.1703978000445923
1.2832259844185006
1.35632086996485
1.4469817990847493
1.5650073142488425
1.7314730776172718
1.8480715486487214
2.0077963707838733
2.1163642937477696
2.2605725456987082
2.355538811616484
2.477810477267796
2.555979577804855
2.6536245758825823
2.7144618180867077
2.7888687913544694
2.8342707729241314
2.8891312923094215
2.9222982657376293
2.961952266516035
2.9857091804978833
3.0140104857419967
3.030944899756357
3.051094568493797
3.077456993804818
3.0860089491239266
3.096169275954757
3.109436917372837
3.113734690904897
3.1188367467214264
3.1254925820772685
3.130203564002005
3.133537038105938
3.141592653589793