14
26
3.912023005428146
9.703800890316453
68
0.
0.00016276041666666666
0.0003255208333333333
0.0006510416666666666
0.0013020833333333333
0.0026041666666666665
0.00390625
0.005208333333333333
0.010416666666666666
0.015625
0.020833333333333332
0.03125
0.041666666666666664
0.0625
0.08333333333333333
0.125
0.16666666666666666
0.25
0.29166666666666663
0.3333333333333333
0.35416666666666663
0.375
0.38541666666666663
0.3958333333333333
0.40625
0.41666666666666663
0.4375
0.4583333333333333
0.47916666666666663
0.5
0.5833333333333333
0.625
0.6666666666666666
0.6770833333333333
0.6875
0.6979166666666666
0.703125
0.7083333333333333
0.7135416666666666
0.7161458333333333
0.71875
0.7213541666666666
0.7239583333333333
0.7291666666666666
0.734375
0.7395833333333333
0.75
0.7708333333333333
0.7916666666666666
0.8333333333333333
0.875
0.9166666666666666
0.9375
0.9583333333333333
0.96875
0.9791666666666666
0.984375
0.9895833333333333
0.9921875
0.9947916666666666
0.9973958333333333
0.998046875
0.9986979166666666
0.9993489583333333
0.9996744791666666
0.9998372395833333
0.9999186197916666
1.
0.
0.0097042786969054
0.013725149117359977
0.01941376049427281
0.027465035601726667
0.03886930661680004
0.047639241761373595
0.0550487498923966
0.07807713647134308
0.09590576148162881
0.1110716732730706
0.13685825941354848
0.15900949443819434
0.19725530572338631
0.23085636408655394
0.29111771371393497
0.3474248877817527
0.4624600959803734
0.528486409492074
0.6098446468483019
0.6625780964154943
0.7331506731972758
0.7815574541515836
0.8456759927600095
0.9255647205811115
1.000881494989954
1.1077520840889352
1.182703102645641
1.243368826626528
1.2965222586786838
1.4832075115164864
1.5798448271713756
1.697274584640074
1.7342967180242153
1.7777010461664111
1.8324379225738046
1.8677584744231717
1.9138091718654053
1.9845159847864873
2.041545816402785
2.1113583061899353
2.16631833354602
2.2052488181152605
2.259569369074899
2.298937987061915
2.3306744005132174
2.381646758767223
2.458937404708342
2.5205765348211937
2.623556641111046
2.715888201366222
2.808495383687955
2.8584702374583646
2.9144043341920125
2.946456805339292
2.9835306891097253
3.005238982097016
3.0306863952234258
3.045727185164609
3.0634657604711637
3.086451650256339
3.0938613201662615
3.102638585841388
3.1140604211571588
3.1221293471000457
3.1278324712636913
3.1318639612778436
3.141592653589793
4.04795292336893
9.780401188347108
73
0.
0.00016276041666666666
0.0003255208333333333
0.0006510416666666666
0.0013020833333333333
0.0026041666666666665
0.00390625
0.005208333333333333
0.010416666666666666
0.015625
0.020833333333333332
0.03125
0.041666666666666664
0.0625
0.08333333333333333
0.125
0.16666666666666666
0.25
0.29166666666666663
0.3333333333333333
0.35416666666666663
0.375
0.3958333333333333
0.40625
0.41666666666666663
0.4270833333333333
0.4375
0.4583333333333333
0.47916666666666663
0.5
0.5416666666666666
0.5833333333333333
0.625
0.6458333333333333
0.6666666666666666
0.6770833333333333
0.6875
0.6927083333333333
0.6953125
0.6979166666666666
0.7005208333333333
0.7018229166666666
0.703125
0.7044270833333333
0.7057291666666666
0.7083333333333333
0.7109375
0.7135416666666666
0.71875
0.7291666666666666
0.7395833333333333
0.75
0.7708333333333333
0.7916666666666666
0.8333333333333333
0.875
0.9166666666666666
0.9375
0.9583333333333333
0.96875
0.9791666666666666
0.984375
0.9895833333333333
0.9921875
0.9947916666666666
0.9973958333333333
0.998046875
0.9986979166666666
0.9993489583333333
0.9996744791666666
0.9998372395833333
0.9999186197916666
1.
0.
0.009393754875116688
0.01328592921482371
0.01879240734582657
0.026585719689652267
0.03762409592738308
0.04611211715836468
0.053282993385302735
0.07556632646723681
0.09281353394975365
0.10748086489296751
0.1324092267757154
0.15381023107463226
0.19072427930482802
0.22310616911851322
0.2810193968826874
0.3348606555394876
0.4433980418833787
0.5041077058506037
0.5759284471236076
0.6197024012011423
0.6732874040122008
0.745415164471212
0.7943132632739774
0.8562031734040786
0.927531598315539
0.9942637192575217
1.0959476337767822
1.17121591294925
1.2335985714545965
1.340995584775691
1.4412085857347785
1.5474727121832694
1.608588157828521
1.6821218489175733
1.728090019722501
1.7872482369653242
1.82700239966182
1.8520184262925203
1.88334858307786
1.927312302259832
1.959722850331785
2.00771111829975
2.0692269577197386
2.115152204027484
2.1699202855272848
2.2053814291189364
2.2324976950437314
2.274239728481127
2.3345001222745716
2.380345885185401
2.4186894304484503
2.4828926871817862
2.537630975232016
2.6333168341926
2.721806239729327
2.8120301657217257
2.861112346607358
2.9162726861891417
2.9479637640526706
2.9846769587140103
3.006197197522566
3.031441633563386
3.0463694439220292
3.063981115913524
3.0868096296734153
3.0941701115461755
3.102889298675828
3.114237174865657
3.12225363069818
3.127919408019864
3.1319249423966284
3.141592653589793
4.251847800280107
9.66503537334838
78
0.
0.00016276041666666666
0.0003255208333333333
0.0006510416666666666
0.0013020833333333333
0.0026041666666666665
0.00390625
0.005208333333333333
0.010416666666666666
0.015625
0.020833333333333332
0.03125
0.041666666666666664
0.0625
0.08333333333333333
0.125
0.16666666666666666
0.25
0.3333333333333333
0.375
0.41666666666666663
0.4375
0.4583333333333333
0.47916666666666663
0.5
0.5416666666666666
0.5833333333333333
0.625
0.6458333333333333
0.6666666666666666
0.6770833333333333
0.6822916666666666
0.6875
0.6901041666666666
0.6927083333333333
0.6940104166666666
0.6953125
0.6956380208333333
0.6959635416666666
0.6962890625
0.6966145833333333
0.69677734375
0.6969401041666666
0.6971028645833333
0.697265625
0.6975911458333333
0.6979166666666666
0.6985677083333333
0.69921875
0.7005208333333333
0.703125
0.7057291666666666
0.7083333333333333
0.7135416666666666
0.71875
0.7291666666666666
0.75
0.7708333333333333
0.7916666666666666
0.8333333333333333
0.875
0.9166666666666666
0.9375
0.9583333333333333
0.96875
0.9791666666666666
0.984375
0.9895833333333333
0.9921875
0.9947916666666666
0.9973958333333333
0.998046875
0.9986979166666666
0.9993489583333333
0.9996744791666666
0.9998372395833333
0.9999186197916666
1.
0.
0.008872657291729662
0.012548876285099562
0.017749743071539203
0.025110283993110837
0.035535004604856785
0.04355042768431314
0.05032141883886458
0.07135746224499057
0.08763307024442048
0.10146871588471404
0.1249693582182898
0.1451271913531097
0.17984818653420798
0.21024113726040464
0.26438674655210326
0.3143799558996467
0.4134247047190869
0.5279069848000016
0.6027394523639997
0.7105372936446791
0.7938672917453503
0.9065776079619359
1.0149983806098335
1.1000946311727386
1.2324102633028844
1.3470031970667435
1.4647857723833038
1.5322462601513978
1.614666624850569
1.6681361588386672
1.7013237250625441
1.7428751500125395
1.7693937605962606
1.8036288793064932
1.8263427477739256
1.8573715142275644
1.8676754744139665
1.879892141312452
1.8952255123485788
1.9167339573158082
1.9326333488974008
1.9571536658055062
1.993625175189261
2.020255227797714
2.04932777171129
2.0674726290403873
2.0923265036974246
2.110338815090185
2.137172176955564
2.174692874859895
2.2024545240609408
2.225147692884161
2.2619536079366975
2.2919835276428437
2.34087244028668
2.4161963381075133
2.476898283421563
2.530006296399215
2.6247103721006906
2.7135972519472125
2.8049894017185832
2.8549190995957505
2.911156192833486
2.9435116816869806
2.9810267557633634
3.0030303823117195
3.028851517973222
3.04412446473725
3.0621469028463717
3.0855113979145634
3.0930458018295375
3.101971319077072
3.11358762567407
3.1217951427011417
3.1275962137892455
3.1316969323580466
3.141592653589793
4.3877777182208915
9.490167927542128
95
0.
0.00016276041666666666
0.0003255208333333333
0.0006510416666666666
0.0013020833333333333
0.001953125
0.0026041666666666665
0.005208333333333333
0.0078125
0.010416666666666666
0.020833333333333332
0.03125
0.041666666666666664
0.0625
0.08333333333333333
0.125
0.16666666666666666
0.25
0.3333333333333333
0.375
0.41666666666666663
0.4375
0.4583333333333333
0.47916666666666663
0.5
0.5416666666666666
0.5833333333333333
0.625
0.6458333333333333
0.6666666666666666
0.6770833333333333
0.6875
0.6927083333333333
0.6953125
0.6979166666666666
0.6985677083333333
0.69921875
0.6998697916666666
0.7001953125
0.7005208333333333
0.7006022135416666
0.70068359375
0.7007649739583333
0.7008463541666666
0.7008870442708333
0.700927734375
0.7009480794270833
0.700958251953125
0.7009684244791666
0.7009735107421875
0.7009785970052083
0.7009836832682291
0.7009862263997395
0.70098876953125
0.7009989420572916
0.7010091145833333
0.7010294596354166
0.7010498046875
0.7010904947916666
0.7011311848958333
0.701171875
0.7013346354166666
0.7014973958333333
0.7018229166666666
0.7024739583333333
0.703125
0.7044270833333333
0.7057291666666666
0.7083333333333333
0.7135416666666666
0.71875
0.7291666666666666
0.75
0.7708333333333333
0.7916666666666666
0.8333333333333333
0.875
0.9166666666666666
0.9375
0.9583333333333333
0.96875
0.9791666666666666
0.984375
0.9895833333333333
0.9921875
0.9947916666666666
0.9973958333333333
0.998046875
0.9986979166666666
0.9993489583333333
0.9996744791666666
0.9998372395833333
0.9999186197916666
0.9999593098958333
1.
0.
0.008496061549793989
0.012016215320020684
0.0169962388291049
0.024044079222635135
0.029457392374938676
0.03402548719314631
0.04818188216138392
0.05908760082787938
0.06831803357652697
0.09713056600677025
0.119605641795873
0.13887293713464074
0.17203000010973962
0.20101424216520525
0.2525240935258957
0.29988221150103855
0.39275683466430933
0.4970697141914494
0.5618614733654093
0.6470023489276835
0.7050644457064277
0.7825813729530169
0.8827219361177024
0.9831227399437543
1.1387068279202135
1.2642440214924369
1.3874959614259925
1.4559880179798694
1.537160297390337
1.587618169744241
1.6529585487571667
1.69800785300273
1.7275904733724465
1.7678097330768865
1.781203107918335
1.797212811888107
1.817764689296046
1.8312194928247427
1.849132833058604
1.8548959465352421
1.8615607256629125
1.8695955517427056
1.8800452805255938
1.8870020444515914
1.896490740450371
1.9033338570929996
1.9079625527897195
1.9144318695033218
1.919280728976952
1.9277692253746679
1.9484873206705875
1.953589383341107
1.9570186680016095
1.965439479717241
1.9707892082081278
1.9782650394051138
1.9837600522460745
1.9920161195769863
1.9983587148597877
2.0036145743016416
2.019148371304468
2.0303527640819414
2.0470616613685118
2.0704513955515313
2.087734446167366
2.113899550110127
2.1341712591451656
2.1658004388372256
2.2120240165466964
2.2473087830301397
2.302344875818301
2.384180278419338
2.448834914234434
2.5048930438218244
2.6041889332001307
2.6969429232813056
2.7920672084956726
2.8439714643374314
2.9023958885548944
2.9359968137746435
2.9749468731882858
2.9977882614318734
3.0245898674511906
3.0404420487163644
3.0591463464975397
3.083394444683377
3.091213220704432
3.1004759087768856
3.1125307670356155
3.121047708805068
3.1270676365696093
3.131323141052636
3.134331624070648
3.141592653589793
4.489725156676479
9.3255791030522
92
0.
0.00016276041666666666
0.0003255208333333333
0.0006510416666666666
0.0013020833333333333
0.001953125
0.0026041666666666665
0.005208333333333333
0.0078125
0.010416666666666666
0.020833333333333332
0.03125
0.041666666666666664
0.0625
0.08333333333333333
0.125
0.16666666666666666
0.25
0.3333333333333333
0.375
0.41666666666666663
0.4583333333333333
0.47916666666666663
0.5
0.5208333333333333
0.5416666666666666
0.5833333333333333
0.625
0.6458333333333333
0.6666666666666666
0.6770833333333333
0.6875
0.6927083333333333
0.6979166666666666
0.7005208333333333
0.703125
0.7044270833333333
0.7057291666666666
0.7060546875
0.7063802083333333
0.7067057291666666
0.7068684895833333
0.70703125
0.7071126302083333
0.7071940104166666
0.7072347005208333
0.707275390625
0.7072957356770833
0.7073160807291666
0.7073262532552083
0.70733642578125
0.7073567708333333
0.7073771158854166
0.7073974609375
0.7074381510416666
0.70751953125
0.7076009114583333
0.7076822916666666
0.7080078125
0.7083333333333333
0.708984375
0.7096354166666666
0.7109375
0.7122395833333333
0.7135416666666666
0.71875
0.7239583333333333
0.7291666666666666
0.7395833333333333
0.75
0.7708333333333333
0.7916666666666666
0.8333333333333333
0.875
0.9166666666666666
0.9375
0.9583333333333333
0.96875
0.9791666666666666
0.984375
0.9895833333333333
0.9921875
0.9947916666666666
0.9973958333333333
0.998046875
0.9986979166666666
0.9993489583333333
0.9996744791666666
0.9998372395833333
0.9999186197916666
0.9999593098958333
1.
0.
0.008205899773527056
0.011605811248081369
0.016415687928235924
0.023222629611221426
0.02845079353229898
0.03286255356486911
0.046533751030230934
0.05706475165420739
0.06597722837418049
0.09379111279375592
0.11547876195881038
0.13406339418708466
0.16602467976636814
0.19393605037766978
0.24345274473088196
0.2888426148853433
0.3772425477857944
0.47472673905117874
0.5335045853466005
0.6072420207443759
0.7140201420881535
0.7920080866973626
0.8867586567373213
0.9790156147706458
1.0587571713972959
1.1939630369361316
1.3210537132632658
1.3895025427495469
1.468048963076819
1.514793074580866
1.571419003525532
1.6064316898213307
1.6501049540059256
1.6778668681084563
1.7135562266939495
1.7371358576078821
1.7692555422587182
1.779928299359216
1.7926340488917367
1.8087758543094932
1.8191584942782517
1.832551886659926
1.8413451510989982
1.8530478728659032
1.8611132044941137
1.8727599200469727
1.8820362945299498
1.900744284252669
1.9175511523982693
1.9280655626744565
1.9396219260795635
1.9469785264757098
1.9525714368759985
1.96111110890289
1.9732140022499216
1.9821733484328203
1.9894611434917013
2.0105964066879003
2.0256238875667787
2.0478554370004525
2.064809928524516
2.0909435822950297
2.111429668724806
2.1286263749523595
2.180518104160387
2.218894652528402
2.250421959376464
2.30204518633184
2.3447641272715405
2.41584037655539
2.4762288362817273
2.5816280963020706
2.6790608245580714
2.7784217616505655
2.832487903956207
2.8932607615847963
2.9281813892980155
2.96863969715509
2.992356939316689
3.0201799014186164
3.036633043769987
3.056044768889403
3.081207459372893
3.089320630912378
3.0989311322445294
3.1114395748541823
3.120275722616086
3.1265210308999123
3.1309362641768317
3.1340578768230825
3.141592653589793
4.591672595132067
9.136979621301794
79
0.
0.00016276041666666666
0.0003255208333333333
0.0006510416666666666
0.0013020833333333333
0.001953125
0.0026041666666666665
0.005208333333333333
0.0078125
0.010416666666666666
0.020833333333333332
0.03125
0.041666666666666664
0.0625
0.08333333333333333
0.125
0.16666666666666666
0.3333333333333333
0.375
0.41666666666666663
0.4583333333333333
0.47916666666666663
0.5
0.5208333333333333
0.5416666666666666
0.5833333333333333
0.625
0.6458333333333333
0.6666666666666666
0.6770833333333333
0.6875
0.6979166666666666
0.703125
0.7083333333333333
0.7109375
0.7122395833333333
0.7135416666666666
0.7141927083333333
0.71484375
0.7151692708333333
0.7154947916666666
0.7156575520833333
0.7158203125
0.7159830729166666
0.7161458333333333
0.7164713541666666
0.716796875
0.7171223958333333
0.7174479166666666
0.71875
0.7200520833333333
0.7213541666666666
0.7239583333333333
0.7291666666666666
0.734375
0.7395833333333333
0.75
0.7708333333333333
0.7916666666666666
0.8333333333333333
0.875
0.9166666666666666
0.9375
0.9583333333333333
0.96875
0.9791666666666666
0.984375
0.9895833333333333
0.9921875
0.9947916666666666
0.9973958333333333
0.998046875
0.9986979166666666
0.9993489583333333
0.9996744791666666
0.9998372395833333
0.9999186197916666
0.9999593098958333
1.
0.
0.00791439461019759
0.011193508307102773
0.0158324567771959
0.022397399676537304
0.027439589322785774
0.031694328257740025
0.044878283352699895
0.05503308784903791
0.06362644904863074
0.09043876526737706
0.11133768217616895
0.12923943083628234
0.1600071036658145
0.18685100029578922
0.23439590734688445
0.2778574323118813
0.4532635853638922
0.5069908931996105
0.5721045162056733
0.6601039673163276
0.7205418699125473
0.7976493611995862
0.886699289293763
0.9725030569240317
1.1183400624757773
1.2497597558780116
1.3181813416942467
1.3942021749041005
1.4376895615049006
1.4877505406357403
1.5497212940330112
1.5892645308209
1.6410477436810078
1.6766116532825495
1.6995369143037327
1.7293815638199008
1.7493323052534775
1.7767460728183813
1.7966931080557853
1.8287786906556063
1.8595064492711977
1.904017346253103
1.9313709276815325
1.948596295304857
1.971797885389618
1.9883377834846059
2.001528638640258
2.0126587490247356
2.0461855867880447
2.070718437995179
2.0906256563509826
2.1226502041927713
2.170673225143919
2.207873050942593
2.2390807549875067
2.2909985540979783
2.372749502340913
2.439693767970765
2.553668146223612
2.657265599191455
2.761980076978656
2.8187142650703634
2.8823476210557324
2.9188618026818425
2.9611317402706083
2.985896924705734
3.0149387035387214
3.0321083101712527
3.0523621563611227
3.0786110461493856
3.08707361029131
3.0970984245271787
3.1101442366643255
3.1193608052979704
3.1258751280676695
3.130480066253666
3.133735558133508
3.141592653589793
4.65963755410246
8.998393742892427
73
0.
0.00016276041666666666
0.0003255208333333333
0.0006510416666666666
0.0013020833333333333
0.0026041666666666665
0.005208333333333333
0.0078125
0.010416666666666666
0.020833333333333332
0.03125
0.041666666666666664
0.0625
0.08333333333333333
0.125
0.16666666666666666
0.3333333333333333
0.375
0.41666666666666663
0.4583333333333333
0.5
0.5416666666666666
0.5833333333333333
0.625
0.6458333333333333
0.6666666666666666
0.6875
0.6979166666666666
0.703125
0.7083333333333333
0.7135416666666666
0.7161458333333333
0.71875
0.7200520833333333
0.720703125
0.7213541666666666
0.7216796875
0.7220052083333333
0.7223307291666666
0.72265625
0.7233072916666666
0.7239583333333333
0.7252604166666666
0.7265625
0.7278645833333333
0.7291666666666666
0.734375
0.7395833333333333
0.75
0.7604166666666666
0.7708333333333333
0.7916666666666666
0.8333333333333333
0.875
0.9166666666666666
0.9375
0.9583333333333333
0.96875
0.9791666666666666
0.984375
0.9895833333333333
0.9921875
0.9947916666666666
0.9973958333333333
0.998046875
0.9986979166666666
0.9993489583333333
0.99951171875
0.9996744791666666
0.9998372395833333
0.9999186197916666
0.9999593098958333
1.
0.
0.007721116943168789
0.010920139235772178
0.015445760810159354
0.021850263458976164
0.030919813373066533
0.04378082093495751
0.05368634933722581
0.062068304054743756
0.0882175190416668
0.10859481225622561
0.12604545717148471
0.1560260717185556
0.18216796959273113
0.22842229560194263
0.27063154893986174
0.4395094432341991
0.4903060268264747
0.5507509945605833
0.629643661941675
0.747541202894532
0.9134930072582669
1.065641449867739
1.2003233368204003
1.2689169714034398
1.3436358295921746
1.4323422699065178
1.487749433213579
1.520802812983597
1.5599873191268683
1.6102088597508548
1.6433951960103392
1.688705397407074
1.721706557512287
1.7443184250269557
1.7763802107210014
1.800406897177896
1.8373121459837831
1.8862203557327206
1.920810755799701
1.9607767828178513
1.986399079711306
2.02191346668161
2.0478425589522504
2.068818309273394
2.0867026398911697
2.1414967528179774
2.1824224573587703
2.245405775170837
2.295375537824926
2.3381147586665403
2.411096277544629
2.5323951060428005
2.6409487458221976
2.7498060142428495
2.808560644127342
2.874333903292086
2.9120305516636824
2.955637640780588
2.98117362557083
3.0111097341495734
3.028803993407258
3.0496732674482883
3.0767163932038173
3.0854342122202025
3.095760589497475
3.1091995332126845
3.1135426167900166
3.118692422235216
3.1254017555743476
3.1301449613891132
3.133498413408594
3.141592653589793
4.761584992558047
8.771297814008491
72
0.
0.00016276041666666666
0.0003255208333333333
0.0006510416666666666
0.0013020833333333333
0.0026041666666666665
0.005208333333333333
0.0078125
0.010416666666666666
0.020833333333333332
0.03125
0.041666666666666664
0.0625
0.08333333333333333
0.125
0.16666666666666666
0.25
0.3333333333333333
0.41666666666666663
0.4583333333333333
0.5
0.5208333333333333
0.5416666666666666
0.5625
0.5833333333333333
0.625
0.6666666666666666
0.6875
0.6979166666666666
0.7083333333333333
0.7135416666666666
0.71875
0.7239583333333333
0.7265625
0.7291666666666666
0.73046875
0.7317708333333333
0.732421875
0.7330729166666666
0.7337239583333333
0.734375
0.7356770833333333
0.7369791666666666
0.7395833333333333
0.7421875
0.7447916666666666
0.75
0.7604166666666666
0.7708333333333333
0.7916666666666666
0.8125
0.8333333333333333
0.875
0.9166666666666666
0.9375
0.9583333333333333
0.96875
0.9791666666666666
0.984375
0.9895833333333333
0.9921875
0.9947916666666666
0.9973958333333333
0.998046875
0.9986979166666666
0.9993489583333333
0.99951171875
0.9996744791666666
0.9998372395833333
0.9999186197916666
0.9999593098958333
1.
0.
0.0074344878284561015
0.010514736910893201
0.014872303522431523
0.021038896919824978
0.029771303961092663
0.04215355941878064
0.051689633009565444
0.059758347815340604
0.08492567364828578
0.10453141078761266
0.12131556189671415
0.1501354705073566
0.1752449117205782
0.21960989032725903
0.25999979262829603
0.3374674961338008
0.4197425188598824
0.5213126563195458
0.589799947879575
0.6857891406092482
0.7512326542796252
0.8283777787938487
0.9085894354629129
0.9845025101618583
1.1241567301239588
1.266716761158132
1.3502473444797705
1.3993866132187973
1.4578179807550111
1.492912915851546
1.5347922020689662
1.588991497915534
1.625181931460702
1.6750492386126004
1.711383709154265
1.7680635429342033
1.8131410828390835
1.8652257140177586
1.905805224517543
1.9350287917806512
1.9760905720839546
2.005735452739264
2.0494330556024685
2.0825470984222885
2.1098412397143718
2.1543156180251035
2.222071759241006
2.275444462304377
2.361380406065331
2.432890689745402
2.4968237243423483
2.6142358134603962
2.7301600345016186
2.7922693947643893
2.8615418315498338
2.9011516676465425
2.946907960678103
2.973676729507782
3.0050387300295585
3.0235676047975257
3.045414953184148
3.07371735963025
3.0828396349483502
3.0936446829731032
3.1077042944624536
3.11224812845238
3.117636483640187
3.1246563377067704
3.1296184956165276
3.1331264577350098
3.141592653589793
4.8635324310136365
8.521744128405404
68
0.
0.00016276041666666666
0.0003255208333333333
0.0006510416666666666
0.0013020833333333333
0.0026041666666666665
0.005208333333333333
0.0078125
0.010416666666666666
0.020833333333333332
0.03125
0.041666666666666664
0.0625
0.08333333333333333
0.125
0.16666666666666666
0.25
0.3333333333333333
0.41666666666666663
0.4583333333333333
0.5
0.5208333333333333
0.5416666666666666
0.5833333333333333
0.625
0.6666666666666666
0.6875
0.7083333333333333
0.71875
0.7239583333333333
0.7291666666666666
0.734375
0.7369791666666666
0.7395833333333333
0.7421875
0.7434895833333333
0.7447916666666666
0.74609375
0.7473958333333333
0.75
0.7526041666666666
0.7552083333333333
0.7604166666666666
0.7708333333333333
0.78125
0.7916666666666666
0.8125
0.8333333333333333
0.875
0.9166666666666666
0.9375
0.9583333333333333
0.96875
0.9791666666666666
0.984375
0.9895833333333333
0.9921875
0.9947916666666666
0.9973958333333333
0.998046875
0.9986979166666666
0.9993489583333333
0.99951171875
0.9996744791666666
0.9998372395833333
0.9999186197916666
0.9999593098958333
1.
0.
0.007152768353651633
0.010116282213689702
0.01430868009693086
0.02024146431000374
0.028642573506939023
0.04055447967255488
0.04972769375208097
0.05748885316590266
0.08169281039607407
0.1005425312326134
0.11667450161302524
0.14436101800477
0.1684654598695687
0.21100126423174093
0.24964505872090223
0.32342913730993034
0.400973869222596
0.494475273031185
0.5551703193937005
0.6360293202087557
0.6893417367456153
0.7540828763674154
0.9035600036805553
1.0466562477901482
1.1890586172522473
1.2691365666533734
1.3657426081324588
1.4270007128289237
1.463872760663624
1.5078500102042325
1.5643890757977081
1.6014801179920348
1.6504974055666575
1.7264244944948803
1.7853153813499203
1.8515312876903207
1.9037297758448384
1.941996660514796
1.996407731885701
2.036010616167431
2.067828257856094
2.118488505270855
2.1937774738328883
2.252071537402728
2.3012977778855244
2.3845625000514206
2.4564478516665607
2.584854718840066
2.7089985136661525
2.774867308460062
2.847978624625319
2.889656560625926
2.937713937229505
2.9657934293788197
2.99866455871538
3.0180739248219655
3.040950646607106
3.0705754146763256
3.0801216149200266
3.0914275696265614
3.106138829352989
3.1108926267170434
3.1165294604012073
3.1238725485790533
3.129063491843718
3.132733616659289
3.141592653589793
4.99946234895442
8.157826635796782
62
0.
0.0003255208333333333
0.0006510416666666666
0.0013020833333333333
0.0026041666666666665
0.005208333333333333
0.0078125
0.010416666666666666
0.020833333333333332
0.03125
0.041666666666666664
0.0625
0.08333333333333333
0.125
0.16666666666666666
0.25
0.3333333333333333
0.41666666666666663
0.5
0.5416666666666666
0.5833333333333333
0.625
0.6666666666666666
0.6875
0.7083333333333333
0.71875
0.7291666666666666
0.7395833333333333
0.7447916666666666
0.75
0.7552083333333333
0.7578125
0.7604166666666666
0.7630208333333333
0.765625
0.7708333333333333
0.7760416666666666
0.78125
0.7916666666666666
0.8020833333333333
0.8125
0.8333333333333333
0.875
0.9166666666666666
0.9375
0.9583333333333333
0.96875
0.9791666666666666
0.984375
0.9895833333333333
0.9921875
0.9947916666666666
0.99609375
0.9973958333333333
0.9986979166666666
0.9990234375
0.9993489583333333
0.9996744791666666
0.9998372395833333
0.9999186197916666
0.9999593098958333
1.
0.
0.009596488685471902
0.013573429283943906
0.019201232244419084
0.02717025090484746
0.038468842781592204
0.047169053691712676
0.05452942975739043
0.07747898283047645
0.0953456211342725
0.11063072621955654
0.13684882740852558
0.15965549412709634
0.19984247476658754
0.23626455018394096
0.30545017086102977
0.3773235663128842
0.46187770959269936
0.5818219594976325
0.6747863375760826
0.8031935934201411
0.9443279179332329
1.0856129746301721
1.1622739467373293
1.250099905995141
1.3016951438433964
1.3623076422414284
1.4388505513478607
1.488077649224719
1.5514925248564286
1.6446719624119825
1.7141946398748296
1.8005116619777435
1.8784971072025163
1.9367620266047627
2.0177307123013017
2.0754356918751093
2.1214107497033288
2.1945158633711865
2.2535448390714357
2.3044311429509974
2.391988824743746
2.5399130148861864
2.677439881356777
2.7491628266587442
2.8281095288689264
2.8728802398536755
2.9243428422477646
2.9543484558125184
2.989425755221709
3.0101175138125345
3.0344904442882674
3.0489450080762404
3.0660325645371866
3.0882237859524806
3.0953871629419623
3.10387670734559
3.114930772183297
3.1227432130187416
3.1282657633501336
3.1321699571841153
3.141592653589793
5.135392266895204
7.766710809467146
59
0.
0.0003255208333333333
0.0006510416666666666
0.0013020833333333333
0.0026041666666666665
0.005208333333333333
0.0078125
0.010416666666666666
0.020833333333333332
0.03125
0.041666666666666664
0.0625
0.08333333333333333
0.125
0.16666666666666666
0.25
0.3333333333333333
0.41666666666666663
0.5
0.5416666666666666
0.5833333333333333
0.625
0.6666666666666666
0.6875
0.7083333333333333
0.7291666666666666
0.7395833333333333
0.75
0.7604166666666666
0.765625
0.7708333333333333
0.7760416666666666
0.78125
0.7864583333333333
0.7916666666666666
0.8020833333333333
0.8125
0.8333333333333333
0.8541666666666666
0.875
0.9166666666666666
0.9375
0.9583333333333333
0.96875
0.9791666666666666
0.984375
0.9895833333333333
0.9921875
0.9947916666666666
0.99609375
0.9973958333333333
0.9986979166666666
0.9990234375
0.9993489583333333
0.9996744791666666
0.9998372395833333
0.9999186197916666
0.9999593098958333
1.
0.
0.009089838322040104
0.012856778144074087
0.018187343140879886
0.02573527442423031
0.03643630324583303
0.04467579878502436
0.051645915015379344
0.07337489037721183
0.09028616825227234
0.10474938326737723
0.12954535846544457
0.1510990323368768
0.18903027609748554
0.22333700614429908
0.2882227452385915
0.35499191883255565
0.4320546099389908
0.5364233995024362
0.612434771453322
0.7179518868233243
0.847999336425359
0.9849851503494177
1.058169443213294
1.1395602974581964
1.237181405431041
1.2971468088665397
1.3705695943806508
1.4688638310768476
1.5359120958512225
1.6258001277278418
1.7471685766540088
1.868319768522037
1.957199003304711
2.023078010987063
2.1199282144888363
2.1932819796350884
2.307684957612055
2.40097884682704
2.484032623033148
2.6390433872489583
2.7180907751462797
2.8042064054323657
2.8527361922736043
2.90831509691156
2.940639233062614
2.9783675687416578
3.0005972459904022
3.0267633908568814
3.0422722134173896
3.0606005881786507
3.084394145852093
3.092072022897298
3.1011726097988537
3.1130236691646593
3.1213974709975894
3.127315569063116
3.1314987619173293
3.141592653589793
5.339287143806381
7.153425024846314
57
0.
0.0003255208333333333
0.0006510416666666666
0.0013020833333333333
0.0026041666666666665
0.00390625
0.005208333333333333
0.010416666666666666
0.015625
0.020833333333333332
0.041666666666666664
0.0625
0.08333333333333333
0.125
0.16666666666666666
0.25
0.3333333333333333
0.41666666666666663
0.5
0.5833333333333333
0.625
0.6666666666666666
0.7083333333333333
0.7291666666666666
0.75
0.7708333333333333
0.78125
0.7916666666666666
0.796875
0.8020833333333333
0.8072916666666666
0.8125
0.8229166666666666
0.8333333333333333
0.8541666666666666
0.875
0.9166666666666666
0.9375
0.9583333333333333
0.96875
0.9791666666666666
0.984375
0.9895833333333333
0.9921875
0.9947916666666666
0.99609375
0.9973958333333333
0.9986979166666666
0.9990234375
0.9993489583333333
0.9996744791666666
0.999755859375
0.9998372395833333
0.9999186197916666
0.9999593098958333
0.9999796549479166
1.
0.
0.008357639282368119
0.011821099235299906
0.01672213541950692
0.02366164331642273
0.02899538784670264
0.03349942509096127
0.04748014869358384
0.05828072511199354
0.06744797186768225
0.09626258747303669
0.11901551312865584
0.13877430473070618
0.17349019265937007
0.2048059539018731
0.26371397234586763
0.32363676739328445
0.3912975009243181
0.4785779858518972
0.617548198835653
0.723079971322324
0.8465068848359392
0.9856174572287197
1.0685635319534186
1.1709810322282006
1.312292380583576
1.4112015292366713
1.5457647245896857
1.6321280882545959
1.7282138510305076
1.821240354670489
1.9011201850540902
2.023574806867607
2.1152890780914078
2.2549090491567534
2.3667975459839945
2.560126283454136
2.6544223092672166
2.7552627048178215
2.811480296442987
2.8754720219415026
2.91253668256136
2.955688337914331
2.9810694006904668
3.010907736376221
3.028579929404243
3.0494506372750836
3.076531880758409
3.0852680553174943
3.0956204132204403
3.1090968360781144
3.113452838230319
3.1186188173149727
3.125349749019194
3.130108210494602
3.1334724382403416
3.141592653589793
5.543182020717557
6.533187739946639
55
0.
0.0003255208333333333
0.0006510416666666666
0.0013020833333333333
0.0026041666666666665
0.005208333333333333
0.010416666666666666
0.015625
0.020833333333333332
0.041666666666666664
0.0625
0.08333333333333333
0.125
0.16666666666666666
0.25
0.3333333333333333
0.41666666666666663
0.5
0.5833333333333333
0.625
0.6666666666666666
0.7083333333333333
0.7291666666666666
0.75
0.7708333333333333
0.7916666666666666
0.8020833333333333
0.8125
0.8229166666666666
0.8333333333333333
0.84375
0.8541666666666666
0.875
0.8958333333333333
0.9166666666666666
0.9375
0.9583333333333333
0.96875
0.9791666666666666
0.984375
0.9895833333333333
0.9921875
0.9947916666666666
0.99609375
0.9973958333333333
0.998046875
0.9986979166666666
0.9993489583333333
0.99951171875
0.9996744791666666
0.9998372395833333
0.9999186197916666
0.9999593098958333
0.9999796549479166
1.
0.
0.007667964001500912
0.010845582112278592
0.015342079196716325
0.021708584036459644
0.03073355706275329
0.04355776448112658
0.053463279359077735
0.06186947307909541
0.08828115634832878
0.10912132641275324
0.12720463108750318
0.15893378143400816
0.1874932400502403
0.24098147560549593
0.2949014895715303
0.3547979607514748
0.42951492409597714
0.5407606258663881
0.6240486931368832
0.7289722592261411
0.8515311681626851
0.9228031851729745
1.007099301352472
1.1146272977683478
1.2635280040841403
1.362178930043465
1.4839432466985545
1.632245203698008
1.7883268888285673
1.9212366784284918
2.027968997796148
2.1942125753148694
2.328734493980258
2.449444153144381
2.566245194131959
2.688102115774863
2.7550838134812277
2.8307264469484514
2.8743111978037854
2.9248871202539837
2.9545658215822495
2.9894043300491133
3.0100160132079568
3.034340220802332
3.0487873948739908
3.0658801555233426
3.088100277095397
3.095276544184693
3.103783250636386
3.1148631247934557
3.12269486959597
3.1282313250017215
3.132145478550579
3.141592653589793
5.815041856599126
5.718919058368618
52
0.
0.0006510416666666666
0.0013020833333333333
0.0026041666666666665
0.005208333333333333
0.010416666666666666
0.015625
0.020833333333333332
0.041666666666666664
0.0625
0.08333333333333333
0.125
0.16666666666666666
0.25
0.3333333333333333
0.41666666666666663
0.5
0.5833333333333333
0.6666666666666666
0.7083333333333333
0.75
0.7916666666666666
0.8125
0.8333333333333333
0.84375
0.8541666666666666
0.8645833333333333
0.875
0.8958333333333333
0.9166666666666666
0.9375
0.9583333333333333
0.96875
0.9791666666666666
0.984375
0.9895833333333333
0.9921875
0.9947916666666666
0.99609375
0.9973958333333333
0.998046875
0.9986979166666666
0.9993489583333333
0.99951171875
0.9996744791666666
0.9998372395833333
0.9998779296875
0.9999186197916666
0.9999593098958333
0.9999796549479166
0.9999898274739583
1.
0.
0.009650605020011567
0.013651580792736671
0.01931633181722385
0.027346061258596368
0.03875469472924616
0.0475653797294186
0.05504120029925696
0.07852001473123284
0.09703220892167908
0.11308239863276823
0.14120579259377314
0.16646448415225837
0.21356519219576323
0.26063017984459036
0.31211690033770034
0.37446373458568766
0.4619190142213483
0.6063255769776288
0.707002136782987
0.8323831798845839
1.01972469761072
1.1635941793906504
1.3553497519473139
1.4726092370646309
1.60196341120388
1.7328839381903656
1.8550935064563292
2.065808624758032
2.244498607688332
2.4078571267386737
2.570565389321929
2.657513845548058
2.75413177572582
2.809202811020875
2.872674433945503
2.9097442691192903
2.9531221466260464
2.978728055630158
3.008902186365429
3.0268031833838127
3.047967396180741
3.075461220279926
3.0843359088277498
3.094854722005138
3.108554594389391
3.1129838347858354
3.118236535151494
3.1250800399088816
3.1299177995941663
3.133337948394901
3.141592653589793
6.222831610421478
4.5860100745029015
50
0.
0.0006510416666666666
0.0013020833333333333
0.0026041666666666665
0.005208333333333333
0.0078125
0.010416666666666666
0.020833333333333332
0.03125
0.041666666666666664
0.08333333333333333
0.125
0.16666666666666666
0.25
0.3333333333333333
0.41666666666666663
0.5
0.5833333333333333
0.6666666666666666
0.7083333333333333
0.75
0.7916666666666666
0.8333333333333333
0.8541666666666666
0.875
0.9166666666666666
0.9375
0.9583333333333333
0.96875
0.9791666666666666
0.984375
0.9895833333333333
0.9921875
0.9947916666666666
0.99609375
0.9973958333333333
0.998046875
0.9986979166666666
0.9990234375
0.9993489583333333
0.9996744791666666
0.999755859375
0.9998372395833333
0.9999186197916666
0.99993896484375
0.9999593098958333
0.9999796549479166
0.9999898274739583
0.9999949137369791
1.
0.
0.008074506105856263
0.011421975998166327
0.016161341572110927
0.022878933102747648
0.02804954850486407
0.03242210294310806
0.04604215561336193
0.05662724353621266
0.06566658475269191
0.09452116008835001
0.1179560510891612
0.13895617197891438
0.1779411714278612
0.21655252790921797
0.258165339155556
0.30719138222607195
0.37240105173592397
0.47421900439338177
0.5479628089199267
0.6410183068558364
0.7690902196225821
0.9818825104207703
1.1345660173227792
1.3254606840844791
1.8034096614334207
2.0524139533627617
2.3009575332867667
2.4320000426878248
2.5760432971661813
2.6574514234969913
2.750721736666936
2.804952471262512
2.868220022613384
2.9054830284994857
2.9493256461609736
2.9753076698534975
3.006000278809255
3.024244177604463
3.045842527667262
3.0739305978517626
3.0830053691106873
3.093765773942672
3.107782629924046
3.1123147455128573
3.117689695451643
3.1246928775540206
3.129643790638242
3.1331440730039994
3.141592653589793
6.630621364243831
3.606481163013771
49
0.
0.0013020833333333333
0.0026041666666666665
0.005208333333333333
0.010416666666666666
0.020833333333333332
0.03125
0.041666666666666664
0.08333333333333333
0.125
0.16666666666666666
0.25
0.3333333333333333
0.5
0.5833333333333333
0.6666666666666666
0.7083333333333333
0.75
0.7916666666666666
0.8333333333333333
0.8541666666666666
0.875
0.9166666666666666
0.9375
0.9583333333333333
0.96875
0.9791666666666666
0.984375
0.9895833333333333
0.9921875
0.9947916666666666
0.99609375
0.9973958333333333
0.998046875
0.9986979166666666
0.9990234375
0.9993489583333333
0.99951171875
0.9996744791666666
0.9998372395833333
0.9998779296875
0.9999186197916666
0.9999593098958333
0.999969482421875
0.9999796549479166
0.9999898274739583
0.9999949137369791
0.9999974568684895
1.
0.
0.009534995738832475
0.013491275935295635
0.019098709159038742
0.02706418447448812
0.03843077945824219
0.047262625093248516
0.054803046474210096
0.07885838229633282
0.09837277943439222
0.11583509346754729
0.14816205438147823
0.18000274060046553
0.2534150512362253
0.3042453724146201
0.3802021879724042
0.43515413322641777
0.5058126472918594
0.6000047464358248
0.7447441251065617
0.8489928627985075
0.9791550060162171
1.3596026662100194
1.6195592580895033
1.930636448078706
2.1099390543203
2.3136656854749855
2.430807289366389
2.5663101167362243
2.6455841997235123
2.738408718209368
2.7932084566133843
2.8577757877196546
2.8960781352904874
2.9413581970234426
2.9682830670721407
3.000166541193912
3.0191493204635504
3.041647046843005
3.070940089396991
3.080410446604283
3.0916421494451125
3.1062765120841753
3.1110091535185442
3.1166224687303687
3.1239371153142628
3.1291088270003766
3.132765517230793
3.141592653589793
7.174341036006968
2.549528244076641
51
0.
0.0013020833333333333
0.0026041666666666665
0.005208333333333333
0.010416666666666666
0.020833333333333332
0.041666666666666664
0.0625
0.08333333333333333
0.16666666666666666
0.25
0.3333333333333333
0.5
0.5833333333333333
0.6666666666666666
0.75
0.7916666666666666
0.8333333333333333
0.875
0.8958333333333333
0.9166666666666666
0.9375
0.9479166666666666
0.9583333333333333
0.96875
0.9791666666666666
0.984375
0.9895833333333333
0.9921875
0.9947916666666666
0.99609375
0.9973958333333333
0.998046875
0.9986979166666666
0.9990234375
0.9993489583333333
0.99951171875
0.9996744791666666
0.999755859375
0.9998372395833333
0.9998779296875
0.9999186197916666
0.9999593098958333
0.999969482421875
0.9999796549479166
0.9999898274739583
0.9999949137369791
0.9999974568684895
0.9999987284342448
0.9999993642171223
1.
0.
0.00746795649358318
0.010566503768398152
0.014958108042056342
0.021196118370504686
0.03009663598761658
0.042913600033135185
0.053002833908082025
0.06173467527330028
0.09062369129102078
0.11580801774735795
0.14050159299105927
0.1966123838013014
0.2343013763490024
0.2885210730904314
0.3774860159871246
0.4438939022530734
0.5384549617049338
0.6865825212581746
0.7929992378847804
0.9377177773129614
1.1350676320903301
1.2637441318972311
1.4200128776790901
1.6150573979304608
1.867953442381646
2.0277599884801822
2.2239915204624556
2.343696874846748
2.4876412282831843
2.5742225106239673
2.6775065811998693
2.739325253104469
2.8128524835334914
2.8567701418783633
2.9089335055348884
2.9400597597233618
2.9770053338673157
2.9990401086672063
3.0251863536289374
3.0407760252167186
3.0592706032570773
3.0833769944589897
3.0911749627394145
3.100425375714076
3.112481696626333
3.121007450583821
3.127036392946091
3.1312996609580988
3.1343143276857126
3.141592653589793
7.718060707770105
1.7446802554066603
54
0.
0.0026041666666666665
0.005208333333333333
0.010416666666666666
0.020833333333333332
0.03125
0.041666666666666664
0.08333333333333333
0.125
0.16666666666666666
0.3333333333333333
0.5
0.5833333333333333
0.6666666666666666
0.75
0.7916666666666666
0.8333333333333333
0.875
0.8958333333333333
0.9166666666666666
0.9375
0.9479166666666666
0.9583333333333333
0.96875
0.9739583333333333
0.9791666666666666
0.984375
0.9895833333333333
0.9921875
0.9947916666666666
0.99609375
0.9973958333333333
0.998046875
0.9986979166666666
0.9990234375
0.9993489583333333
0.99951171875
0.9996744791666666
0.999755859375
0.9998372395833333
0.9998779296875
0.9999186197916666
0.99993896484375
0.9999593098958333
0.9999796549479166
0.9999847412109375
0.9999898274739583
0.9999949137369791
0.9999961853027344
0.9999974568684895
0.9999987284342448
0.9999993642171223
0.9999996821085612
1.
0.
0.008230781099625922
0.011651531178257015
0.016510348730257748
0.023442515516697106
0.028827353825684524
0.03342351032139147
0.048075131180184395
0.05994340097130576
0.07054427628410442
0.10921433552415077
0.1522654608700471
0.18066388552524246
0.2206022733565102
0.2854356919897636
0.3338500249345622
0.39993664631884407
0.49873052903914344
0.5693383196614481
0.6655183428245056
0.8032512627662728
0.8975294074596787
1.0189287424307685
1.1826135846867116
1.2890943242954058
1.4205883638666779
1.5890603450536895
1.8171238249142927
1.9677846960086893
2.1601692734049927
2.28131442478654
2.430504881965251
2.5219501627893064
2.632507747597914
2.6993428071701393
2.779377144990441
2.8274190301922295
2.884674578264939
2.9189201332515564
2.959638991168508
2.9839568883272745
3.0128349331872455
3.0300607956356735
3.0505036117348014
3.077161137531341
3.0857872002884834
3.0960217574204068
3.109363691160954
3.1136800195622363
3.118800597360412
3.125474866197912
3.1301949716406376
3.1335329327129737
3.141592653589793
8.53364021541481
0.9243978503704625
56
0.
0.005208333333333333
0.010416666666666666
0.020833333333333332
0.041666666666666664
0.08333333333333333
0.125
0.16666666666666666
0.3333333333333333
0.5
0.6666666666666666
0.75
0.7916666666666666
0.8333333333333333
0.875
0.8958333333333333
0.9166666666666666
0.9375
0.9479166666666666
0.9583333333333333
0.96875
0.9739583333333333
0.9791666666666666
0.984375
0.9869791666666666
0.9895833333333333
0.9921875
0.9934895833333333
0.9947916666666666
0.99609375
0.9973958333333333
0.998046875
0.9986979166666666
0.9990234375
0.9993489583333333
0.99951171875
0.9996744791666666
0.999755859375
0.9998372395833333
0.9998779296875
0.9999186197916666
0.99993896484375
0.9999593098958333
0.999969482421875
0.9999796549479166
0.9999847412109375
0.9999898274739583
0.9999949137369791
0.9999961853027344
0.9999974568684895
0.9999987284342448
0.9999993642171223
0.9999996821085612
0.9999998410542805
0.9999999205271403
1.
0.
0.007916212210317136
0.011217186362324586
0.015926412311201954
0.022705803835149925
0.03265424722632317
0.040708327892563886
0.04789738791060586
0.07405133810594537
0.1028957264851261
0.14751228713276693
0.189067648560608
0.22011019553569117
0.2611881356479843
0.3196138179680062
0.3609547756719676
0.4164796575906163
0.4970167381631163
0.5535757883813488
0.6291271187492206
0.7364718523783134
0.8104601783943417
0.906955097971879
1.0404457870362418
1.1297808934892317
1.2429876416416927
1.3934084655655181
1.4900775056039517
1.6082050800694967
1.7580542766853604
1.9593131017580596
2.091936298760115
2.261572297723238
2.3687532519044616
2.5014178581093502
2.5830720844296144
2.6820961395079097
2.7421146673314563
2.814137063940624
2.8574453248354006
2.9091232461966294
2.9400670807735096
2.97687995452492
2.9988752532043885
3.025006813709379
3.040600615435402
3.0591118895688933
3.0832558186358527
3.0910681600504546
3.100336368083569
3.11241709560237
3.1209609386817756
3.127003087838706
3.131275902514879
3.134297423818971
3.141592653589793
9.077359887177948
0.5827725069196283
58
0.
0.010416666666666666
0.020833333333333332
0.041666666666666664
0.08333333333333333
0.125
0.16666666666666666
0.3333333333333333
0.5
0.6666666666666666
0.75
0.7916666666666666
0.8333333333333333
0.875
0.8958333333333333
0.9166666666666666
0.9375
0.9479166666666666
0.9583333333333333
0.96875
0.9739583333333333
0.9791666666666666
0.984375
0.9869791666666666
0.9895833333333333
0.9921875
0.9934895833333333
0.9947916666666666
0.99609375
0.9967447916666666
0.9973958333333333
0.998046875
0.9986979166666666
0.9990234375
0.9993489583333333
0.99951171875
0.9996744791666666
0.999755859375
0.9998372395833333
0.9998779296875
0.9999186197916666
0.99993896484375
0.9999593098958333
0.999969482421875
0.9999796549479166
0.9999847412109375
0.9999898274739583
0.9999923706054688
0.9999949137369791
0.9999974568684895
0.9999980926513672
0.9999987284342448
0.9999993642171223
0.9999996821085612
0.9999998410542805
0.9999999205271403
0.9999999602635701
1.
0.
0.008607466051945147
0.012220893461152392
0.017422416136279106
0.025054230415091455
0.03123127467907121
0.036743247575294506
0.056773082535104484
0.07878119738587731
0.11250565376275261
0.1437022961386337
0.16700871706149636
0.19754260485748718
0.24015952046171873
0.2701360419889465
0.31021348591528447
0.36799694292539875
0.40888316659563384
0.4638068575582103
0.5432125626792305
0.5988879375509719
0.6728301705171464
0.7778170883901674
0.8499512902261601
0.9438623377741095
1.0733331478435164
1.1596303965890682
1.2688893734476512
1.4138801363240532
1.5070579304260432
1.6211430336285835
1.7662692897226007
1.962279342951673
2.092280792779607
2.2595328528867618
2.365797852059244
2.4978853774216483
2.579469492036662
2.678679393420568
2.738949347216326
2.8113883808161786
2.854994349242623
2.9070676622289806
2.938258325410619
2.9753859671568823
2.9975778055481914
3.0239440629791
3.0396755536031512
3.058348168108436
3.0827026528727037
3.090584769286015
3.0999374775130843
3.1121311579332067
3.1207568077495185
3.126857773264547
3.131172663148208
3.1342241792108876
3.141592653589793
9.892939394822653
0.28301642282852646
58
0.
0.020833333333333332
0.041666666666666664
0.08333333333333333
0.16666666666666666
0.3333333333333333
0.5
0.6666666666666666
0.75
0.8333333333333333
0.875
0.9166666666666666
0.9375
0.9479166666666666
0.9583333333333333
0.96875
0.9739583333333333
0.9791666666666666
0.984375
0.9869791666666666
0.9895833333333333
0.9921875
0.9934895833333333
0.9947916666666666
0.99609375
0.9967447916666666
0.9973958333333333
0.998046875
0.9983723958333333
0.9986979166666666
0.9990234375
0.9993489583333333
0.99951171875
0.9996744791666666
0.999755859375
0.9998372395833333
0.9998779296875
0.9999186197916666
0.99993896484375
0.9999593098958333
0.999969482421875
0.9999796549479166
0.9999847412109375
0.9999898274739583
0.9999923706054688
0.9999949137369791
0.9999961853027344
0.9999974568684895
0.9999987284342448
0.9999990463256836
0.9999993642171223
0.9999996821085612
0.9999997615814209
0.9999998410542805
0.9999999205271403
0.9999999602635701
0.999999980131785
1.
0.
0.008143695060517287
0.011609508744923691
0.016693887580260875
0.02447832325836261
0.03780157083872863
0.052392854581749464
0.074577821725859
0.09498240097797114
0.1300548746339361
0.15730391781786468
0.20175333747353164
0.2380563757244792
0.263843880253526
0.298573609233114
0.34936507943268463
0.3853960305064196
0.433979231248664
0.5043321181850832
0.5536744602972534
0.6192880392296477
0.7125555453859874
0.7767676941202923
0.8606838769604964
0.9772128190438397
1.0556112833827134
1.1558677677408786
1.2909755554757232
1.3791973691719326
1.488900595860998
1.6313043165425078
1.8290825980494565
1.9638678617253318
2.141542948009109
2.2569062102395425
2.402752012724186
2.4941082218982027
2.6063844565007956
2.675160800690689
2.7583065428039397
2.8085721810948887
2.868791585114722
2.9049461295991597
2.9480524418116554
2.9738444904787316
3.0045113323022727
3.022827205122237
3.044582528641603
3.072967034392186
3.082153054123052
3.0930526022331453
3.107262439654793
3.1118597939468176
3.1173139160349432
3.1244231872488517
3.1294511038958563
3.133006829515976
3.141592653589793
10.43665906658579
0.17473053387646348
59
0.
0.041666666666666664
0.08333333333333333
0.16666666666666666
0.3333333333333333
0.5
0.6666666666666666
0.75
0.8333333333333333
0.875
0.9166666666666666
0.9375
0.9583333333333333
0.96875
0.9739583333333333
0.9791666666666666
0.984375
0.9869791666666666
0.9895833333333333
0.9921875
0.9934895833333333
0.9947916666666666
0.99609375
0.9967447916666666
0.9973958333333333
0.998046875
0.9983723958333333
0.9986979166666666
0.9990234375
0.9991861979166666
0.9993489583333333
0.99951171875
0.9996744791666666
0.999755859375
0.9998372395833333
0.9998779296875
0.9999186197916666
0.99993896484375
0.9999593098958333
0.999969482421875
0.9999796549479166
0.9999847412109375
0.9999898274739583
0.9999923706054688
0.9999949137369791
0.9999961853027344
0.9999974568684895
0.9999980926513672
0.9999987284342448
0.9999993642171223
0.9999995231628418
0.9999996821085612
0.9999998410542805
0.9999998807907104
0.9999999205271403
0.9999999602635701
0.999999980131785
0.9999999900658925
1.
0.
0.008807278599099602
0.012664084933754316
0.018568189774290016
0.02866862598794704
0.03971698382407969
0.056468098737033644
0.07184280816874923
0.09823756232547817
0.11861465942584463
0.15175953158379052
0.17872298338905068
0.223714568848276
0.2615973781273315
0.2885711233211117
0.32512829761802403
0.37841189589943997
0.41604226116966136
0.4664430020586358
0.5388446946889307
0.5892511057027989
0.655893837129588
0.7500401334600824
0.8145497729763012
0.8985608767657866
1.0147711362414111
1.092705125059091
1.1921084716753043
1.3256671209690583
1.4126595092739125
1.5206344481370095
1.6605168791485343
1.8544394813710132
1.9864515918176964
2.1604099947874156
2.273380833597239
2.416258473124989
2.505818456365983
2.615960319733264
2.68344129821902
2.765056902029565
2.8144126164215097
2.8735578867235945
2.909068679691597
2.9514078311255925
2.9767489690773723
3.0068865872209103
3.024878961982896
3.046243082678051
3.074121104969889
3.0831467580030427
3.0938583770346297
3.1078270521717855
3.1123473156087598
3.1177105727892207
3.1247023713397177
3.129647868773623
3.133145638894184
3.141592653589793
10.980378738348927
0.10970844474308267
60
0.
0.08333333333333333
0.16666666666666666
0.3333333333333333
0.5
0.6666666666666666
0.75
0.8333333333333333
0.875
0.9166666666666666
0.9375
0.9583333333333333
0.96875
0.9791666666666666
0.984375
0.9869791666666666
0.9895833333333333
0.9921875
0.9934895833333333
0.9947916666666666
0.99609375
0.9967447916666666
0.9973958333333333
0.998046875
0.9983723958333333
0.9986979166666666
0.9990234375
0.9991861979166666
0.9993489583333333
0.99951171875
0.9995930989583333
0.9996744791666666
0.999755859375
0.9998372395833333
0.9998779296875
0.9999186197916666
0.99993896484375
0.9999593098958333
0.999969482421875
0.9999796549479166
0.9999847412109375
0.9999898274739583
0.9999923706054688
0.9999949137369791
0.9999961853027344
0.9999974568684895
0.9999980926513672
0.9999987284342448
0.9999990463256836
0.9999993642171223
0.9999996821085612
0.9999997615814209
0.9999998410542805
0.9999999205271403
0.9999999403953552
0.9999999602635701
0.999999980131785
0.9999999900658925
0.9999999950329462
1.
0.
0.009552122139462837
0.014004818772263292
0.021620098706064756
0.029943820141493566
0.04254222319932243
0.05409055165065982
0.07390375713616953
0.08914294159763779
0.11388713588057979
0.13396790822030036
0.1674860606000436
0.19575294048271547
0.2433425415268632
0.2834592940604473
0.31190691916002694
0.35017264502103523
0.40548662837350347
0.444253090972491
0.49586640475313176
0.5695472230736951
0.6206095370559808
0.6878793526918103
0.7825230083655789
0.8471361702877689
0.9310142937111235
1.046563008557975
1.1237696267232606
1.221940802015781
1.3533818473374748
1.4387662571547684
1.5445504829929975
1.681391390169825
1.8709543665536148
2.0000800551106335
2.1705292090969133
2.2814694385986054
2.4221293556538384
2.5105062777714617
2.6194137155886077
2.6862557872838124
2.7671900072590443
2.8161632192183714
2.874909130339525
2.910225451386775
2.9523357063834967
2.97754580703505
3.0075426584329867
3.025462031260758
3.0467375184116263
3.0744876928863616
3.0834690045800306
3.0941261220002727
3.1080206560670036
3.112516182697501
3.1178496166682126
3.1248017648807624
3.129718688668265
3.133195985374724
3.141592653589793
11.524098410112064
0.07129010366552017
61
0.
0.16666666666666666
0.3333333333333333
0.5
0.6666666666666666
0.75
0.8333333333333333
0.875
0.9166666666666666
0.9375
0.9583333333333333
0.96875
0.9791666666666666
0.984375
0.9895833333333333
0.9921875
0.9934895833333333
0.9947916666666666
0.99609375
0.9967447916666666
0.9973958333333333
0.998046875
0.9983723958333333
0.9986979166666666
0.9990234375
0.9991861979166666
0.9993489583333333
0.99951171875
0.9995930989583333
0.9996744791666666
0.999755859375
0.9997965494791666
0.9998372395833333
0.9998779296875
0.9999186197916666
0.99993896484375
0.9999593098958333
0.999969482421875
0.9999796549479166
0.9999847412109375
0.9999898274739583
0.9999923706054688
0.9999949137369791
0.9999961853027344
0.9999974568684895
0.9999980926513672
0.9999987284342448
0.9999990463256836
0.9999993642171223
0.9999995231628418
0.9999996821085612
0.9999998410542805
0.9999998807907104
0.9999999205271403
0.9999999602635701
0.9999999701976776
0.999999980131785
0.9999999900658925
0.9999999950329462
0.9999999975164731
1.
0.
0.010475528242266488
0.01617035164018832
0.022392014333475988
0.031798733466769404
0.04041453915199201
0.05519232164905775
0.06653376146746937
0.08492993548470544
0.09983776940575241
0.12472521602007973
0.14573163100855713
0.18118218132472597
0.21115905857235834
0.2612130656286182
0.30292333779368974
0.3322765750203455
0.37152668981085935
0.42792662656382324
0.46728863390415215
0.5195206013689065
0.593800677513878
0.6450852962846068
0.7124185131742764
0.8067035538722948
0.8707739993102332
0.9536023474280877
1.0671216457128052
1.1426392410939186
1.2383375412597162
1.3660385011998233
1.4488154138520253
1.5512748773521858
1.6838232456998306
1.8678793467209247
1.9938401982110125
2.1611429988366497
2.270785541375963
2.4107593292384113
2.499265397775991
2.608923778092785
2.6765757622870154
2.7587274673746607
2.8086218391313564
2.868577171246897
2.9046289656004967
2.947672434940198
2.9734639624206283
3.0041607774729635
3.0224964398593666
3.0442764379924485
3.0727106812863028
3.0819197193527015
3.0928510877544566
3.1071097810919723
3.1117247333928812
3.117200871499865
3.124340697941979
3.1293914957540174
3.1329640395944476
3.141592653589793
12.0678180818752
0.0488988656577412
63
0.
0.16666666666666666
0.3333333333333333
0.5
0.6666666666666666
0.75
0.8333333333333333
0.875
0.9166666666666666
0.9375
0.9583333333333333
0.96875
0.9791666666666666
0.984375
0.9895833333333333
0.9921875
0.9947916666666666
0.99609375
0.9967447916666666
0.9973958333333333
0.998046875
0.9983723958333333
0.9986979166666666
0.9990234375
0.9991861979166666
0.9993489583333333
0.99951171875
0.9995930989583333
0.9996744791666666
0.999755859375
0.9997965494791666
0.9998372395833333
0.9998779296875
0.9998982747395833
0.9999186197916666
0.99993896484375
0.9999593098958333
0.999969482421875
0.9999796549479166
0.9999847412109375
0.9999898274739583
0.9999923706054688
0.9999949137369791
0.9999961853027344
0.9999974568684895
0.9999980926513672
0.9999987284342448
0.9999990463256836
0.9999993642171223
0.9999995231628418
0.9999996821085612
0.9999997615814209
0.9999998410542805
0.9999998807907104
0.9999999205271403
0.9999999602635701
0.9999999701976776
0.999999980131785
0.9999999900658925
0.9999999950329462
0.9999999975164731
0.9999999987582365
1.
0.
0.007737389059058664
0.01194301787541266
0.016536363937068414
0.023476314291189845
0.029829371056413975
0.0407254261083624
0.04907725831870256
0.06261581821358861
0.0735784560169441
0.09188191817686077
0.10734015610041511
0.1334690622921046
0.15561002579373165
0.19268332490585166
0.22368439460503148
0.27490922512683197
0.317268010006336
0.3469746887346846
0.38659317529911036
0.4433479973036
0.4828369953522318
0.5350818611310427
0.6090426574730771
0.6598653480775005
0.7262961444449892
0.8187537560400829
0.8812300336383856
0.9616002803002635
1.0711053660075485
1.1436034995743867
1.2351587768238421
1.3569342290426338
1.4357374374198852
1.5332771920019475
1.6596792291507998
1.8361713335889387
1.9580264332304036
2.1218232928732745
2.2306462124036472
2.371515242102853
2.461798425593841
2.574991055876995
2.6455124954355282
2.731877876331359
2.7846566454546906
2.84834591469438
2.8868465798642564
2.932967402135657
2.960629845334744
2.9935519801617243
3.0132373213824004
3.0366463766953253
3.0506314572522397
3.067250127996122
3.0889568786341695
3.095989699228147
3.1043395184083318
3.115233631660624
3.122945448056816
3.128402798585873
3.1322638697643486
3.141592653589793
12.611537753638338
0.036069924448111176
66
0.
0.16666666666666666
0.3333333333333333
0.5
0.6666666666666666
0.75
0.8333333333333333
0.875
0.9166666666666666
0.9375
0.9583333333333333
0.96875
0.9791666666666666
0.984375
0.9895833333333333
0.9921875
0.9947916666666666
0.99609375
0.9973958333333333
0.998046875
0.9983723958333333
0.9986979166666666
0.9990234375
0.9991861979166666
0.9993489583333333
0.99951171875
0.9995930989583333
0.9996744791666666
0.999755859375
0.9997965494791666
0.9998372395833333
0.9998779296875
0.9998982747395833
0.9999186197916666
0.99993896484375
0.9999491373697916
0.9999593098958333
0.999969482421875
0.9999796549479166
0.9999847412109375
0.9999898274739583
0.9999923706054688
0.9999949137369791
0.9999961853027344
0.9999974568684895
0.9999980926513672
0.9999987284342448
0.9999990463256836
0.9999993642171223
0.9999995231628418
0.9999996821085612
0.9999997615814209
0.9999998410542805
0.9999998807907104
0.9999999205271403
0.9999999403953552
0.9999999602635701
0.999999980131785
0.9999999850988388
0.9999999900658925
0.9999999950329462
0.9999999975164731
0.9999999987582365
0.9999999993791182
0.9999999996895591
1.
0.
0.005608917873706987
0.008657260337355638
0.011985884537256592
0.017012676203079974
0.02161274481882486
0.02950286448993121
0.035546096839396524
0.045338530162128174
0.0532645636377022
0.06649960556971068
0.0776822902250397
0.09660654381468306
0.11266770288153477
0.13961857466022526
0.16221677990192812
0.19969426473600688
0.23083092482814957
0.2821085562931079
0.3244099268580506
0.35402796371916184
0.3934532874508736
0.44976488689469585
0.48880764856634823
0.5402773328113303
0.6127689730662035
0.6623270227873954
0.7267840552214662
0.8159202709302992
0.8757901113519696
0.9524198703778644
1.0561977618944676
1.1245555230770445
1.2105590747345876
1.324554002825349
1.3981719405664772
1.4892392243473624
1.6073944825483746
1.7732814639804735
1.8889862664751191
2.046761367247956
2.153535546991053
2.2947195411406893
2.3872823405961814
2.5059054280138913
2.5813360176954845
2.6754918926930293
2.733977182767838
2.8052217074391663
2.8486568767427873
2.901073454496864
2.9327080824058953
2.9704730504269237
2.993100833887681
3.0200578991100815
3.036188436359836
3.0553820610700897
3.080494433499256
3.0886410621245313
3.098319954658447
3.110959127275712
3.1199138398284583
3.126254566559797
3.1307425509001177
3.133918251101192
3.141592653589793