16
26
3.912023005428146
11.408312418141145
76
0.
0.00016276041666666666
0.0003255208333333333
0.0006510416666666666
0.0013020833333333333
0.0026041666666666665
0.00390625
0.005208333333333333
0.010416666666666666
0.015625
0.020833333333333332
0.03125
0.041666666666666664
0.0625
0.08333333333333333
0.125
0.16666666666666666
0.25
0.3333333333333333
0.375
0.41666666666666663
0.4375
0.4583333333333333
0.46875
0.47916666666666663
0.4817708333333333
0.484375
0.48697916666666663
0.4895833333333333
0.49088541666666663
0.4921875
0.4934895833333333
0.49479166666666663
0.4973958333333333
0.5
0.5052083333333333
0.5104166666666666
0.5208333333333333
0.5416666666666666
0.5625
0.5833333333333333
0.625
0.6666666666666666
0.7083333333333333
0.75
0.7708333333333333
0.78125
0.7916666666666666
0.8020833333333333
0.8072916666666666
0.8125
0.8177083333333333
0.8203125
0.8229166666666666
0.8333333333333333
0.84375
0.8541666666666666
0.875
0.9166666666666666
0.9375
0.9583333333333333
0.96875
0.9791666666666666
0.984375
0.9895833333333333
0.9921875
0.9947916666666666
0.9973958333333333
0.998046875
0.9986979166666666
0.9993489583333333
0.9996744791666666
0.9998372395833333
0.9999186197916666
0.9999593098958333
1.
0.
0.009056856753491117
0.012809211798052571
0.018117458181743894
0.02562902548631248
0.03626495108348629
0.04443991786981885
0.05134328181170515
0.07277259569560507
0.08932869617355393
0.10338233213577179
0.12720080376127202
0.14756824984352984
0.18248165742157382
0.21282912259347656
0.2662609628843623
0.31467395632478873
0.406922782157196
0.5045238952609366
0.5608004446716983
0.6285961724455643
0.6709034598042842
0.7249643808054843
0.7607506033247061
0.8099385440426666
0.8264431288907879
0.846186089421026
0.8713083171116356
0.9073107556535995
0.9342305790441852
0.9731772506922872
1.0192785253830494
1.0545085272230632
1.099270178886236
1.129254328531181
1.1718999233303324
1.2037782731529167
1.2528479100401169
1.3252819149229844
1.3826303848256134
1.4326895088563196
1.5225138150829434
1.6080643847294585
1.6974869179425442
1.8019484027163193
1.8677939469200098
1.907858120485293
1.9566820223306738
2.02259613796552
2.0690471216347883
2.1353773028165195
2.2297095276663947
2.275274117922479
2.312943645883691
2.4129885237262325
2.4780469181789244
2.529023048181991
2.6114663820760273
2.7467058698537454
2.811308509519095
2.8799708421995436
2.9181359286848894
2.961515855570614
2.9866208474235663
3.015833857682523
3.033010648382374
3.0531993733027587
3.0792734369652557
3.087661728443384
3.09759082754367
3.110500973554105
3.1196157798481416
3.126056735650974
3.130609137636711
3.1338271526590775
3.141592653589793
4.04795292336893
11.169800390849966
74
0.
0.00016276041666666666
0.0003255208333333333
0.0006510416666666666
0.0013020833333333333
0.0026041666666666665
0.00390625
0.005208333333333333
0.010416666666666666
0.015625
0.020833333333333332
0.03125
0.041666666666666664
0.0625
0.08333333333333333
0.125
0.16666666666666666
0.25
0.3333333333333333
0.375
0.41666666666666663
0.4375
0.4583333333333333
0.46875
0.4739583333333333
0.47916666666666663
0.484375
0.48697916666666663
0.4895833333333333
0.4921875
0.49479166666666663
0.5
0.5052083333333333
0.5104166666666666
0.5208333333333333
0.5416666666666666
0.5625
0.5833333333333333
0.625
0.6666666666666666
0.7083333333333333
0.7291666666666666
0.75
0.7604166666666666
0.7708333333333333
0.7760416666666666
0.78125
0.7864583333333333
0.7916666666666666
0.796875
0.8020833333333333
0.8125
0.8229166666666666
0.8333333333333333
0.8541666666666666
0.875
0.9166666666666666
0.9375
0.9583333333333333
0.96875
0.9791666666666666
0.984375
0.9895833333333333
0.9921875
0.9947916666666666
0.9973958333333333
0.998046875
0.9986979166666666
0.9993489583333333
0.9996744791666666
0.9998372395833333
0.9999186197916666
0.9999593098958333
1.
0.
0.008970735024549821
0.01268742872610425
0.01794526012843364
0.025385580236479636
0.03592089612208815
0.04401881869713635
0.05085737007303567
0.0720872895598642
0.08849173096696775
0.10241867201249026
0.1260276505487958
0.14622220389117965
0.18085579419480366
0.21098084045484186
0.2640813481079475
0.31227966610981706
0.40444230000231884
0.5026828154908253
0.559894943660607
0.6297637608080092
0.6742170800458276
0.7327131237057388
0.7732576392697151
0.7995637467448276
0.8338394469595724
0.8861977842348194
0.9299221407469022
0.9944021757230153
1.050162372222138
1.087513365796234
1.1376814434924964
1.1735430215997278
1.202439780852594
1.249086911582611
1.3207766863534167
1.3790058794282642
1.430645682113509
1.5252115688635088
1.6182780570699529
1.7210290049733765
1.782085134810615
1.8580720477541643
1.907617228907763
1.9751715588942946
2.024337472239365
2.1007711649297454
2.217514504527136
2.29980007919755
2.3519882976179156
2.391092490987853
2.4507617445601504
2.497731762080966
2.5378041967525244
2.60646768095708
2.6668586549259663
2.778866372019926
2.8358778772386373
2.897989085992131
2.9330025608478922
2.9731144414783004
2.9964493529019585
3.023690760753177
3.0397445132126535
3.058641966849842
3.083082850479582
3.0909529470230277
3.1002708943644284
3.112391793271584
3.1209507606745963
3.1269990039368576
3.131274562802444
3.134297250228882
3.141592653589793
4.183882841309714
10.794440776082705
77
0.
0.00016276041666666666
0.0003255208333333333
0.0006510416666666666
0.0013020833333333333
0.0026041666666666665
0.00390625
0.005208333333333333
0.010416666666666666
0.015625
0.020833333333333332
0.03125
0.041666666666666664
0.0625
0.08333333333333333
0.125
0.16666666666666666
0.25
0.3333333333333333
0.375
0.41666666666666663
0.4375
0.4583333333333333
0.46875
0.4739583333333333
0.47916666666666663
0.484375
0.48697916666666663
0.4895833333333333
0.4921875
0.49479166666666663
0.5
0.5052083333333333
0.5104166666666666
0.5208333333333333
0.5416666666666666
0.5625
0.5833333333333333
0.625
0.6666666666666666
0.6875
0.7083333333333333
0.71875
0.7291666666666666
0.7395833333333333
0.7447916666666666
0.75
0.7526041666666666
0.7552083333333333
0.7578125
0.7604166666666666
0.7630208333333333
0.765625
0.7682291666666666
0.7708333333333333
0.78125
0.7916666666666666
0.8125
0.8333333333333333
0.875
0.9166666666666666
0.9375
0.9583333333333333
0.96875
0.9791666666666666
0.984375
0.9895833333333333
0.9921875
0.9947916666666666
0.9973958333333333
0.998046875
0.9986979166666666
0.9993489583333333
0.9996744791666666
0.9998372395833333
0.9999186197916666
1.
0.
0.008827511707723893
0.01248488010290536
0.017658813321871133
0.02498048909505202
0.03534801980965156
0.043317205643869594
0.050047228247507916
0.07094167018631423
0.0870887729249894
0.10079885451903602
0.1240443097820076
0.14393278901221432
0.17805431266500124
0.2077498672798353
0.26013854232089323
0.3077531945097954
0.39902224787750645
0.4967639090039293
0.5539901045983022
0.6242959699107247
0.6693339607057605
0.7290405197847228
0.7707100925672689
0.7978013299352482
0.8329155075090106
0.8844287962351448
0.922278709452394
0.9695715849728984
1.015425498488687
1.051892372061097
1.1043144308333792
1.1424014999963699
1.1730913682718673
1.222503455150867
1.2982352286251664
1.3598077268762612
1.4146681423651506
1.5164493435896644
1.6198844841263915
1.6771221725750483
1.7428768045427927
1.7814693842924605
1.8268637466159194
1.8848494519053256
1.9232625801089756
1.9759670380819003
2.0141552226917367
2.0720544485900056
2.159290479076848
2.2250730922272908
2.2666910089127463
2.2973479566551833
2.3220751895120344
2.3430920881970647
2.4072806856112825
2.455387997727506
2.530620188763556
2.592220492060434
2.6983980735713673
2.798619399948189
2.8512646458034174
2.909426268957704
2.9424880247298404
2.980547020778687
3.0027596686366405
3.0287441578190304
3.0440793863797806
3.062148200091088
3.085539177623176
3.0930754717369138
3.1019998748308923
3.1136113864776167
3.1218122184421175
3.1276077044346886
3.131704747533134
3.141592653589793
4.319812759250499
10.359528314790564
80
0.
0.00016276041666666666
0.0003255208333333333
0.0006510416666666666
0.0013020833333333333
0.001953125
0.0026041666666666665
0.005208333333333333
0.0078125
0.010416666666666666
0.020833333333333332
0.03125
0.041666666666666664
0.0625
0.08333333333333333
0.125
0.16666666666666666
0.25
0.3333333333333333
0.375
0.41666666666666663
0.4375
0.4583333333333333
0.46875
0.47916666666666663
0.484375
0.4895833333333333
0.49479166666666663
0.5
0.5104166666666666
0.5208333333333333
0.5416666666666666
0.5625
0.5833333333333333
0.625
0.6666666666666666
0.6875
0.7083333333333333
0.71875
0.7239583333333333
0.7291666666666666
0.73046875
0.7317708333333333
0.7330729166666666
0.734375
0.7356770833333333
0.736328125
0.7369791666666666
0.7376302083333333
0.73828125
0.7395833333333333
0.7408854166666666
0.7421875
0.7434895833333333
0.7447916666666666
0.75
0.7552083333333333
0.7604166666666666
0.7708333333333333
0.7916666666666666
0.8125
0.8333333333333333
0.875
0.9166666666666666
0.9375
0.9583333333333333
0.96875
0.9791666666666666
0.984375
0.9895833333333333
0.9921875
0.9947916666666666
0.9973958333333333
0.998046875
0.9986979166666666
0.9993489583333333
0.9996744791666666
0.9998372395833333
0.9999186197916666
1.
0.
0.00862173826546301
0.012193860024030027
0.01724721661154081
0.024398309124831135
0.029890366693059566
0.03452443630534534
0.04888176933899995
0.05993769592328596
0.06929136502117203
0.09845897269445256
0.12117106980657698
0.1406062388975215
0.17395785143194978
0.2029927827133688
0.25424153489913826
0.3008527879991036
0.3902944436580448
0.4861908068080734
0.5423207873640902
0.6110566381140954
0.654728970687311
0.711558933257098
0.749769818659117
0.8023534531345901
0.8395303118053248
0.890984702603123
0.9592880338649301
1.0234594166341
1.1095083574573443
1.167613852357084
1.2527564140663092
1.3202232997071335
1.3798313516707104
1.4907062312649868
1.6063245254537541
1.6734797953480343
1.7570199558541266
1.8127931421045542
1.848550679182562
1.8955354050640338
1.9105299726972869
1.9277866139223465
1.9484248723560842
1.9747473753709626
2.012819142384392
2.041637543774436
2.0822692644267007
2.124729441653591
2.1553759883748893
2.194825916280448
2.2214905888552865
2.2421497158235524
2.259298798253501
2.274118071464772
2.3201692030936054
2.3548813673473075
2.383587950135648
2.430789902894556
2.5043109892654383
2.564203384603733
2.6171767943297017
2.7136077815531428
2.8081608334007155
2.858651850109383
2.9148699341950652
2.9469800112686966
2.9840478719210717
3.005723493287501
3.0311107652054967
3.0461065265059424
3.063785379202464
3.0866844597387404
3.09406434419258
3.1028051164223074
3.114179459177197
3.122213252305091
3.127891469201735
3.1319055133484093
3.141592653589793
4.455742677191283
9.924607282278423
84
0.
0.00016276041666666666
0.0003255208333333333
0.0006510416666666666
0.0013020833333333333
0.001953125
0.0026041666666666665
0.005208333333333333
0.0078125
0.010416666666666666
0.020833333333333332
0.03125
0.041666666666666664
0.0625
0.08333333333333333
0.125
0.16666666666666666
0.25
0.3333333333333333
0.375
0.41666666666666663
0.4375
0.4583333333333333
0.46875
0.47916666666666663
0.4895833333333333
0.49479166666666663
0.5
0.5104166666666666
0.515625
0.5208333333333333
0.5416666666666666
0.5625
0.5833333333333333
0.625
0.6666666666666666
0.6875
0.6979166666666666
0.7083333333333333
0.7135416666666666
0.71875
0.7213541666666666
0.72265625
0.7239583333333333
0.724609375
0.7252604166666666
0.7255859375
0.7259114583333333
0.72607421875
0.7262369791666666
0.7263997395833333
0.7265625
0.7268880208333333
0.7272135416666666
0.7275390625
0.7278645833333333
0.7291666666666666
0.73046875
0.7317708333333333
0.734375
0.7395833333333333
0.75
0.7604166666666666
0.7708333333333333
0.7916666666666666
0.8333333333333333
0.875
0.9166666666666666
0.9375
0.9583333333333333
0.96875
0.9791666666666666
0.984375
0.9895833333333333
0.9921875
0.9947916666666666
0.9973958333333333
0.998046875
0.9986979166666666
0.9993489583333333
0.9996744791666666
0.9998372395833333
0.9999186197916666
1.
0.
0.008358950749560168
0.011822200270154907
0.016721543037237815
0.023654705214088
0.028979408129495093
0.0334722849967328
0.047392287673609285
0.05811159161377008
0.06718058292088114
0.09546135191514597
0.11748399301105443
0.13633007936526859
0.1686728709600672
0.19683168798127948
0.24653767551254238
0.2917459445895428
0.37845902811323684
0.4712055140049245
0.5251858715917528
0.5905505377176571
0.6312710913810249
0.6824842710597814
0.7150842888050435
0.7562297129195685
0.8133076997980457
0.8524483487973109
0.9010260257138977
1.003275876009505
1.0441923728202738
1.0786126286677111
1.1807909153832126
1.257100591787908
1.3228269664110595
1.4435526995442152
1.5705390298948532
1.6468681999885002
1.6928526511248143
1.7495544720576333
1.7855686286984764
1.8324674794275275
1.8644413172150367
1.8848918470187654
1.9112199096839388
1.9285465695274933
1.9517115498050415
1.9678001796664748
1.9912020156468884
2.0096471618034855
2.0401385862624575
2.0752633285865985
2.096610978349667
2.121867848057307
2.1385189093977752
2.1513441334285557
2.161954232926966
2.1931948162498465
2.215635390433633
2.2336913471978894
2.262545852132444
2.305534491109682
2.3664408377540314
2.4125218284231167
2.4510587942238495
2.5157314122306973
2.621416512373091
2.7149519181210007
2.808180609332828
2.8583406425587152
2.9143966392008678
2.946487848103151
2.983584589457011
3.005297370481125
3.0307433131033847
3.045780079872592
3.0635122151242484
3.0864867206589093
3.0938921018567003
3.1026638242086633
3.1140788116672957
3.1221420092359007
3.1278405981573085
3.1318690854883604
3.141592653589793
4.591672595132067
9.518042941015695
108
0.
0.00016276041666666666
0.0003255208333333333
0.0006510416666666666
0.0013020833333333333
0.001953125
0.0026041666666666665
0.005208333333333333
0.0078125
0.010416666666666666
0.020833333333333332
0.03125
0.041666666666666664
0.0625
0.08333333333333333
0.125
0.16666666666666666
0.25
0.3333333333333333
0.375
0.41666666666666663
0.4375
0.4583333333333333
0.47916666666666663
0.5
0.5104166666666666
0.5208333333333333
0.53125
0.5416666666666666
0.5625
0.5833333333333333
0.625
0.6458333333333333
0.6666666666666666
0.6875
0.6979166666666666
0.7083333333333333
0.7135416666666666
0.7161458333333333
0.71875
0.7213541666666666
0.72265625
0.7233072916666666
0.7236328125
0.7239583333333333
0.7240397135416666
0.72412109375
0.7242024739583333
0.7242431640625
0.7242838541666666
0.7242940266927083
0.72430419921875
0.7243143717447916
0.7243194580078125
0.7243245442708333
0.7243270874023438
0.7243296305338541
0.7243309020996094
0.7243321736653645
0.7243328094482422
0.7243334452311198
0.7243340810139973
0.724334716796875
0.7243359883626301
0.7243372599283854
0.7243398030598958
0.7243423461914062
0.7243448893229166
0.7243550618489583
0.724365234375
0.7243855794270833
0.7244059244791666
0.7244466145833333
0.7245279947916666
0.724609375
0.7247721354166666
0.7249348958333333
0.7252604166666666
0.7259114583333333
0.7265625
0.7278645833333333
0.7291666666666666
0.7317708333333333
0.734375
0.7395833333333333
0.75
0.7604166666666666
0.7708333333333333
0.7916666666666666
0.8333333333333333
0.875
0.9166666666666666
0.9375
0.9583333333333333
0.96875
0.9791666666666666
0.984375
0.9895833333333333
0.9921875
0.9947916666666666
0.9973958333333333
0.998046875
0.9986979166666666
0.9993489583333333
0.9996744791666666
0.9998372395833333
0.9999186197916666
1.
0.
0.008054901758009686
0.01139217679606151
0.0161133030198383
0.022794257111063664
0.027925250168035196
0.03225466772830412
0.04566814134620958
0.055997276567422434
0.06473607161688327
0.09198638273383287
0.11320547407268518
0.13136283953141503
0.16252050745543697
0.18964294367551837
0.23750347947222059
0.2810049692515189
0.36429670995298125
0.45290319364028697
0.5039796330395874
0.5648441086901593
0.6018358829480327
0.6466958223246145
0.7060687694266025
0.799101893084835
0.8717152686908403
0.9549153364381846
1.0257623587132378
1.0823185045169563
1.1712865111810735
1.2445174393825957
1.3748873719906987
1.439925623446102
1.5097540279058992
1.5907886978709587
1.6399256448216555
1.7013301119976838
1.7412702938956872
1.7657785723295596
1.7957412559557369
1.8365715168226948
1.8666524896526584
1.8879789878255726
1.9022160404097992
1.9218706240812928
1.9285003480034588
1.9364983221739638
1.9469194913111019
1.9538808184935716
1.9634590316209783
1.9666699538508534
1.9705136359094828
1.9754379047095407
1.978636444670365
1.982817935584571
1.985617467067808
1.9894619210647653
1.9922564089911308
1.9968085620223663
2.0018347038442195
2.010579972762692
2.0143454556412776
2.0166571564244027
2.0198067509912128
2.0220805458557884
2.0254536760621344
2.028020033678932
2.0301346641230524
2.036341940553863
2.0407890022020445
2.0473808243526985
2.05240394234124
2.060124220375652
2.071176513568552
2.0794300244788846
2.0919677069827376
2.1016797761517165
2.1167749187930696
2.1386211546881313
2.155069405470658
2.1802309696208755
2.1998539131752004
2.230596349494781
2.255004935191598
2.2938191398142087
2.351810485231217
2.3970190522462427
2.435356876252992
2.500386046556526
2.607727738716003
2.7033187012561726
2.798886401500447
2.8503787493170623
2.9079651658627172
2.940947192871802
2.9790841538590804
3.001409791561134
3.0275772529454668
3.0430419482800186
3.0612792629775445
3.0849104357092205
3.092527247519719
3.1015494028132005
3.1132912268801345
3.1215850368895572
3.127447143617997
3.1315912727198056
3.141592653589793
4.727602513072852
9.138485606051528
85
0.
0.00016276041666666666
0.0003255208333333333
0.0006510416666666666
0.0013020833333333333
0.0026041666666666665
0.005208333333333333
0.0078125
0.010416666666666666
0.020833333333333332
0.03125
0.041666666666666664
0.0625
0.08333333333333333
0.125
0.16666666666666666
0.25
0.3333333333333333
0.375
0.41666666666666663
0.4583333333333333
0.47916666666666663
0.5
0.5104166666666666
0.5208333333333333
0.5416666666666666
0.5625
0.5833333333333333
0.625
0.6666666666666666
0.6875
0.6979166666666666
0.7083333333333333
0.7135416666666666
0.71875
0.7213541666666666
0.7239583333333333
0.7252604166666666
0.7265625
0.7278645833333333
0.7281901041666666
0.728515625
0.7288411458333333
0.7291666666666666
0.729248046875
0.7293294270833333
0.7294108072916666
0.7294921875
0.7295735677083333
0.7296549479166666
0.7298177083333333
0.72998046875
0.7301432291666666
0.73046875
0.7311197916666666
0.7317708333333333
0.7330729166666666
0.734375
0.7369791666666666
0.7395833333333333
0.7447916666666666
0.75
0.7604166666666666
0.7708333333333333
0.7916666666666666
0.8333333333333333
0.875
0.9166666666666666
0.9375
0.9583333333333333
0.96875
0.9791666666666666
0.984375
0.9895833333333333
0.9921875
0.9947916666666666
0.9973958333333333
0.998046875
0.9986979166666666
0.9993489583333333
0.9996744791666666
0.9998372395833333
0.9999186197916666
0.9999593098958333
1.
0.
0.007728660277982089
0.010930760077131554
0.01546064982209224
0.02187094513461586
0.030948004895003618
0.043817676231259164
0.05372776105471344
0.06211178172365496
0.08825388239111115
0.1086074000563628
0.12602167186769916
0.15589742004484705
0.18189488281870966
0.227741172900841
0.2693650408835084
0.3488462221940003
0.4327852545853424
0.48060894794122
0.5366087263791968
0.6088351989703598
0.6574212336295596
0.7240862116573191
0.7699052916070938
0.8283053191176118
0.9619199873398594
1.0671390624305563
1.1497156195889922
1.2897415000546637
1.4289645858352376
1.5100068758407605
1.5576892656296768
1.6147186839003607
1.6494149983990887
1.6917639090226697
1.7178819077260215
1.7500130408013408
1.7699078460073119
1.7943771774992667
1.8278519694246855
1.839028528941389
1.85238075226758
1.8694181287426819
1.894605623530613
1.9038655590478595
1.9159059692697908
1.9338597014381698
1.9656894229489148
1.9942426872130017
2.010387275194111
2.0303320611108076
2.043882680182431
2.054456563300262
2.070896515934065
2.094600120229172
2.112348736652776
2.1393621428816845
2.160330416288622
2.193052548092843
2.218948493785622
2.260017662393928
2.2930142419205626
2.34620040458492
2.389736650592367
2.461695078257178
2.5777127509854765
2.6795955840553103
2.780780640468596
2.8351341456912404
2.8958303802581655
2.930561944960595
2.9707001899906835
2.9941888985980323
3.0217129852964058
3.0379766446064522
3.057154752635228
3.0820008441550315
3.0900091549102626
3.099494940629032
3.1118394723686147
3.1205589052146423
3.1267218219804964
3.1310785242251886
3.134158609409839
3.141592653589793
4.8635324310136365
8.7691881046812
71
0.
0.00016276041666666666
0.0003255208333333333
0.0006510416666666666
0.0013020833333333333
0.0026041666666666665
0.005208333333333333
0.0078125
0.010416666666666666
0.020833333333333332
0.03125
0.041666666666666664
0.0625
0.08333333333333333
0.125
0.16666666666666666
0.25
0.3333333333333333
0.41666666666666663
0.4583333333333333
0.5
0.5208333333333333
0.5416666666666666
0.5625
0.5833333333333333
0.625
0.6666666666666666
0.6875
0.7083333333333333
0.71875
0.7239583333333333
0.7291666666666666
0.7317708333333333
0.734375
0.7356770833333333
0.7369791666666666
0.73828125
0.7389322916666666
0.7395833333333333
0.740234375
0.7408854166666666
0.7421875
0.7434895833333333
0.7447916666666666
0.7473958333333333
0.75
0.7552083333333333
0.7604166666666666
0.7708333333333333
0.7916666666666666
0.8125
0.8333333333333333
0.875
0.9166666666666666
0.9375
0.9583333333333333
0.96875
0.9791666666666666
0.984375
0.9895833333333333
0.9921875
0.9947916666666666
0.9973958333333333
0.998046875
0.9986979166666666
0.9993489583333333
0.9996744791666666
0.9998372395833333
0.9999186197916666
0.9999593098958333
1.
0.
0.007394378901415354
0.010457972951419191
0.01479190855855244
0.020924868161556597
0.02960909107251587
0.04192145275436133
0.051402022801666926
0.059422355047880335
0.08442803463370367
0.10389345226343115
0.12054486852638839
0.14910354352620284
0.1739439436257828
0.21771529237792742
0.2574013775649838
0.33294529415303814
0.4120938307018819
0.5079621626278888
0.5718447311706601
0.664108499102933
0.7355115964759444
0.8382540411277253
0.9505231310231059
1.0435671499109387
1.194255791240248
1.336454748873449
1.4156907875467253
1.5114948782335196
1.5732153535812365
1.6113292085622175
1.65872417642447
1.6886603261798767
1.7266432049645777
1.7511197628949442
1.782811459802857
1.8311479786602105
1.8730182117485412
1.9406712969505355
1.9926263292115158
2.0239866793871544
2.064491074031205
2.092683578699088
2.11495155246909
2.1499738992360498
2.177775865983674
2.221880130872864
2.2572835050066513
2.3142780427894034
2.4014076799366095
2.4716255408802668
2.5334254167247168
2.645531303275446
2.7552146611654305
2.8137417108854486
2.8788910706378656
2.916098488117167
2.9590489787090988
2.9841641360197255
3.0135797475569768
3.030954866604754
3.0514391398569094
3.0779718926324082
3.086522745069941
3.096650342432609
3.1098295731273264
3.1191381349749783
3.1257173116535655
3.130368291101084
3.1336564302101206
3.141592653589793
4.99946234895442
8.395176632621075
67
0.
0.0003255208333333333
0.0006510416666666666
0.0013020833333333333
0.0026041666666666665
0.005208333333333333
0.0078125
0.010416666666666666
0.020833333333333332
0.03125
0.041666666666666664
0.0625
0.08333333333333333
0.125
0.16666666666666666
0.25
0.3333333333333333
0.41666666666666663
0.4583333333333333
0.5
0.5208333333333333
0.5416666666666666
0.5625
0.5833333333333333
0.625
0.6666666666666666
0.6875
0.7083333333333333
0.71875
0.7291666666666666
0.734375
0.7395833333333333
0.7447916666666666
0.7473958333333333
0.75
0.7513020833333333
0.7526041666666666
0.75390625
0.7552083333333333
0.7578125
0.7604166666666666
0.765625
0.7708333333333333
0.78125
0.7916666666666666
0.8125
0.8333333333333333
0.875
0.9166666666666666
0.9375
0.9583333333333333
0.96875
0.9791666666666666
0.984375
0.9895833333333333
0.9921875
0.9947916666666666
0.9973958333333333
0.998046875
0.9986979166666666
0.9993489583333333
0.99951171875
0.9996744791666666
0.9998372395833333
0.9999186197916666
0.9999593098958333
1.
0.
0.00998270559759858
0.014119658792079147
0.019973823268373863
0.02826315736776799
0.040015294168321926
0.04906410746170184
0.056718862062134424
0.08058226095593095
0.09915506662525736
0.11503982154282663
0.14227515052036585
0.1659533842704791
0.2076423379116712
0.24538704358760158
0.3170071423128946
0.3914616122204968
0.479937639156671
0.5368416796947001
0.6136587479218266
0.6672891472162631
0.7400190877980934
0.8345901773259125
0.9312506787361106
1.0921943519160686
1.2373522300109079
1.3149619831077712
1.4040027255991334
1.4568705789151302
1.5204107206675936
1.5590846825054152
1.606000834574613
1.6687266203717201
1.7127171445997353
1.7779313359174618
1.8288218381953016
1.8969834670827042
1.9576552581452578
2.0001498416288266
2.0569798482310677
2.09671495783706
2.1544106561200995
2.197927656685382
2.265039278169888
2.3183026900613664
2.4045810994566286
2.4768773151551953
2.6034476382283187
2.7242388892954805
2.7880083991437212
2.8586381610695986
2.8988527712768124
2.9451918214586414
2.972255822612758
3.003929553870178
3.0226281559422294
3.0446652358813338
3.073199263840047
3.082393063276759
3.0932815129264095
3.1074496015598587
3.1120276274472696
3.117456032102144
3.124528306840839
3.1295277482814967
3.133062181877645
3.141592653589793
5.135392266895204
8.011832602300943
63
0.
0.0003255208333333333
0.0006510416666666666
0.0013020833333333333
0.0026041666666666665
0.005208333333333333
0.0078125
0.010416666666666666
0.020833333333333332
0.03125
0.041666666666666664
0.0625
0.08333333333333333
0.125
0.16666666666666666
0.25
0.3333333333333333
0.41666666666666663
0.4583333333333333
0.5
0.5416666666666666
0.5625
0.5833333333333333
0.6041666666666666
0.625
0.6666666666666666
0.6875
0.7083333333333333
0.7291666666666666
0.7395833333333333
0.75
0.7552083333333333
0.7604166666666666
0.7630208333333333
0.765625
0.7682291666666666
0.7708333333333333
0.7760416666666666
0.78125
0.7916666666666666
0.8020833333333333
0.8125
0.8333333333333333
0.875
0.9166666666666666
0.9375
0.9583333333333333
0.96875
0.9791666666666666
0.984375
0.9895833333333333
0.9921875
0.9947916666666666
0.99609375
0.9973958333333333
0.9986979166666666
0.9990234375
0.9993489583333333
0.9996744791666666
0.9998372395833333
0.9999186197916666
0.9999593098958333
1.
0.
0.009506973266703021
0.013446753869501008
0.019021857639160956
0.026915927534098646
0.0381073338224999
0.04672402779182329
0.05401291802380306
0.07673331280476574
0.09441318641867705
0.1095312388538372
0.1354437889164768
0.1579612860892762
0.19757360071658006
0.23338783475900024
0.3011346253289265
0.37104704948297224
0.4527342424042816
0.5037802241095636
0.5694808799216253
0.6669630100872612
0.7380328994244535
0.8230798266981784
0.9082680127840204
0.986816285930037
1.13382468388995
1.2099717801168597
1.2942685402263503
1.395857975804377
1.459555358932228
1.5413457013386782
1.5955891125836825
1.6692757025674647
1.7207390935444244
1.7907269246227624
1.878253630190066
1.9537351003940502
2.0498492197615126
2.1122491422458225
2.199329158756694
2.264046014824499
2.3176457360313507
2.4071275720621848
2.554316522196559
2.6892390838014406
2.759292831427507
2.8362831758365816
2.8799113752234167
2.9300435720239437
2.959267179079214
2.9934271034673596
3.0135763614858413
3.0373089904825887
3.0513838779152627
3.0680216460728627
3.089629324003113
3.096603794598307
3.104869813150994
3.1156330664290595
3.1232389877620657
3.1286158448518155
3.1324172603134404
3.141592653589793
5.271322184835989
7.622798327928564
59
0.
0.0003255208333333333
0.0006510416666666666
0.0013020833333333333
0.0026041666666666665
0.005208333333333333
0.0078125
0.010416666666666666
0.020833333333333332
0.03125
0.041666666666666664
0.0625
0.08333333333333333
0.125
0.16666666666666666
0.25
0.3333333333333333
0.41666666666666663
0.4583333333333333
0.5
0.5416666666666666
0.5625
0.5833333333333333
0.625
0.6666666666666666
0.7083333333333333
0.7291666666666666
0.75
0.7604166666666666
0.7708333333333333
0.7760416666666666
0.78125
0.7864583333333333
0.7916666666666666
0.8020833333333333
0.8125
0.8229166666666666
0.8333333333333333
0.8541666666666666
0.875
0.9166666666666666
0.9375
0.9583333333333333
0.96875
0.9791666666666666
0.984375
0.9895833333333333
0.9921875
0.9947916666666666
0.99609375
0.9973958333333333
0.9986979166666666
0.9990234375
0.9993489583333333
0.9996744791666666
0.9998372395833333
0.9999186197916666
0.9999593098958333
1.
0.
0.0090320982806134
0.012775064247763262
0.018071616713447747
0.02557114612014852
0.03620286276064762
0.044388259197643304
0.05131199576142812
0.07289173017891903
0.08968068146158714
0.10403392775994796
0.12862748680982655
0.1499883217459375
0.1875339319726591
0.22143167789370644
0.28535820232885106
0.35087062118027024
0.42627533337059603
0.47228910491306575
0.5294666985831189
0.6085250761502814
0.6628789432319686
0.7304858509133598
0.8835306953770444
1.0290034609368297
1.1828042846550333
1.2750059867509547
1.3920554536011398
1.4694424886912314
1.5749062458962504
1.64959070058055
1.7537269996233653
1.8817911622615142
1.9833716531453527
2.110082421607476
2.194376625239705
2.260461238192056
2.3165431151487845
2.4120130806815325
2.4954151468553563
2.649038001207511
2.726831787832249
2.8113591012337
2.858926208702291
2.9133608818491363
2.9450043500034653
2.98192695305866
3.003677850339436
3.0292764853673355
3.0444481021269048
3.0623763548810325
3.0856487330268627
3.0931593551338747
3.1020596973401804
3.113647176770473
3.121835928662099
3.127624393549031
3.131716528733651
3.141592653589793
5.407252102776773
7.234000850913941
57
0.
0.0003255208333333333
0.0006510416666666666
0.0013020833333333333
0.0026041666666666665
0.00390625
0.005208333333333333
0.010416666666666666
0.015625
0.020833333333333332
0.041666666666666664
0.0625
0.08333333333333333
0.125
0.16666666666666666
0.25
0.3333333333333333
0.41666666666666663
0.5
0.5416666666666666
0.5833333333333333
0.625
0.6666666666666666
0.7083333333333333
0.7291666666666666
0.75
0.7708333333333333
0.78125
0.7916666666666666
0.796875
0.8020833333333333
0.8072916666666666
0.8125
0.8229166666666666
0.8333333333333333
0.8541666666666666
0.875
0.9166666666666666
0.9375
0.9583333333333333
0.96875
0.9791666666666666
0.984375
0.9895833333333333
0.9921875
0.9947916666666666
0.99609375
0.9973958333333333
0.9986979166666666
0.9990234375
0.9993489583333333
0.9996744791666666
0.9998372395833333
0.9999186197916666
0.9999593098958333
0.9999796549479166
1.
0.
0.008561740760100564
0.012109758772120418
0.01713040593145736
0.02423916325659762
0.02970288708961945
0.0343165446790699
0.0486368463172361
0.05969875277945284
0.06908695830277671
0.09858980163379494
0.12187790949570115
0.1420945201700849
0.1775977110135536
0.2096052484459904
0.26978423742542007
0.33104510343618515
0.400604462726943
0.4925213680539733
0.5586988482464219
0.655181722435233
0.7881458582872519
0.9276046777590726
1.0730171624821059
1.1571931341381407
1.258580164585965
1.393628946367053
1.486327601609458
1.6153570064277585
1.7039231512366577
1.808288473854659
1.9075465834292002
1.9873107680399806
2.1030803052608835
2.187852139793584
2.31653753531325
2.4199809968538606
2.5994826888173588
2.68727372426379
2.7812524665352245
2.8336707120255737
2.893349986686197
2.927922113676456
2.968172643314527
2.9918495710584274
3.019682434211055
3.036168718240634
3.0556397048473687
3.080899652971517
3.089049957210361
3.098707179554632
3.1112784598137444
3.120161791045179
3.126440998053387
3.1308799408474863
3.1340181843520214
3.141592653589793
5.611146979687949
6.658609071242775
54
0.
0.0003255208333333333
0.0006510416666666666
0.0013020833333333333
0.0026041666666666665
0.005208333333333333
0.010416666666666666
0.015625
0.020833333333333332
0.041666666666666664
0.0625
0.08333333333333333
0.125
0.16666666666666666
0.25
0.3333333333333333
0.41666666666666663
0.5
0.5833333333333333
0.625
0.6666666666666666
0.7083333333333333
0.75
0.7708333333333333
0.7916666666666666
0.8125
0.8177083333333333
0.8229166666666666
0.8333333333333333
0.84375
0.8541666666666666
0.875
0.8958333333333333
0.9166666666666666
0.9375
0.9583333333333333
0.96875
0.9791666666666666
0.984375
0.9895833333333333
0.9921875
0.9947916666666666
0.99609375
0.9973958333333333
0.9986979166666666
0.9990234375
0.9993489583333333
0.9996744791666666
0.999755859375
0.9998372395833333
0.9999186197916666
0.9999593098958333
0.9999796549479166
1.
0.
0.007876895448347885
0.011141086027191657
0.01576003495319961
0.022299831045719403
0.03157016365816632
0.044742197721770564
0.054915518478887135
0.0635482613949169
0.09066634813977568
0.11205690290085003
0.13061177074477998
0.16315372991790877
0.1924288607024222
0.24722904275778368
0.3024952368678551
0.3641352573237245
0.4422860750145106
0.566358373196991
0.6672525011347755
0.7899131841221909
0.9209749226989589
1.0783838598070876
1.1825286679760931
1.321296518427736
1.5275283909772355
1.5983704877768512
1.67934002016734
1.851536155290984
1.9920909134547868
2.098441563031235
2.2579311673076234
2.3845726425542426
2.497454746353001
2.6063578372487832
2.719807430306695
2.7821294870196565
2.8524926420760703
2.8930301693814555
2.94006623142168
2.9676676308331364
3.0000665148110874
3.0192350332039504
3.0418540728396954
3.071185752173208
3.0806434773642226
3.091847614019793
3.1064342575201005
3.111149247978287
3.1167402250949263
3.124023482835652
3.129171446701222
3.132810569690935
3.141592653589793
5.815041856599126
6.092144118223431
53
0.
0.0003255208333333333
0.0006510416666666666
0.0013020833333333333
0.0026041666666666665
0.005208333333333333
0.010416666666666666
0.015625
0.020833333333333332
0.041666666666666664
0.0625
0.08333333333333333
0.125
0.16666666666666666
0.25
0.3333333333333333
0.41666666666666663
0.5
0.5833333333333333
0.625
0.6666666666666666
0.7083333333333333
0.75
0.7916666666666666
0.8125
0.8333333333333333
0.84375
0.8541666666666666
0.8645833333333333
0.875
0.8958333333333333
0.9166666666666666
0.9375
0.9583333333333333
0.96875
0.9791666666666666
0.984375
0.9895833333333333
0.9921875
0.9947916666666666
0.99609375
0.9973958333333333
0.998046875
0.9986979166666666
0.9993489583333333
0.99951171875
0.9996744791666666
0.9998372395833333
0.9999186197916666
0.9999593098958333
0.9999796549479166
0.9999898274739583
1.
0.
0.007229720952147444
0.010225689638539535
0.014465043570456167
0.02046723462175811
0.028975100379843393
0.041062497561214197
0.050396820728749965
0.058316450397823995
0.08318546237800044
0.1027892012253173
0.11978211060686139
0.14954905309399338
0.17627631698270355
0.2261135787443992
0.27597404208291365
0.3307822993718581
0.39816952483612367
0.4974982636603918
0.5740826037230162
0.674961839367554
0.790519236384409
0.9252444691264565
1.1176733876999043
1.2617228906902282
1.4636562770582409
1.5987987764835356
1.7516929674933306
1.894505052626046
2.0139863900553174
2.2024977239797
2.3562779477158524
2.4966595578899042
2.63767678796589
2.7136195795645652
2.7984461097131086
2.846975921556095
2.9030447276312112
2.935847328660712
2.9742780473853188
2.9969825954412093
3.0237524196190315
3.0396400167554076
3.058431553424046
3.08284545339715
3.09072835689961
3.1000724167726195
3.11224037873419
3.1208401942807487
3.1269198114961227
3.1312180684914117
3.1342570545296127
3.141592653589793
6.222831610421478
4.9995389593431385
50
0.
0.0006510416666666666
0.0013020833333333333
0.0026041666666666665
0.005208333333333333
0.0078125
0.010416666666666666
0.020833333333333332
0.03125
0.041666666666666664
0.08333333333333333
0.125
0.16666666666666666
0.25
0.3333333333333333
0.41666666666666663
0.5
0.5833333333333333
0.6666666666666666
0.7083333333333333
0.75
0.7916666666666666
0.8333333333333333
0.8541666666666666
0.875
0.8958333333333333
0.9166666666666666
0.9375
0.9583333333333333
0.96875
0.9791666666666666
0.984375
0.9895833333333333
0.9921875
0.9947916666666666
0.99609375
0.9973958333333333
0.998046875
0.9986979166666666
0.9990234375
0.9993489583333333
0.9996744791666666
0.999755859375
0.9998372395833333
0.9999186197916666
0.9999593098958333
0.9999796549479166
0.9999898274739583
0.9999949137369791
1.
0.
0.008570027329706211
0.012122867610400953
0.017152869377281582
0.02428207272253551
0.029769186890910113
0.03440911034650138
0.04885977140714915
0.06008751598697013
0.06967323006543058
0.10025260312646966
0.1250614248746085
0.14726803778635977
0.18842340665437227
0.22909751287997818
0.27287729484341966
0.3245597304925152
0.3942928587975816
0.5084246477179513
0.5922363724710837
0.6928554804221461
0.8234466565754301
1.0359429380674259
1.1962041069102747
1.407253306113411
1.6670644588284513
1.931424239324013
2.1746684836193135
2.4034823253292967
2.5206540019583805
2.647834759173055
2.719247682108529
2.8008192781152355
2.8481685986403193
2.903361516702988
2.9358515074935654
2.9740681274955953
2.9967101908798788
3.023457359580496
3.0393539704556756
3.0581714555791177
3.082645005385228
3.090550748209768
3.099924029979431
3.112133508151974
3.12076362905318
3.1268651201925417
3.1311791203081625
3.134229376283719
3.141592653589793
6.630621364243831
4.010573926637438
49
0.
0.0006510416666666666
0.0013020833333333333
0.0026041666666666665
0.005208333333333333
0.010416666666666666
0.020833333333333332
0.03125
0.041666666666666664
0.08333333333333333
0.125
0.16666666666666666
0.25
0.3333333333333333
0.5
0.5833333333333333
0.6666666666666666
0.7083333333333333
0.75
0.7916666666666666
0.8333333333333333
0.875
0.8958333333333333
0.9166666666666666
0.9375
0.9583333333333333
0.96875
0.9791666666666666
0.984375
0.9895833333333333
0.9921875
0.9947916666666666
0.99609375
0.9973958333333333
0.998046875
0.9986979166666666
0.9990234375
0.9993489583333333
0.99951171875
0.9996744791666666
0.9998372395833333
0.9998779296875
0.9999186197916666
0.9999593098958333
0.9999796549479166
0.9999898274739583
0.9999949137369791
0.9999974568684895
1.
0.
0.007153499629773331
0.010119023950956367
0.014317404390324267
0.020267563023836248
0.028718705552759252
0.04077495885062928
0.05013897284133025
0.05813055907593643
0.08359988429421063
0.10422470366775133
0.12264531072593234
0.15663715371779352
0.18995018415142198
0.2660406281479166
0.3183641374038649
0.3976110409186483
0.4564312389620837
0.5315750613205789
0.6273560652766638
0.7700757397637008
1.017765995083803
1.2004576317305489
1.4379813887303468
1.7251780937321353
2.0447143660207714
2.2178422482605127
2.408289283948383
2.5152684333263604
2.637081315693624
2.7075608034518117
2.7895121670284486
2.8376629137603624
2.8942264580222
2.927706287858989
2.9672315240425786
2.9907100198907495
3.0184939019419343
3.0350285778712354
3.054617587399502
3.080115344527922
3.088357733029306
3.0981323216322045
3.1108668976303115
3.1198689309548238
3.1262329951836594
3.1307324013186273
3.133913628647753
3.141592653589793
7.174341036006968
2.898291299512696
50
0.
0.0013020833333333333
0.0026041666666666665
0.005208333333333333
0.010416666666666666
0.015625
0.020833333333333332
0.041666666666666664
0.0625
0.08333333333333333
0.16666666666666666
0.25
0.3333333333333333
0.5
0.5833333333333333
0.6666666666666666
0.75
0.7916666666666666
0.8333333333333333
0.875
0.8958333333333333
0.9166666666666666
0.9375
0.9583333333333333
0.96875
0.9791666666666666
0.984375
0.9895833333333333
0.9921875
0.9947916666666666
0.99609375
0.9973958333333333
0.998046875
0.9986979166666666
0.9990234375
0.9993489583333333
0.99951171875
0.9996744791666666
0.999755859375
0.9998372395833333
0.9998779296875
0.9999186197916666
0.9999593098958333
0.999969482421875
0.9999796549479166
0.9999898274739583
0.9999949137369791
0.9999974568684895
0.9999987284342448
1.
0.
0.007922181054265055
0.011208955960622383
0.01586690357831351
0.022482003103728984
0.027587580892295717
0.03191692295296304
0.04549278684576972
0.05616746668223728
0.06539522965056929
0.09582983790940582
0.12220025551249009
0.1478595942253739
0.20519341875010827
0.24285071980368633
0.2963445670929243
0.3856623019595103
0.4525938765986303
0.5463596300871426
0.7010537896291782
0.8153453493316534
0.9722107782703727
1.1922211206945226
1.5038837735580106
1.7103911326349153
1.9670761321430428
2.1237441862717246
2.3109155258159415
2.4225377105813375
2.5548147454984367
2.6335970370166617
2.726976413862131
2.782603514056056
2.8485500795119547
2.887843226034729
2.93443548508212
2.962202001830288
2.995131403380744
3.0147580900092086
3.0380363347209265
3.051911890455621
3.068370191143424
3.089818004177031
3.096754898137467
3.1049831729693302
3.1157062040925987
3.1232883508513143
3.128649647631042
3.132440611603978
3.141592653589793
7.718060707770105
2.025189619278427
53
0.
0.0026041666666666665
0.005208333333333333
0.010416666666666666
0.020833333333333332
0.03125
0.041666666666666664
0.08333333333333333
0.125
0.16666666666666666
0.3333333333333333
0.5
0.5833333333333333
0.6666666666666666
0.75
0.7916666666666666
0.8333333333333333
0.875
0.8958333333333333
0.9166666666666666
0.9375
0.9479166666666666
0.9583333333333333
0.96875
0.9739583333333333
0.9791666666666666
0.984375
0.9895833333333333
0.9921875
0.9947916666666666
0.99609375
0.9973958333333333
0.998046875
0.9986979166666666
0.9990234375
0.9993489583333333
0.99951171875
0.9996744791666666
0.999755859375
0.9998372395833333
0.9998779296875
0.9999186197916666
0.99993896484375
0.9999593098958333
0.9999796549479166
0.9999847412109375
0.9999898274739583
0.9999949137369791
0.9999974568684895
0.9999987284342448
0.9999993642171223
0.9999996821085612
1.
0.
0.008736534479187583
0.012366869711086042
0.017522248641587183
0.024874243438358944
0.03058165171371759
0.0354500400105453
0.050944684886949705
0.06345953517396868
0.07460220641190198
0.11483999319271486
0.15850442200355858
0.18644528133466085
0.22472648915175453
0.286913903324193
0.3348240377908025
0.40129116599721865
0.5040699007532201
0.5795965624124824
0.6820362462139555
0.8330781555843972
0.9357221988321875
1.068387257508193
1.244818061955235
1.3583234899714678
1.4963506550195211
1.6698857240849156
1.899025982843288
2.0470169952458646
2.232483247505001
2.347571294290422
2.487765609049646
2.5729602177628066
2.6753411577047825
2.736956629972374
2.81051672388931
2.8545744258832437
2.906999808032695
2.9383247663273133
2.975538758646368
2.997748692079484
3.0241145776991756
3.039839257414758
3.0584973979730306
3.082822562111706
3.090692652986645
3.1000294809809454
3.1121998290620096
3.1208071756284474
3.1268942947036646
3.131198941011851
3.134242987243194
3.141592653589793
8.53364021541481
1.1067662040528674
55
0.
0.005208333333333333
0.010416666666666666
0.020833333333333332
0.041666666666666664
0.08333333333333333
0.125
0.16666666666666666
0.3333333333333333
0.5
0.5833333333333333
0.6666666666666666
0.75
0.7916666666666666
0.8333333333333333
0.875
0.8958333333333333
0.9166666666666666
0.9375
0.9479166666666666
0.9583333333333333
0.96875
0.9739583333333333
0.9791666666666666
0.984375
0.9869791666666666
0.9895833333333333
0.9921875
0.9947916666666666
0.99609375
0.9973958333333333
0.998046875
0.9986979166666666
0.9990234375
0.9993489583333333
0.99951171875
0.9996744791666666
0.999755859375
0.9998372395833333
0.9998779296875
0.9999186197916666
0.99993896484375
0.9999593098958333
0.999969482421875
0.9999796549479166
0.9999847412109375
0.9999898274739583
0.9999949137369791
0.9999961853027344
0.9999974568684895
0.9999987284342448
0.9999993642171223
0.9999996821085612
0.9999998410542805
1.
0.
0.008421566099167102
0.011931947926975673
0.016937430415458952
0.024135948377048945
0.03467654427215753
0.04318235499561067
0.050747365208314056
0.07795590257714191
0.10709280492884139
0.12534520394847995
0.14965792607158482
0.1880225942380479
0.2180034840554733
0.2599296925572545
0.3211312295882014
0.3647519605238868
0.42360671549486295
0.5095752775130632
0.570018801582683
0.6504501666398014
0.764709879832481
0.8430296973926406
0.9446531450524508
1.0843748591747655
1.1770412241035586
1.2940418029713168
1.4481633830248617
1.6656988200021763
1.8156306247890324
2.014686379259775
2.1443883655195526
2.308741350967914
2.4117439685663475
2.5383723827166818
2.6159448370755425
2.709717647403008
2.7664035609099398
2.8342863201529616
2.8750370390431987
2.9236053324696476
2.952660450724748
2.9872064040399926
3.007835823007613
3.032337425189162
3.046956745898184
3.064306543922815
3.086928182039571
3.094247644105475
3.1029315566965807
3.114251387530017
3.1222575867186846
3.127919760188677
3.131923989557733
3.141592653589793
9.077359887177948
0.7099531363989591
57
0.
0.010416666666666666
0.020833333333333332
0.041666666666666664
0.08333333333333333
0.125
0.16666666666666666
0.3333333333333333
0.5
0.5833333333333333
0.6666666666666666
0.75
0.7916666666666666
0.8333333333333333
0.875
0.8958333333333333
0.9166666666666666
0.9375
0.9479166666666666
0.9583333333333333
0.96875
0.9739583333333333
0.9791666666666666
0.984375
0.9869791666666666
0.9895833333333333
0.9921875
0.9934895833333333
0.9947916666666666
0.99609375
0.9973958333333333
0.998046875
0.9986979166666666
0.9990234375
0.9993489583333333
0.99951171875
0.9996744791666666
0.999755859375
0.9998372395833333
0.9998779296875
0.9999186197916666
0.99993896484375
0.9999593098958333
0.999969482421875
0.9999796549479166
0.9999847412109375
0.9999898274739583
0.9999923706054688
0.9999949137369791
0.9999974568684895
0.9999980926513672
0.9999987284342448
0.9999993642171223
0.9999996821085612
0.9999998410542805
0.9999999205271403
1.
0.
0.009170085326270467
0.013016659511347487
0.01854792498456002
0.026645260038484
0.03317699996049392
0.038983674682490456
0.059834339782535786
0.08204928687075051
0.09585844208066072
0.11407455385802939
0.14250374429429447
0.16478165200080466
0.19610428890465859
0.24097670414519679
0.2723971655111774
0.31476524481427137
0.37594996177857826
0.4190560017005088
0.476815902505846
0.5601711119298488
0.618351426388581
0.6955139363965939
0.8046760381172263
0.8793660299755103
0.9764542550988133
1.1098452093039268
1.1984548884457276
1.3101739141761792
1.4576698974485298
1.6667523225904142
1.8118344884134863
2.006022131368381
2.1337425659625335
2.296805343961562
2.3998195127665567
2.527198907102814
2.605551869336518
2.700592420118038
2.758212079717154
2.8273595263227262
2.868933990913902
2.918539455971533
2.9482323699201483
2.983560284679921
3.004669101872868
3.029744200479952
3.044703794342002
3.0624587341324108
3.0856139076408877
3.0931072943998066
3.1019983757780794
3.113589600851904
3.1217886674525426
3.127587701006215
3.1316889464875053
3.141592653589793
9.892939394822653
0.3509875414732315
58
0.
0.020833333333333332
0.041666666666666664
0.08333333333333333
0.16666666666666666
0.3333333333333333
0.5
0.6666666666666666
0.75
0.8333333333333333
0.875
0.9166666666666666
0.9375
0.9479166666666666
0.9583333333333333
0.96875
0.9739583333333333
0.9791666666666666
0.984375
0.9869791666666666
0.9895833333333333
0.9921875
0.9934895833333333
0.9947916666666666
0.99609375
0.9967447916666666
0.9973958333333333
0.998046875
0.9983723958333333
0.9986979166666666
0.9990234375
0.9993489583333333
0.99951171875
0.9996744791666666
0.999755859375
0.9998372395833333
0.9998779296875
0.9999186197916666
0.99993896484375
0.9999593098958333
0.999969482421875
0.9999796549479166
0.9999847412109375
0.9999898274739583
0.9999923706054688
0.9999949137369791
0.9999961853027344
0.9999974568684895
0.9999987284342448
0.9999990463256836
0.9999993642171223
0.9999996821085612
0.9999997615814209
0.9999998410542805
0.9999999205271403
0.9999999602635701
0.999999980131785
1.
0.
0.008687927907444836
0.012379188965392073
0.017781707056927575
0.026009418095036207
0.0398902697833179
0.05461440668089446
0.07561089196776123
0.09401670450312397
0.12886721743562404
0.15770341789433429
0.2043085893663951
0.2425963730366622
0.2693889447670858
0.3055300666243032
0.35797778153421744
0.3951398122808324
0.44510552809895537
0.5174240383478605
0.5681260872923743
0.6355554084777397
0.731401126944154
0.7973648329650302
0.8834881479506214
1.0028514076663824
1.0829753329539071
1.185160995099093
1.3223442652981379
1.411573813581248
1.522134560698469
1.6649854779085604
1.8621206948896845
1.9956578617533438
2.1707102626692913
2.283818650500521
2.426249084348735
2.515201018243432
2.6242698418483394
2.6909385101385714
2.7714286717322647
2.8200478079257367
2.8782287998287988
2.9131476818718816
2.9547699871694793
2.9796627133961597
3.009243123375361
3.0269049780856987
3.0478829064947646
3.0752672533928544
3.0841355816594143
3.094662085663816
3.1083919719310535
3.112835598707278
3.118108331043683
3.12498277650887
3.129845718154475
3.1332853258251414
3.141592653589793
10.43665906658579
0.21823176394446053
59
0.
0.041666666666666664
0.08333333333333333
0.16666666666666666
0.3333333333333333
0.5
0.6666666666666666
0.75
0.8333333333333333
0.875
0.9166666666666666
0.9375
0.9583333333333333
0.96875
0.9739583333333333
0.9791666666666666
0.984375
0.9869791666666666
0.9895833333333333
0.9921875
0.9934895833333333
0.9947916666666666
0.99609375
0.9967447916666666
0.9973958333333333
0.998046875
0.9983723958333333
0.9986979166666666
0.9990234375
0.9991861979166666
0.9993489583333333
0.99951171875
0.9996744791666666
0.999755859375
0.9998372395833333
0.9998779296875
0.9999186197916666
0.99993896484375
0.9999593098958333
0.999969482421875
0.9999796549479166
0.9999847412109375
0.9999898274739583
0.9999923706054688
0.9999949137369791
0.9999961853027344
0.9999974568684895
0.9999980926513672
0.9999987284342448
0.9999993642171223
0.9999995231628418
0.9999996821085612
0.9999998410542805
0.9999998807907104
0.9999999205271403
0.9999999602635701
0.999999980131785
0.9999999900658925
1.
0.
0.009397015938650664
0.013497535481549958
0.01974108393500218
0.03026792406712824
0.041416330060640195
0.05725273821961273
0.07107308020277034
0.0972759844698076
0.11888023367588164
0.15356729916698275
0.1819829535288761
0.22854963784877605
0.2674124070138189
0.2950869701776396
0.3324275344176503
0.3869054941078355
0.42541579116738804
0.4770224781729189
0.5512361727322165
0.6029356458148366
0.6712869974551933
0.7677792615155564
0.8338107573462605
0.9196683334820501
1.038134752840583
1.1173759028195935
1.2181875152462722
1.353170599292997
1.4408029565199452
1.5492480427199167
1.6892177610442463
1.882277588830931
2.013080868037125
2.184721721991796
2.2957621529381953
2.4357685425704534
2.5233056251732173
2.630758167544415
2.6965046692332946
2.7759312848855613
2.8239240142901045
2.8813997089461405
2.9158996274589364
2.957014287464532
2.981615565302969
3.010872675373477
3.0283410112044096
3.0490796624554597
3.076135976633286
3.084894249476236
3.095287684105319
3.1088400223406425
3.1132252183766753
3.118428002651363
3.125210247839144
3.130007280570187
3.1333999260423964
3.141592653589793
10.980378738348927
0.137624319854068
60
0.
0.08333333333333333
0.16666666666666666
0.3333333333333333
0.5
0.6666666666666666
0.75
0.8333333333333333
0.875
0.9166666666666666
0.9375
0.9583333333333333
0.96875
0.9791666666666666
0.984375
0.9869791666666666
0.9895833333333333
0.9921875
0.9934895833333333
0.9947916666666666
0.99609375
0.9967447916666666
0.9973958333333333
0.998046875
0.9983723958333333
0.9986979166666666
0.9990234375
0.9991861979166666
0.9993489583333333
0.99951171875
0.9995930989583333
0.9996744791666666
0.999755859375
0.9998372395833333
0.9998779296875
0.9999186197916666
0.99993896484375
0.9999593098958333
0.999969482421875
0.9999796549479166
0.9999847412109375
0.9999898274739583
0.9999923706054688
0.9999949137369791
0.9999961853027344
0.9999974568684895
0.9999980926513672
0.9999987284342448
0.9999990463256836
0.9999993642171223
0.9999996821085612
0.9999997615814209
0.9999998410542805
0.9999999205271403
0.9999999403953552
0.9999999602635701
0.999999980131785
0.9999999900658925
0.9999999950329462
1.
0.
0.010184536231305724
0.014894725894192051
0.02283316504926651
0.031232033177217608
0.04313482690869155
0.0534938818782748
0.07314885653508398
0.08932353072546
0.11518699295862683
0.13634163956836118
0.17092924224521508
0.19981048693059036
0.24831161643628577
0.2891775510221169
0.31820606008443103
0.3572815637092358
0.41386764497773065
0.45357508067457747
0.5064675486870169
0.5819719585512317
0.6342657140949077
0.703094805371982
0.7997722379901386
0.8656548371307391
0.9510230082127666
1.068333041060717
1.1465210362856715
1.2457188194886994
1.378139287981073
1.4639176437397412
1.569932483957548
1.7066467770021856
1.8952647203595683
2.0232584048315885
2.191628601745716
2.3008784388959462
2.4390476559485017
2.525671890184749
2.63225313813925
2.6975834967883454
2.776602644569521
2.8244344348637465
2.881738496887937
2.916154931185661
2.957208290944138
2.981781292330602
3.0109937986462474
3.0284322242627133
3.0491407283731093
3.0761667224788796
3.0849173768460605
3.0953031698531848
3.108847831543759
3.113231099499231
3.1184319494015837
3.1252122493261454
3.1300083005332224
3.1334004494456336
3.141592653589793
11.524098410112064
0.0896656703712294
61
0.
0.16666666666666666
0.3333333333333333
0.5
0.6666666666666666
0.75
0.8333333333333333
0.875
0.9166666666666666
0.9375
0.9583333333333333
0.96875
0.9791666666666666
0.984375
0.9895833333333333
0.9921875
0.9934895833333333
0.9947916666666666
0.99609375
0.9967447916666666
0.9973958333333333
0.998046875
0.9983723958333333
0.9986979166666666
0.9990234375
0.9991861979166666
0.9993489583333333
0.99951171875
0.9995930989583333
0.9996744791666666
0.999755859375
0.9997965494791666
0.9998372395833333
0.9998779296875
0.9999186197916666
0.99993896484375
0.9999593098958333
0.999969482421875
0.9999796549479166
0.9999847412109375
0.9999898274739583
0.9999923706054688
0.9999949137369791
0.9999961853027344
0.9999974568684895
0.9999980926513672
0.9999987284342448
0.9999990463256836
0.9999993642171223
0.9999995231628418
0.9999996821085612
0.9999998410542805
0.9999998807907104
0.9999999205271403
0.9999999602635701
0.9999999701976776
0.999999980131785
0.9999999900658925
0.9999999950329462
0.9999999975164731
1.
0.
0.011143470991401762
0.01708067481822762
0.02335837866742645
0.03224228860240169
0.039960899827413944
0.05461236699635362
0.06665748069107032
0.08586981452302879
0.10157167728885004
0.12720443742584248
0.1486146533491207
0.1846486454713491
0.21511204826564181
0.2661117735817482
0.3087218884558612
0.3387573046684797
0.3789542177641929
0.4367368901585844
0.47705946111071035
0.5305397052514825
0.6065118057627807
0.658900489521205
0.7275947358876343
0.8236105573548546
0.8887402297034799
0.9727929307931327
1.0877280141698877
1.1640203735635983
1.260508205527943
1.3889231993844244
1.4719648546706365
1.5745366438078707
1.7068884003636227
1.8900451464470867
2.014984866883565
2.180439165015919
2.288583824441803
2.426332001437252
2.5132696125663156
2.620831615851149
2.6870971082223867
2.767505625445064
2.816317218123668
2.8749115896331072
2.9101414117410567
2.952204991820049
2.977404824790682
3.007384046319494
3.025287629925073
3.046555192199046
3.074321770614762
3.083314896335921
3.0939901787475113
3.107915177853655
3.112422209755599
3.117770341346036
3.124743357777521
3.129676211219149
3.1331653598378737
3.141592653589793
12.0678180818752
0.061597002016684
63
0.
0.16666666666666666
0.3333333333333333
0.5
0.6666666666666666
0.75
0.8333333333333333
0.875
0.9166666666666666
0.9375
0.9583333333333333
0.96875
0.9791666666666666
0.984375
0.9895833333333333
0.9921875
0.9947916666666666
0.99609375
0.9967447916666666
0.9973958333333333
0.998046875
0.9983723958333333
0.9986979166666666
0.9990234375
0.9991861979166666
0.9993489583333333
0.99951171875
0.9995930989583333
0.9996744791666666
0.999755859375
0.9997965494791666
0.9998372395833333
0.9998779296875
0.9998982747395833
0.9999186197916666
0.99993896484375
0.9999593098958333
0.999969482421875
0.9999796549479166
0.9999847412109375
0.9999898274739583
0.9999923706054688
0.9999949137369791
0.9999961853027344
0.9999974568684895
0.9999980926513672
0.9999987284342448
0.9999990463256836
0.9999993642171223
0.9999995231628418
0.9999996821085612
0.9999997615814209
0.9999998410542805
0.9999998807907104
0.9999999205271403
0.9999999602635701
0.9999999701976776
0.999999980131785
0.9999999900658925
0.9999999950329462
0.9999999975164731
0.9999999987582365
1.
0.
0.008231694138157393
0.012616599268886529
0.017251206285874638
0.02380380453201699
0.02949060060029245
0.04028832646655811
0.04916118362479874
0.06329218768819765
0.07483670921162634
0.0936650814869185
0.109396167317594
0.13590916314623946
0.15837335772805583
0.19609751837173597
0.22773595750601178
0.28014394754045974
0.32353039754189766
0.3539643947221496
0.3945419019258459
0.4526364660074503
0.49302369222440506
0.5464103025644781
0.6218965923136341
0.6737058992504944
0.7413390669683644
0.8353083853783912
0.8986957052348039
0.9801083775291005
1.0908021761667697
1.163935143477246
1.2561338712139885
1.3784858618680784
1.4574981011914494
1.55511027349643
1.681333185307264
1.8570747185514087
1.978068350395384
2.140262996427011
2.2477605052074856
2.386667718085855
2.4755525858121272
2.586794539497991
2.656019691800544
2.7407226728318292
2.792460377930694
2.854844728584396
2.892528876274154
2.937646567365377
2.964703768680146
2.996934036647167
3.0162136083943323
3.0391386875573674
3.052826744613131
3.0690786897059876
3.0902834316023737
3.097147989412474
3.1052944530622595
3.1159173817737726
3.1234332045766524
3.128749836855848
3.132510336252151
3.141592653589793
12.611537753638338
0.04547535639896882
66
0.
0.16666666666666666
0.3333333333333333
0.5
0.6666666666666666
0.75
0.8333333333333333
0.875
0.9166666666666666
0.9375
0.9583333333333333
0.96875
0.9791666666666666
0.984375
0.9895833333333333
0.9921875
0.9947916666666666
0.99609375
0.9973958333333333
0.998046875
0.9983723958333333
0.9986979166666666
0.9990234375
0.9991861979166666
0.9993489583333333
0.99951171875
0.9995930989583333
0.9996744791666666
0.999755859375
0.9997965494791666
0.9998372395833333
0.9998779296875
0.9998982747395833
0.9999186197916666
0.99993896484375
0.9999491373697916
0.9999593098958333
0.999969482421875
0.9999796549479166
0.9999847412109375
0.9999898274739583
0.9999923706054688
0.9999949137369791
0.9999961853027344
0.9999974568684895
0.9999980926513672
0.9999987284342448
0.9999990463256836
0.9999993642171223
0.9999995231628418
0.9999996821085612
0.9999997615814209
0.9999998410542805
0.9999998807907104
0.9999999205271403
0.9999999403953552
0.9999999602635701
0.999999980131785
0.9999999850988388
0.9999999900658925
0.9999999950329462
0.9999999975164731
0.9999999987582365
0.9999999993791182
0.9999999996895591
1.
0.
0.005967596053376973
0.009145974788706709
0.012504427266839941
0.017249945274859905
0.02136530387271681
0.029180358832595416
0.03560153893589769
0.04581792844229811
0.05416320302154129
0.0677661158555225
0.07913441204990239
0.09831342052376846
0.1145900403208859
0.14198649313868883
0.16503008378677803
0.20335086358378096
0.23523231449108853
0.28775825230257207
0.33108053070954263
0.36139826993640517
0.4017336871603427
0.45929693914049813
0.4991767040659807
0.5517057931842528
0.6255989037956836
0.67605296142859
0.7416023651412574
0.8320955542069012
0.8927772520985268
0.9703285211768176
1.07514773219899
1.1440606389254577
1.2306243234194472
1.3451206630077142
1.4189272183653825
1.5100795325838283
1.6281216965306036
1.7934356569352352
1.9084536806044288
2.0649678727969145
2.1706514533809766
2.3101456982921134
2.401437369330441
2.5182586297928284
2.5924881670542788
2.6850672276442027
2.7423288643501733
2.8122856826668055
2.854992799152432
2.9064112181720034
2.9373427868476707
2.9743035019741217
2.996473131330964
3.022894058205278
3.0386949835307413
3.057478055050712
3.0820227969079554
3.089977783608805
3.099424173605577
3.1117518120190253
3.1204803415065463
3.1266581550374877
3.131029444005255
3.1341218725962925
3.141592653589793