20
29
3.912023005428146
26.74639108195261
96
0.
0.00016276041666666666
0.0003255208333333333
0.0006510416666666666
0.0013020833333333333
0.001953125
0.0026041666666666665
0.005208333333333333
0.0078125
0.010416666666666666
0.020833333333333332
0.03125
0.041666666666666664
0.0625
0.08333333333333333
0.125
0.16666666666666666
0.25
0.3333333333333333
0.41666666666666663
0.5
0.5416666666666666
0.5833333333333333
0.6041666666666666
0.625
0.6354166666666666
0.640625
0.6458333333333333
0.6484375
0.6497395833333333
0.6510416666666666
0.6516927083333333
0.65234375
0.6529947916666666
0.6533203125
0.6534830729166666
0.6536458333333333
0.65380859375
0.6538899739583333
0.6539713541666666
0.654296875
0.6546223958333333
0.6549479166666666
0.6555989583333333
0.65625
0.6575520833333333
0.6588541666666666
0.6614583333333333
0.6666666666666666
0.6770833333333333
0.6875
0.7083333333333333
0.7291666666666666
0.75
0.8333333333333333
0.875
0.8958333333333333
0.90625
0.9166666666666666
0.9270833333333333
0.9322916666666666
0.9348958333333333
0.9375
0.9388020833333333
0.9401041666666666
0.94140625
0.9420572916666666
0.9423828125
0.9427083333333333
0.9430338541666666
0.943359375
0.9436848958333333
0.9440104166666666
0.9453125
0.9466145833333333
0.9479166666666666
0.9505208333333333
0.953125
0.9583333333333333
0.96875
0.9791666666666666
0.984375
0.9895833333333333
0.9921875
0.9947916666666666
0.99609375
0.9973958333333333
0.9986979166666666
0.9990234375
0.9993489583333333
0.9996744791666666
0.9998372395833333
0.9999186197916666
0.9999593098958333
0.9999796549479166
1.
0.
0.00817395893726811
0.011560689116987368
0.016352009407042255
0.023132968511259195
0.028341461301138127
0.03273686609142928
0.04635913549964286
0.056854695284484356
0.06573903263049542
0.09347836686197532
0.11512412028313859
0.13368512590195364
0.16563092281232808
0.1935479885124848
0.24306693955191877
0.2883212760932708
0.3750345699511296
0.4647309542439103
0.5647185005137274
0.6827858375908743
0.7526972522120828
0.8359482074199286
0.8869586158340873
0.9514915842792584
0.9945946742187162
1.0220060912831426
1.0574955381844486
1.0813306827860494
1.0962887255593046
1.1149962901480435
1.1267822641388798
1.1415548880778401
1.1625142171821146
1.1788653786538081
1.1912127344086516
1.212877297626495
1.2576757852191127
1.2701412991042387
1.2787242525442737
1.2999459081392888
1.313453096835813
1.3238015839088746
1.33975549460618
1.3522367203939278
1.371793747361851
1.387300841247245
1.4118881154997867
1.4483975701025567
1.5003214841829262
1.5399370807711548
1.6029799385648396
1.6553951530959918
1.7024748131276306
1.8768019001756748
1.9746191482640847
2.0341554452409647
2.0694397446513424
2.1112950958244228
2.165505947079785
2.202203289200698
2.2254706703699574
2.2549624283355483
2.273844551424327
2.2979461058265045
2.3331617212024756
2.3612835563807324
2.3819179513169377
2.4107068038868866
2.4447551328638726
2.472444809709412
2.492835136010101
2.508756244309891
2.5521436274854863
2.581620539067662
2.604962073824161
2.6422571310145657
2.672694640160938
2.723209758435891
2.8063314189267627
2.8828898806410286
2.9227856739003895
2.966727424210534
2.9916660245960056
3.0203504049498813
3.0370829769002206
3.056650951059995
3.0817992173131086
3.0898676105852245
3.0994059745430276
3.1117952051925135
3.1205340787187708
3.126706122215344
3.1310676809376847
3.1341510022519485
3.141592653589793
3.9799879643985383
26.15546260882201
91
0.
0.00016276041666666666
0.0003255208333333333
0.0006510416666666666
0.0013020833333333333
0.0026041666666666665
0.005208333333333333
0.0078125
0.010416666666666666
0.020833333333333332
0.03125
0.041666666666666664
0.0625
0.08333333333333333
0.125
0.16666666666666666
0.25
0.3333333333333333
0.41666666666666663
0.5
0.5416666666666666
0.5833333333333333
0.6041666666666666
0.625
0.6354166666666666
0.640625
0.6458333333333333
0.6484375
0.6510416666666666
0.6516927083333333
0.65234375
0.6529947916666666
0.6533203125
0.6536458333333333
0.65380859375
0.6539713541666666
0.6541341145833333
0.654296875
0.6546223958333333
0.6549479166666666
0.6555989583333333
0.65625
0.6575520833333333
0.6588541666666666
0.6614583333333333
0.6640625
0.6666666666666666
0.6770833333333333
0.6875
0.7083333333333333
0.7291666666666666
0.75
0.8333333333333333
0.8541666666666666
0.875
0.8958333333333333
0.90625
0.9166666666666666
0.921875
0.9270833333333333
0.9296875
0.9309895833333333
0.9322916666666666
0.93359375
0.9342447916666666
0.9348958333333333
0.935546875
0.9361979166666666
0.9375
0.9388020833333333
0.9401041666666666
0.9427083333333333
0.9479166666666666
0.953125
0.9583333333333333
0.96875
0.9791666666666666
0.984375
0.9895833333333333
0.9921875
0.9947916666666666
0.99609375
0.9973958333333333
0.9986979166666666
0.9990234375
0.9993489583333333
0.9996744791666666
0.9998372395833333
0.9999186197916666
0.9999593098958333
1.
0.
0.007878166678615408
0.011142340090395652
0.01576027952711215
0.022295841163788407
0.03155217722880089
0.04468142752203165
0.05479711393284631
0.06335987576605935
0.09009513175026486
0.11095752270664606
0.12884720191856705
0.15963956021314396
0.18655256941641962
0.2343094323027065
0.27799374582872144
0.3619308589032253
0.4494020286858418
0.5482435821423037
0.6670072407031864
0.7379765216254055
0.8225722920581184
0.874313038818762
0.9396080725935554
0.9831009004791527
1.0106932512276163
1.0462881425845094
1.070045689702855
1.103147774505005
1.1144928962761453
1.1283833426417553
1.1469996504354427
1.159938343535988
1.1787469870684697
1.1934794508961752
1.217406910428778
1.2455271042766332
1.2632155274070012
1.2842221195926986
1.2980725040602916
1.3175821514287582
1.3319661191086305
1.3536432405816006
1.3703749648545114
1.3964190152406344
1.4170302989298176
1.4344715812723003
1.487973775951969
1.528574452867817
1.5930518607738071
1.6466624025852763
1.6948904068459558
1.8751394768759473
1.9242332068119539
1.9790232718787115
2.0446569054969226
2.085227259159696
2.1363008278372497
2.1693379334962324
2.2129990740954786
2.243032685218514
2.2622154322458874
2.2865525068239547
2.321296822348368
2.3473111598800394
2.3860055094593284
2.4349527831683035
2.4723372850965504
2.5186973512641213
2.549598513852644
2.573673509119212
2.6115378732228036
2.6682122601301916
2.713359904021949
2.7529177990221885
2.8245151476304162
2.8945384944103756
2.931921176784601
2.9735533296907177
2.997339539132002
3.024804835600708
3.040867908517038
3.059684805599683
3.083906732848829
3.091684306198309
3.1008820924222547
3.1128345344276473
3.121267199823348
3.127224589038832
3.1314349959323216
3.141592653589793
4.081935402854127
25.27070893774218
86
0.
0.00016276041666666666
0.0003255208333333333
0.0006510416666666666
0.0013020833333333333
0.0026041666666666665
0.005208333333333333
0.0078125
0.010416666666666666
0.020833333333333332
0.03125
0.041666666666666664
0.0625
0.08333333333333333
0.125
0.16666666666666666
0.25
0.3333333333333333
0.41666666666666663
0.5
0.5416666666666666
0.5833333333333333
0.6041666666666666
0.625
0.6354166666666666
0.640625
0.6458333333333333
0.6484375
0.6510416666666666
0.65234375
0.6536458333333333
0.6549479166666666
0.6555989583333333
0.65625
0.6565755208333333
0.6569010416666666
0.6575520833333333
0.658203125
0.6588541666666666
0.66015625
0.6614583333333333
0.6640625
0.6666666666666666
0.671875
0.6770833333333333
0.6875
0.7083333333333333
0.7291666666666666
0.75
0.7916666666666666
0.8333333333333333
0.8541666666666666
0.875
0.8854166666666666
0.8958333333333333
0.90625
0.9114583333333333
0.9140625
0.9166666666666666
0.9192708333333333
0.9205729166666666
0.921875
0.9231770833333333
0.9244791666666666
0.9270833333333333
0.9296875
0.9322916666666666
0.9375
0.9479166666666666
0.9583333333333333
0.96875
0.9791666666666666
0.984375
0.9895833333333333
0.9921875
0.9947916666666666
0.99609375
0.9973958333333333
0.9986979166666666
0.9990234375
0.9993489583333333
0.9996744791666666
0.9998372395833333
0.9999186197916666
0.9999593098958333
1.
0.
0.007448851906081196
0.010535137403317569
0.014901394811934192
0.02108072722040771
0.029832368971050776
0.04224538408524609
0.051808798733805846
0.05990373413679091
0.08517578442352675
0.10489327680923602
0.12179868301459199
0.1508912257428619
0.17631317286751746
0.22141682745295246
0.2626804624086803
0.34210123077983284
0.4254386711223893
0.5211942182284975
0.6394295519440264
0.7113130903743112
0.7971175543642173
0.8492211917142064
0.9140763569517503
0.9562993416188776
0.9823868210131657
1.0147054902396646
1.0349645409658834
1.0603467935486235
1.0764002045121333
1.0966287863231359
1.1255440870494693
1.1480029572449217
1.1873772381583685
1.2177905484696858
1.243064483816425
1.2738189440126315
1.2934366978688092
1.3082582992657987
1.3307972297605382
1.3482398039076346
1.37538005025651
1.3968291070522687
1.4308783805314504
1.4583265357694222
1.5028633130204083
1.5720231783514829
1.6288947411892416
1.6799232864584948
1.7752580236834863
1.8728710205516523
1.92720771954153
1.989974767726203
2.0270370400961037
2.07092977781647
2.1277484205735475
2.1662275260753954
2.190621094811959
2.2214659626954734
2.265727414613705
2.2998277275998102
2.354846929787405
2.4257584543878146
2.4729837743102454
2.529731732847489
2.5680683428785285
2.598416430191394
2.6471459510845308
2.722986222256007
2.7870557928978776
2.8476116138121963
2.9101436916623555
2.9443884005378296
2.98301062691467
3.0052517497015954
3.0310539902376266
3.0461932279924557
3.063964845234888
3.0868856328306356
3.0942552241950128
3.1029737877356087
3.1143075000922353
3.122309787990721
3.1279629217595626
3.1319576299693703
3.141592653589793
4.183882841309714
24.38066084715111
78
0.
0.0003255208333333333
0.0006510416666666666
0.0013020833333333333
0.0026041666666666665
0.005208333333333333
0.0078125
0.010416666666666666
0.020833333333333332
0.03125
0.041666666666666664
0.0625
0.08333333333333333
0.125
0.16666666666666666
0.25
0.3333333333333333
0.41666666666666663
0.5
0.5416666666666666
0.5833333333333333
0.6041666666666666
0.625
0.6354166666666666
0.6458333333333333
0.6510416666666666
0.6536458333333333
0.65625
0.6588541666666666
0.66015625
0.6614583333333333
0.6627604166666666
0.6640625
0.6666666666666666
0.6692708333333333
0.671875
0.6770833333333333
0.6875
0.6979166666666666
0.7083333333333333
0.7291666666666666
0.75
0.7916666666666666
0.8333333333333333
0.8541666666666666
0.875
0.8854166666666666
0.890625
0.8958333333333333
0.9010416666666666
0.9036458333333333
0.90625
0.9075520833333333
0.9088541666666666
0.91015625
0.9114583333333333
0.9140625
0.9166666666666666
0.921875
0.9270833333333333
0.9375
0.9583333333333333
0.96875
0.9791666666666666
0.984375
0.9895833333333333
0.9921875
0.9947916666666666
0.99609375
0.9973958333333333
0.9986979166666666
0.9990234375
0.9993489583333333
0.9996744791666666
0.9998372395833333
0.9999186197916666
0.9999593098958333
1.
0.
0.009963295657989524
0.014092507325115506
0.019936291087352863
0.028212492448843905
0.039950527546200654
0.04899328020598266
0.056646950450946955
0.08053739682079654
0.0991716090056701
0.11514373210599632
0.14261884573471612
0.1666142168289514
0.20915423675647304
0.2480375797020448
0.32283155980167466
0.4014830564646107
0.49281208601941817
0.6084505455935769
0.6802780281491462
0.7663557215090113
0.8181548624525371
0.8813431146176557
0.9211078206460979
0.9726983825309475
1.0079472766609174
1.0306281894681355
1.060070513919687
1.1056828843961393
1.1471498098176376
1.21553681421181
1.2624783148847345
1.2910039293376503
1.328893272299156
1.3559572517796292
1.3777212029275305
1.4126500088626994
1.4654616088113361
1.5072111313998697
1.5430986333165024
1.6052237892788972
1.6604556509971626
1.7636351366918936
1.8711771687488385
1.9331731676483987
2.0089254838946213
2.0576839714212225
2.0875126948780913
2.1238959771566246
2.17302083721183
2.208008801402684
2.2615917152127367
2.306389820602879
2.3699007182322394
2.42248312134691
2.458016110461455
2.506292488487422
2.54106115210829
2.5933831860066365
2.6345219892664837
2.701565360936962
2.8127462170750954
2.8662410845361626
2.9232862722537183
2.95505835853162
2.991215096834366
3.012159728194049
3.0365396010868597
3.0508812986199185
3.0677454805607365
3.0895208636196423
3.096529438411204
3.1048276976701676
3.1156180796461124
3.1232326845081215
3.1286109393741555
3.132413087009478
3.141592653589793
4.319812759250499
23.174044608395906
80
0.
0.0003255208333333333
0.0006510416666666666
0.0013020833333333333
0.0026041666666666665
0.005208333333333333
0.0078125
0.010416666666666666
0.020833333333333332
0.03125
0.041666666666666664
0.0625
0.08333333333333333
0.125
0.16666666666666666
0.25
0.3333333333333333
0.41666666666666663
0.5
0.5416666666666666
0.5833333333333333
0.6041666666666666
0.625
0.6354166666666666
0.6458333333333333
0.65625
0.6588541666666666
0.6614583333333333
0.6640625
0.6666666666666666
0.66796875
0.6692708333333333
0.6705729166666666
0.671875
0.6744791666666666
0.6770833333333333
0.6822916666666666
0.6875
0.6979166666666666
0.7083333333333333
0.7291666666666666
0.75
0.7916666666666666
0.8125
0.8333333333333333
0.8541666666666666
0.8645833333333333
0.875
0.8802083333333333
0.8828125
0.8854166666666666
0.8880208333333333
0.8893229166666666
0.890625
0.8919270833333333
0.8932291666666666
0.8958333333333333
0.8984375
0.9010416666666666
0.90625
0.9166666666666666
0.9270833333333333
0.9375
0.9583333333333333
0.96875
0.9791666666666666
0.984375
0.9895833333333333
0.9921875
0.9947916666666666
0.9973958333333333
0.998046875
0.9986979166666666
0.9993489583333333
0.99951171875
0.9996744791666666
0.9998372395833333
0.9999186197916666
0.9999593098958333
1.
0.
0.009265660622908841
0.013105688306508236
0.018540089945498897
0.026236217280992482
0.03715067959524776
0.04555804254199959
0.05267315379983657
0.07487665683976374
0.0921872921819835
0.10701820056998985
0.13251274701831828
0.15475728929536556
0.1941361345825659
0.23005787938489328
0.2989567507327777
0.3712408926296384
0.4555578725126077
0.5648835235814647
0.6348944901281365
0.7198465160008305
0.7705464288366213
0.8307772834065247
0.8670510602767117
0.9109149723844071
0.9703216137546103
0.9901758586540861
1.0139728730263073
1.044435369012313
1.0884316396907336
1.120603755109022
1.1616331606706454
1.2021955071950046
1.2339839122178173
1.278416332480698
1.3099114012273432
1.3559576927608794
1.3909739463457909
1.4456334978559717
1.489733877870053
1.5628897932504895
1.6262582194488084
1.7437564574585216
1.8039482112073613
1.869623746129464
1.947543733730195
1.9961125908642914
2.0591712491734153
2.1025564948341007
2.1307130017503577
2.167652062270529
2.2256335064201025
2.276012615925748
2.342414308877311
2.3910699345855795
2.42398004971041
2.4694877209535844
2.5026149973496907
2.5295075258903066
2.5731272930320386
2.6404623922723363
2.6954589763427554
2.7446679266336136
2.8372170826741985
2.8847357646096468
2.9367092522803118
2.9660777276416757
2.999769787790294
3.0193887714498637
3.0423059427518124
3.071726135467952
3.0811585349241057
3.09230746890785
3.1067842562056756
3.111456169061793
3.116993781543958
3.1242054699161588
3.129301475149803
3.1329031844528052
3.141592653589793
4.455742677191283
21.93908421179467
77
0.
0.0003255208333333333
0.0006510416666666666
0.0013020833333333333
0.0026041666666666665
0.00390625
0.005208333333333333
0.010416666666666666
0.015625
0.020833333333333332
0.041666666666666664
0.0625
0.08333333333333333
0.125
0.16666666666666666
0.25
0.3333333333333333
0.41666666666666663
0.5
0.5416666666666666
0.5833333333333333
0.6041666666666666
0.625
0.6458333333333333
0.65625
0.6666666666666666
0.671875
0.6770833333333333
0.6822916666666666
0.6875
0.6979166666666666
0.703125
0.7083333333333333
0.7291666666666666
0.75
0.7916666666666666
0.8125
0.8333333333333333
0.84375
0.8541666666666666
0.859375
0.8645833333333333
0.8671875
0.8697916666666666
0.87109375
0.8723958333333333
0.873046875
0.8736979166666666
0.8743489583333333
0.875
0.8763020833333333
0.8776041666666666
0.87890625
0.8802083333333333
0.8854166666666666
0.890625
0.8958333333333333
0.90625
0.9166666666666666
0.9375
0.9583333333333333
0.96875
0.9791666666666666
0.984375
0.9895833333333333
0.9921875
0.9947916666666666
0.9973958333333333
0.998046875
0.9986979166666666
0.9993489583333333
0.99951171875
0.9996744791666666
0.9998372395833333
0.9999186197916666
0.9999593098958333
1.
0.
0.008641441921318313
0.012222720219810026
0.01729084330098932
0.0244679883231341
0.029985516819187506
0.034645680798963505
0.0491181373646064
0.06030785320876784
0.06981332524667043
0.09975255413423569
0.12347875571581363
0.14416079534294615
0.18071883337791148
0.2139943110243765
0.2775839030134574
0.3439547008167462
0.4211528034634366
0.5222629996614229
0.5886142021783423
0.6706390473210391
0.7195960917678246
0.7766733825451146
0.8483223594124203
0.8953128554044889
0.9602451113968696
1.0087385276378074
1.0864038380328933
1.193883034060507
1.2665593403308133
1.3536731396061377
1.3856285330733507
1.413665932305995
1.5048194628346263
1.5798838867068923
1.716253360253809
1.7868819702659142
1.8668390330599862
1.914283505853866
1.9721300414501364
2.008431911620436
2.0548678436405217
2.085514670550828
2.1271655279640878
2.1569365484259686
2.2020146924471784
2.2372772926239137
2.2814193043029665
2.318819709531046
2.345790994145744
2.383090678861196
2.4097302235670477
2.4309563763602413
2.448885249350467
2.5033311030080805
2.543987242929354
2.577784174124862
2.634329511361978
2.6827946094943265
2.7689903425361204
2.852130162980125
2.896213988185129
2.9451359849554173
2.973022751506591
3.005177399236495
3.0239651538494186
3.0459590000207384
3.0742525005114376
3.0833348290988147
3.0940750747251244
3.108026769198111
3.112531291211275
3.117870309571316
3.124822552163318
3.129736157262815
3.1332097221160757
3.141592653589793
4.591672595132067
20.687912400623514
79
0.
0.0003255208333333333
0.0006510416666666666
0.0013020833333333333
0.0026041666666666665
0.00390625
0.005208333333333333
0.010416666666666666
0.015625
0.020833333333333332
0.041666666666666664
0.0625
0.08333333333333333
0.125
0.16666666666666666
0.25
0.3333333333333333
0.41666666666666663
0.5
0.5416666666666666
0.5833333333333333
0.625
0.6458333333333333
0.65625
0.6666666666666666
0.6770833333333333
0.6822916666666666
0.6875
0.6927083333333333
0.6979166666666666
0.7083333333333333
0.71875
0.7291666666666666
0.7395833333333333
0.75
0.7916666666666666
0.8125
0.8229166666666666
0.8333333333333333
0.84375
0.8489583333333333
0.8541666666666666
0.85546875
0.8567708333333333
0.8580729166666666
0.859375
0.8600260416666666
0.8603515625
0.8606770833333333
0.8610026041666666
0.861328125
0.8619791666666666
0.8626302083333333
0.86328125
0.8645833333333333
0.8671875
0.8697916666666666
0.875
0.8854166666666666
0.8958333333333333
0.9166666666666666
0.9375
0.9583333333333333
0.96875
0.9791666666666666
0.984375
0.9895833333333333
0.9921875
0.9947916666666666
0.9973958333333333
0.998046875
0.9986979166666666
0.9993489583333333
0.99951171875
0.9996744791666666
0.9998372395833333
0.9999186197916666
0.9999593098958333
1.
0.
0.00808134674969092
0.011430461752692767
0.01616996416483123
0.022881521268609803
0.028040896830307003
0.032398368874377435
0.04592941077009692
0.05638940001977284
0.06527338768066314
0.09324276888948572
0.11539072142322494
0.1346811828117715
0.1687344481883352
0.19966864465131615
0.2585763395943756
0.31970902942234103
0.39037842778796333
0.4829067664237279
0.5444483033134787
0.6219215310555367
0.7222439036195432
0.7873011001188527
0.8271928520899893
0.8762631084098755
0.9437650014517458
0.9921101615136075
1.059067078160694
1.1402826610811985
1.209302021194046
1.303934614127529
1.371067079596841
1.4257444609609544
1.4735943094134447
1.5173398764427901
1.6769847420537005
1.7598301105725973
1.8057782357142742
1.8578039846266141
1.9215107122813029
1.9621829831506559
2.0163106736506475
2.0340371144732092
2.0549771148889313
2.0812710975424884
2.1187491762026336
2.1478385500085593
2.168842994162831
2.1986035660564647
2.23641619131169
2.2672613091801423
2.305229935895775
2.3296491942472257
2.3481490697688905
2.3763296667922282
2.4163811751305335
2.446332999356913
2.492372210383408
2.559968828019511
2.6130549691490246
2.7011020414601674
2.7797546876249144
2.858529131519377
2.901015182606705
2.9485555898332216
2.9757942900703664
3.007297550306062
3.0257432502961197
3.047364864401003
3.075215301949919
3.0841626749094306
3.094745555611287
3.108496862442687
3.112937629618711
3.118201403175575
3.1250562626711296
3.129901322322248
3.133326464908513
3.141592653589793
4.727602513072852
19.446253650406153
84
0.
0.0003255208333333333
0.0006510416666666666
0.0013020833333333333
0.0026041666666666665
0.005208333333333333
0.010416666666666666
0.015625
0.020833333333333332
0.041666666666666664
0.0625
0.08333333333333333
0.125
0.16666666666666666
0.25
0.3333333333333333
0.41666666666666663
0.5
0.5416666666666666
0.5833333333333333
0.625
0.6458333333333333
0.6666666666666666
0.6770833333333333
0.6875
0.6927083333333333
0.6979166666666666
0.7083333333333333
0.71875
0.7291666666666666
0.75
0.7708333333333333
0.7916666666666666
0.8125
0.8229166666666666
0.8333333333333333
0.8385416666666666
0.84375
0.8463541666666666
0.8489583333333333
0.8502604166666666
0.8515625
0.8518880208333333
0.8522135416666666
0.8525390625
0.8527018229166666
0.8528645833333333
0.8529459635416666
0.85302734375
0.8531087239583333
0.8531901041666666
0.8533528645833333
0.853515625
0.8538411458333333
0.8541666666666666
0.8548177083333333
0.85546875
0.8567708333333333
0.8580729166666666
0.859375
0.8645833333333333
0.8697916666666666
0.875
0.8854166666666666
0.8958333333333333
0.9166666666666666
0.9375
0.9583333333333333
0.96875
0.9791666666666666
0.984375
0.9895833333333333
0.9921875
0.9947916666666666
0.9973958333333333
0.998046875
0.9986979166666666
0.9993489583333333
0.99951171875
0.9996744791666666
0.9998372395833333
0.9999186197916666
0.9999593098958333
1.
0.
0.007575023218687875
0.010714277020052733
0.01515673507553814
0.02144749854502582
0.030367216794157537
0.04304795396507972
0.05284923746039526
0.06117257354832961
0.08736755791797893
0.1080974046600203
0.12614066651706388
0.1579577021923154
0.18681269649735566
0.2415944829130787
0.2981447334779994
0.36306363523788265
0.44754806869495717
0.5039297925462667
0.5757907048503323
0.6695509153405191
0.7290094404175155
0.804888534124064
0.8550199491428795
0.9224091641206894
0.9675614877497208
1.023470208636933
1.1478977248952826
1.2453938979055443
1.319354261889259
1.4344095388759768
1.5307033736156836
1.6217411151873036
1.7173235929328137
1.7712469172228793
1.8345362968361612
1.8728521372329558
1.9200623062492208
1.9498829222748941
1.9882255616501143
2.0137322393596375
2.0491072332567732
2.0611605144846714
2.075832849757188
2.0952476322167355
2.1084394925777676
2.1267583964347376
2.139901502439124
2.158600530821624
2.1836960815570063
2.2049982957671435
2.230536515694697
2.2465609758802305
2.2683169144850868
2.2839523471512453
2.3070879870051066
2.324688399848407
2.35176067494241
2.372954268868456
2.390748847170125
2.4446218501222874
2.48481694323787
2.5181937968173256
2.5738284820605544
2.621133689161592
2.703696898363161
2.779981465098703
2.857727693669678
2.900013041844669
2.947529478667814
2.974826921923724
3.0064490540307696
3.0249840281242917
3.0467261466384405
3.074750960732111
3.0837576685231554
3.0944123475940275
3.1082602350354684
3.1127323585763422
3.118033385676562
3.1249373359915165
3.1298172955589663
3.133267082526014
3.141592653589793
4.8635324310136365
18.235303154475105
92
0.
0.0003255208333333333
0.0006510416666666666
0.0013020833333333333
0.0026041666666666665
0.005208333333333333
0.010416666666666666
0.015625
0.020833333333333332
0.041666666666666664
0.0625
0.08333333333333333
0.125
0.16666666666666666
0.25
0.3333333333333333
0.41666666666666663
0.5
0.5833333333333333
0.625
0.6458333333333333
0.6666666666666666
0.6875
0.6979166666666666
0.7083333333333333
0.71875
0.7291666666666666
0.7395833333333333
0.75
0.7916666666666666
0.8125
0.8229166666666666
0.8333333333333333
0.8385416666666666
0.8411458333333333
0.84375
0.8463541666666666
0.84765625
0.8483072916666666
0.8489583333333333
0.8492838541666666
0.849609375
0.8496907552083333
0.8497721354166666
0.849853515625
0.8498942057291666
0.84991455078125
0.8499348958333333
0.849945068359375
0.8499552408854166
0.8499603271484375
0.8499654134114583
0.8499704996744791
0.8499755859375
0.8499857584635416
0.8499959309895833
0.8500162760416666
0.8500569661458333
0.85009765625
0.8501790364583333
0.8502604166666666
0.8504231770833333
0.8505859375
0.8509114583333333
0.8515625
0.8528645833333333
0.8541666666666666
0.8567708333333333
0.859375
0.8645833333333333
0.875
0.8854166666666666
0.8958333333333333
0.9166666666666666
0.9375
0.9583333333333333
0.96875
0.9791666666666666
0.984375
0.9895833333333333
0.9921875
0.9947916666666666
0.9973958333333333
0.998046875
0.9986979166666666
0.9993489583333333
0.99951171875
0.9996744791666666
0.9998372395833333
0.9999186197916666
0.9999593098958333
1.
0.
0.007114790461684303
0.010063290780873205
0.01423576783180446
0.020144110889404866
0.02852127566059097
0.040429774002269145
0.049633169917649676
0.05744792845231821
0.08203567571763168
0.10148427351742068
0.11840365235943802
0.1482137789688433
0.1752135767632101
0.22634858736970498
0.27889994803071544
0.338839293744586
0.4162027024741059
0.5335837176340177
0.6202018330325739
0.6745510240133001
0.741298003164175
0.8329687257537244
0.8986276991540523
0.9874231165078943
1.0911197721898696
1.1844312400082007
1.2621064830189677
1.3287560624164052
1.5481204792245291
1.6557539107293504
1.716401516312506
1.7886620329164042
1.833848794974225
1.8608682964448002
1.8930663969381416
1.9349783234058422
1.9635978512576187
1.9819898799798001
2.005922921471768
2.021995830757914
2.0444851055266353
2.052227474567733
2.0617490788759634
2.074674726380746
2.0839444641401705
2.090168717983861
2.098753254438793
2.10503421526818
2.1153582380879494
2.126184913628615
2.1420505176895954
2.1503154460536367
2.1554913471165813
2.162528759383908
2.167585715627419
2.1750537286498925
2.185365498576824
2.1928960186276556
2.2041700685014094
2.212810049682811
2.2261372393715604
2.2365641318985023
2.252876156400417
2.2766335506570825
2.3094131054698783
2.3335466651730523
2.3701646837073165
2.3987305391123366
2.4438548916538254
2.5115798318495397
2.5653154778614264
2.611971121798304
2.694657590464831
2.7718823561386343
2.85104099666629
2.894214654421257
2.942797291110286
2.9707317616257027
3.0031082913820564
3.02209265740418
3.0443669898187076
3.073083819261
3.082313621949891
3.0932339958375836
3.107426665007698
3.1120101298908334
3.1174444216035946
3.1245226101001
3.129524974078561
3.1330608463177576
3.141592653589793
4.99946234895442
17.065679249497293
86
0.
0.0006510416666666666
0.0013020833333333333
0.0026041666666666665
0.005208333333333333
0.010416666666666666
0.015625
0.020833333333333332
0.041666666666666664
0.0625
0.08333333333333333
0.125
0.16666666666666666
0.25
0.3333333333333333
0.41666666666666663
0.5
0.5833333333333333
0.625
0.6458333333333333
0.6666666666666666
0.6875
0.7083333333333333
0.7291666666666666
0.7395833333333333
0.75
0.7708333333333333
0.7916666666666666
0.8125
0.8229166666666666
0.8333333333333333
0.8385416666666666
0.84375
0.8463541666666666
0.84765625
0.8489583333333333
0.849609375
0.8499348958333333
0.8502604166666666
0.8504231770833333
0.8505859375
0.8506266276041666
0.8506673177083333
0.8507080078125
0.8507283528645833
0.8507486979166666
0.8507588704427083
0.85076904296875
0.8507792154947916
0.8507893880208333
0.8508097330729166
0.850830078125
0.8508707682291666
0.8509114583333333
0.85107421875
0.8512369791666666
0.8513997395833333
0.8515625
0.8522135416666666
0.8528645833333333
0.8541666666666666
0.8567708333333333
0.859375
0.8645833333333333
0.875
0.8854166666666666
0.8958333333333333
0.9166666666666666
0.9375
0.9583333333333333
0.96875
0.9791666666666666
0.984375
0.9895833333333333
0.9921875
0.9947916666666666
0.99609375
0.9973958333333333
0.9986979166666666
0.9990234375
0.9993489583333333
0.9996744791666666
0.9998372395833333
0.9999186197916666
0.9999593098958333
1.
0.
0.009467772463701321
0.01339329529462394
0.018951866354862235
0.026832890390858375
0.03803549047263943
0.04669267634093931
0.05404306944574449
0.07716532290241244
0.09544846259837252
0.11134807668608637
0.13934439293432285
0.16467723886363772
0.21256769835043438
0.26161481372065093
0.31725694512306213
0.3884866662191951
0.4958178161097465
0.5752156314530052
0.6247612196675233
0.684271213194467
0.7610965022168505
0.8743788796468407
1.0419738497134183
1.1274337537342798
1.2046690973048875
1.3382826173634699
1.4568529624358546
1.5752695235217722
1.6406270484735461
1.7172615990065898
1.7643452613040125
1.8245007762049579
1.8652092474419852
1.8914070821754305
1.92587691913366
1.9496219893212017
1.9649573979727801
1.9849836226416964
1.9984570457105346
2.0172709771072426
2.023701640326662
2.0315340394506145
2.041892015724951
2.0489295059516794
2.0587552077244626
2.065949370396448
2.076928031073024
2.094079337347336
2.107189021759249
2.121116915677823
2.129662151436066
2.141259876599978
2.1496072532331825
2.1713476550893245
2.1857263380366154
2.1969148136393546
2.2062468014118157
2.23405512149952
2.2542692977914536
2.2846057230247645
2.327523826228654
2.3596597481916852
2.409167228348235
2.481948988136362
2.539014131213511
2.588275342169616
2.675171502488265
2.7560338419657047
2.8387386021111944
2.8837933998289254
2.9344605935831005
2.9635815429038628
2.9973246164502654
3.0171066000421405
3.040314076071103
3.0540386942384146
3.0702308204348414
3.091221317369104
3.097988273966233
3.106005076357574
3.1164395176665636
3.123810501722296
3.129020527057564
3.13270369396183
3.141592653589793
5.135392266895204
15.946982736394077
75
0.
0.0006510416666666666
0.0013020833333333333
0.0026041666666666665
0.005208333333333333
0.010416666666666666
0.015625
0.020833333333333332
0.041666666666666664
0.0625
0.08333333333333333
0.125
0.16666666666666666
0.25
0.3333333333333333
0.41666666666666663
0.5
0.5833333333333333
0.625
0.6666666666666666
0.6875
0.7083333333333333
0.71875
0.7291666666666666
0.75
0.7708333333333333
0.7916666666666666
0.8125
0.8229166666666666
0.8333333333333333
0.8385416666666666
0.84375
0.8463541666666666
0.8489583333333333
0.8502604166666666
0.8515625
0.8528645833333333
0.853515625
0.8538411458333333
0.8541666666666666
0.8544921875
0.8546549479166666
0.8548177083333333
0.85498046875
0.8551432291666666
0.85546875
0.8561197916666666
0.8567708333333333
0.8580729166666666
0.859375
0.8619791666666666
0.8645833333333333
0.8697916666666666
0.875
0.8854166666666666
0.8958333333333333
0.9166666666666666
0.9375
0.9583333333333333
0.96875
0.9791666666666666
0.984375
0.9895833333333333
0.9921875
0.9947916666666666
0.99609375
0.9973958333333333
0.9986979166666666
0.9990234375
0.9993489583333333
0.9996744791666666
0.9998372395833333
0.9999186197916666
0.9999593098958333
1.
0.
0.008917788538773782
0.012615249884569482
0.017850837985159188
0.025273798380494525
0.03582487262403637
0.04397814364369268
0.05090031650862062
0.07267260902392485
0.08988419118632913
0.10484805088761345
0.13118527981659683
0.15500051835580214
0.19996128142773026
0.2458861420398515
0.2977587103125624
0.3636681814092131
0.46199552335543637
0.5344791028121211
0.632841383734459
0.6992065816332274
0.7896570527948367
0.8497139903026404
0.9208341541829396
1.075819617279856
1.2202874952953642
1.351180164838133
1.4789274591758657
1.5473474938752103
1.6248399799459925
1.670254072604582
1.724301000663936
1.7569837696728752
1.7965684583487664
1.8207302679624602
1.8500314956236528
1.8891060331534701
1.916503902973262
1.9344527533991203
1.9581781223983246
1.9957761257284055
2.0286140913635835
2.0702779613936206
2.0995574546183886
2.119117099373723
2.1457654799098678
2.1798627049511246
2.203663060859518
2.2384075297915995
2.264676041770004
2.3050261764831044
2.3366922478351
2.386831528411658
2.4272919819405248
2.493335608972281
2.5486285165766063
2.6440110948268987
2.73136885424544
2.8199414721931326
2.8679843839405637
2.9218922344265423
2.952832283736479
2.9886530020593063
3.009639787081221
3.034253419735356
3.0488034757322833
3.0659698723455633
3.088215636880914
3.0953867188121067
3.1038828068596205
3.114939757734798
3.122750568570072
3.1282714167588073
3.132174180595944
3.141592653589793
5.271322184835989
14.889929939570315
66
0.
0.0006510416666666666
0.0013020833333333333
0.0026041666666666665
0.005208333333333333
0.0078125
0.010416666666666666
0.020833333333333332
0.03125
0.041666666666666664
0.08333333333333333
0.125
0.16666666666666666
0.25
0.3333333333333333
0.41666666666666663
0.5
0.5833333333333333
0.625
0.6666666666666666
0.7083333333333333
0.7291666666666666
0.75
0.7708333333333333
0.7916666666666666
0.8125
0.8229166666666666
0.8333333333333333
0.84375
0.8489583333333333
0.8541666666666666
0.85546875
0.8567708333333333
0.8580729166666666
0.859375
0.8600260416666666
0.8606770833333333
0.861328125
0.8619791666666666
0.86328125
0.8645833333333333
0.8671875
0.8697916666666666
0.875
0.8802083333333333
0.8854166666666666
0.8958333333333333
0.9166666666666666
0.9375
0.9583333333333333
0.96875
0.9791666666666666
0.984375
0.9895833333333333
0.9921875
0.9947916666666666
0.99609375
0.9973958333333333
0.9986979166666666
0.9990234375
0.9993489583333333
0.9996744791666666
0.9998372395833333
0.9999186197916666
0.9999593098958333
1.
0.
0.008406082425865375
0.011891364340976244
0.01682647504193229
0.02382331936780867
0.029210837653665802
0.03376846163258621
0.04797738116463343
0.059036799255075254
0.06849584774644947
0.09881053304521568
0.12361424178502799
0.14603125784923018
0.18830821550545962
0.23139948748674571
0.27989016697925845
0.3410756833957123
0.4313012153361956
0.49730449759682227
0.5859799415510097
0.7195713532050377
0.8241014184604487
0.9576293269181144
1.0985076518400778
1.235642164499787
1.370471486384563
1.440952840112727
1.5180164082025873
1.6094650116718923
1.666544605047315
1.741132760447492
1.7652035524329959
1.79336405198006
1.8281733299845293
1.876016171355698
1.9104549746295052
1.9608654546100146
2.0302167343520097
2.084338064319754
2.146289234844358
2.185276173984955
2.2389554937735405
2.2781967472539697
2.337540491697925
2.3839572072787103
2.423306730508753
2.489943515691262
2.5995955018946653
2.6969453488158046
2.794073840001713
2.8463485128724235
2.9047738257863505
2.9382230602399644
2.976890428004997
2.9995228459224976
3.026046640023563
3.0417204474516115
3.060203889753571
3.08415233177557
3.0918714742880105
3.1010143451560483
3.112913192036425
3.121317815151815
3.1272581322244593
3.1314575929497654
3.141592653589793
5.407252102776773
13.897861039352827
64
0.
0.0006510416666666666
0.0013020833333333333
0.0026041666666666665
0.005208333333333333
0.0078125
0.010416666666666666
0.020833333333333332
0.03125
0.041666666666666664
0.08333333333333333
0.125
0.16666666666666666
0.25
0.3333333333333333
0.41666666666666663
0.5
0.5833333333333333
0.625
0.6666666666666666
0.7083333333333333
0.7291666666666666
0.75
0.7708333333333333
0.7916666666666666
0.8125
0.8333333333333333
0.84375
0.8489583333333333
0.8541666666666666
0.859375
0.8619791666666666
0.8645833333333333
0.8671875
0.8684895833333333
0.8697916666666666
0.87109375
0.8723958333333333
0.875
0.8776041666666666
0.8802083333333333
0.8854166666666666
0.8958333333333333
0.90625
0.9166666666666666
0.9375
0.9583333333333333
0.96875
0.9791666666666666
0.984375
0.9895833333333333
0.9921875
0.9947916666666666
0.99609375
0.9973958333333333
0.9986979166666666
0.9990234375
0.9993489583333333
0.9996744791666666
0.9998372395833333
0.9999186197916666
0.9999593098958333
0.9999796549479166
1.
0.
0.007928268578965154
0.01121543152676578
0.01586998676630893
0.02246901825310191
0.027550152092613484
0.0318485386631292
0.04524882665646273
0.055678296086981854
0.06459805163093861
0.09318002014852922
0.11655881949452426
0.13767979848675566
0.1774797182586743
0.21797438547681314
0.2633938754283265
0.3203307113053991
0.40325247352936067
0.4632795829819253
0.5431662053063459
0.6589472253408116
0.7447788998761902
0.8566887590384372
0.984088784276495
1.1177612720058063
1.254975004559374
1.402652563201225
1.4885073163028688
1.5379063777963096
1.5948712856377623
1.665297696528459
1.7099358024642854
1.7672212507707776
1.8532060518390558
1.9209067205650894
2.002958664753463
2.067702820998125
2.113416366546064
2.1768455116734606
2.2225809933297005
2.259337933718108
2.3182254296610325
2.407340600446435
2.4784348647966583
2.540575376485268
2.652507030222208
2.761292071090533
2.819124120263667
2.883366775613557
2.920005148159334
2.96226165512878
2.986956084394543
3.0158664572160117
3.0329388970236346
3.053060833989498
3.0791200334718645
3.0875175200231393
3.0974635294028747
3.1104042723546774
3.1195453327796194
3.126005931967387
3.130572719943681
3.1338011547747917
3.141592653589793
5.543182020717557
12.967954080881553
60
0.
0.0006510416666666666
0.0013020833333333333
0.0026041666666666665
0.005208333333333333
0.010416666666666666
0.020833333333333332
0.03125
0.041666666666666664
0.08333333333333333
0.125
0.16666666666666666
0.25
0.3333333333333333
0.41666666666666663
0.5
0.5833333333333333
0.625
0.6666666666666666
0.7083333333333333
0.7291666666666666
0.75
0.7916666666666666
0.8125
0.8333333333333333
0.84375
0.8541666666666666
0.859375
0.8645833333333333
0.8697916666666666
0.875
0.8763020833333333
0.8776041666666666
0.8802083333333333
0.8828125
0.8854166666666666
0.890625
0.8958333333333333
0.90625
0.9166666666666666
0.9375
0.9583333333333333
0.96875
0.9791666666666666
0.984375
0.9895833333333333
0.9921875
0.9947916666666666
0.99609375
0.9973958333333333
0.9986979166666666
0.9990234375
0.9993489583333333
0.9996744791666666
0.999755859375
0.9998372395833333
0.9999186197916666
0.9999593098958333
0.9999796549479166
1.
0.
0.007480203592228365
0.010581584908787503
0.01497306558740143
0.021199079585553934
0.030048312673855528
0.042690667646971346
0.05252987061164519
0.060944464774148555
0.08790473211663245
0.10995199169903369
0.1298639877838304
0.16736046116153708
0.20545337744007353
0.24805269277138584
0.30112523464386326
0.3774498735600606
0.43204299026817483
0.5040196131158091
0.605416020555776
0.6775082731387618
0.7713639651380951
1.0059129973283605
1.1389878378027032
1.284213444732244
1.3659890157036363
1.4604561549201416
1.5160085475835492
1.5813915957323659
1.664916043002374
1.7926355680108663
1.8397201682509579
1.8949946711350185
2.005916977290777
2.0861718292077036
2.143893871018464
2.227098388679536
2.2893938027947685
2.3858078156095344
2.463816053984223
2.596716217510404
2.7208892433837226
2.785779394142716
2.8572768952628596
2.8978489820308613
2.944504662931346
2.971714896259234
3.003530350338613
3.022301632984398
3.044412301173899
3.0730306031293257
3.0822489298872178
3.093166006733447
3.107368945501341
3.111957994068924
3.117399634882864
3.124488900159301
3.129500119279452
3.13304276296162
3.141592653589793
5.679111938658341
12.097693269531534
56
0.
0.0013020833333333333
0.0026041666666666665
0.005208333333333333
0.010416666666666666
0.020833333333333332
0.03125
0.041666666666666664
0.08333333333333333
0.125
0.16666666666666666
0.25
0.3333333333333333
0.41666666666666663
0.5
0.5833333333333333
0.625
0.6666666666666666
0.7083333333333333
0.75
0.7916666666666666
0.8125
0.8333333333333333
0.8541666666666666
0.8645833333333333
0.8697916666666666
0.875
0.8802083333333333
0.8828125
0.8854166666666666
0.890625
0.8958333333333333
0.9010416666666666
0.90625
0.9166666666666666
0.9270833333333333
0.9375
0.9583333333333333
0.96875
0.9791666666666666
0.984375
0.9895833333333333
0.9921875
0.9947916666666666
0.99609375
0.9973958333333333
0.998046875
0.9986979166666666
0.9993489583333333
0.99951171875
0.9996744791666666
0.9998372395833333
0.9999186197916666
0.9999593098958333
0.9999796549479166
1.
0.
0.009984866168231441
0.014128688813283694
0.020003562408250766
0.028353624175178466
0.040282616181809186
0.049566357521581186
0.05750567286444063
0.08294089744041394
0.10373707138867826
0.12251424125507035
0.15785242214799733
0.19370200822646266
0.2336794837569302
0.28318671885309227
0.35349285042823986
0.40315256581744185
0.46802677660285946
0.5574378867930146
0.6982423618922083
0.9047234020545626
1.0280590460013985
1.1669660104260973
1.3317615188119285
1.434406212010984
1.4956931677854457
1.5687720489918942
1.6633665107544333
1.7251890929238407
1.8020045539221223
1.9774999557941255
2.103560963984424
2.1900607050493313
2.257194955544623
2.3630028585489695
2.449694420428926
2.5270111725727937
2.67154713472141
2.7453531299240486
2.825827997565176
2.87120748605693
2.9232004830401186
2.953448762219856
2.9887613330008773
3.0095707337503477
3.0340679491952383
3.0485889968100137
3.065749063795784
3.0880299014099553
3.095219613159167
3.103740626143548
3.1148375177263357
3.122679051873901
3.128221282718854
3.132138948105799
3.141592653589793
5.883006815569518
10.89408055417933
54
0.
0.0013020833333333333
0.0026041666666666665
0.005208333333333333
0.010416666666666666
0.020833333333333332
0.03125
0.041666666666666664
0.08333333333333333
0.125
0.16666666666666666
0.25
0.3333333333333333
0.41666666666666663
0.5
0.5833333333333333
0.6666666666666666
0.7083333333333333
0.75
0.7916666666666666
0.8125
0.8333333333333333
0.8541666666666666
0.8645833333333333
0.875
0.8854166666666666
0.890625
0.8958333333333333
0.9010416666666666
0.90625
0.9114583333333333
0.9166666666666666
0.9270833333333333
0.9375
0.9583333333333333
0.96875
0.9791666666666666
0.984375
0.9895833333333333
0.9921875
0.9947916666666666
0.99609375
0.9973958333333333
0.998046875
0.9986979166666666
0.9993489583333333
0.99951171875
0.9996744791666666
0.9998372395833333
0.9999186197916666
0.9999593098958333
0.9999796549479166
0.9999898274739583
1.
0.
0.00915241657518564
0.012950749138136439
0.018335780729257897
0.02598954377230277
0.036923553630481554
0.04543267140002483
0.052709266515761216
0.07601883597635865
0.09507244392489428
0.11227029020269062
0.1446095464721114
0.17735146650663516
0.21371523271814885
0.2583565026519618
0.3206050974720514
0.41938404301393534
0.49414611116993307
0.6062622483678647
0.7751099614467336
0.8799505235549151
1.0029139916315657
1.1500518745969923
1.2377951243854493
1.3409528522854777
1.4710392876397713
1.5548452693454202
1.6605309121896517
1.7935070755578495
1.9330369051888676
2.048154851477738
2.13870818623805
2.277721793795175
2.388522029845599
2.5782180390239673
2.670102397372934
2.7680366610068465
2.8225223873661203
2.884467018656306
2.9203168551430165
2.9620322870293023
2.9865598996627836
3.0153871871967217
3.032458539888058
3.0526157004862577
3.078769826432784
3.087206180528742
3.0972017527471674
3.1102163708795993
3.1194126696643267
3.1259122317729258
3.130506517218637
3.1337543690079848
3.141592653589793
6.086901692480694
9.796815928357926
51
0.
0.0013020833333333333
0.0026041666666666665
0.005208333333333333
0.010416666666666666
0.015625
0.020833333333333332
0.041666666666666664
0.0625
0.08333333333333333
0.16666666666666666
0.25
0.3333333333333333
0.5
0.5833333333333333
0.6666666666666666
0.75
0.7916666666666666
0.8333333333333333
0.8541666666666666
0.875
0.8854166666666666
0.8958333333333333
0.90625
0.9114583333333333
0.9166666666666666
0.921875
0.9270833333333333
0.9375
0.9479166666666666
0.9583333333333333
0.96875
0.9791666666666666
0.984375
0.9895833333333333
0.9921875
0.9947916666666666
0.99609375
0.9973958333333333
0.998046875
0.9986979166666666
0.9990234375
0.9993489583333333
0.9996744791666666
0.999755859375
0.9998372395833333
0.9999186197916666
0.9999593098958333
0.9999796549479166
0.9999898274739583
1.
0.
0.008386636791834604
0.011867152548297993
0.016801583095428656
0.023814846697185386
0.029233644015886077
0.03383366212240544
0.048297469584725104
0.05972464283133015
0.06965264895511236
0.10285216679580025
0.13244055382809578
0.1623399497046307
0.23569038930003977
0.29090805429685196
0.3764270604778527
0.5306400623828746
0.6686228235563326
0.8609351161283614
0.9883925911308852
1.1508901589284297
1.2537775149059396
1.38188139491399
1.5541156528609532
1.6642267518247982
1.7876656088004115
1.9096550101632663
2.0177004250475354
2.191820947205218
2.331572963834315
2.454950028684408
2.5727606435966677
2.6944370699414053
2.7609181120289477
2.8357366012218224
2.878746897724793
2.9285840719221556
2.9577963809656125
2.992069061566627
3.0123342983320627
3.0362390551442444
3.0504354311231525
3.067229920515946
3.0890551365648093
3.096104362982824
3.1044618086434683
3.115346555699175
3.1230385398346083
3.1284752514387812
3.1323184174407626
3.141592653589793
6.358761528362263
8.47388836187346
49
0.
0.0013020833333333333
0.0026041666666666665
0.005208333333333333
0.010416666666666666
0.020833333333333332
0.041666666666666664
0.0625
0.08333333333333333
0.16666666666666666
0.25
0.3333333333333333
0.5
0.5833333333333333
0.6666666666666666
0.7083333333333333
0.75
0.7916666666666666
0.8333333333333333
0.8541666666666666
0.875
0.8958333333333333
0.9166666666666666
0.9270833333333333
0.9375
0.9479166666666666
0.9583333333333333
0.96875
0.9791666666666666
0.984375
0.9895833333333333
0.9921875
0.9947916666666666
0.99609375
0.9973958333333333
0.998046875
0.9986979166666666
0.9990234375
0.9993489583333333
0.9996744791666666
0.999755859375
0.9998372395833333
0.9999186197916666
0.99993896484375
0.9999593098958333
0.9999796549479166
0.9999898274739583
0.9999949137369791
1.
0.
0.007458100648366744
0.010553255646659657
0.014941327421713212
0.02117799359698005
0.030087211401874904
0.04294847514311982
0.053108671554203415
0.061934972551067585
0.091438476005986
0.11770163051705922
0.14417756251536987
0.20846863989166758
0.2557179318763219
0.3268704996261348
0.3780713547548665
0.44897473051370057
0.5550023189326692
0.7073281363619213
0.8099773194857889
0.9402676823501461
1.1179186793285294
1.38871510065128
1.5856346935640282
1.8174617936434971
2.0371483584647274
2.2263893859712565
2.3967829602383004
2.5640310926715495
2.652671557759246
2.750742035488323
2.8064847052250306
2.870620305371642
2.9080326994183663
2.9517782359050764
2.977587564481267
3.007988029053664
3.0260204466759344
3.0473352208900732
3.0750172939439055
3.083953115214464
3.0945430317837705
3.108332818484317
3.112791311203735
3.1180788952476215
3.124968162082202
3.129838485496703
3.1332817626882976
3.141592653589793
6.766551282184616
6.742570743997335
48
0.
0.0026041666666666665
0.005208333333333333
0.010416666666666666
0.020833333333333332
0.03125
0.041666666666666664
0.08333333333333333
0.125
0.16666666666666666
0.3333333333333333
0.5
0.5833333333333333
0.6666666666666666
0.75
0.7916666666666666
0.8333333333333333
0.8541666666666666
0.875
0.8958333333333333
0.9166666666666666
0.9375
0.9479166666666666
0.9583333333333333
0.96875
0.9791666666666666
0.984375
0.9895833333333333
0.9921875
0.9947916666666666
0.99609375
0.9973958333333333
0.998046875
0.9986979166666666
0.9990234375
0.9993489583333333
0.99951171875
0.9996744791666666
0.9998372395833333
0.9998779296875
0.9999186197916666
0.9999593098958333
0.999969482421875
0.9999796549479166
0.9999898274739583
0.9999949137369791
0.9999974568684895
1.
0.
0.008831614483591666
0.012503800171819783
0.017722946772345413
0.02517846678353251
0.03097999247904004
0.035940648851596056
0.051826105069755525
0.0648008102860169
0.07649792010396138
0.1204732847645966
0.17335422649412704
0.21115977566504932
0.2662821098311527
0.3560109878402491
0.42958045300469566
0.5379617535284087
0.61169076021829
0.7057295251906163
0.8308059717788971
1.0128260269591358
1.3029444489347346
1.509760538548005
1.7542811227709496
2.014041062977131
2.277236788718985
2.4146677795294207
2.564186971619587
2.6480595166176073
2.7437056481027113
2.7991387558902066
2.8636778582693956
2.9016343598025114
2.9462522937657996
2.9726734413250346
3.0038737990266138
3.0224140326627262
3.044355339477828
3.0728842889729893
3.082101926357871
3.0930307340161995
3.1072652847468274
3.1118673842895936
3.1173250775546233
3.1244356529422195
3.1294622046003653
3.133015821786861
3.141592653589793
7.174341036006968
5.279814607557461
47
0.
0.0026041666666666665
0.005208333333333333
0.010416666666666666
0.020833333333333332
0.041666666666666664
0.08333333333333333
0.125
0.16666666666666666
0.3333333333333333
0.5
0.5833333333333333
0.6666666666666666
0.75
0.7916666666666666
0.8333333333333333
0.875
0.8958333333333333
0.9166666666666666
0.9375
0.9583333333333333
0.96875
0.9791666666666666
0.984375
0.9895833333333333
0.9921875
0.9947916666666666
0.99609375
0.9973958333333333
0.998046875
0.9986979166666666
0.9990234375
0.9993489583333333
0.99951171875
0.9996744791666666
0.999755859375
0.9998372395833333
0.9998779296875
0.9999186197916666
0.9999593098958333
0.999969482421875
0.9999796549479166
0.9999898274739583
0.9999949137369791
0.9999974568684895
0.9999987284342448
1.
0.
0.007373897809517216
0.010439976480253533
0.01479770432170912
0.021022736839978833
0.030008770056410502
0.04327237796186173
0.054104694896185974
0.06386842114136387
0.10051998172886707
0.14420828115169132
0.17487916381292862
0.21860788305855738
0.28722622946941906
0.340737043211597
0.41941589934765966
0.5423386890766491
0.633296987203347
0.762802158619514
0.9663141858793745
1.3159492571770868
1.573758010482975
1.8946822573030297
2.0813544023265185
2.2933997077774477
2.414817128225626
2.554556461784758
2.635962534250805
2.730995061174223
2.786975954082929
2.85284072718779
2.8918689549553807
2.93797295628155
2.9653743149797136
2.997808983863354
3.017114968152884
3.0399925150484637
3.053619395631267
3.069774574131912
3.090819063115505
3.0976240765424303
3.1056950188806765
3.1162115490473044
3.123646680181548
3.128903522797299
3.1326203774497077
3.141592653589793
7.718060707770105
3.71184057306393
50
0.
0.005208333333333333
0.010416666666666666
0.020833333333333332
0.041666666666666664
0.08333333333333333
0.125
0.16666666666666666
0.3333333333333333
0.5
0.5833333333333333
0.6666666666666666
0.75
0.7916666666666666
0.8333333333333333
0.875
0.8958333333333333
0.9166666666666666
0.9375
0.9479166666666666
0.9583333333333333
0.96875
0.9791666666666666
0.984375
0.9895833333333333
0.9921875
0.9947916666666666
0.99609375
0.9973958333333333
0.998046875
0.9986979166666666
0.9990234375
0.9993489583333333
0.99951171875
0.9996744791666666
0.999755859375
0.9998372395833333
0.9998779296875
0.9999186197916666
0.99993896484375
0.9999593098958333
0.9999796549479166
0.9999847412109375
0.9999898274739583
0.9999949137369791
0.9999974568684895
0.9999987284342448
0.9999993642171223
0.9999996821085612
1.
0.
0.008182231427491467
0.01159771203020737
0.016477022592480576
0.023521247847986048
0.03392086905872931
0.04241626367178336
0.050074937891619785
0.07881706438168785
0.1128990502612263
0.1365036224288759
0.16950078798672194
0.21949197381277902
0.2566544705117072
0.31019516909797556
0.3939036292216252
0.4560189531949053
0.5428109691543499
0.6760893474964016
0.7748473795481745
0.9103547705805127
1.102786148862632
1.3874662714922845
1.585150764649426
1.8428074680757836
2.005990058371849
2.2064241962146336
2.328581229098455
2.4754058070564775
2.563700476868188
2.668989469476918
2.7319855705579243
2.806892986604412
2.851624985194347
2.904746696668991
2.9364404259648897
2.974056239201797
2.9964884981553714
3.0231049509122814
3.0389749589190314
3.0578021326771134
3.0823406429429157
3.0902780204082525
3.0996935721465495
3.1119647373900143
3.1206421572944096
3.1267782176571224
3.131117166507731
3.134185316147829
3.141592653589793
8.261780379533242
2.532088103532295
53
0.
0.010416666666666666
0.020833333333333332
0.041666666666666664
0.08333333333333333
0.125
0.16666666666666666
0.3333333333333333
0.5
0.6666666666666666
0.75
0.7916666666666666
0.8333333333333333
0.875
0.8958333333333333
0.9166666666666666
0.9375
0.9479166666666666
0.9583333333333333
0.96875
0.9739583333333333
0.9791666666666666
0.984375
0.9869791666666666
0.9895833333333333
0.9921875
0.9947916666666666
0.99609375
0.9973958333333333
0.998046875
0.9986979166666666
0.9990234375
0.9993489583333333
0.99951171875
0.9996744791666666
0.999755859375
0.9998372395833333
0.9998779296875
0.9999186197916666
0.99993896484375
0.9999593098958333
0.999969482421875
0.9999796549479166
0.9999898274739583
0.9999923706054688
0.9999949137369791
0.9999974568684895
0.9999980926513672
0.9999987284342448
0.9999993642171223
0.9999996821085612
0.9999998410542805
1.
0.
0.009051944707378322
0.012860743141096675
0.018360467420869005
0.026482849621932262
0.03312128410305853
0.039108799311887175
0.0616015604557046
0.08825405138119896
0.13189051926147458
0.16923594490405297
0.19614096343926068
0.23416178322163725
0.29317578096616204
0.3369626296005786
0.3977686352465704
0.4895667030459909
0.5566464291979163
0.6487803003706258
0.7832054981688134
0.8763524897627012
0.9970154895293667
1.1605080583365244
1.2670542787980812
1.3987346250219885
1.5675802962437924
1.7966991299695345
1.9485454287416315
2.142942596874958
2.265661754901908
2.417127243397255
2.5100951300500434
2.622602096306888
2.6906625592695432
2.772199682318307
2.8211625116496766
2.8795302424002625
2.9144506627357436
2.955979552309224
2.980780042113222
3.0102346496798438
3.0278103063836994
3.048671757617303
3.075872547180476
3.084673136494538
3.0951139587679664
3.108723469713998
3.113126045127437
3.118348738055927
3.1251557766035893
3.1299695529493547
3.133373643534153
3.141592653589793
8.805500051296379
1.6761503708777323
54
0.
0.020833333333333332
0.041666666666666664
0.08333333333333333
0.16666666666666666
0.3333333333333333
0.5
0.6666666666666666
0.75
0.7916666666666666
0.8333333333333333
0.875
0.8958333333333333
0.9166666666666666
0.9375
0.9479166666666666
0.9583333333333333
0.96875
0.9739583333333333
0.9791666666666666
0.984375
0.9869791666666666
0.9895833333333333
0.9921875
0.9934895833333333
0.9947916666666666
0.99609375
0.9973958333333333
0.998046875
0.9986979166666666
0.9990234375
0.9993489583333333
0.99951171875
0.9996744791666666
0.999755859375
0.9998372395833333
0.9998779296875
0.9999186197916666
0.99993896484375
0.9999593098958333
0.999969482421875
0.9999796549479166
0.9999847412109375
0.9999898274739583
0.9999949137369791
0.9999961853027344
0.9999974568684895
0.9999987284342448
0.9999990463256836
0.9999993642171223
0.9999996821085612
0.9999998410542805
0.9999999205271403
1.
0.
0.009983461777748835
0.01425396222570713
0.020563283635566972
0.030378583120442768
0.04789229572160457
0.068664757193197
0.10236972107547769
0.13055247158280567
0.15045384263309736
0.17821272827432003
0.2209458146435605
0.25255662424460124
0.2964146243987218
0.36197028186779195
0.4092570484606838
0.4736579980400683
0.5678249202927538
0.6340633219463383
0.7218631203769068
0.8453919633884133
0.9292635995415369
1.03720404236226
1.1836391644932658
1.2797156889410257
1.3994943567317135
1.5551239468246008
1.7706143745486287
1.916487284648265
2.107013911741014
2.2294922351295523
2.3829068497016666
2.478229563237154
2.5946355990966508
2.6655538077445957
2.750952200302212
2.802430624932432
2.8639617759834675
2.900849734534651
2.9447764715093028
2.9710333001849447
3.0022408530371685
3.020872673931016
3.0429940946103042
3.0718450665562327
3.0811816523041418
3.092259699344195
3.1067019974269967
3.111374499821109
3.1169177361862763
3.1241431021972943
3.1292530821099485
3.1328668211045603
3.141592653589793
9.621079558941084
0.8599723405219731
56
0.
0.041666666666666664
0.08333333333333333
0.16666666666666666
0.3333333333333333
0.5
0.6666666666666666
0.75
0.8333333333333333
0.875
0.9166666666666666
0.9375
0.9479166666666666
0.9583333333333333
0.96875
0.9739583333333333
0.9791666666666666
0.984375
0.9869791666666666
0.9895833333333333
0.9921875
0.9934895833333333
0.9947916666666666
0.99609375
0.9967447916666666
0.9973958333333333
0.998046875
0.9983723958333333
0.9986979166666666
0.9990234375
0.9993489583333333
0.99951171875
0.9996744791666666
0.999755859375
0.9998372395833333
0.9998779296875
0.9999186197916666
0.99993896484375
0.9999593098958333
0.999969482421875
0.9999796549479166
0.9999847412109375
0.9999898274739583
0.9999923706054688
0.9999949137369791
0.9999961853027344
0.9999974568684895
0.9999987284342448
0.9999990463256836
0.9999993642171223
0.9999996821085612
0.9999998410542805
0.9999999205271403
0.9999999602635701
0.999999980131785
1.
0.
0.00963477647801613
0.013902139960846787
0.020546538688534167
0.03242438747983244
0.046533968248546824
0.06923570291627326
0.08779706931051989
0.11847809022385958
0.14561855152119135
0.1933421128629725
0.23449582382159062
0.263827248633045
0.3033486875192791
0.36067769232268393
0.4010829373022208
0.4552333386830006
0.5332655476843019
0.5878071468713991
0.660168673752706
0.7627950635090279
0.8332897971717651
0.9251748560109714
1.0521324978182243
1.13699623170419
1.2447041769110185
1.388158503519175
1.480659553545711
1.5942943117327397
1.739413574849363
1.936421206907211
2.0677244614913937
2.237354487901654
2.345547254405668
2.4803793488526287
2.5638535998791756
2.665556409102434
2.7274166620364984
2.8018272453657294
2.8466395201214354
2.9001982617519064
2.932309769508816
2.9705285717087593
2.9933535207974646
3.020465242408222
3.0366462917824264
3.055858728184467
3.0809274820728723
3.0890432453340297
3.098674771135179
3.1112345414976557
3.120120925594258
3.1264071958031194
3.130853585723269
3.1339983216948397
3.141592653589793
10.164799230704222
0.5410176973270839
58
0.
0.041666666666666664
0.08333333333333333
0.16666666666666666
0.3333333333333333
0.5
0.6666666666666666
0.75
0.8333333333333333
0.875
0.9166666666666666
0.9375
0.9583333333333333
0.96875
0.9739583333333333
0.9791666666666666
0.984375
0.9869791666666666
0.9895833333333333
0.9921875
0.9934895833333333
0.9947916666666666
0.99609375
0.9967447916666666
0.9973958333333333
0.998046875
0.9983723958333333
0.9986979166666666
0.9990234375
0.9991861979166666
0.9993489583333333
0.99951171875
0.9996744791666666
0.999755859375
0.9998372395833333
0.9998779296875
0.9999186197916666
0.99993896484375
0.9999593098958333
0.999969482421875
0.9999796549479166
0.9999847412109375
0.9999898274739583
0.9999923706054688
0.9999949137369791
0.9999961853027344
0.9999974568684895
0.9999980926513672
0.9999987284342448
0.9999993642171223
0.9999995231628418
0.9999996821085612
0.9999998410542805
0.9999999205271403
0.9999999602635701
0.999999980131785
0.9999999900658925
1.
0.
0.007361505809295855
0.010622818672912222
0.015702515294110476
0.02478982581303142
0.035590998301110156
0.052910139780527596
0.06694802239574632
0.08996815659657803
0.1102257774985459
0.14577772284475998
0.1763636315828355
0.227196697758471
0.2692404309367644
0.2988197486874335
0.3385138620272647
0.39604734074558906
0.43660712687532194
0.49095240803500756
0.5691834207172949
0.6237702750236479
0.6960335092202854
0.7981404888519217
0.8679901376803276
0.9586785876954236
1.0833837605045813
1.166421221623079
1.2715380011183006
1.4112544131828877
1.5012688287301024
1.6118648969097156
1.75326059123767
1.945727877889003
2.074450817300739
2.2413677169703607
2.3482023738682454
2.481747333428392
2.5646460506292015
2.6658510773685684
2.727509846866718
2.801764460807717
2.846530895019462
2.900046551651999
2.932136845733579
2.970345008237105
2.9931883680343803
3.0203425351122455
3.0365537312500184
3.055798059214061
3.0808983919254134
3.0890219355442436
3.098661140254712
3.1112283847097233
3.120118317272067
3.126406225550738
3.130853337294475
3.1339983649786394
3.141592653589793
10.980378738348927
0.27245821619752547
59
0.
0.16666666666666666
0.3333333333333333
0.5
0.6666666666666666
0.75
0.8333333333333333
0.875
0.9166666666666666
0.9375
0.9583333333333333
0.96875
0.9791666666666666
0.984375
0.9869791666666666
0.9895833333333333
0.9921875
0.9934895833333333
0.9947916666666666
0.99609375
0.9967447916666666
0.9973958333333333
0.998046875
0.9983723958333333
0.9986979166666666
0.9990234375
0.9991861979166666
0.9993489583333333
0.99951171875
0.9995930989583333
0.9996744791666666
0.999755859375
0.9998372395833333
0.9998779296875
0.9999186197916666
0.99993896484375
0.9999593098958333
0.999969482421875
0.9999796549479166
0.9999847412109375
0.9999898274739583
0.9999923706054688
0.9999949137369791
0.9999961853027344
0.9999974568684895
0.9999980926513672
0.9999987284342448
0.9999990463256836
0.9999993642171223
0.9999995231628418
0.9999996821085612
0.9999998410542805
0.9999998807907104
0.9999999205271403
0.9999999602635701
0.999999980131785
0.9999999900658925
0.9999999950329462
1.
0.
0.010354943233196575
0.01635256689762506
0.023484146857209506
0.03488461649546669
0.04405863372789163
0.0590068363951106
0.07210355491513705
0.09504771382203636
0.11475144490176588
0.1473274159339689
0.17410870420337413
0.21812902718511687
0.25480836780792715
0.2808202958508066
0.31593239624998404
0.36707017398219627
0.40319964241144096
0.45163025060219353
0.5213090919268732
0.5698870700457498
0.6341668338667025
0.725034363598616
0.7873097101223351
0.8684123058463122
0.9806110597182374
1.055882863968329
1.1519666639752237
1.2813115245732385
1.3657913805750908
1.4709856694867123
1.6080046090861253
1.7996974107294488
1.9316196062135438
2.1074887470018417
2.223022282728507
2.370685218184566
2.464109303228603
2.57986209425637
2.651223066395568
2.7379234446654332
2.7905370146642796
2.853745040217918
2.891777192631526
2.9371709420290535
2.9643663018171886
2.996737421984585
3.0160770507349195
3.0390447401442686
3.052749990352995
3.069020347330413
3.090246187061164
3.097116862432784
3.1052701328912726
3.115901196438444
3.1234222671415894
3.1287423569440884
3.132505174601934
3.141592653589793
11.524098410112064
0.17830432716119052
61
0.
0.16666666666666666
0.3333333333333333
0.5
0.6666666666666666
0.75
0.8333333333333333
0.875
0.9166666666666666
0.9375
0.9583333333333333
0.96875
0.9791666666666666
0.984375
0.9895833333333333
0.9921875
0.9934895833333333
0.9947916666666666
0.99609375
0.9967447916666666
0.9973958333333333
0.998046875
0.9983723958333333
0.9986979166666666
0.9990234375
0.9991861979166666
0.9993489583333333
0.99951171875
0.9995930989583333
0.9996744791666666
0.999755859375
0.9997965494791666
0.9998372395833333
0.9998779296875
0.9999186197916666
0.99993896484375
0.9999593098958333
0.999969482421875
0.9999796549479166
0.9999847412109375
0.9999898274739583
0.9999923706054688
0.9999949137369791
0.9999961853027344
0.9999974568684895
0.9999980926513672
0.9999987284342448
0.9999990463256836
0.9999993642171223
0.9999995231628418
0.9999996821085612
0.9999997615814209
0.9999998410542805
0.9999999205271403
0.9999999403953552
0.9999999602635701
0.999999980131785
0.9999999900658925
0.9999999950329462
0.9999999975164731
1.
0.
0.007757547882801733
0.012251878528832152
0.017596409826890362
0.026130231898405874
0.03298025147951008
0.044116424592007306
0.05385783155830262
0.07091223453730747
0.08554960745809216
0.10970790447947991
0.129526308258999
0.16206600347858438
0.18920139105779565
0.23457067739740597
0.27272446825648355
0.2998018124908297
0.336263099257603
0.38906614687120666
0.4261343667116389
0.4755289426742622
0.5460732696555933
0.5949463811843515
0.6592885279307841
0.7496966554071955
0.811335408633311
0.8912631734348216
1.001259257988752
1.0747287621287875
1.168192860155573
1.293559094294516
1.375237395867306
1.4768283196853011
1.6091177189811752
1.7945811280772481
1.9227909088394863
2.0948218651322015
2.2087189463125694
2.355467304200181
2.449037046254335
2.5657535625855563
2.638120350214504
2.7264414925270266
2.780233167521281
2.8450275842441037
2.88407654683112
2.930767575560707
2.9587762217067297
2.992132914698647
3.0120627781516127
3.0357406050752287
3.0498747692160206
3.0666593537615237
3.0885643054837737
3.0956568196905025
3.1040746243616524
3.1150527124178167
3.12282072781863
3.1283162175759687
3.132203454606408
3.141592653589793
12.0678180818752
0.12281545982834402
64
0.
0.16666666666666666
0.3333333333333333
0.5
0.6666666666666666
0.75
0.8333333333333333
0.875
0.9166666666666666
0.9375
0.9583333333333333
0.96875
0.9791666666666666
0.984375
0.9895833333333333
0.9921875
0.9947916666666666
0.99609375
0.9967447916666666
0.9973958333333333
0.998046875
0.9983723958333333
0.9986979166666666
0.9990234375
0.9991861979166666
0.9993489583333333
0.99951171875
0.9995930989583333
0.9996744791666666
0.999755859375
0.9997965494791666
0.9998372395833333
0.9998779296875
0.9998982747395833
0.9999186197916666
0.99993896484375
0.9999593098958333
0.999969482421875
0.9999796549479166
0.9999847412109375
0.9999898274739583
0.9999923706054688
0.9999949137369791
0.9999961853027344
0.9999974568684895
0.9999980926513672
0.9999987284342448
0.9999990463256836
0.9999993642171223
0.9999995231628418
0.9999996821085612
0.9999997615814209
0.9999998410542805
0.9999998807907104
0.9999999205271403
0.9999999602635701
0.9999999701976776
0.999999980131785
0.9999999900658925
0.9999999950329462
0.9999999975164731
0.9999999987582365
0.9999999993791182
1.
0.
0.005734999989513788
0.009057902734132282
0.013009297154868435
0.019314109086973244
0.02436752276496099
0.032570856345220216
0.039739633747078326
0.05228448089498065
0.06304814237794416
0.080796385448987
0.09533836595880026
0.1191993735007033
0.13910724911696007
0.17246349644692394
0.2006105879489938
0.2477084820804024
0.28707787326925993
0.314847340781879
0.3520299616812255
0.405512172706293
0.4428441554666294
0.4923643946070514
0.5627010674429849
0.6111890598321238
0.6747429304737173
0.7635284304421781
0.8237331555136485
0.9014261295494932
1.0077203383566282
1.078360267772991
1.1678737255626288
1.2874629252666385
1.365190620252713
1.4617606475280065
1.5875590406842934
1.7645753848640855
1.8878495863493459
2.0549888284551017
2.167115695475845
2.313688601893609
2.4085056719970774
2.5283753715424724
2.6035954816734685
2.69623071406912
2.753155938307992
2.8220782033512055
2.8638117768088978
2.9139086591391257
2.9440357094031593
2.9799433510457782
3.001420324133506
3.0269669385911744
3.042232722198105
3.060376885478819
3.0840821562679954
3.091763946056238
3.1008852003159513
3.1127873520810567
3.121213804705053
3.127177407468362
3.1313969193047377
3.1343818715299645
3.141592653589793
12.611537753638338
0.0908145824444638
67
0.
0.16666666666666666
0.3333333333333333
0.5
0.6666666666666666
0.75
0.8333333333333333
0.875
0.9166666666666666
0.9375
0.9583333333333333
0.96875
0.9791666666666666
0.984375
0.9895833333333333
0.9921875
0.9947916666666666
0.99609375
0.9973958333333333
0.998046875
0.9983723958333333
0.9986979166666666
0.9990234375
0.9991861979166666
0.9993489583333333
0.99951171875
0.9995930989583333
0.9996744791666666
0.999755859375
0.9997965494791666
0.9998372395833333
0.9998779296875
0.9998982747395833
0.9999186197916666
0.99993896484375
0.9999491373697916
0.9999593098958333
0.999969482421875
0.9999796549479166
0.9999847412109375
0.9999898274739583
0.9999923706054688
0.9999949137369791
0.9999961853027344
0.9999974568684895
0.9999980926513672
0.9999987284342448
0.9999990463256836
0.9999993642171223
0.9999995231628418
0.9999996821085612
0.9999997615814209
0.9999998410542805
0.9999998807907104
0.9999999205271403
0.9999999403953552
0.9999999602635701
0.999999980131785
0.9999999850988388
0.9999999900658925
0.9999999950329462
0.9999999962747097
0.9999999975164731
0.9999999987582365
0.9999999993791182
0.9999999996895591
1.
0.
0.004159490224048588
0.006569572952511739
0.009435257920390731
0.014005440483207898
0.017664929381207242
0.023599510998395194
0.02878252970961208
0.0378495014635225
0.0456279146427168
0.058447395594164425
0.06894367503764563
0.08616039428018972
0.10053027041392221
0.12464329832073212
0.14504025783837968
0.17929111006366277
0.20804833331290604
0.25577254436452873
0.29535932841473767
0.32315834827482276
0.36025674618618747
0.4134103191975736
0.45038364463002484
0.49926627789183164
0.5683841284476228
0.6158170608659879
0.6777140583912306
0.7636753205443739
0.8216347016778563
0.8960591237086464
0.9972475326580225
1.0641390296236948
1.1485449349254813
1.2608055218450611
1.3335347672539308
1.4237535563454842
1.5412401487705338
1.7070045901180027
1.8232276863997532
1.9827277274713329
2.0915132281272846
2.236514056808325
2.332400182049628
2.456431221310446
2.5360058069265192
2.6359773476133133
2.698451599976104
2.775153630850281
2.822144249118338
2.879014588768569
2.913390703308895
2.954587878380376
2.9793497217622127
3.008884835125326
3.02654945847527
3.0475484048120696
3.074989525179632
3.0838834261760564
3.0944448818784096
3.1082278965562535
3.112690554833263
3.1179870393585793
3.1248943638936066
3.129781874178167
3.133239516137582
3.141592653589793