21
28
3.912023005428146
21.79792549114043
118
0.
0.00016276041666666666
0.0003255208333333333
0.0006510416666666666
0.0013020833333333333
0.0026041666666666665
0.00390625
0.005208333333333333
0.010416666666666666
0.015625
0.020833333333333332
0.03125
0.041666666666666664
0.0625
0.08333333333333333
0.125
0.16666666666666666
0.25
0.3333333333333333
0.41666666666666663
0.5
0.5416666666666666
0.5625
0.5833333333333333
0.6041666666666666
0.6145833333333333
0.6197916666666666
0.625
0.6302083333333333
0.6328125
0.6341145833333333
0.6354166666666666
0.6360677083333333
0.63671875
0.6368815104166666
0.6370442708333333
0.63720703125
0.6372884114583333
0.6373697916666666
0.63739013671875
0.6374104817708333
0.6374308268229166
0.6374409993489583
0.637451171875
0.6374562581380208
0.6374613444010416
0.637463887532552
0.6374664306640625
0.6374677022298176
0.6374689737955729
0.6374715169270833
0.6374766031901041
0.637481689453125
0.6374867757161458
0.6374918619791666
0.63751220703125
0.6375325520833333
0.6375732421875
0.6376139322916666
0.6376546223958333
0.6376953125
0.6378580729166666
0.6380208333333333
0.6383463541666666
0.638671875
0.6393229166666666
0.6399739583333333
0.640625
0.6432291666666666
0.6458333333333333
0.6510416666666666
0.65625
0.6666666666666666
0.6875
0.7083333333333333
0.75
0.8333333333333333
0.875
0.8958333333333333
0.9166666666666666
0.9270833333333333
0.9322916666666666
0.9375
0.9401041666666666
0.9427083333333333
0.9440104166666666
0.9453125
0.9459635416666666
0.9466145833333333
0.9469401041666666
0.947265625
0.9475911458333333
0.9479166666666666
0.9485677083333333
0.94921875
0.9498697916666666
0.9505208333333333
0.953125
0.9557291666666666
0.9583333333333333
0.9635416666666666
0.96875
0.9791666666666666
0.984375
0.9895833333333333
0.9921875
0.9947916666666666
0.99609375
0.9973958333333333
0.9986979166666666
0.9990234375
0.9993489583333333
0.9996744791666666
0.9998372395833333
0.9999186197916666
0.9999593098958333
0.9999796549479166
1.
0.
0.009217488614405685
0.013036455337780754
0.018439035323311627
0.0260844122871113
0.03691072361461176
0.0452329386249938
0.05226143474997281
0.07408477374567483
0.09095228258897599
0.10527584453868001
0.12956453297848317
0.15034703200670993
0.18599665380340233
0.21699933124742335
0.271553560001771
0.32080184738990813
0.41311742664040885
0.5053695089944237
0.6048807809919814
0.7213746778920269
0.7924152699996103
0.8339270357435691
0.8821890295600285
0.9424561489581473
0.9812945961400641
1.004840073879979
1.03314738955654
1.0702982498359128
1.095786152634999
1.112178552778891
1.1334645320662824
1.1476734899747156
1.1672890656300077
1.1739076631104757
1.1818909680787808
1.1922948788017464
1.1992497544600125
1.2088278468581954
1.2120402725806285
1.215887875143657
1.220825628292417
1.2240435706164996
1.2282760698397903
1.2311408485604023
1.2351616545057902
1.238222302970396
1.2440933498704756
1.2549174127017626
1.2597924463942825
1.2641386216070476
1.2688905333176572
1.272035763120963
1.2744822536911513
1.2765218169975103
1.2825879921951253
1.2869804979614237
1.2935350415798794
1.2985524702792879
1.3027048738624523
1.3062900925131407
1.3174073990405595
1.325735313192356
1.3384198893612227
1.3482712316493726
1.363628662595
1.3757501517524338
1.3859565014171673
1.416799903767573
1.4395684854909563
1.4742526239508087
1.501440486930838
1.5446462029918837
1.6101765632001643
1.6628555670721719
1.751947460865228
1.9145564207752785
2.006129839512747
2.0611455994664367
2.130489865856382
2.1766987805973113
2.205898269129573
2.2430905092205218
2.2672534822748664
2.2990460000258315
2.32059224930144
2.3507519495074445
2.373229527975497
2.410318949843385
2.4439466553325317
2.4839629396064895
2.511584945167671
2.530776725369819
2.557932542315213
2.5779359105129425
2.5942142060684836
2.6081723174740885
2.6515691522712888
2.684832078855947
2.712994232523279
2.761155585076001
2.803592500732952
2.882689866776931
2.9231497253168532
2.9673618372611634
2.992336769331859
3.0209864407151006
3.037669733332249
3.0571570328833326
3.082175318505184
3.090197633380672
3.0996794331627204
3.1119895212507185
3.1206742266595717
3.1268081456928227
3.1311419474468005
3.134204645703181
3.141592653589793
3.9799879643985383
21.304196775215456
111
0.
0.00016276041666666666
0.0003255208333333333
0.0006510416666666666
0.0013020833333333333
0.0026041666666666665
0.00390625
0.005208333333333333
0.010416666666666666
0.015625
0.020833333333333332
0.03125
0.041666666666666664
0.0625
0.08333333333333333
0.125
0.16666666666666666
0.25
0.3333333333333333
0.41666666666666663
0.5
0.5416666666666666
0.5625
0.5833333333333333
0.6041666666666666
0.6145833333333333
0.6197916666666666
0.625
0.6276041666666666
0.62890625
0.6295572916666666
0.6302083333333333
0.630859375
0.6310221354166666
0.6311848958333333
0.63134765625
0.6313883463541666
0.6314290364583333
0.6314697265625
0.6314900716145833
0.6315104166666666
0.6315205891927083
0.6315256754557291
0.63153076171875
0.6315333048502604
0.6315358479817708
0.6315383911132812
0.6315409342447916
0.6315460205078125
0.6315511067708333
0.631561279296875
0.6315714518229166
0.631591796875
0.6316324869791666
0.6316731770833333
0.6317545572916666
0.6318359375
0.6319986979166666
0.6321614583333333
0.6324869791666666
0.6328125
0.6334635416666666
0.6341145833333333
0.6354166666666666
0.6380208333333333
0.640625
0.6458333333333333
0.65625
0.6666666666666666
0.6875
0.7083333333333333
0.75
0.8333333333333333
0.8541666666666666
0.875
0.8958333333333333
0.90625
0.9166666666666666
0.921875
0.9270833333333333
0.9322916666666666
0.93359375
0.9348958333333333
0.9361979166666666
0.9375
0.9381510416666666
0.9388020833333333
0.939453125
0.9401041666666666
0.94140625
0.9427083333333333
0.9453125
0.9479166666666666
0.953125
0.9583333333333333
0.96875
0.9791666666666666
0.984375
0.9895833333333333
0.9921875
0.9947916666666666
0.99609375
0.9973958333333333
0.9986979166666666
0.9990234375
0.9993489583333333
0.9996744791666666
0.9998372395833333
0.9999186197916666
0.9999593098958333
1.
0.
0.008962743306698218
0.012676200156584777
0.017929575046821005
0.02536397053861713
0.0358919188635261
0.043985272624975584
0.05082087392117797
0.07204825039344329
0.08845911511007053
0.1023983163991352
0.12604412114453412
0.14628730519173014
0.1810407429220326
0.21130126134268531
0.2646599679026099
0.3129869211439212
0.40413969327293325
0.4962311420271329
0.5969840211471378
0.7169511484763961
0.7912498409156006
0.8351910029509703
0.8870306042664268
0.953836597276794
0.9993867997896372
1.028944391096191
1.0684417498997656
1.096493262684775
1.115374063514991
1.127214552514073
1.1419854398784823
1.1628094914785674
1.1700464444834076
1.179035498413407
1.1915240885466154
1.195764248983786
1.200900505751789
1.207639984004018
1.2121860358594212
1.2185257304312864
1.223280750390307
1.2266612123212313
1.2318427309443611
1.2365002045806464
1.24594507383203
1.2525823203153863
1.2561490492465905
1.2606623614654462
1.2637863996139167
1.2683089402464212
1.2716952205909426
1.2768332450895277
1.2841005754989572
1.289485301458377
1.2976197438730506
1.3038948520152955
1.3136204130260596
1.3212528659459302
1.3332237149226627
1.3427023195578123
1.3576687677279038
1.3695852040345677
1.3884959649988649
1.4164716431100177
1.4379133217465268
1.4712909993517078
1.5203966978806387
1.558450283624512
1.619339789333642
1.6699364262422218
1.757482314125521
1.9218119100343594
1.967168968007743
2.0176486551374566
2.0774778480169283
2.1137711031123607
2.1581168356111133
2.1855463050260027
2.219405080746937
2.2662799837190106
2.282165421708497
2.3013500693075724
2.326226238202871
2.363691731001526
2.3945444734036214
2.443365373250184
2.49016938965631
2.5205597235287294
2.559993767162783
2.587648607869745
2.6285675468641876
2.6602681738222618
2.710965173648048
2.7531829471536042
2.8269635868113125
2.897428891062062
2.9346732233226693
2.975958615476686
2.999480287928187
3.0265944339956627
3.0424345422737797
3.060977003991417
3.084827669483871
3.0924842403206214
3.101538059797379
3.1132981410504685
3.1215970883026443
3.127459476545804
3.1316018945393425
3.141592653589793
4.04795292336893
20.82858510216555
99
0.
0.00016276041666666666
0.0003255208333333333
0.0006510416666666666
0.0013020833333333333
0.001953125
0.0026041666666666665
0.005208333333333333
0.0078125
0.010416666666666666
0.020833333333333332
0.03125
0.041666666666666664
0.0625
0.08333333333333333
0.125
0.16666666666666666
0.25
0.3333333333333333
0.41666666666666663
0.5
0.5416666666666666
0.5625
0.5833333333333333
0.59375
0.6041666666666666
0.6145833333333333
0.6197916666666666
0.62109375
0.6223958333333333
0.6236979166666666
0.625
0.6256510416666666
0.6263020833333333
0.6266276041666666
0.626953125
0.6270345052083333
0.6271158854166666
0.627197265625
0.6272786458333333
0.6273193359375
0.6273396809895833
0.6273600260416666
0.62744140625
0.6275227864583333
0.6276041666666666
0.6279296875
0.6282552083333333
0.62890625
0.6295572916666666
0.6302083333333333
0.6328125
0.6354166666666666
0.640625
0.6458333333333333
0.65625
0.6666666666666666
0.6875
0.7083333333333333
0.75
0.7916666666666666
0.8333333333333333
0.8541666666666666
0.875
0.8958333333333333
0.90625
0.9114583333333333
0.9166666666666666
0.921875
0.9244791666666666
0.92578125
0.9270833333333333
0.9283854166666666
0.9290364583333333
0.9296875
0.9303385416666666
0.9309895833333333
0.9322916666666666
0.9348958333333333
0.9375
0.9427083333333333
0.9479166666666666
0.9583333333333333
0.96875
0.9791666666666666
0.984375
0.9895833333333333
0.9921875
0.9947916666666666
0.99609375
0.9973958333333333
0.9986979166666666
0.9990234375
0.9993489583333333
0.9996744791666666
0.9998372395833333
0.9999186197916666
0.9999593098958333
1.
0.
0.00869399949344116
0.012296127395150234
0.017392048432907023
0.024603727047060604
0.030142671085599745
0.03481659932538171
0.04929960242466803
0.06045511104529772
0.06989535342160551
0.09934975886531958
0.12230610442298033
0.14196657139020227
0.17574041942180688
0.20517518439620352
0.2571612072835873
0.30436938888936993
0.39388847269509175
0.4852527050643209
0.5866501397336219
0.709559204731889
0.7868317157273956
0.8330085345383377
0.8881652684956177
0.9213990676219322
0.9613250111597027
1.014286649107088
1.0518831236586976
1.063776137894707
1.0773966372770225
1.0936077892015181
1.1142738982377
1.1276762212388753
1.1452571442285684
1.1571500258163285
1.1738940873055135
1.1796707934775872
1.1867638185753187
1.1962904907408203
1.2124631971511404
1.2310982522613112
1.244662964807741
1.2538793830893649
1.2720549904970153
1.2820553273517337
1.2893536391825626
1.3085532043106785
1.3213329756505265
1.3396344303391883
1.3533202006497056
1.36453360620971
1.3974353199868017
1.4211871161232665
1.4569282132884998
1.484731930343626
1.5287117248333084
1.5643367787695652
1.6229790981076035
1.6726879901872906
1.7600823679501696
1.8423438925245637
1.9283542870120105
1.9761905157561201
2.030710990959497
2.0983094743898163
2.1421830486240756
2.169094639960727
2.201930956711045
2.2461618996118786
2.2775080241148897
2.2981636753304326
2.3254362330894134
2.3672581720512
2.399843130209326
2.4397328313486
2.474003573016195
2.4995356614018633
2.535818599880086
2.5836766923126904
2.618110434497711
2.670517151459221
2.7124868368653248
2.782942655515619
2.8464359734206393
2.910373053803801
2.9449625774299535
2.9837344946476114
3.0059754014196365
3.031717830944952
3.0467979980098696
3.064481495025752
3.0872675475375093
3.0945881147327516
3.1032482973038897
3.1145097634194525
3.1224574165128747
3.128069600894844
3.1320342038191398
3.141592653589793
4.115917882339323
20.364777758701614
96
0.
0.00016276041666666666
0.0003255208333333333
0.0006510416666666666
0.0013020833333333333
0.001953125
0.0026041666666666665
0.005208333333333333
0.0078125
0.010416666666666666
0.020833333333333332
0.03125
0.041666666666666664
0.0625
0.08333333333333333
0.125
0.16666666666666666
0.25
0.3333333333333333
0.41666666666666663
0.5
0.5416666666666666
0.5625
0.5833333333333333
0.59375
0.6041666666666666
0.609375
0.6145833333333333
0.6171875
0.6197916666666666
0.62109375
0.6223958333333333
0.623046875
0.6236979166666666
0.6240234375
0.6243489583333333
0.62451171875
0.6246744791666666
0.624755859375
0.6248372395833333
0.6249186197916666
0.625
0.6253255208333333
0.62548828125
0.6256510416666666
0.6263020833333333
0.6276041666666666
0.62890625
0.6302083333333333
0.6328125
0.6354166666666666
0.640625
0.6458333333333333
0.65625
0.6666666666666666
0.6875
0.7083333333333333
0.75
0.7916666666666666
0.8333333333333333
0.8541666666666666
0.875
0.8854166666666666
0.8958333333333333
0.9010416666666666
0.90625
0.9114583333333333
0.9140625
0.9166666666666666
0.91796875
0.9192708333333333
0.9205729166666666
0.9212239583333333
0.921875
0.9244791666666666
0.9270833333333333
0.9322916666666666
0.9375
0.9479166666666666
0.9583333333333333
0.96875
0.9791666666666666
0.984375
0.9895833333333333
0.9921875
0.9947916666666666
0.99609375
0.9973958333333333
0.9986979166666666
0.9990234375
0.9993489583333333
0.9996744791666666
0.9998372395833333
0.9999186197916666
0.9999593098958333
1.
0.
0.008418570656878727
0.011906592630245327
0.01684111200303302
0.02382443639567787
0.029188040333276766
0.03371407972594789
0.04773924302488293
0.058542644469016046
0.06768539276370705
0.09621518431505614
0.11845590000286997
0.1375081619951835
0.17025036647268493
0.19880371092287058
0.24928964030619255
0.2952247052376245
0.3826985299350854
0.4727652603629628
0.5741064423956062
0.6992241143183092
0.7790284039714398
0.82710757875673
0.8850387525529898
0.9203577623078126
0.963513551270496
0.9902042728481997
1.0232567032688618
1.0439632859106698
1.0699245677521645
1.0864001000775294
1.1073498125842125
1.1208689758313575
1.138425381256168
1.150073981614781
1.165805014586327
1.1768422312506694
1.1930433900415212
1.205712420719235
1.2247160840768914
1.2445102024778874
1.2578483717799758
1.2857277007805106
1.2943716981085878
1.3015264332801353
1.322565633960111
1.3497363449534805
1.369013648971447
1.3844628817721107
1.4091165059233823
1.4289519565414368
1.4608120388562278
1.4866779438148563
1.5287666173730536
1.5635376590262555
1.6215973921135813
1.6713698317981833
1.7598391364153103
1.8442838859541513
1.9343492727826368
1.9857342491202075
2.0462760942183813
2.082782133859912
2.1270710430016435
2.1542071378825853
2.187266901439381
2.231613889561077
2.2627449718887065
2.309042369840392
2.346431880802036
2.4046299956912582
2.462524214701518
2.483558710509707
2.5009098274470136
2.550817290107988
2.5859273697178065
2.6383052170445853
2.6794706760354976
2.7470589105218854
2.8060015816361927
2.8625645422459822
2.921496052251514
2.953917676772995
2.9905723574432734
3.011712782334203
3.0362621403668215
3.0506754580725044
3.06760150167264
3.089441974188734
3.0964646345080924
3.1047755262812102
3.1155796140636145
3.123206059026188
3.1285949801996575
3.1324037146094366
3.141592653589793
4.217865320794911
19.68197954836365
89
0.
0.00016276041666666666
0.0003255208333333333
0.0006510416666666666
0.0013020833333333333
0.001953125
0.0026041666666666665
0.005208333333333333
0.0078125
0.010416666666666666
0.020833333333333332
0.03125
0.041666666666666664
0.0625
0.08333333333333333
0.125
0.16666666666666666
0.25
0.3333333333333333
0.41666666666666663
0.5
0.5416666666666666
0.5625
0.5833333333333333
0.59375
0.6041666666666666
0.609375
0.6145833333333333
0.6171875
0.6197916666666666
0.62109375
0.6223958333333333
0.623046875
0.6236979166666666
0.6240234375
0.6243489583333333
0.6246744791666666
0.625
0.6256510416666666
0.6263020833333333
0.626953125
0.6276041666666666
0.6302083333333333
0.6328125
0.6354166666666666
0.640625
0.6458333333333333
0.65625
0.6666666666666666
0.6875
0.7083333333333333
0.75
0.7916666666666666
0.8333333333333333
0.8541666666666666
0.8645833333333333
0.875
0.8854166666666666
0.890625
0.8958333333333333
0.8984375
0.9010416666666666
0.90234375
0.9036458333333333
0.9049479166666666
0.90625
0.9088541666666666
0.9114583333333333
0.9140625
0.9166666666666666
0.9270833333333333
0.9375
0.9583333333333333
0.96875
0.9791666666666666
0.984375
0.9895833333333333
0.9921875
0.9947916666666666
0.9973958333333333
0.998046875
0.9986979166666666
0.9993489583333333
0.99951171875
0.9996744791666666
0.9998372395833333
0.9999186197916666
0.9999593098958333
1.
0.
0.00800518335900028
0.011321935942031063
0.016014173099227532
0.022654635119714422
0.02775494060993834
0.032058811049597465
0.04539571294832335
0.05566922587767504
0.06436373367696321
0.09149663341346609
0.1126510425430512
0.13077535541411403
0.1619307199137236
0.1891118326231639
0.2372126981571621
0.2810494265952493
0.3648702005728778
0.4520296632391823
0.5518764738612838
0.6785641348480324
0.7610647863368029
0.8111568503347623
0.8717815255113847
0.9089088609271023
0.9545696927452955
0.9830913258926381
1.0189479241621713
1.041912694859989
1.071657540820478
1.0914488165528413
1.1184865477951458
1.1379257801080698
1.1679151154523
1.1928486591503629
1.2261940644964047
1.2525691152306535
1.2703640931652382
1.2942956358416042
1.3111694099736726
1.3245186414680317
1.3357303324897674
1.369335342227459
1.3938814924444094
1.413837682580311
1.4461104748026214
1.4724327193879088
1.5154103235494578
1.551022520052714
1.6106981792635104
1.662105633649666
1.7543041491643967
1.8439147519750494
1.9428588568106522
2.0023550763179667
2.037340412326112
2.078501742930632
2.1309774350118036
2.1655650929703354
2.2125876275232654
2.246268785017245
2.2976677330891344
2.3388882917839604
2.392654003264164
2.438611680912944
2.4715550560364004
2.517377193578651
2.5506019925938146
2.5775027818267278
2.600584666844416
2.673291425337688
2.731136255003586
2.831944199918025
2.881611283462383
2.935042470031425
2.964949553073466
2.9990773034143348
3.0188795409251012
3.041960325629908
3.071528709702714
3.080997651257922
3.0921849963785157
3.106702242277598
3.111386680724793
3.116939168750612
3.1241688237189362
3.129276544048042
3.1328860450208484
3.141592653589793
4.319812759250499
19.007432379302113
80
0.
0.00016276041666666666
0.0003255208333333333
0.0006510416666666666
0.0013020833333333333
0.0026041666666666665
0.005208333333333333
0.0078125
0.010416666666666666
0.020833333333333332
0.03125
0.041666666666666664
0.0625
0.08333333333333333
0.125
0.16666666666666666
0.25
0.3333333333333333
0.41666666666666663
0.5
0.5416666666666666
0.5625
0.5833333333333333
0.59375
0.6041666666666666
0.609375
0.6145833333333333
0.6197916666666666
0.62109375
0.6223958333333333
0.625
0.6263020833333333
0.6276041666666666
0.62890625
0.6302083333333333
0.6328125
0.6354166666666666
0.640625
0.6458333333333333
0.65625
0.6666666666666666
0.6875
0.7083333333333333
0.75
0.7916666666666666
0.8125
0.8333333333333333
0.8541666666666666
0.8645833333333333
0.8697916666666666
0.875
0.8802083333333333
0.8828125
0.8854166666666666
0.88671875
0.8880208333333333
0.890625
0.8932291666666666
0.8958333333333333
0.9010416666666666
0.90625
0.9166666666666666
0.9375
0.9583333333333333
0.96875
0.9791666666666666
0.984375
0.9895833333333333
0.9921875
0.9947916666666666
0.9973958333333333
0.998046875
0.9986979166666666
0.9993489583333333
0.99951171875
0.9996744791666666
0.9998372395833333
0.9999186197916666
0.9999593098958333
1.
0.
0.0076032596063289005
0.010753477474510838
0.015210112966499904
0.021517123241171283
0.030449019759146278
0.04311594040962785
0.0528731679270434
0.06113060786900192
0.08689838166183013
0.10698713735428629
0.12419745485445668
0.15377989950558082
0.17958761266989465
0.22526092744846596
0.26690056793070666
0.3466488316662199
0.4300266621950482
0.5267886922209006
0.6526445654522621
0.7362848172612965
0.7872776685373772
0.8487086845610565
0.8859327797586173
0.9309527565624284
0.9584018168017701
0.9917193723264227
1.0364285850549861
1.0510606683857322
1.068242222608369
1.1181387564275775
1.1642864124668388
1.2325075098889124
1.2763204765094511
1.3038663841846565
1.3410244308723136
1.3677093856942486
1.4074623620926088
1.438111473713914
1.4862942284042073
1.5252154552485322
1.5894055082393304
1.6442458043780754
1.7426725632397817
1.8398136404303282
1.892482351558215
1.9518424787669388
2.024997966605091
2.0725652811602098
2.101932126360637
2.1381415616499106
2.1880533816979484
2.2246798539630546
2.2826950824412
2.3288239592168374
2.3797004040317233
2.447852833840903
2.489798212125234
2.5210188480234814
2.568566497457004
2.6059845192773645
2.6663930214331186
2.76312535637444
2.8505910752751857
2.8957961778910204
2.9453839485783333
2.973453785215065
3.0056888521930136
3.0244716711241098
3.0464229273261
3.074614833966634
3.0836553426317073
3.0943413856775224
3.108220042054965
3.1126991651523084
3.1180078722319906
3.1249216653375296
3.129807465484368
3.1332607559162033
3.141592653589793
4.455742677191283
18.11307944369226
75
0.
0.00016276041666666666
0.0003255208333333333
0.0006510416666666666
0.0013020833333333333
0.0026041666666666665
0.005208333333333333
0.0078125
0.010416666666666666
0.020833333333333332
0.03125
0.041666666666666664
0.0625
0.08333333333333333
0.125
0.16666666666666666
0.25
0.3333333333333333
0.41666666666666663
0.5
0.5416666666666666
0.5625
0.5833333333333333
0.6041666666666666
0.6145833333333333
0.6197916666666666
0.625
0.6302083333333333
0.6328125
0.6354166666666666
0.6380208333333333
0.640625
0.6458333333333333
0.6510416666666666
0.65625
0.6666666666666666
0.6875
0.7083333333333333
0.75
0.7916666666666666
0.8125
0.8333333333333333
0.84375
0.8489583333333333
0.8541666666666666
0.859375
0.8619791666666666
0.8645833333333333
0.8658854166666666
0.8671875
0.8684895833333333
0.8697916666666666
0.8723958333333333
0.875
0.8802083333333333
0.8854166666666666
0.8958333333333333
0.9166666666666666
0.9375
0.9583333333333333
0.96875
0.9791666666666666
0.984375
0.9895833333333333
0.9921875
0.9947916666666666
0.9973958333333333
0.998046875
0.9986979166666666
0.9993489583333333
0.9996744791666666
0.9998372395833333
0.9999186197916666
0.9999593098958333
1.
0.
0.007099206165724449
0.01004056958631466
0.014201710734404781
0.020090475742261533
0.028429850739967292
0.04025593114946261
0.04936485398572103
0.05707314575516412
0.08112356389968428
0.09986858755420262
0.11592358461293166
0.1435097306195646
0.16756381792953273
0.2101036104036335
0.24885379402667623
0.32301675225582177
0.40065856776164666
0.4915094790448818
0.6125775513572189
0.6951522356939637
0.7457454635254147
0.8059902644090096
0.8830837538327513
0.9345478981085648
0.9670670324880342
1.0085077818453934
1.070246274076177
1.1212038401632345
1.1960549135568412
1.2574700649831547
1.2973234623328114
1.3503380470745905
1.388110090809083
1.418536520468453
1.4677261386151963
1.5438156009123003
1.606480149119519
1.717402458600862
1.828580969537824
1.8914827361384405
1.9675103366616322
2.0160340607233436
2.045565735142999
2.0814161822799644
2.129451060589207
2.163275749111565
2.213900392850193
2.2543700911237265
2.3107201172630796
2.360904743230992
2.395565762657308
2.442038150528476
2.47489485586329
2.5233709367715913
2.5606639048764372
2.619709830368243
2.7113896406979117
2.790171701606323
2.8676361691654213
2.9090609999731885
2.955220023593794
2.981598664578852
3.012059810261792
3.0298753078596037
3.0507463963635146
3.0776110928593354
3.086238685441293
3.096440226383449
3.1096959033723506
3.119049225220935
3.125655951319651
3.1303256040101557
3.13362659606104
3.141592653589793
4.591672595132067
17.21638243585776
79
0.
0.0003255208333333333
0.0006510416666666666
0.0013020833333333333
0.0026041666666666665
0.005208333333333333
0.0078125
0.010416666666666666
0.020833333333333332
0.03125
0.041666666666666664
0.0625
0.08333333333333333
0.125
0.16666666666666666
0.25
0.3333333333333333
0.41666666666666663
0.5
0.5416666666666666
0.5833333333333333
0.6041666666666666
0.6145833333333333
0.625
0.6302083333333333
0.6354166666666666
0.640625
0.6432291666666666
0.6458333333333333
0.6484375
0.6510416666666666
0.65625
0.6614583333333333
0.6666666666666666
0.6770833333333333
0.6875
0.7083333333333333
0.75
0.7708333333333333
0.7916666666666666
0.8125
0.8229166666666666
0.8333333333333333
0.8385416666666666
0.8411458333333333
0.84375
0.8463541666666666
0.84765625
0.8489583333333333
0.849609375
0.8502604166666666
0.8509114583333333
0.8515625
0.8528645833333333
0.8541666666666666
0.8567708333333333
0.859375
0.8645833333333333
0.875
0.8854166666666666
0.8958333333333333
0.9166666666666666
0.9375
0.9583333333333333
0.96875
0.9791666666666666
0.984375
0.9895833333333333
0.9921875
0.9947916666666666
0.9973958333333333
0.998046875
0.9986979166666666
0.9993489583333333
0.9996744791666666
0.9998372395833333
0.9999186197916666
0.9999593098958333
1.
0.
0.009390853093001016
0.013282682801146648
0.01879024912576206
0.02658956453855735
0.037649127804007906
0.04616696847702187
0.05337447678531214
0.0758580485543594
0.09337604977048783
0.10837507781529852
0.13413373812777046
0.15657839787753078
0.19622821526542542
0.23228930503518672
0.3011364244234946
0.3729971257619243
0.457053703026722
0.5702770443510811
0.6490802763801417
0.7552492031071216
0.8260742718122499
0.8698586861005085
0.9241283593563068
0.9582485229067227
1.0010659205872356
1.0606435536487424
1.101640146689209
1.1506910019961278
1.1991400546108792
1.2392143336187362
1.2978492357589728
1.3404726192562975
1.3747236330337678
1.4297804522800852
1.4749350603573383
1.550629010141653
1.679633974913432
1.742595812088026
1.8096715914796724
1.8872530319489709
1.9343774024625522
1.9936089927587406
2.0324700992697013
2.056475507682937
2.0859677898570657
2.126094102822121
2.1547724956627183
2.197969848590107
2.2311718933076827
2.2719676396689663
2.3069589618792965
2.332591107649609
2.3682461294087234
2.393714895320757
2.4310532501414372
2.4593302980310594
2.502947906112862
2.5668829174142385
2.6168305351323755
2.6598585835506494
2.7356209852393607
2.806038466277826
2.878024880649867
2.917234943021636
2.961328171109848
2.9866707538176476
3.0160361357500802
3.03325231581447
3.0534495289448143
3.0794858434906667
3.0878541611798505
3.097753357379997
3.110620541860493
3.119701427332624
3.1261166979755006
3.1306512194438247
3.133856750219263
3.141592653589793
4.727602513072852
16.31033421853963
79
0.
0.0003255208333333333
0.0006510416666666666
0.0013020833333333333
0.0026041666666666665
0.005208333333333333
0.0078125
0.010416666666666666
0.020833333333333332
0.03125
0.041666666666666664
0.0625
0.08333333333333333
0.125
0.16666666666666666
0.25
0.3333333333333333
0.41666666666666663
0.5
0.5416666666666666
0.5833333333333333
0.6041666666666666
0.625
0.6354166666666666
0.6458333333333333
0.6510416666666666
0.65625
0.6614583333333333
0.6666666666666666
0.6770833333333333
0.6875
0.7083333333333333
0.7291666666666666
0.75
0.7708333333333333
0.7916666666666666
0.8020833333333333
0.8125
0.8229166666666666
0.828125
0.8307291666666666
0.8333333333333333
0.8346354166666666
0.8359375
0.8365885416666666
0.8372395833333333
0.8375651041666666
0.837890625
0.8382161458333333
0.8385416666666666
0.8391927083333333
0.83984375
0.8404947916666666
0.8411458333333333
0.84375
0.8463541666666666
0.8489583333333333
0.8541666666666666
0.8645833333333333
0.875
0.8958333333333333
0.9166666666666666
0.9375
0.9583333333333333
0.96875
0.9791666666666666
0.984375
0.9895833333333333
0.9921875
0.9947916666666666
0.9973958333333333
0.998046875
0.9986979166666666
0.9993489583333333
0.9996744791666666
0.9998372395833333
0.9999186197916666
0.9999593098958333
1.
0.
0.008805101203379693
0.01245413879545722
0.0176180421245623
0.024930500947623946
0.03529913338235601
0.04328422776215456
0.050040439664984525
0.07111235629290187
0.08752532516186969
0.10157368425193682
0.12568790974640012
0.14668504345293384
0.18373653547183752
0.2173786617548378
0.28142157777299615
0.3479568067900641
0.42539290371543614
0.5296093231226479
0.6028377494701985
0.7022311369236304
0.7670989314100227
0.8498275017256459
0.9038724429005031
0.9763693696648541
1.0259698722784876
1.089576886213387
1.161032294798763
1.2231248121605927
1.312044754876902
1.3758657267568524
1.4730228097741627
1.5530290329479786
1.6268478572725862
1.7004736349873066
1.77991466316022
1.8248334641005726
1.8766238019213957
1.9420893902228176
1.9860005641079266
2.0140382409953226
2.050429563271814
2.0748277911724355
2.1087257597247953
2.1338782617394623
2.1750336841757263
2.2097759758517856
2.246298174537787
2.2717354693530423
2.289825709929476
2.3155443365129447
2.3343625845669522
2.3495235152907203
2.3623876975685616
2.401453639088061
2.430318616196184
2.453937013902256
2.4923914138582526
2.5514577955721993
2.598801886050445
2.67749550865567
2.746618039414531
2.813135118977911
2.8825085499706304
2.920682452475736
2.9638385684736908
2.9887266495410234
3.017624785486499
3.034590748664855
3.0545129931123944
3.080217914186914
3.088483253570477
3.0982637561317543
3.1109793448568843
3.1199542452678437
3.1262958878688574
3.130778154488686
3.133946621001354
3.141592653589793
4.8635324310136365
15.397684979000989
83
0.
0.0003255208333333333
0.0006510416666666666
0.0013020833333333333
0.0026041666666666665
0.00390625
0.005208333333333333
0.010416666666666666
0.015625
0.020833333333333332
0.041666666666666664
0.0625
0.08333333333333333
0.125
0.16666666666666666
0.25
0.3333333333333333
0.41666666666666663
0.5
0.5416666666666666
0.5833333333333333
0.6041666666666666
0.625
0.6458333333333333
0.65625
0.6666666666666666
0.6770833333333333
0.6875
0.7083333333333333
0.7291666666666666
0.75
0.7708333333333333
0.7916666666666666
0.8020833333333333
0.8125
0.8177083333333333
0.8229166666666666
0.82421875
0.8255208333333333
0.8268229166666666
0.828125
0.8287760416666666
0.8294270833333333
0.8297526041666666
0.830078125
0.8302408854166666
0.8304036458333333
0.8304850260416666
0.83056640625
0.8307291666666666
0.8308919270833333
0.8310546875
0.8313802083333333
0.83203125
0.8333333333333333
0.8346354166666666
0.8359375
0.8372395833333333
0.8385416666666666
0.84375
0.8489583333333333
0.8541666666666666
0.8645833333333333
0.875
0.8958333333333333
0.9166666666666666
0.9375
0.9583333333333333
0.96875
0.9791666666666666
0.984375
0.9895833333333333
0.9921875
0.9947916666666666
0.9973958333333333
0.998046875
0.9986979166666666
0.9993489583333333
0.9996744791666666
0.9998372395833333
0.9999186197916666
0.9999593098958333
1.
0.
0.00827497855363656
0.011704291843519404
0.016557198225976642
0.02342910671559637
0.028711488455464177
0.033172628834808815
0.04702397362626436
0.05772943491686265
0.06682010721159486
0.09542625668222468
0.11805942000819543
0.13775540198039862
0.1724778573752908
0.20395977406238114
0.26373171552224295
0.32553962568295336
0.39700875226964377
0.4924899634706697
0.5595153740496429
0.6508856760661019
0.7100156575804867
0.7824169875468626
0.878340842828635
0.9445154999878083
1.034698627189468
1.1445836470118924
1.2382584384738806
1.3696139912282306
1.468639369273571
1.556226515292587
1.6419116314369355
1.7343006633092346
1.7874865062185927
1.8511540366848644
1.8906770117347147
1.9412087630477988
1.9570244300745765
1.975063620012655
1.9964575060499992
2.0236645343108424
2.0413092438858875
2.064517107608867
2.0802980090460816
2.1026919351960003
2.120015541092073
2.1522907604660118
2.1834459598157476
2.2065879498349745
2.2308280770886557
2.2457173489297007
2.2568822803914093
2.2737824340075474
2.297593087535536
2.3295379048875287
2.3526482291761877
2.371339941012193
2.3873031944805123
2.401389463744511
2.446582459923152
2.4818228910202387
2.5116158483235975
2.5618038264842373
2.604627031286506
2.6788995401757174
2.746070578697763
2.811716674772589
2.880839885157187
2.9190692879801508
2.962405038015235
2.987440441805599
3.0165406855526076
3.033638046511501
3.053724218498749
3.079653096605803
3.0879932080350905
3.0978619946848562
3.1106939314501987
3.1197521636234264
3.126152111293249
3.1306760286721538
3.133874177273271
3.141592653589793
4.99946234895442
14.494309466461845
104
0.
0.0003255208333333333
0.0006510416666666666
0.0013020833333333333
0.0026041666666666665
0.005208333333333333
0.010416666666666666
0.015625
0.020833333333333332
0.041666666666666664
0.0625
0.08333333333333333
0.125
0.16666666666666666
0.25
0.3333333333333333
0.41666666666666663
0.5
0.5416666666666666
0.5833333333333333
0.625
0.6458333333333333
0.6666666666666666
0.6770833333333333
0.6875
0.6979166666666666
0.7083333333333333
0.7291666666666666
0.75
0.7708333333333333
0.7916666666666666
0.8020833333333333
0.8125
0.8177083333333333
0.8203125
0.8229166666666666
0.8255208333333333
0.826171875
0.8268229166666666
0.8274739583333333
0.8277994791666666
0.828125
0.8282063802083333
0.8282877604166666
0.828369140625
0.8284505208333333
0.8284912109375
0.8285319010416666
0.82855224609375
0.8285725911458333
0.828582763671875
0.8285929361979166
0.8286031087239583
0.8286056518554688
0.8286081949869791
0.8286094665527344
0.8286107381184895
0.8286113739013672
0.8286116917928059
0.8286120096842448
0.8286126454671223
0.82861328125
0.8286145528157551
0.8286158243815104
0.8286183675130208
0.8286234537760416
0.8286285400390625
0.8286336263020833
0.8286539713541666
0.8286946614583333
0.8287353515625
0.8287760416666666
0.8289388020833333
0.8291015625
0.8294270833333333
0.830078125
0.8307291666666666
0.83203125
0.8333333333333333
0.8359375
0.8385416666666666
0.84375
0.8541666666666666
0.8645833333333333
0.875
0.8958333333333333
0.9166666666666666
0.9375
0.9583333333333333
0.96875
0.9791666666666666
0.984375
0.9895833333333333
0.9921875
0.9947916666666666
0.9973958333333333
0.998046875
0.9986979166666666
0.9993489583333333
0.9996744791666666
0.9998372395833333
0.9999186197916666
0.9999593098958333
1.
0.
0.007789509143319885
0.011017616192055383
0.015585749164563527
0.02205430208251659
0.03122559072366364
0.04426251563273465
0.05433753612087128
0.06289200468894326
0.08980422035331333
0.11108780698620084
0.12960067226787028
0.16221234955660505
0.19174532090790822
0.2476912985971192
0.3053010235215447
0.37148557133786764
0.4590245030025065
0.5199884519470103
0.6029342676173438
0.7205948757959755
0.8003441993971735
0.909751561487354
0.9851443753371917
1.0748167498875518
1.162985449120419
1.2388920886307875
1.3618890474991632
1.4657768070269321
1.5642603292303798
1.6682916852936498
1.7277257402972488
1.7991741758465334
1.844280745296369
1.871494974841526
1.904308214845824
1.9481708786860799
1.9625901117175957
1.9796952046645402
2.001419648862281
2.0154672237148428
2.033868415440046
2.039687190302674
2.0463318061023617
2.0541869409352382
2.0640406328266936
2.070267699865664
2.078101815515873
2.0830681337694843
2.0893446551894
2.0933468898802774
2.0984417407156877
2.105967168175493
2.108764614581035
2.112511447866174
2.115122392272033
2.1190001183341463
2.122348364033641
2.125412909737001
2.132750554256451
2.1393604248510587
2.14222341630113
2.1458032815729036
2.14829077959309
2.151914547589975
2.156880204619471
2.160496194433814
2.1634177296035704
2.1718321890962007
2.1825365983300347
2.1900721373594267
2.19607856064893
2.2131708755337236
2.225174245527196
2.242823385416008
2.2672861007864142
2.2852883111753943
2.312484225595342
2.3335545654700365
2.366473254028626
2.392618349554963
2.434336910407129
2.4972931030263137
2.547176769435769
2.5902582904275104
2.665667488945563
2.734324791736093
2.801674040160725
2.872758513358472
2.912122783045602
2.956775573101544
2.9825834143523933
3.012589696086602
3.0302227173415797
3.050940701685193
3.0776881842953068
3.086291523092601
3.0964742542035784
3.1097129376675223
3.1190592616804946
3.1256635801960266
3.1303313155493293
3.133630793051769
3.141592653589793
5.135392266895204
13.61886103964966
84
0.
0.0003255208333333333
0.0006510416666666666
0.0013020833333333333
0.0026041666666666665
0.005208333333333333
0.010416666666666666
0.015625
0.020833333333333332
0.041666666666666664
0.0625
0.08333333333333333
0.125
0.16666666666666666
0.25
0.3333333333333333
0.41666666666666663
0.5
0.5833333333333333
0.6041666666666666
0.625
0.6458333333333333
0.6666666666666666
0.6875
0.7083333333333333
0.7291666666666666
0.75
0.7708333333333333
0.7916666666666666
0.8020833333333333
0.8125
0.8177083333333333
0.8229166666666666
0.8255208333333333
0.828125
0.8294270833333333
0.830078125
0.8304036458333333
0.8307291666666666
0.8308919270833333
0.8310546875
0.8312174479166666
0.831298828125
0.8313395182291666
0.8313802083333333
0.8314208984375
0.8314615885416666
0.8315022786458333
0.83154296875
0.8317057291666666
0.8318684895833333
0.83203125
0.8323567708333333
0.8326822916666666
0.8333333333333333
0.8346354166666666
0.8359375
0.8372395833333333
0.8385416666666666
0.84375
0.8489583333333333
0.8541666666666666
0.8645833333333333
0.875
0.8958333333333333
0.9166666666666666
0.9375
0.9583333333333333
0.96875
0.9791666666666666
0.984375
0.9895833333333333
0.9921875
0.9947916666666666
0.9973958333333333
0.998046875
0.9986979166666666
0.9993489583333333
0.99951171875
0.9996744791666666
0.9998372395833333
0.9999186197916666
0.9999593098958333
1.
0.
0.0073408325722678055
0.010382986786938907
0.014687944500326774
0.020783743806858747
0.029426304530002764
0.041710971622945896
0.051203903752289656
0.05926349782655386
0.08461392357772678
0.10465534167402368
0.12208121317388407
0.15275896238081257
0.18051351131306106
0.2329911750899314
0.28683129254380096
0.34830911048589136
0.42873953413533333
0.5588272534176416
0.6067834429876625
0.663809847455211
0.732464049579618
0.8192408927472901
0.9390350479210722
1.0931314480505627
1.2350458798178967
1.355710843651428
1.467133319879793
1.5809554625812428
1.6439300560782657
1.717049668791885
1.7611298109169473
1.8156637487859242
1.8505967102035892
1.896982062286694
1.9299135233754026
1.9521958869581646
1.9662773390745947
1.984036751647043
1.995342381281954
2.0097120544839404
2.030668743004601
2.0477968617607534
2.061261793845959
2.0830814110772464
2.1077273835047845
2.123055607340939
2.133407433770776
2.1413241809975156
2.162624627031249
2.1768568098960674
2.1879226772874847
2.2051106058475467
2.218606196280858
2.2397538367071665
2.270576072139936
2.2939075171599357
2.3131693741077206
2.329817205054155
2.381845560190711
2.4215474397540486
2.454768296033706
2.510289397365993
2.5573778118730766
2.638674656196336
2.711946143681454
2.783410682839618
2.858558949922718
2.900088686869059
2.947145395569275
2.974322658305527
3.0059068985382345
3.02446134133819
3.0462574586610134
3.0743908870765404
3.0834393510926916
3.0941473416993333
3.108069803412691
3.112566471464795
3.117897393356352
3.1248408069179416
3.129748412106136
3.133218025644785
3.141592653589793
5.271322184835989
12.780947339721521
70
0.
0.0006510416666666666
0.0013020833333333333
0.0026041666666666665
0.005208333333333333
0.010416666666666666
0.015625
0.020833333333333332
0.041666666666666664
0.0625
0.08333333333333333
0.125
0.16666666666666666
0.25
0.3333333333333333
0.41666666666666663
0.5
0.5833333333333333
0.625
0.6666666666666666
0.6875
0.7083333333333333
0.7291666666666666
0.75
0.7708333333333333
0.7916666666666666
0.8020833333333333
0.8125
0.8229166666666666
0.828125
0.8307291666666666
0.8333333333333333
0.8346354166666666
0.8359375
0.8365885416666666
0.8372395833333333
0.8375651041666666
0.837890625
0.8382161458333333
0.8385416666666666
0.8391927083333333
0.83984375
0.8404947916666666
0.8411458333333333
0.84375
0.8463541666666666
0.8489583333333333
0.8541666666666666
0.8645833333333333
0.875
0.8958333333333333
0.9166666666666666
0.9375
0.9583333333333333
0.96875
0.9791666666666666
0.984375
0.9895833333333333
0.9921875
0.9947916666666666
0.99609375
0.9973958333333333
0.9986979166666666
0.9990234375
0.9993489583333333
0.9996744791666666
0.9998372395833333
0.9999186197916666
0.9999593098958333
1.
0.
0.009793788159769948
0.013854421077573141
0.01960420114523022
0.027755996480700474
0.03934259278007953
0.0482955579682552
0.05589626405643877
0.07979964607062198
0.09869196058390052
0.11511383961802438
0.14400977472869278
0.1701316918949439
0.21944515801516554
0.2698792476582861
0.32715002125610804
0.4012695369527642
0.5187420032066061
0.6120957564139823
0.7447290959859562
0.8380875373431923
0.9616647115385454
1.1009099653117747
1.2316376567082106
1.3538003156293015
1.475724490680982
1.540717090844701
1.6127634089886917
1.7002735361770287
1.7571777177378176
1.792863588751431
1.8384695458833842
1.8685816376244253
1.9097160747919824
1.939612047812244
1.9874262953004411
2.029231765787956
2.0787455797245253
2.112638172588489
2.1356887850492754
2.167558231742423
2.190500942736334
2.208847688711575
2.2243510563347826
2.271186116106367
2.3056352992819513
2.3337561507798683
2.379435975633701
2.4493987564129447
2.5053316430325214
2.5980657993698806
2.679321537170889
2.7573713421875317
2.8386535926187637
2.883338888438635
2.9338275412445065
2.962932943867901
2.9967196170103136
3.016551418273977
3.039836356913963
3.0536146577075525
3.0698763560364783
3.090964672943291
3.0977650671688823
3.10582185343611
3.116309264162934
3.1237181212950365
3.1289550410803266
3.1326573069027033
3.141592653589793
5.407252102776773
11.982899613966463
67
0.
0.0006510416666666666
0.0013020833333333333
0.0026041666666666665
0.005208333333333333
0.010416666666666666
0.015625
0.020833333333333332
0.041666666666666664
0.0625
0.08333333333333333
0.125
0.16666666666666666
0.25
0.3333333333333333
0.41666666666666663
0.5
0.5833333333333333
0.625
0.6666666666666666
0.6875
0.7083333333333333
0.75
0.7708333333333333
0.7916666666666666
0.8125
0.8229166666666666
0.828125
0.8333333333333333
0.8385416666666666
0.83984375
0.8411458333333333
0.8424479166666666
0.84375
0.8450520833333333
0.845703125
0.8463541666666666
0.8470052083333333
0.84765625
0.8489583333333333
0.8515625
0.8528645833333333
0.8541666666666666
0.859375
0.8645833333333333
0.875
0.8854166666666666
0.8958333333333333
0.9166666666666666
0.9375
0.9583333333333333
0.96875
0.9791666666666666
0.984375
0.9895833333333333
0.9921875
0.9947916666666666
0.99609375
0.9973958333333333
0.9986979166666666
0.9990234375
0.9993489583333333
0.9996744791666666
0.9998372395833333
0.9999186197916666
0.9999593098958333
1.
0.
0.00924373469588943
0.01307628606256078
0.01850306328371147
0.026196803021823707
0.03713198099415596
0.04558120565467723
0.05275392810558645
0.07530874954489775
0.09313148609041602
0.10862008359638745
0.1358632092085941
0.1604754677099053
0.20687904798699402
0.25420934636494935
0.30769090426620127
0.37620305028473183
0.4824648732317088
0.5653590335732364
0.6803845157365542
0.7571651950501195
0.8558400964630736
1.1053525920559644
1.2317577629906264
1.35887440711656
1.496022817714335
1.576101074399836
1.622614206401727
1.6771682525440332
1.74738189065343
1.7695742154025045
1.7950501783127295
1.8254763569413415
1.864260622669792
1.9198270281318177
1.9596312639787692
2.008165673332164
2.054023167276828
2.089642001007556
2.1394308432528404
2.2020612910700246
2.225084996049414
2.245062439075737
2.307504543059601
2.354946178685181
2.4291118721249876
2.4891762903256027
2.5417314898197225
2.6352738274376666
2.7227984911529735
2.8125277358654293
2.8614539279042717
2.916494891191418
2.9481357167596745
2.9848026702494193
3.006300132004466
3.031521226838547
3.046436673416131
3.0640344082023776
3.0868463771840062
3.0942017882009107
3.102915216665866
3.1142550780797773
3.1222663313141323
3.1279283490832173
3.1319311603786635
3.141592653589793
5.543182020717557
11.227374183558025
62
0.
0.0006510416666666666
0.0013020833333333333
0.0026041666666666665
0.005208333333333333
0.0078125
0.010416666666666666
0.020833333333333332
0.03125
0.041666666666666664
0.08333333333333333
0.125
0.16666666666666666
0.25
0.3333333333333333
0.41666666666666663
0.5
0.5833333333333333
0.625
0.6666666666666666
0.7083333333333333
0.75
0.7708333333333333
0.7916666666666666
0.8125
0.8229166666666666
0.8333333333333333
0.8385416666666666
0.84375
0.8489583333333333
0.8515625
0.8541666666666666
0.85546875
0.8567708333333333
0.8580729166666666
0.859375
0.8619791666666666
0.8645833333333333
0.8697916666666666
0.875
0.8854166666666666
0.8958333333333333
0.9166666666666666
0.9375
0.9583333333333333
0.96875
0.9791666666666666
0.984375
0.9895833333333333
0.9921875
0.9947916666666666
0.99609375
0.9973958333333333
0.9986979166666666
0.9990234375
0.9993489583333333
0.9996744791666666
0.9998372395833333
0.9999186197916666
0.9999593098958333
0.9999796549479166
1.
0.
0.008726657955911031
0.012344804401356341
0.01746795472297712
0.02473113870860799
0.030323453293443974
0.035054094685172066
0.04980064024156076
0.06127618513207996
0.07108912634771677
0.10252194633318691
0.12821765600735976
0.15141936332017142
0.19511397229368554
0.2395728139475202
0.2895799377149419
0.3530197604286823
0.44930568907773183
0.5229126025827069
0.6234327771567588
0.7693661661169446
0.9872950896646999
1.1096429172651088
1.2368655572020941
1.373197171648292
1.4489069780863293
1.535859146689021
1.5872035088505598
1.6483907664277384
1.7289029141980916
1.7844959085215164
1.8634689982462505
1.9180336489118561
1.9801192719074976
2.0365113260120293
2.081270283266946
2.146222937846561
2.1933249309602516
2.2627331292588466
2.3155958216620967
2.3981166156472744
2.464886071902
2.5771036077217446
2.677880461761805
2.7789061361983585
2.8333835939492866
2.8943233389628897
2.9292297719280653
2.969592890551017
2.9932223567919776
3.020918048548959
3.0372857734063947
3.056588494173094
3.081599037615236
3.0896611328645323
3.0992102439424687
3.1116394405176657
3.1204203427614763
3.126625467515846
3.1310112018993577
3.13411141012046
3.141592653589793
5.679111938658341
10.51645200262337
60
0.
0.0006510416666666666
0.0013020833333333333
0.0026041666666666665
0.005208333333333333
0.0078125
0.010416666666666666
0.020833333333333332
0.03125
0.041666666666666664
0.08333333333333333
0.125
0.16666666666666666
0.25
0.3333333333333333
0.41666666666666663
0.5
0.5833333333333333
0.625
0.6666666666666666
0.7083333333333333
0.75
0.7708333333333333
0.7916666666666666
0.8125
0.8333333333333333
0.84375
0.8489583333333333
0.8541666666666666
0.859375
0.8619791666666666
0.8645833333333333
0.8697916666666666
0.8723958333333333
0.875
0.8802083333333333
0.8854166666666666
0.8958333333333333
0.90625
0.9166666666666666
0.9375
0.9583333333333333
0.96875
0.9791666666666666
0.984375
0.9895833333333333
0.9921875
0.9947916666666666
0.99609375
0.9973958333333333
0.9986979166666666
0.9990234375
0.9993489583333333
0.9996744791666666
0.999755859375
0.9998372395833333
0.9999186197916666
0.9999593098958333
0.9999796549479166
1.
0.
0.008238840698420449
0.011654718678041048
0.016491440542867247
0.023348472207668232
0.028627980300014927
0.03309394295108508
0.04701487157258737
0.05784718655515784
0.06710941505221736
0.09677236461159448
0.12101169272307331
0.142887387020445
0.18404078535309293
0.22581635591532065
0.27259640118622974
0.33137994688851885
0.4187175790484831
0.4841068381065165
0.5723108342529214
0.6961885126202076
0.8824531228045196
0.994863723825774
1.1160135206792268
1.2485097398796303
1.4007088666842182
1.493549660753988
1.548846436799413
1.6148067849028436
1.7001788212596471
1.7561884581503193
1.8272277840662747
2.001724139871833
2.070789801542177
2.1243052949770154
2.204412958177409
2.265257028609484
2.359512946464399
2.435344023953369
2.501720405266409
2.621212219696775
2.73716612619447
2.7987421073113774
2.8670992698735787
2.9060675026944023
2.9509988320890628
2.977250347459304
3.007981330082588
3.0261264770000635
3.0475161393109933
3.0752064483889194
3.0841303042075494
3.094703423543563
3.1084632074379286
3.1129090442361647
3.1181796764710317
3.125043702589795
3.129894034578042
3.1333221070544415
3.141592653589793
5.883006815569518
9.527484110780756
53
0.
0.0006510416666666666
0.0013020833333333333
0.0026041666666666665
0.005208333333333333
0.010416666666666666
0.020833333333333332
0.03125
0.041666666666666664
0.08333333333333333
0.125
0.16666666666666666
0.25
0.3333333333333333
0.41666666666666663
0.5
0.5833333333333333
0.6666666666666666
0.7083333333333333
0.75
0.7916666666666666
0.8125
0.8333333333333333
0.84375
0.8541666666666666
0.8645833333333333
0.875
0.8802083333333333
0.8854166666666666
0.890625
0.8958333333333333
0.90625
0.9166666666666666
0.9375
0.9583333333333333
0.96875
0.9791666666666666
0.984375
0.9895833333333333
0.9921875
0.9947916666666666
0.99609375
0.9973958333333333
0.998046875
0.9986979166666666
0.9993489583333333
0.99951171875
0.9996744791666666
0.9998372395833333
0.9999186197916666
0.9999593098958333
0.9999796549479166
1.
0.
0.007556954908639929
0.010690100978143697
0.015126451243317065
0.021415780851171573
0.03035414267499303
0.043121337138270044
0.05305497977279294
0.06154794735086255
0.08874004774284562
0.1109482257307547
0.13097680724360078
0.16859833525483814
0.20666098699346974
0.24901000301682635
0.3015043084210323
0.37718224373458936
0.5050597153830385
0.6043583986434573
0.7509231378196369
0.9508258905355597
1.069935460597462
1.2079033375733066
1.2873388073125585
1.378762708084447
1.491309205675439
1.6472677494715604
1.7572171712528841
1.8899893940009707
2.0120911645375505
2.106361009610451
2.2427363854373077
2.345347443056862
2.510363615205623
2.658139690248166
2.733915205011927
2.8166446061740955
2.863323524992776
2.916819997839867
2.947947151202412
2.9842896550205236
3.0057067426732016
3.0309195659129107
3.045867303623373
3.0635286813780165
3.086460408554124
3.093861554637072
3.102632015580858
3.114051964508595
3.122122681663982
3.127827420464856
3.1318602212419058
3.141592653589793
6.086901692480694
8.620718306253073
54
0.
0.0013020833333333333
0.0026041666666666665
0.005208333333333333
0.010416666666666666
0.020833333333333332
0.03125
0.041666666666666664
0.08333333333333333
0.125
0.16666666666666666
0.25
0.3333333333333333
0.41666666666666663
0.5
0.5833333333333333
0.6666666666666666
0.7083333333333333
0.75
0.7916666666666666
0.8125
0.8333333333333333
0.8541666666666666
0.8645833333333333
0.875
0.8854166666666666
0.890625
0.8958333333333333
0.90625
0.9114583333333333
0.9166666666666666
0.9270833333333333
0.9375
0.9583333333333333
0.96875
0.9791666666666666
0.984375
0.9895833333333333
0.9921875
0.9947916666666666
0.99609375
0.9973958333333333
0.998046875
0.9986979166666666
0.9993489583333333
0.99951171875
0.9996744791666666
0.9998372395833333
0.9998779296875
0.9999186197916666
0.9999593098958333
0.9999796549479166
0.9999898274739583
1.
0.
0.009800222662147006
0.013867233708890016
0.019632876776578063
0.027826727032094888
0.03952978141002058
0.04863463350755961
0.056418293412289926
0.08133293241300735
0.10167035067230064
0.11999922653100234
0.1543771977847823
0.18904479837571453
0.22737803613536592
0.27429034911045447
0.34011016349790774
0.4473284157045601
0.528463580920631
0.6449966773263759
0.811581074911966
0.913433724792148
1.033640241415765
1.1806129872457192
1.269993689000763
1.3771439974826332
1.5130617552781165
1.5981324378956352
1.6987167206614107
1.9237830012790174
2.02250168428022
2.1067235163765825
2.244222928232672
2.357534773434267
2.5542181335287624
2.649915945853288
2.752011837999357
2.8088309728433263
2.8734345549141143
2.910824364060772
2.9543313898094703
2.979911644786719
3.009975802497332
3.0277798160549354
3.0488046984285084
3.076075838930459
3.0848744130213737
3.0952996440551384
3.108870138278609
3.1132568307151853
3.1184591709216614
3.1252372237705752
3.13002882382034
3.1334163936574724
3.141592653589793
6.358761528362263
7.520799713011992
49
0.
0.0013020833333333333
0.0026041666666666665
0.005208333333333333
0.010416666666666666
0.015625
0.020833333333333332
0.041666666666666664
0.0625
0.08333333333333333
0.16666666666666666
0.25
0.3333333333333333
0.5
0.5833333333333333
0.6666666666666666
0.75
0.7708333333333333
0.7916666666666666
0.8333333333333333
0.8541666666666666
0.875
0.8958333333333333
0.90625
0.9166666666666666
0.9270833333333333
0.9375
0.9583333333333333
0.96875
0.9791666666666666
0.984375
0.9895833333333333
0.9921875
0.9947916666666666
0.99609375
0.9973958333333333
0.998046875
0.9986979166666666
0.9990234375
0.9993489583333333
0.9996744791666666
0.999755859375
0.9998372395833333
0.9999186197916666
0.9999593098958333
0.9999796549479166
0.9999898274739583
0.9999949137369791
1.
0.
0.008718452211206158
0.012336487592685703
0.017465537926064905
0.024754422332009737
0.030385114040739417
0.0351641011941796
0.05018359559630941
0.06204005798260717
0.07233213068727183
0.10666778913954429
0.13712332622962092
0.16770823087908746
0.2417137739281161
0.2967381564814534
0.3826260691468137
0.5339062763935638
0.5925787182845542
0.6627653748712853
0.8402394103455652
0.9587453967293269
1.11137158559449
1.324750840368178
1.4715363605171399
1.6578333389003257
1.8664140176714465
2.0570474299632435
2.362909438013069
2.498991878837631
2.638103137420317
2.7135742701755534
2.7981489109982856
2.846625680747859
2.902691606049732
2.9355151027716273
2.9739862022283985
2.9967211890857666
3.02353180956825
3.039446590675711
3.0582694093498017
3.082734225754521
3.0906339563580403
3.0999965064897554
3.1121862287663813
3.1207999610678385
3.1268908443530967
3.131197491301466
3.1342424571331624
3.141592653589793
6.766551282184616
6.064464819271837
48
0.
0.0013020833333333333
0.0026041666666666665
0.005208333333333333
0.010416666666666666
0.020833333333333332
0.041666666666666664
0.0625
0.08333333333333333
0.16666666666666666
0.25
0.3333333333333333
0.5
0.5833333333333333
0.6666666666666666
0.75
0.7916666666666666
0.8333333333333333
0.8541666666666666
0.875
0.8958333333333333
0.9166666666666666
0.9270833333333333
0.9375
0.9583333333333333
0.96875
0.9791666666666666
0.984375
0.9895833333333333
0.9921875
0.9947916666666666
0.99609375
0.9973958333333333
0.998046875
0.9986979166666666
0.9990234375
0.9993489583333333
0.99951171875
0.9996744791666666
0.9998372395833333
0.9998779296875
0.9999186197916666
0.9999593098958333
0.9999796549479166
0.9999898274739583
0.9999949137369791
0.9999974568684895
1.
0.
0.007296736091734437
0.010324720110510879
0.014617186787786141
0.02071688480510248
0.02942729972192349
0.04199214485522442
0.051907408583634296
0.060510992908854526
0.0891775637249083
0.11452506192294522
0.13984308458465816
0.19990804180263747
0.2426798411809071
0.30621968792569787
0.4124919628675848
0.5002846879898543
0.6271390571463266
0.7112692356800406
0.8192040905648968
0.9640488267763703
1.174606372655881
1.3196239518847603
1.4993172931185956
1.937007720167237
2.160915239386927
2.3849606514931563
2.503057777028474
2.632733603969867
2.70598064878732
2.7898862684910477
2.838675743284661
2.895592552017898
2.9291200906687522
2.9685677454103825
2.991947385874135
3.0195699514406424
3.0359861422298753
3.0554210587160626
3.0807001179719147
3.08886628500826
3.098548510317231
3.11116195407623
3.1200779500384526
3.1263809851043796
3.1308371414707787
3.13398773883014
3.141592653589793
7.174341036006968
4.8114501429652785
47
0.
0.0026041666666666665
0.005208333333333333
0.010416666666666666
0.020833333333333332
0.03125
0.041666666666666664
0.08333333333333333
0.125
0.16666666666666666
0.3333333333333333
0.5
0.5833333333333333
0.6666666666666666
0.75
0.7916666666666666
0.8333333333333333
0.875
0.8958333333333333
0.9166666666666666
0.9375
0.9583333333333333
0.96875
0.9791666666666666
0.984375
0.9895833333333333
0.9921875
0.9947916666666666
0.99609375
0.9973958333333333
0.998046875
0.9986979166666666
0.9990234375
0.9993489583333333
0.99951171875
0.9996744791666666
0.999755859375
0.9998372395833333
0.9999186197916666
0.99993896484375
0.9999593098958333
0.9999796549479166
0.9999898274739583
0.9999949137369791
0.9999974568684895
0.9999987284342448
1.
0.
0.008617732327921295
0.012200425273945159
0.017291340018327245
0.02456066018574379
0.03021397437084246
0.035044999359376626
0.0504915265482788
0.06307185828206545
0.07437665728140576
0.11641076034463667
0.16545542734135948
0.19937865494080195
0.24808535002745893
0.32651570331300495
0.3885805651637484
0.47985581223324064
0.6186696539649987
0.7219326987796131
0.8685759743690464
1.0967260647974617
1.4691724887749502
1.7250660151976578
2.0259023809909102
2.1954992755037
2.3858134409001095
2.4942353310775234
2.6188104521948143
2.69132751884796
2.7759593114720547
2.825807984122315
2.8844570350291168
2.9192099114941867
2.960264000483516
2.9846655598678655
3.013550364669227
3.0307416939362857
3.0511132640443304
3.077635828382429
3.08620881593507
3.0963755156956903
3.1096225057821383
3.118987943108815
3.125609508195654
3.1302912623518164
3.133601562802047
3.141592653589793
7.718060707770105
3.437666324431961
49
0.
0.005208333333333333
0.010416666666666666
0.020833333333333332
0.041666666666666664
0.08333333333333333
0.125
0.16666666666666666
0.3333333333333333
0.5
0.5833333333333333
0.6666666666666666
0.75
0.7916666666666666
0.8333333333333333
0.875
0.8958333333333333
0.9166666666666666
0.9375
0.9479166666666666
0.9583333333333333
0.96875
0.9791666666666666
0.984375
0.9895833333333333
0.9921875
0.9947916666666666
0.99609375
0.9973958333333333
0.998046875
0.9986979166666666
0.9990234375
0.9993489583333333
0.99951171875
0.9996744791666666
0.999755859375
0.9998372395833333
0.9998779296875
0.9999186197916666
0.99993896484375
0.9999593098958333
0.9999796549479166
0.9999847412109375
0.9999898274739583
0.9999949137369791
0.9999974568684895
0.9999987284342448
0.9999993642171223
1.
0.
0.00955536822341491
0.013542456656410552
0.019235393768964784
0.02744541611133104
0.039538418158412636
0.049383263465751864
0.05822465560238753
0.09100424620555955
0.12877170895830942
0.15429661147431104
0.18991290771601405
0.24521640251540913
0.2870219273271181
0.34752632556950264
0.44069363200466755
0.5097326437694644
0.6056403482558411
0.7531171386997194
0.8616109003751242
1.0083428534016219
1.212299955031968
1.5047154510955807
1.7014243154883448
1.950782829198495
2.105238068292022
2.29205992720265
2.4046983426137603
2.539082875880029
2.6194862202361624
2.7150668988074194
2.7721232208086106
2.8398581400820553
2.8802567971019744
2.928192979793252
2.9567751386540553
2.990683125496769
3.0108983927252853
3.034879311961022
3.049175555934511
3.0661338147936887
3.0882346490715364
3.095383112702822
3.1038625728003537
3.1149133206220463
3.1227274478355582
3.1282529044445977
3.132160009371678
3.141592653589793
8.261780379533242
2.379179809771669
53
0.
0.005208333333333333
0.010416666666666666
0.020833333333333332
0.041666666666666664
0.08333333333333333
0.125
0.16666666666666666
0.3333333333333333
0.5
0.6666666666666666
0.75
0.7916666666666666
0.8333333333333333
0.875
0.8958333333333333
0.9166666666666666
0.9375
0.9479166666666666
0.9583333333333333
0.96875
0.9739583333333333
0.9791666666666666
0.984375
0.9869791666666666
0.9895833333333333
0.9921875
0.9947916666666666
0.99609375
0.9973958333333333
0.998046875
0.9986979166666666
0.9990234375
0.9993489583333333
0.99951171875
0.9996744791666666
0.999755859375
0.9998372395833333
0.9998779296875
0.9999186197916666
0.99993896484375
0.9999593098958333
0.999969482421875
0.9999796549479166
0.9999898274739583
0.9999923706054688
0.9999949137369791
0.9999974568684895
0.9999987284342448
0.9999993642171223
0.9999996821085612
0.9999998410542805
1.
0.
0.0074535454987384245
0.010563653074451675
0.015004443813881123
0.021408796418043673
0.030842187202303258
0.03852150030426883
0.04541714648392505
0.07095502275086803
0.10019918256186293
0.146498751350121
0.18703071043648228
0.21670705674587318
0.2586284278062026
0.3233330260976956
0.3711653869167644
0.43733573448932905
0.5372917330185254
0.6102090286316346
0.7101083284642896
0.8547998880148081
0.9540880776122705
1.0815018229774545
1.2519206053826442
1.3615711045672165
1.4954961957461101
1.6646211203546126
1.8895792327000906
2.0360145233101563
2.2207985477271053
2.336104338143644
2.4772455699759988
2.563328108851456
2.6670340311643725
2.729566083131587
2.8043186440930374
2.8491411191486185
2.9025083016673268
2.934406363689851
2.972317692309754
2.994949632080041
3.021821512340353
3.0378526032980617
3.0568779194938953
3.08168102419429
3.0897050555389733
3.099224083500534
3.1116312239450985
3.120405559915979
3.1266105340479746
3.130998404246001
3.134101242509611
3.141592653589793
8.805500051296379
1.5950370059349779
56
0.
0.010416666666666666
0.020833333333333332
0.041666666666666664
0.08333333333333333
0.125
0.16666666666666666
0.3333333333333333
0.5
0.6666666666666666
0.75
0.7916666666666666
0.8333333333333333
0.875
0.8958333333333333
0.9166666666666666
0.9375
0.9479166666666666
0.9583333333333333
0.96875
0.9739583333333333
0.9791666666666666
0.984375
0.9869791666666666
0.9895833333333333
0.9921875
0.9934895833333333
0.9947916666666666
0.99609375
0.9973958333333333
0.998046875
0.9986979166666666
0.9990234375
0.9993489583333333
0.99951171875
0.9996744791666666
0.999755859375
0.9998372395833333
0.9998779296875
0.9999186197916666
0.99993896484375
0.9999593098958333
0.999969482421875
0.9999796549479166
0.9999847412109375
0.9999898274739583
0.9999949137369791
0.9999961853027344
0.9999974568684895
0.9999987284342448
0.9999990463256836
0.9999993642171223
0.9999996821085612
0.9999998410542805
0.9999999205271403
1.
0.
0.008197652146742078
0.011643973449338148
0.016614423138365166
0.02393649304151739
0.0298977543852814
0.03525105147347538
0.05507232166249519
0.07770577788862389
0.11307695371725124
0.14334989504545997
0.1650351522954938
0.1951061577644625
0.24135005013824753
0.2754556738652867
0.3226361641313894
0.3931391556628955
0.44398475331072185
0.5133644038233751
0.6146761679971413
0.6857196500239193
0.779455418368835
0.9104256365037543
0.998715262543479
1.11153977036952
1.263111717280018
1.3615852229946859
1.4832411798524876
1.6394538367956681
1.8523716799428955
1.9943850273475006
2.177527881914365
2.2939984204868984
2.438672684243893
2.5279723771585294
2.636495087454064
2.702364573040625
2.7814760609829805
2.8290737767563945
2.885885516792861
2.919912240345509
2.960399243908994
2.984589855552024
3.01333283347524
3.030487801515339
3.050851668269271
3.0774126205661343
3.0860077793082916
3.0962046858549943
3.1094956478271913
3.1137950281835476
3.118895209613848
3.1255424200771103
3.1302430660815626
3.1335671039960267
3.141592653589793
9.621079558941084
0.8305612037376812
55
0.
0.020833333333333332
0.041666666666666664
0.08333333333333333
0.16666666666666666
0.3333333333333333
0.5
0.6666666666666666
0.75
0.8333333333333333
0.875
0.9166666666666666
0.9375
0.9479166666666666
0.9583333333333333
0.96875
0.9739583333333333
0.9791666666666666
0.984375
0.9869791666666666
0.9895833333333333
0.9921875
0.9934895833333333
0.9947916666666666
0.99609375
0.9967447916666666
0.9973958333333333
0.998046875
0.9986979166666666
0.9990234375
0.9993489583333333
0.99951171875
0.9996744791666666
0.999755859375
0.9998372395833333
0.9998779296875
0.9999186197916666
0.99993896484375
0.9999593098958333
0.999969482421875
0.9999796549479166
0.9999847412109375
0.9999898274739583
0.9999923706054688
0.9999949137369791
0.9999961853027344
0.9999974568684895
0.9999987284342448
0.9999990463256836
0.9999993642171223
0.9999996821085612
0.9999998410542805
0.9999999205271403
0.9999999602635701
1.
0.
0.00786947944167836
0.011229123584391109
0.016179020882581847
0.023829904900194345
0.03723491854744354
0.052512780017907636
0.07613318671694817
0.09592924558755118
0.12880500853334537
0.15779624945127826
0.2085903668745756
0.25236339341299624
0.2836048808998848
0.32577878600688515
0.3870568026373084
0.4302598836300214
0.4881100287515692
0.5712825563325262
0.629238292552329
0.7058841961996697
0.8140752138393469
0.8880372069884117
0.9839876121315004
1.1156955306279221
1.203151102057546
1.3134583160932125
1.4591469753383859
1.6659949255281727
1.809851416519842
2.00286822842252
2.1301254191581838
2.293009713739991
2.396080770267404
2.523739851088358
2.60238672733603
2.697859469592106
2.755770797689964
2.8253020486156237
2.867115341864328
2.9170232656528365
2.9469105600672467
2.9824689277389553
3.003716735210235
3.028962614832477
3.044028154178828
3.0619085424402326
3.085226219413482
3.092771927428257
3.1017249192178613
3.1133965789153777
3.1216523511649577
3.1274913963504862
3.131620891603796
3.141592653589793
10.43665906658579
0.418132169408181
59
0.
0.041666666666666664
0.08333333333333333
0.16666666666666666
0.3333333333333333
0.5
0.6666666666666666
0.75
0.8333333333333333
0.875
0.9166666666666666
0.9375
0.9583333333333333
0.96875
0.9739583333333333
0.9791666666666666
0.984375
0.9869791666666666
0.9895833333333333
0.9921875
0.9934895833333333
0.9947916666666666
0.99609375
0.9967447916666666
0.9973958333333333
0.998046875
0.9983723958333333
0.9986979166666666
0.9990234375
0.9991861979166666
0.9993489583333333
0.99951171875
0.9996744791666666
0.999755859375
0.9998372395833333
0.9998779296875
0.9999186197916666
0.99993896484375
0.9999593098958333
0.999969482421875
0.9999796549479166
0.9999847412109375
0.9999898274739583
0.9999923706054688
0.9999949137369791
0.9999961853027344
0.9999974568684895
0.9999980926513672
0.9999987284342448
0.9999993642171223
0.9999995231628418
0.9999996821085612
0.9999998410542805
0.9999998807907104
0.9999999205271403
0.9999999602635701
0.999999980131785
0.9999999900658925
1.
0.
0.007481720913186313
0.010780138639032886
0.015879083511323458
0.024813703643414002
0.034987264794429394
0.05063171002215661
0.06360146523989157
0.08483629749143798
0.10342658745193148
0.13592016010191968
0.16386749433955522
0.21032730280257783
0.24877181094623385
0.2758242249782917
0.31213823420982517
0.3648200597133974
0.402010079806996
0.4519234646641346
0.5239582260898081
0.5743626717802726
0.6412785752077808
0.7362227097575929
0.8014637103528135
0.886549340095313
1.0043268472441165
1.083298528578956
1.1839522614219091
1.3190259811208829
1.4069014281765486
1.5158460612409188
1.6568003007682315
1.8518767758796877
1.9845053729005773
2.1590926664812096
2.2723749444986976
2.4155639106858926
2.50527354419603
2.615563288533718
2.683126802223524
2.764820851611939
2.814218012229414
2.8734025345518326
2.9089444263896023
2.9513084786479444
2.9766608438023967
3.006815292727071
3.024822219248403
3.0462019524254753
3.0740968428355058
3.0831271031009693
3.0938436461209906
3.1078178534559107
3.1123396911393515
3.1177046789235314
3.1246985097093436
3.12964529140812
3.133143893132994
3.141592653589793
11.524098410112064
0.17480618713307364
61
0.
0.16666666666666666
0.3333333333333333
0.5
0.6666666666666666
0.75
0.8333333333333333
0.875
0.9166666666666666
0.9375
0.9583333333333333
0.96875
0.9791666666666666
0.984375
0.9895833333333333
0.9921875
0.9934895833333333
0.9947916666666666
0.99609375
0.9967447916666666
0.9973958333333333
0.998046875
0.9983723958333333
0.9986979166666666
0.9990234375
0.9991861979166666
0.9993489583333333
0.99951171875
0.9995930989583333
0.9996744791666666
0.999755859375
0.9997965494791666
0.9998372395833333
0.9998779296875
0.9999186197916666
0.99993896484375
0.9999593098958333
0.999969482421875
0.9999796549479166
0.9999847412109375
0.9999898274739583
0.9999923706054688
0.9999949137369791
0.9999961853027344
0.9999974568684895
0.9999980926513672
0.9999987284342448
0.9999990463256836
0.9999993642171223
0.9999995231628418
0.9999996821085612
0.9999998410542805
0.9999998807907104
0.9999999205271403
0.9999999602635701
0.9999999701976776
0.999999980131785
0.9999999900658925
0.9999999950329462
0.9999999975164731
1.
0.
0.008995511725042024
0.014057216571228529
0.019817084077412117
0.028645275688850075
0.035918472922856826
0.04773124448768385
0.05802697275729413
0.07599298148046922
0.09143426884901128
0.1169781628364315
0.13799714716469771
0.17256028545712193
0.2013912606856562
0.24955811718784407
0.2900118288441832
0.31868865982465827
0.3572617986365335
0.41303824423667534
0.4521320596930801
0.5041445588543227
0.5782634052636355
0.6294905676875874
0.6967725354271073
0.7909916923432067
0.855006363835413
0.9377396821871057
1.0510836239538341
1.1264588960659911
1.2219605518283991
1.3493773997684186
1.4319765024443352
1.5342441085052811
1.6666475217910015
1.8507723354339634
1.9770331992927244
2.1451605513437606
2.2556594811159534
2.3971125466921808
2.4867881014718405
2.5981307748309943
2.666874630526863
2.750572365939306
2.8014143479613627
2.8625278433817893
2.8993517798657367
2.9433499833666334
2.9697068698532005
3.001093761213905
3.0198596437682883
3.0421579556482916
3.071247746840121
3.0806626492130103
3.0918342772879215
3.106399648009435
3.11111222818894
3.116703176187186
3.123991001397835
3.129145338602731
3.1327905386612405
3.141592653589793
12.611537753638338
0.08921253463387753
66
0.
0.16666666666666666
0.3333333333333333
0.5
0.6666666666666666
0.75
0.8333333333333333
0.875
0.9166666666666666
0.9375
0.9583333333333333
0.96875
0.9791666666666666
0.984375
0.9895833333333333
0.9921875
0.9947916666666666
0.99609375
0.9973958333333333
0.998046875
0.9983723958333333
0.9986979166666666
0.9990234375
0.9991861979166666
0.9993489583333333
0.99951171875
0.9995930989583333
0.9996744791666666
0.999755859375
0.9997965494791666
0.9998372395833333
0.9998779296875
0.9998982747395833
0.9999186197916666
0.99993896484375
0.9999491373697916
0.9999593098958333
0.999969482421875
0.9999796549479166
0.9999847412109375
0.9999898274739583
0.9999923706054688
0.9999949137369791
0.9999961853027344
0.9999974568684895
0.9999980926513672
0.9999987284342448
0.9999990463256836
0.9999993642171223
0.9999995231628418
0.9999996821085612
0.9999997615814209
0.9999998410542805
0.9999998807907104
0.9999999205271403
0.9999999403953552
0.9999999602635701
0.999999980131785
0.9999999850988388
0.9999999900658925
0.9999999950329462
0.9999999975164731
0.9999999987582365
0.9999999993791182
0.9999999996895591
1.
0.
0.004823088339343647
0.007536685807533919
0.010623211261267853
0.015347367985791055
0.019230076581688734
0.025517833520370438
0.030987124683531916
0.04052451741423248
0.0487206642992646
0.06225814543391658
0.0733764656815057
0.09164186159829957
0.10689612272584757
0.1324854917409413
0.15411812020031165
0.19041400727379199
0.22086229561502638
0.2713425899146298
0.3131632823450224
0.3424981443156441
0.38159813477600046
0.43752438178428993
0.47635063666472816
0.5275836410854877
0.5998200766068412
0.6492485612537402
0.7135746793801595
0.8025825356835602
0.8623829826532
0.9389232868866673
1.0425675948379811
1.110815596001091
1.1966497307472435
1.3103363948114268
1.3837206305457648
1.4744625051386706
1.5921508594688472
1.757338003489468
1.8725574176942021
2.0299258576746015
2.136630416204511
2.2781287626107365
2.371204920856268
2.4909663609044808
2.567423041833216
2.6630558922971033
2.7225829419283776
2.795428548509338
2.839965632561588
2.8938211801993208
2.9263660006007766
2.965229975553643
2.988524629379162
3.0162863097458845
3.032903691107075
3.0526819500269844
3.0785681596551533
3.0869680313936256
3.096949219884866
3.109985490727256
3.1192231642132184
3.1257650732360602
3.1303958694579017
3.133672829160023
3.141592653589793