22
34
3.912023005428146
18.764525004996035
97
0.
0.00016276041666666666
0.0003255208333333333
0.0006510416666666666
0.0013020833333333333
0.0026041666666666665
0.00390625
0.005208333333333333
0.010416666666666666
0.015625
0.020833333333333332
0.03125
0.041666666666666664
0.0625
0.08333333333333333
0.125
0.16666666666666666
0.25
0.3333333333333333
0.41666666666666663
0.5
0.5416666666666666
0.5833333333333333
0.6041666666666666
0.6145833333333333
0.625
0.6302083333333333
0.6354166666666666
0.63671875
0.6380208333333333
0.6393229166666666
0.640625
0.6409505208333333
0.6412760416666666
0.6416015625
0.6419270833333333
0.64208984375
0.6422526041666666
0.6424153645833333
0.642578125
0.6429036458333333
0.6432291666666666
0.6438802083333333
0.64453125
0.6458333333333333
0.6484375
0.6510416666666666
0.65625
0.6666666666666666
0.6770833333333333
0.6875
0.7083333333333333
0.75
0.8333333333333333
0.875
0.8958333333333333
0.9166666666666666
0.9270833333333333
0.9375
0.9427083333333333
0.9479166666666666
0.9505208333333333
0.953125
0.9544270833333333
0.955078125
0.9554036458333333
0.9557291666666666
0.9560546875
0.9562174479166666
0.9563802083333333
0.95654296875
0.9567057291666666
0.95703125
0.9576822916666666
0.9583333333333333
0.9596354166666666
0.9609375
0.9622395833333333
0.9635416666666666
0.96875
0.9739583333333333
0.9791666666666666
0.984375
0.9895833333333333
0.9921875
0.9947916666666666
0.99609375
0.9973958333333333
0.9986979166666666
0.9990234375
0.9993489583333333
0.9996744791666666
0.9998372395833333
0.9999186197916666
0.9999593098958333
0.9999796549479166
1.
0.
0.009831575610318633
0.013904864834732786
0.019667031749577242
0.027820710472695454
0.03936514743727973
0.04823769766464582
0.05572950506522112
0.07898061338597177
0.09693746646059655
0.11217389759751283
0.13797961997538635
0.1600233986427012
0.19774007326662627
0.23042155407084233
0.2875993157399512
0.338779821914748
0.43336307551773934
0.5258955774783514
0.6235434835332174
0.7356725247998316
0.8032805643025571
0.8878884712333646
0.9436656316636639
0.9786734174775418
1.0231491601615188
1.052168254476516
1.0910710203064973
1.1037688446562528
1.1186611949467238
1.1370796338991862
1.1624138914633562
1.1708836290821212
1.1809768604567197
1.1937485110663364
1.2119685526954425
1.225803136687422
1.247830767537288
1.2778307947872405
1.297800454999087
1.3204248487444954
1.3349266273052762
1.3550679230116685
1.369783192628037
1.3918304875146825
1.4228258909165996
1.4458570369939723
1.4810064128689633
1.531831193448269
1.5707904306123879
1.603614906043443
1.659099158226581
1.750593241258342
1.9126910954504037
2.000904207109428
2.052160240170513
2.113642450796242
2.1515498651135903
2.1989614164972755
2.229300838164245
2.268722112884841
2.2951578576259215
2.3319414462119057
2.359556284389344
2.3792351135058665
2.3922357104035497
2.4094710112444857
2.436552759978847
2.4596692320280718
2.491339331730668
2.5164964613505862
2.5335914833292854
2.556892963387724
2.586913426488828
2.6081712845791167
2.6398383456119117
2.6644062984059484
2.685147458674804
2.7034602127510396
2.763656724991231
2.8138117573446064
2.8601571357131435
2.906083771210972
2.9549342835373187
2.982115490186182
3.013035643112407
3.030941336952926
3.0517867205789995
3.0784595193489275
3.08699775950687
3.097080587322233
3.110161436944872
3.119386703991337
3.1259002788345116
3.1305012578676368
3.133752242488299
3.141592653589793
3.946005484913342
18.536508698571872
94
0.
0.00016276041666666666
0.0003255208333333333
0.0006510416666666666
0.0013020833333333333
0.0026041666666666665
0.00390625
0.005208333333333333
0.010416666666666666
0.015625
0.020833333333333332
0.03125
0.041666666666666664
0.0625
0.08333333333333333
0.125
0.16666666666666666
0.25
0.3333333333333333
0.41666666666666663
0.5
0.5416666666666666
0.5625
0.5833333333333333
0.6041666666666666
0.6145833333333333
0.6197916666666666
0.625
0.6302083333333333
0.6328125
0.6341145833333333
0.6354166666666666
0.6357421875
0.6360677083333333
0.6363932291666666
0.63671875
0.6368815104166666
0.6370442708333333
0.63720703125
0.6373697916666666
0.6376953125
0.6380208333333333
0.638671875
0.6393229166666666
0.6399739583333333
0.640625
0.6432291666666666
0.6458333333333333
0.6510416666666666
0.65625
0.6666666666666666
0.6875
0.7083333333333333
0.75
0.8333333333333333
0.875
0.8958333333333333
0.9166666666666666
0.9270833333333333
0.9375
0.9427083333333333
0.9453125
0.9479166666666666
0.94921875
0.9505208333333333
0.951171875
0.9518229166666666
0.9524739583333333
0.9527994791666666
0.953125
0.9537760416666666
0.9544270833333333
0.9557291666666666
0.95703125
0.9583333333333333
0.9609375
0.9635416666666666
0.96875
0.9791666666666666
0.984375
0.9895833333333333
0.9921875
0.9947916666666666
0.99609375
0.9973958333333333
0.9986979166666666
0.9990234375
0.9993489583333333
0.9996744791666666
0.9998372395833333
0.9999186197916666
0.9999593098958333
0.9999796549479166
1.
0.
0.009743207485861561
0.013779903055834052
0.019490371689708644
0.027571016974900473
0.03901243843576362
0.047806233118835285
0.05523191571261931
0.07828039385573318
0.09608423951198096
0.11119380985254618
0.1367921944900005
0.15866779411242116
0.19612006338962762
0.22860109795343597
0.2855075091116541
0.3365493944391802
0.43120087039695953
0.5242923973052676
0.6231460512140305
0.7375927269015602
0.8072787876883926
0.848128715764243
0.8958451555137066
0.9559284569364404
0.9950691706291381
1.0190262556079857
1.0481488499994065
1.0871947268357391
1.1149354943325205
1.1335239958379575
1.1593256631895983
1.1680720771914406
1.1786404428111419
1.1923958490048863
1.2136389143248854
1.2330896787033285
1.2711161456384519
1.2962688427241578
1.3102204778454054
1.3281381751771488
1.340652262880985
1.3588891236739487
1.372630678075521
1.383917617414085
1.3936235849385323
1.423633589189133
1.4461511059461047
1.4807223555387992
1.5079301291014031
1.5512374671432496
1.6169253266457828
1.6696530430745202
1.7585538310504767
1.919335645118496
2.00829539216343
2.0606651199188946
2.124596141307659
2.1650287288711727
2.2176357685189774
2.2534867253143958
2.2763902423667277
2.30575709171461
2.324890669626259
2.3499975644382083
2.366832761406894
2.3897621248545535
2.4290014463931104
2.4673633320633885
2.509487507216958
2.554502168170954
2.580996697757433
2.616964787148933
2.64336450358662
2.665052384798063
2.7007777278351512
2.7307211862842284
2.781797326971453
2.870176335315241
2.913662420562749
2.9604600860801455
2.9866654013908573
3.01658029551092
3.03394401764449
3.0541843353080695
3.0801223694818107
3.0884279578258327
3.0982415401528227
3.1109796326862074
3.119959973422946
3.126302617070178
3.1307842482119326
3.1339515962899256
3.141592653589793
3.996979204141136
18.212035720393246
99
0.
0.00016276041666666666
0.0003255208333333333
0.0006510416666666666
0.0013020833333333333
0.0026041666666666665
0.00390625
0.005208333333333333
0.010416666666666666
0.015625
0.020833333333333332
0.03125
0.041666666666666664
0.0625
0.08333333333333333
0.125
0.16666666666666666
0.25
0.3333333333333333
0.41666666666666663
0.5
0.5416666666666666
0.5625
0.5833333333333333
0.59375
0.6041666666666666
0.6145833333333333
0.6197916666666666
0.6223958333333333
0.625
0.6263020833333333
0.6276041666666666
0.6282552083333333
0.62890625
0.6290690104166666
0.6292317708333333
0.62939453125
0.6294759114583333
0.6295572916666666
0.6295979817708333
0.629638671875
0.6296793619791666
0.6297200520833333
0.6298014322916666
0.6298828125
0.6300455729166666
0.6302083333333333
0.630859375
0.6315104166666666
0.6321614583333333
0.6328125
0.6354166666666666
0.6380208333333333
0.640625
0.6458333333333333
0.65625
0.6666666666666666
0.6875
0.7083333333333333
0.75
0.8333333333333333
0.875
0.8958333333333333
0.9166666666666666
0.9270833333333333
0.9322916666666666
0.9375
0.9401041666666666
0.9427083333333333
0.9440104166666666
0.9453125
0.9459635416666666
0.9466145833333333
0.947265625
0.9475911458333333
0.9479166666666666
0.94921875
0.9505208333333333
0.953125
0.9557291666666666
0.9583333333333333
0.9635416666666666
0.96875
0.9791666666666666
0.984375
0.9895833333333333
0.9921875
0.9947916666666666
0.99609375
0.9973958333333333
0.9986979166666666
0.9990234375
0.9993489583333333
0.9996744791666666
0.9998372395833333
0.9999186197916666
0.9999593098958333
0.9999796549479166
1.
0.
0.009592252839553306
0.013566443793400001
0.019188535385926127
0.027144343198634343
0.038409579711776796
0.04706853174319838
0.05438083136230625
0.07708106787795396
0.09462072305208447
0.10951019613630057
0.13474621605462636
0.15632469070894017
0.19330127338252984
0.22541069689757354
0.2817812066051131
0.33249680811270405
0.4270392243012155
0.5208041678990325
0.6213792799887083
0.7393467660239
0.8122840732259482
0.855669361546153
0.9073234016901818
0.9382902245663723
0.9751684787942461
1.0229330031479427
1.055184284003892
1.0756143041757942
1.1015920422805905
1.118399942834479
1.140399252444466
1.1552465334643576
1.1760957717655862
1.1832717934347488
1.1920695406635928
1.203867152235828
1.2120610773323708
1.223954298169744
1.2332861826869528
1.2488965841268451
1.2681001354785812
1.2796802087896375
1.2931148086193294
1.3018974898723616
1.3142067908679336
1.3232391578745732
1.3471589452723332
1.3631763492183422
1.3757179040448821
1.3862243273686243
1.4177710189158546
1.4409209609014866
1.4598052335402938
1.4904308864516227
1.5370553779834684
1.5738727088837094
1.6333744198549758
1.6830595550354797
1.76906550304453
1.9289998932592647
2.0198798369455795
2.074682682126862
2.1440131448654034
2.1904355123387247
2.219907611586917
2.257679071331716
2.2824215671431842
2.315351835967679
2.3380268105250703
2.370504698556002
2.3954340540380903
2.4366434129403918
2.496787672325855
2.519033083892565
2.536095656738277
2.581132864184545
2.610954754783809
2.6541061964754307
2.6872599826653265
2.7153354345216583
2.763331550516024
2.8055942301015184
2.8843015994144987
2.924535331037184
2.9684844622126363
2.9933055753480122
3.021774719818392
3.0383500676476967
3.0577125278982367
3.0825681075824205
3.0905373155577216
3.099954890578116
3.1121856404078954
3.1208107236880274
3.1269025250284606
3.131207617459043
3.134250549576949
3.141592653589793
4.04795292336893
17.905702927483723
106
0.
0.00016276041666666666
0.0003255208333333333
0.0006510416666666666
0.0013020833333333333
0.0026041666666666665
0.00390625
0.005208333333333333
0.010416666666666666
0.015625
0.020833333333333332
0.03125
0.041666666666666664
0.0625
0.08333333333333333
0.125
0.16666666666666666
0.25
0.3333333333333333
0.41666666666666663
0.5
0.5416666666666666
0.5625
0.5833333333333333
0.59375
0.6041666666666666
0.609375
0.6145833333333333
0.6171875
0.6197916666666666
0.62109375
0.6217447916666666
0.6223958333333333
0.62255859375
0.6227213541666666
0.6228841145833333
0.623046875
0.6230875651041666
0.6231282552083333
0.6231486002604166
0.6231689453125
0.6231791178385416
0.6231892903645833
0.623199462890625
0.6232096354166666
0.62322998046875
0.6232503255208333
0.623291015625
0.6233317057291666
0.6233723958333333
0.62353515625
0.6236979166666666
0.6240234375
0.6243489583333333
0.625
0.6263020833333333
0.6276041666666666
0.6302083333333333
0.6354166666666666
0.640625
0.6458333333333333
0.65625
0.6666666666666666
0.6875
0.7083333333333333
0.75
0.8333333333333333
0.875
0.8958333333333333
0.90625
0.9166666666666666
0.921875
0.9270833333333333
0.9322916666666666
0.93359375
0.9348958333333333
0.9361979166666666
0.9375
0.9388020833333333
0.939453125
0.9401041666666666
0.9407552083333333
0.94140625
0.9427083333333333
0.9440104166666666
0.9453125
0.9466145833333333
0.9479166666666666
0.953125
0.9583333333333333
0.96875
0.9791666666666666
0.984375
0.9895833333333333
0.9921875
0.9947916666666666
0.99609375
0.9973958333333333
0.9986979166666666
0.9990234375
0.9993489583333333
0.9996744791666666
0.9998372395833333
0.9999186197916666
0.9999593098958333
1.
0.
0.00942239301586181
0.013326245708851093
0.018848911634678087
0.026664144622459522
0.037730802550191435
0.046237644572920886
0.05342191886131834
0.07572784636835518
0.09296702765003942
0.1076050864400178
0.13242421649560923
0.15365733019683883
0.19007166888085858
0.22172994796795623
0.2774149001359947
0.3276601493224786
0.4218162853600004
0.5160093700874203
0.6181373184765421
0.7395990088221591
0.8158869777362124
0.8619567584963196
0.9179658181230937
0.9525528832929109
0.9955134287127018
1.0226568346696503
1.057272312923237
1.079895793182464
1.1102052093476058
1.1316394422994636
1.1459003568342452
1.1654499387787185
1.1719791835144053
1.1797760080148
1.189726087140583
1.2045034302128594
1.2100241133286147
1.2174427692513665
1.2226155631485451
1.2301988818998595
1.236313372686303
1.2473380190769934
1.2601053250525982
1.2670607284330424
1.2751834999587683
1.2805549478039997
1.288139557697191
1.2937325472704628
1.2982696329106214
1.3113678769409882
1.320642511917854
1.3343165273104085
1.344713472994838
1.360692238070788
1.383633775097359
1.4008572716532826
1.4272284755482283
1.465213850579292
1.4940107681530241
1.5179524191980514
1.5575553251828271
1.5906221406974008
1.6461350243043522
1.6937547755091513
1.7778798206309314
1.938318016195644
2.0322423910645275
2.0906917763894106
2.1259651027461453
2.1687185794385893
2.194857435406849
2.2266026489122273
2.2689364890510486
2.2826074536075516
2.2984489621723347
2.3175617206154917
2.342254076162679
2.3788628660342543
2.407675959163392
2.450092922280145
2.4937451903725805
2.5245957818501843
2.5651085076079196
2.5933761690538217
2.6158577327340553
2.634939713968113
2.6517681276646847
2.706372462597845
2.75045067216904
2.825982607272883
2.89719777634384
2.934638177178594
2.9760379085435447
2.9995895063466214
3.0267124977994904
3.0425506897550005
3.0610789636628812
3.084909790310283
3.0925555585659175
3.101594893198819
3.113344562473939
3.121635444452544
3.127489347909611
3.1316243855287205
3.141592653589793
4.115917882339323
17.51956978641088
118
0.
0.00016276041666666666
0.0003255208333333333
0.0006510416666666666
0.0013020833333333333
0.0026041666666666665
0.00390625
0.005208333333333333
0.010416666666666666
0.015625
0.020833333333333332
0.03125
0.041666666666666664
0.0625
0.08333333333333333
0.125
0.16666666666666666
0.25
0.3333333333333333
0.41666666666666663
0.4583333333333333
0.5
0.5416666666666666
0.5625
0.5833333333333333
0.59375
0.5989583333333333
0.6041666666666666
0.609375
0.6119791666666666
0.61328125
0.6145833333333333
0.6149088541666666
0.615234375
0.6155598958333333
0.6158854166666666
0.6159261067708333
0.615966796875
0.6160074869791666
0.6160481770833333
0.6160685221354166
0.6160888671875
0.6160990397135416
0.6161092122395833
0.6161142985026041
0.6161168416341145
0.616119384765625
0.6161206563313801
0.6161212921142578
0.6161219278971354
0.6161222457885742
0.616122563680013
0.6161228815714518
0.6161231994628906
0.6161238352457682
0.6161244710286458
0.616125742594401
0.6161270141601562
0.6161295572916666
0.6161346435546875
0.6161397298177083
0.61614990234375
0.6161702473958333
0.6161905924479166
0.6162109375
0.6162923177083333
0.6163736979166666
0.6165364583333333
0.6168619791666666
0.6171875
0.6178385416666666
0.6184895833333333
0.6197916666666666
0.6223958333333333
0.625
0.6302083333333333
0.6354166666666666
0.6458333333333333
0.6666666666666666
0.6875
0.7083333333333333
0.75
0.7916666666666666
0.8333333333333333
0.8541666666666666
0.875
0.8958333333333333
0.90625
0.9114583333333333
0.9166666666666666
0.921875
0.9244791666666666
0.9270833333333333
0.9283854166666666
0.9296875
0.9309895833333333
0.9322916666666666
0.9348958333333333
0.9375
0.9427083333333333
0.9479166666666666
0.9583333333333333
0.96875
0.9791666666666666
0.984375
0.9895833333333333
0.9921875
0.9947916666666666
0.99609375
0.9973958333333333
0.9986979166666666
0.9990234375
0.9993489583333333
0.9996744791666666
0.9998372395833333
0.9999186197916666
0.9999593098958333
1.
0.
0.009173365673407676
0.01297408165321157
0.01835089809587813
0.025959907220229277
0.0367350811364844
0.04501837066234639
0.052014293328742314
0.07373878964731324
0.09053308170013795
0.10479721752443791
0.12899234776430926
0.14970362033667953
0.18525540586553024
0.21620505903700077
0.27076506767519865
0.3201677090398653
0.41335476901175044
0.5076572586065294
0.6114614461064637
0.670386850430441
0.7373576267304552
0.8181107333206286
0.8678593828175174
0.9301468947163208
0.9704212399263241
0.9949250813708905
1.0245340226993833
1.0638558809668202
1.09145098760935
1.1097292762589084
1.1347173020769188
1.1430595535135868
1.1530352622297828
1.165828244199116
1.1852276324894169
1.188754059981072
1.1928053260574254
1.197636516308695
1.203789291658459
1.2077579448891296
1.212899628310529
1.2163009336504464
1.2208933470050085
1.2241512248495556
1.2263131136026202
1.229244638474078
1.2313364296020308
1.232732169639086
1.234639022092424
1.236013897523029
1.2382184373064116
1.2457433160127915
1.248875476340084
1.2516093443539276
1.2533105575333567
1.2556750163619947
1.2574097577410193
1.260015004199458
1.2636742976421291
1.2663772701147717
1.270455052619983
1.2762066711532398
1.2804676045707877
1.2839394083902538
1.2940310665773649
1.3012230335028272
1.3118760018814317
1.3267111742941264
1.3376417247231955
1.3541434058476365
1.3668942202887084
1.3867278100099496
1.41556071118723
1.4374285055214393
1.471241641957685
1.497986930640866
1.5407131936071798
1.6057453654023472
1.6580775027801824
1.704070964214706
1.7870237984703434
1.86647261251914
1.9502798543560855
1.997073120996005
2.050486047252489
2.11672564907958
2.159636682696979
2.1858761233119868
2.2177362299648586
2.26014396527075
2.2895283747527464
2.332261793572654
2.365814176228963
2.4203547315604133
2.485573290827024
2.5284273316371406
2.5814315738806766
2.61789492446711
2.671976694862687
2.714593822677379
2.785406498429196
2.8487869632297302
2.912382339223212
2.9467265814752643
2.9851892370511854
3.00724014848043
3.032753853756811
3.04769641331314
3.065216178008387
3.0877872896091962
3.0950384390777548
3.1036162998074452
3.114763980455712
3.122630439750272
3.128188389308583
3.132116427671618
3.141592653589793
4.183882841309714
17.15181747612122
103
0.
0.00016276041666666666
0.0003255208333333333
0.0006510416666666666
0.0013020833333333333
0.0026041666666666665
0.00390625
0.005208333333333333
0.010416666666666666
0.015625
0.020833333333333332
0.03125
0.041666666666666664
0.0625
0.08333333333333333
0.125
0.16666666666666666
0.25
0.3333333333333333
0.41666666666666663
0.4583333333333333
0.5
0.5416666666666666
0.5625
0.5833333333333333
0.59375
0.5989583333333333
0.6041666666666666
0.60546875
0.6067708333333333
0.6080729166666666
0.609375
0.6097005208333333
0.6100260416666666
0.6103515625
0.6106770833333333
0.6107584635416666
0.61083984375
0.6108601888020833
0.6108805338541666
0.61090087890625
0.6109212239583333
0.610931396484375
0.6109415690104166
0.6109517415364583
0.6109619140625
0.6109822591145833
0.6110026041666666
0.6110432942708333
0.611083984375
0.6111653645833333
0.6112467447916666
0.611328125
0.6116536458333333
0.6119791666666666
0.6126302083333333
0.61328125
0.6145833333333333
0.6171875
0.6197916666666666
0.625
0.6354166666666666
0.6458333333333333
0.6666666666666666
0.7083333333333333
0.75
0.7916666666666666
0.8333333333333333
0.8541666666666666
0.875
0.8854166666666666
0.8958333333333333
0.9010416666666666
0.90625
0.9114583333333333
0.9140625
0.9166666666666666
0.91796875
0.9192708333333333
0.9205729166666666
0.921875
0.9244791666666666
0.9270833333333333
0.9322916666666666
0.9375
0.9479166666666666
0.9583333333333333
0.96875
0.9791666666666666
0.984375
0.9895833333333333
0.9921875
0.9947916666666666
0.99609375
0.9973958333333333
0.9986979166666666
0.9990234375
0.9993489583333333
0.9996744791666666
0.9998372395833333
0.9999186197916666
0.9999593098958333
1.
0.
0.008907198050328516
0.012597649186938347
0.01781851836299068
0.025206971924126274
0.035670153518342275
0.0437139646586368
0.05050795540293623
0.07160778881345156
0.08792231139305967
0.10178169086676182
0.12529734463441752
0.14543567324804466
0.1800277005611897
0.21017265957752787
0.26340785378459736
0.3117494543032582
0.4034589528998926
0.4972757223182873
0.602146753373893
0.6625371618884082
0.7319675665164981
0.8169480135361551
0.8702570904394161
0.9389151539203787
0.9855765528854843
1.0157234635959866
1.0557214841409237
1.068664903950841
1.083771691432298
1.1023459219249836
1.1277311186655141
1.1362023243141883
1.1463253485440505
1.1592857687644373
1.1787912206497928
1.1862782159354213
1.196764801244192
1.200348506657304
1.2047013397817783
1.2104076508222001
1.2193122635362899
1.227378335625329
1.240811645304776
1.2501967512004784
1.2557859624705232
1.2630448606915747
1.2681099912008773
1.2754566695818736
1.2809590966447388
1.289303149942222
1.295744882414714
1.3010937269261722
1.31693520788901
1.32837534464617
1.345443369418019
1.3585256651344702
1.3787622000344892
1.4080338058021584
1.4301654612277912
1.4643189675080046
1.5141816862403916
1.552633301054989
1.6139443399348274
1.7101157066432418
1.7932219959936115
1.8742955465047837
1.9618824920509537
2.0122404033922043
2.0719188612000754
2.1081136994764607
2.15230337502186
2.179580992912122
2.2131064587200124
2.2588394223983737
2.2917496139967204
2.3424897284644763
2.3841380458615964
2.439456648491486
2.4857500991826735
2.5185001155421163
2.5641053794571174
2.5973847003031394
2.6479054448500463
2.6879797942234283
2.7540928809853513
2.8118983439585836
2.8674284509316488
2.9253146878496765
2.9571684480233786
2.9931842761730847
3.0139589048728017
3.038081971609809
3.0522480346540273
3.0688793266242276
3.090343708683048
3.097245106273357
3.1054107072295465
3.116030639614994
3.123528766309673
3.12882513471305
3.132567438374902
3.141592653589793
4.251847800280107
16.795664661673293
93
0.
0.00016276041666666666
0.0003255208333333333
0.0006510416666666666
0.0013020833333333333
0.001953125
0.0026041666666666665
0.005208333333333333
0.0078125
0.010416666666666666
0.020833333333333332
0.03125
0.041666666666666664
0.0625
0.08333333333333333
0.125
0.16666666666666666
0.25
0.3333333333333333
0.41666666666666663
0.4583333333333333
0.5
0.5416666666666666
0.5625
0.5729166666666666
0.5833333333333333
0.59375
0.5989583333333333
0.6015625
0.6041666666666666
0.60546875
0.6061197916666666
0.6067708333333333
0.6070963541666666
0.6072591145833333
0.607421875
0.6075032552083333
0.6075846354166666
0.607666015625
0.6077473958333333
0.60791015625
0.6080729166666666
0.6083984375
0.6087239583333333
0.6090494791666666
0.609375
0.6106770833333333
0.6119791666666666
0.6145833333333333
0.6197916666666666
0.625
0.6354166666666666
0.6458333333333333
0.6666666666666666
0.7083333333333333
0.75
0.7916666666666666
0.8333333333333333
0.8541666666666666
0.875
0.8854166666666666
0.890625
0.8958333333333333
0.9010416666666666
0.90234375
0.9036458333333333
0.9049479166666666
0.90625
0.9075520833333333
0.9088541666666666
0.9114583333333333
0.9140625
0.9166666666666666
0.921875
0.9270833333333333
0.9375
0.9583333333333333
0.96875
0.9791666666666666
0.984375
0.9895833333333333
0.9921875
0.9947916666666666
0.9973958333333333
0.998046875
0.9986979166666666
0.9993489583333333
0.99951171875
0.9996744791666666
0.9998372395833333
0.9999186197916666
0.9999593098958333
1.
0.
0.008632277302117354
0.012208840066507217
0.017268620113155348
0.02442920114136707
0.029928954093152157
0.03456985519930298
0.04895086889700168
0.060028337419179865
0.06940293891065914
0.0986557702415301
0.12145958840832077
0.14099382583556547
0.17456366332774736
0.20383844472601934
0.2556020693855723
0.3027082555397024
0.39248577595722745
0.4851999119810937
0.5903886723303627
0.6518540936106499
0.7233466754422307
0.8120471264300414
0.8685028246532659
0.9024062985890868
0.9428780181372608
0.9957272889855139
1.0321246119769636
1.0558377734213382
1.0875030923950546
1.1097912675356834
1.1245300941789904
1.1444850063486847
1.158707303400062
1.1681696436495204
1.1809568885268917
1.1898946288776282
1.2027724418541754
1.2253350475683158
1.2497968395658428
1.2729471863045239
1.2860009730658324
1.3032063165163388
1.3154265942414436
1.3251809350821353
1.3334254977841051
1.3583437042480313
1.3766502370052371
1.4043007776745997
1.443674932368514
1.4733285949375385
1.5193102855509484
1.5560638876372461
1.616016047487954
1.712060913862567
1.7965058732911419
1.8803259489458635
1.9734147262045207
2.0290614735963697
2.0989734060136374
2.145354673664845
2.1744785306386207
2.2111172818834297
2.263731164309083
2.28222046070142
2.3050003446888163
2.334805087569829
2.3757551741080882
2.424407588557132
2.465063162108471
2.5192803837960236
2.556175049560494
2.585057568053593
2.630709302518608
2.6677120108419126
2.7291460945922936
2.832537291322963
2.8826174923754952
2.936150635446758
2.966007875195726
3.000011396684132
3.019715943738541
3.0426638979599563
3.0720399613984686
3.0814440478387586
3.0925505320851228
3.106963148328642
3.1116131682197192
3.1171227455936243
3.124295966520887
3.129365072549146
3.1329479583616227
3.141592653589793
4.319812759250499
16.44585906408109
85
0.
0.00016276041666666666
0.0003255208333333333
0.0006510416666666666
0.0013020833333333333
0.001953125
0.0026041666666666665
0.005208333333333333
0.0078125
0.010416666666666666
0.020833333333333332
0.03125
0.041666666666666664
0.0625
0.08333333333333333
0.125
0.16666666666666666
0.25
0.3333333333333333
0.41666666666666663
0.4583333333333333
0.5
0.5416666666666666
0.5625
0.5729166666666666
0.5833333333333333
0.5885416666666666
0.59375
0.5989583333333333
0.6015625
0.6028645833333333
0.6041666666666666
0.6048177083333333
0.60546875
0.6057942708333333
0.6061197916666666
0.6064453125
0.6067708333333333
0.607421875
0.6080729166666666
0.6087239583333333
0.609375
0.6119791666666666
0.6145833333333333
0.6197916666666666
0.625
0.6354166666666666
0.6458333333333333
0.6666666666666666
0.7083333333333333
0.75
0.7916666666666666
0.8333333333333333
0.8541666666666666
0.8645833333333333
0.875
0.8802083333333333
0.8854166666666666
0.890625
0.8932291666666666
0.8958333333333333
0.8984375
0.9010416666666666
0.90625
0.9114583333333333
0.9166666666666666
0.9270833333333333
0.9375
0.9583333333333333
0.96875
0.9791666666666666
0.984375
0.9895833333333333
0.9921875
0.9947916666666666
0.9973958333333333
0.998046875
0.9986979166666666
0.9993489583333333
0.99951171875
0.9996744791666666
0.9998372395833333
0.9999186197916666
0.9999593098958333
1.
0.
0.008355331786894316
0.011817157079901127
0.016714628531930533
0.023645535475060153
0.028968933921490927
0.03346103845681514
0.04738124159175167
0.05810402645933689
0.06717875359416876
0.09549795484153019
0.1175770425237397
0.1364933257527638
0.16900950781925142
0.19737706083266388
0.24757558507840915
0.2933222650926251
0.38080021100092226
0.4718317699766651
0.5765100910674963
0.63856013051132
0.7115738027146523
0.8032497281648411
0.8621678273204677
0.8978141508094779
0.940769144748008
0.9667930944214144
0.9980907330464627
1.0392878472164715
1.0677561278445262
1.086229420524158
1.1105191717949412
1.12699588117199
1.1501616340900798
1.1675826404651466
1.1963933264833029
1.242938761808646
1.2710499458685083
1.3005843723271626
1.3192297253422345
1.3334150812446024
1.3450980039903155
1.379429118311198
1.4041612433407034
1.4412504601915577
1.4700081456648624
1.5153737807176226
1.5520515260713323
1.6123826054366448
1.7100080103106543
1.7968933085286245
1.8846120416580858
1.9853141807373453
2.048878020518229
2.088116911253485
2.137364243890772
2.1690081021467824
2.2101897358150913
2.2744870473690573
2.3324758289741627
2.4187582443982993
2.4803405213968253
2.5204473433454457
2.5758941966801854
2.6169558181178005
2.65101000122566
2.7081669455937774
2.7577244781780785
2.8487881803376833
2.8949234176662726
2.9451029414000023
2.9733661693054794
3.0057310674323787
3.0245540089236873
3.0465248693043367
3.0747097974193824
3.083743280449246
3.0944175805682566
3.1082764137764705
3.112748907089586
3.118048834498916
3.1249500710818237
3.1298272531723565
3.133274599128286
3.141592653589793
4.3877777182208915
16.098824624934164
86
0.
0.00016276041666666666
0.0003255208333333333
0.0006510416666666666
0.0013020833333333333
0.001953125
0.0026041666666666665
0.005208333333333333
0.0078125
0.010416666666666666
0.020833333333333332
0.03125
0.041666666666666664
0.0625
0.08333333333333333
0.125
0.16666666666666666
0.25
0.3333333333333333
0.41666666666666663
0.4583333333333333
0.5
0.5416666666666666
0.5625
0.5729166666666666
0.5833333333333333
0.5885416666666666
0.59375
0.5989583333333333
0.6015625
0.6028645833333333
0.6041666666666666
0.60546875
0.6061197916666666
0.6067708333333333
0.607421875
0.6080729166666666
0.609375
0.6106770833333333
0.6119791666666666
0.6145833333333333
0.6197916666666666
0.625
0.6354166666666666
0.6458333333333333
0.6666666666666666
0.7083333333333333
0.75
0.7916666666666666
0.8125
0.8333333333333333
0.84375
0.8541666666666666
0.8645833333333333
0.8697916666666666
0.875
0.8776041666666666
0.8802083333333333
0.8815104166666666
0.8828125
0.8841145833333333
0.8854166666666666
0.8880208333333333
0.890625
0.8932291666666666
0.8958333333333333
0.90625
0.9166666666666666
0.9375
0.9583333333333333
0.96875
0.9791666666666666
0.984375
0.9895833333333333
0.9921875
0.9947916666666666
0.9973958333333333
0.998046875
0.9986979166666666
0.9993489583333333
0.99951171875
0.9996744791666666
0.9998372395833333
0.9999186197916666
0.9999593098958333
1.
0.
0.008081281400726002
0.011429566072752823
0.016166403575453996
0.022869981970968126
0.028018775247496873
0.032363564207031965
0.04582726415600798
0.05619847213921082
0.06497569691613811
0.09236694253504382
0.113723233062243
0.1320210295378332
0.16347679851115343
0.1909236506725575
0.239510623962897
0.2838223333971716
0.36873452480987207
0.4575884749425971
0.5609243851092347
0.6230013623173875
0.6968808433168449
0.7906188256660814
0.8511471471500272
0.8877907227130726
0.9319257420348309
0.9586381712988814
0.9907186442579071
1.0328003265010504
1.0616591670478728
1.0801742982564804
1.1040019962900811
1.1398426648857791
1.1702359719077498
1.221238937431931
1.2635216472184019
1.288449774386734
1.3200680447608855
1.341885259809717
1.359066930274046
1.3860564966547975
1.4256075845423737
1.4558221451273277
1.5030377504716992
1.5409849127769064
1.6032188942412229
1.7039958793136254
1.7943812708006301
1.887205200825712
1.9388144515722738
1.998245046325044
2.033172225043289
2.0742644562430987
2.126671557779439
2.161221679254995
2.2081047942617804
2.2413964722206448
2.2904626177515466
2.326468813342483
2.369963815545887
2.4099266358606704
2.441046227938045
2.485711148296797
2.518184892888777
2.5443177410265827
2.566585478210342
2.6356444932190906
2.689239231163515
2.7787424099479563
2.86160864404288
2.904816712848132
2.9523987246662897
2.9793954981145343
3.01043985706946
3.028545505409284
3.049716689646763
3.076921462964339
3.085648256590286
3.0959654674379506
3.109365429735063
3.1136904143979898
3.118817003305764
3.125493729865053
3.1302119373797663
3.133546741317043
3.141592653589793
4.48972515667648
15.57916750059387
81
0.
0.00016276041666666666
0.0003255208333333333
0.0006510416666666666
0.0013020833333333333
0.0026041666666666665
0.005208333333333333
0.0078125
0.010416666666666666
0.020833333333333332
0.03125
0.041666666666666664
0.0625
0.08333333333333333
0.125
0.16666666666666666
0.25
0.3333333333333333
0.41666666666666663
0.4583333333333333
0.5
0.5416666666666666
0.5625
0.5729166666666666
0.5833333333333333
0.59375
0.5989583333333333
0.6041666666666666
0.60546875
0.6067708333333333
0.6080729166666666
0.609375
0.6106770833333333
0.6119791666666666
0.6145833333333333
0.6171875
0.6197916666666666
0.625
0.6354166666666666
0.6458333333333333
0.6666666666666666
0.6875
0.7083333333333333
0.75
0.7916666666666666
0.8125
0.8333333333333333
0.84375
0.8489583333333333
0.8541666666666666
0.8567708333333333
0.859375
0.8619791666666666
0.86328125
0.8645833333333333
0.8658854166666666
0.8671875
0.8697916666666666
0.8723958333333333
0.875
0.8802083333333333
0.8854166666666666
0.8958333333333333
0.9166666666666666
0.9375
0.9583333333333333
0.96875
0.9791666666666666
0.984375
0.9895833333333333
0.9921875
0.9947916666666666
0.9973958333333333
0.998046875
0.9986979166666666
0.9993489583333333
0.9996744791666666
0.9998372395833333
0.9999186197916666
0.9999593098958333
1.
0.
0.007682771261100016
0.010865934212422003
0.015369170960009082
0.021742125806900825
0.03076738481903453
0.04356668878905816
0.05342585501675606
0.06176953454259923
0.08780630454254225
0.10810471001958082
0.12549467881833076
0.15538662284727753
0.18146603816998957
0.22762946822887664
0.2697372970442765
0.35051871743089685
0.435431663080421
0.5353653891819385
0.5964028683948294
0.6702076865204875
0.7651568329328835
0.8264778626249786
0.8632501750879977
0.90682335871412
0.9626573603420777
0.9997825138173017
1.0515788943656275
1.0693755267688667
1.091124009242535
1.1197387444112168
1.1619551197050992
1.2201312791395738
1.265032738801286
1.3166382430135457
1.3493936197432679
1.3743121022484757
1.412639525687675
1.4682076054584854
1.510877637974093
1.5789991317559808
1.6359270384001854
1.6874808277732765
1.7850889359922357
1.887995697172403
1.9479013091498594
2.022060084259236
2.0707804429446126
2.1012405939142598
2.139473779009416
2.16373396439203
2.19433853901557
2.237381768612317
2.2682490507972366
2.3092874620580988
2.354972483351767
2.392475663068802
2.443404442336335
2.478335149346467
2.50560727983566
2.548332409441716
2.582457653226876
2.637745205321673
2.7251540318898417
2.8009838411963255
2.875858754144555
2.915974603835092
2.9607165920015306
2.9862997100978363
3.0158524294296454
3.0331415232821697
3.053397770883532
3.0794751700371332
3.087849636572885
3.0977546783521897
3.1106246091637644
3.119705440506258
3.126119756196891
3.1306529680219657
3.1338576132125837
3.141592653589793
4.591672595132067
15.057935219658704
78
0.
0.00016276041666666666
0.0003255208333333333
0.0006510416666666666
0.0013020833333333333
0.0026041666666666665
0.005208333333333333
0.0078125
0.010416666666666666
0.020833333333333332
0.03125
0.041666666666666664
0.0625
0.08333333333333333
0.125
0.16666666666666666
0.25
0.3333333333333333
0.41666666666666663
0.4583333333333333
0.5
0.5416666666666666
0.5625
0.5833333333333333
0.59375
0.5989583333333333
0.6041666666666666
0.609375
0.6119791666666666
0.6145833333333333
0.6171875
0.6197916666666666
0.625
0.6302083333333333
0.6354166666666666
0.6458333333333333
0.6666666666666666
0.6875
0.7083333333333333
0.75
0.7708333333333333
0.7916666666666666
0.8125
0.8229166666666666
0.8333333333333333
0.8385416666666666
0.8411458333333333
0.84375
0.8463541666666666
0.84765625
0.8489583333333333
0.8502604166666666
0.8515625
0.8541666666666666
0.8567708333333333
0.859375
0.8645833333333333
0.875
0.8854166666666666
0.8958333333333333
0.9166666666666666
0.9375
0.9583333333333333
0.96875
0.9791666666666666
0.984375
0.9895833333333333
0.9921875
0.9947916666666666
0.9973958333333333
0.998046875
0.9986979166666666
0.9993489583333333
0.9996744791666666
0.9998372395833333
0.9999186197916666
0.9999593098958333
1.
0.
0.007305235251242568
0.010331967187861196
0.014613878682858497
0.020673563111457738
0.02925502771037396
0.04142453223855352
0.050798087661645605
0.058730410404444745
0.08348067321595537
0.1027722946726014
0.11929653232288322
0.14769221190941653
0.17245671810008456
0.21626840455199556
0.2562039889475814
0.33276757999495743
0.4132970012617948
0.5085975883298199
0.5674392551507198
0.6395199297738409
0.7334353916987908
0.7939264530337319
0.8710024426980731
0.9213109811053798
0.9521395411475062
0.9897098797408935
1.0401941899114144
1.0755349713736495
1.1257989964724682
1.1974812430647586
1.2593360787360974
1.3305804529101253
1.375296590009642
1.4093688925543675
1.462308833891702
1.5412829151813485
1.6048373680896912
1.6615842539547994
1.7688545028840985
1.8243220585671747
1.884991463502673
1.9569084673117267
2.0015053706568597
2.0587243948862963
2.0971890959983908
2.121445207550572
2.15191171837758
2.1948069588802035
2.2262739120111577
2.271045235410018
2.3242931587998314
2.3655089399271843
2.417682042093996
2.452448259107558
2.4793765510372268
2.521371342091494
2.5833172149884973
2.63181174956835
2.673602899389294
2.7471996167050734
2.815603517110647
2.885532534030256
2.9236229220561794
2.966458320895357
2.9910786120136765
3.0196076729481436
3.036333460427635
3.055955843367941
3.0812516192501254
3.089381812172481
3.0989996902377337
3.111501077245613
3.1203238729348555
3.1265567704555113
3.1309623640137247
3.1340767458360093
3.141592653589793
4.727602513072852
14.35764806221778
75
0.
0.0003255208333333333
0.0006510416666666666
0.0013020833333333333
0.0026041666666666665
0.005208333333333333
0.0078125
0.010416666666666666
0.020833333333333332
0.03125
0.041666666666666664
0.0625
0.08333333333333333
0.125
0.16666666666666666
0.25
0.3333333333333333
0.41666666666666663
0.5
0.5416666666666666
0.5625
0.5833333333333333
0.59375
0.6041666666666666
0.6145833333333333
0.6197916666666666
0.625
0.6302083333333333
0.6354166666666666
0.6458333333333333
0.65625
0.6666666666666666
0.6875
0.7083333333333333
0.75
0.7708333333333333
0.7916666666666666
0.8020833333333333
0.8125
0.8177083333333333
0.8229166666666666
0.8255208333333333
0.828125
0.8294270833333333
0.8307291666666666
0.83203125
0.8333333333333333
0.8346354166666666
0.8359375
0.8385416666666666
0.8411458333333333
0.84375
0.8489583333333333
0.8541666666666666
0.8645833333333333
0.875
0.8958333333333333
0.9166666666666666
0.9375
0.9583333333333333
0.96875
0.9791666666666666
0.984375
0.9895833333333333
0.9921875
0.9947916666666666
0.9973958333333333
0.998046875
0.9986979166666666
0.9993489583333333
0.9996744791666666
0.9998372395833333
0.9999186197916666
0.9999593098958333
1.
0.
0.009674155732461939
0.013683402623185605
0.019357140533100198
0.02739181375148809
0.038785230566282886
0.04756031064071623
0.054985591694567085
0.0781492722578989
0.09619830463471492
0.11165304764643812
0.1381974320682176
0.16133103602330295
0.20221261079121972
0.2394189986917879
0.31057331334789107
0.3851789997458751
0.47340476734174214
0.5958560209603985
0.6853319698021473
0.7429491784244747
0.8141556925833625
0.8576693482127744
0.9101993648945798
0.9798639974672136
1.0281448961333612
1.0959445277955393
1.1875795136083795
1.2642829163863574
1.3569324311844733
1.4178595950075419
1.4658910246407655
1.544055501598341
1.6109467460179543
1.7351873071878494
1.800219902162246
1.8740065456105812
1.9177089876351672
1.9706674153518124
2.0035367630089853
2.0448121651830666
2.0712716508678892
2.10555291273515
2.128261469531401
2.1586776173349373
2.2071104901626004
2.2839676280645307
2.335141674490992
2.366529456246114
2.4083750709576854
2.4382857464068795
2.462331837757719
2.500905292626064
2.53222625177799
2.583385230648544
2.626043777940906
2.6987868610116763
2.7637803112882815
2.826880076844279
2.8930492925993914
2.9295655000401566
2.9709115857080204
2.9947799030201123
3.0225109893684685
3.038798840800663
3.0579301238443355
3.082621865024876
3.090561941052857
3.099958977173772
3.1121761688676055
3.1208000601107946
3.1268939018691424
3.1312009805181678
3.1342455872990183
3.141592653589793
4.8635324310136365
13.64749949148264
80
0.
0.0003255208333333333
0.0006510416666666666
0.0013020833333333333
0.0026041666666666665
0.005208333333333333
0.0078125
0.010416666666666666
0.020833333333333332
0.03125
0.041666666666666664
0.0625
0.08333333333333333
0.125
0.16666666666666666
0.25
0.3333333333333333
0.41666666666666663
0.5
0.5416666666666666
0.5833333333333333
0.59375
0.6041666666666666
0.625
0.6302083333333333
0.6354166666666666
0.640625
0.6458333333333333
0.6510416666666666
0.65625
0.6666666666666666
0.6770833333333333
0.6875
0.7083333333333333
0.75
0.7708333333333333
0.7916666666666666
0.8020833333333333
0.8072916666666666
0.8125
0.8151041666666666
0.8177083333333333
0.818359375
0.8190104166666666
0.8196614583333333
0.8203125
0.8209635416666666
0.8212890625
0.8216145833333333
0.8219401041666666
0.822265625
0.8229166666666666
0.82421875
0.8255208333333333
0.8268229166666666
0.828125
0.8333333333333333
0.8385416666666666
0.84375
0.8541666666666666
0.875
0.8958333333333333
0.9166666666666666
0.9375
0.9583333333333333
0.96875
0.9791666666666666
0.984375
0.9895833333333333
0.9921875
0.9947916666666666
0.9973958333333333
0.998046875
0.9986979166666666
0.9993489583333333
0.9996744791666666
0.9998372395833333
0.9999186197916666
0.9999593098958333
1.
0.
0.009079693508526086
0.012842540335883466
0.018167496724526524
0.025708051573801526
0.036400201740766344
0.04463453719080949
0.05160170657726146
0.07333223358818543
0.09025907212527855
0.1047481331221436
0.1296213234977283
0.1512828382996966
0.18951868719210344
0.22425691871843942
0.2904867799066809
0.35957446982453545
0.44077704762980546
0.5531169565135199
0.6357542371876015
0.7541615417899117
0.7924871814279827
0.8362074147065309
0.9525342095561371
0.9934246527483744
1.0435080449477234
1.1049806790397836
1.1717816506982122
1.2309163833531416
1.2788697299415746
1.3521577615203144
1.4088547061870864
1.4567760165761863
1.539056971522715
1.6853691305465037
1.7617239036964922
1.8512893939106527
1.9081822039977507
1.9433366643767978
1.9875581687703643
2.0161882985705306
2.0542525506179037
2.0665572701992616
2.080863210139403
2.098260794277101
2.121192853348151
2.1573988640348625
2.189218975371257
2.231187507385778
2.260833480093472
2.2804182345947366
2.306975545959317
2.340951418868426
2.3647401188324353
2.383652838820466
2.3996346162308155
2.4481914904664355
2.48436179331643
2.5142638782737174
2.563719590250963
2.6422433650180346
2.708495131460561
2.769897002060432
2.8307423799195663
2.895383105182248
2.9313062675433095
2.9721338845725556
2.995760506882518
3.0232519949954613
3.03941616601052
3.0584146240651204
3.082950202927088
3.0908444356995717
3.100187127640978
3.112335711068814
3.1209123606109035
3.1269721451752734
3.1312556896467454
3.1342839642744074
3.141592653589793
4.99946234895442
12.926629043646471
84
0.
0.0003255208333333333
0.0006510416666666666
0.0013020833333333333
0.0026041666666666665
0.00390625
0.005208333333333333
0.010416666666666666
0.015625
0.020833333333333332
0.041666666666666664
0.0625
0.08333333333333333
0.125
0.16666666666666666
0.25
0.3333333333333333
0.41666666666666663
0.5
0.5416666666666666
0.5833333333333333
0.6041666666666666
0.625
0.6458333333333333
0.65625
0.6666666666666666
0.6770833333333333
0.6875
0.7083333333333333
0.75
0.7708333333333333
0.78125
0.7916666666666666
0.8020833333333333
0.8072916666666666
0.8098958333333333
0.8125
0.8138020833333333
0.814453125
0.8147786458333333
0.8151041666666666
0.8152669270833333
0.8154296875
0.8155924479166666
0.815673828125
0.8157552083333333
0.8157958984375
0.8158365885416666
0.8158772786458333
0.81591796875
0.8159993489583333
0.8160807291666666
0.8162434895833333
0.81640625
0.8167317708333333
0.8170572916666666
0.8177083333333333
0.8190104166666666
0.8203125
0.8216145833333333
0.8229166666666666
0.828125
0.8333333333333333
0.84375
0.8541666666666666
0.875
0.9166666666666666
0.9375
0.9583333333333333
0.96875
0.9791666666666666
0.984375
0.9895833333333333
0.9921875
0.9947916666666666
0.9973958333333333
0.998046875
0.9986979166666666
0.9993489583333333
0.9996744791666666
0.9998372395833333
0.9999186197916666
0.9999593098958333
1.
0.
0.008542148861975154
0.012082186360609995
0.01709179344202491
0.024185616410655055
0.029638603808137775
0.034243845116955156
0.04854274859233614
0.05959432146776431
0.06897907333488312
0.09851220160862033
0.12188126047105871
0.14222036514091507
0.17808601634921611
0.2106208290664724
0.2724725097767886
0.33665685538301876
0.4115128335019543
0.5139675713345261
0.5889218518986391
0.6960722599351195
0.7680671363583795
0.8598270775209778
0.9930234815481271
1.0888117722822195
1.1896326181701953
1.271996783699333
1.3377537829401527
1.4428243968326848
1.616593094826967
1.704870482693759
1.7538273168409784
1.8096630297858194
1.8796728631314141
1.9266557597665999
1.9569538408421174
1.9973264578984113
2.0259882357775623
2.045296262108025
2.057422940498545
2.0725561893495517
2.0820461916127058
2.09385138120123
2.1101922555146864
2.1221967053790816
2.1418066377053058
2.160152741695063
2.1831901344876368
2.1978254620776676
2.207475031807773
2.220692313653708
2.230172800428391
2.2441181292903125
2.2546453929017676
2.270689143467743
2.283123175959771
2.302432605438506
2.330365792507262
2.3514092461362344
2.3687430623510433
2.383697761782086
2.4303273865845223
2.4658074735494813
2.521361458866064
2.56628899443193
2.640911819921792
2.7665846352254704
2.8274378252917414
2.8924480893555575
2.928687141298312
2.9699425379310824
2.993842539037774
3.021670866295288
3.0380405108716277
3.0572866556839853
3.0821494348480645
3.090149690885642
3.0996195740823738
3.1119339916487045
3.1206283032282625
3.126771144497833
3.13111334839772
3.134183207757676
3.141592653589793
5.135392266895204
12.20386452290183
99
0.
0.0003255208333333333
0.0006510416666666666
0.0013020833333333333
0.0026041666666666665
0.00390625
0.005208333333333333
0.010416666666666666
0.015625
0.020833333333333332
0.041666666666666664
0.0625
0.08333333333333333
0.125
0.16666666666666666
0.25
0.3333333333333333
0.41666666666666663
0.5
0.5416666666666666
0.5833333333333333
0.6041666666666666
0.625
0.6458333333333333
0.65625
0.6666666666666666
0.6875
0.6979166666666666
0.7083333333333333
0.75
0.7708333333333333
0.78125
0.7916666666666666
0.8020833333333333
0.8072916666666666
0.8098958333333333
0.8125
0.8138020833333333
0.814453125
0.8147786458333333
0.8151041666666666
0.8152669270833333
0.8154296875
0.8155110677083333
0.8155517578125
0.8155924479166666
0.8156026204427083
0.81561279296875
0.8156229654947916
0.8156280517578125
0.8156331380208333
0.8156356811523438
0.8156369527180989
0.8156382242838541
0.8156394958496094
0.8156407674153645
0.815643310546875
0.8156483968098958
0.8156534830729166
0.8156636555989583
0.815673828125
0.8156941731770833
0.8157145182291666
0.81573486328125
0.8157552083333333
0.8158365885416666
0.81591796875
0.8160807291666666
0.8162434895833333
0.81640625
0.8170572916666666
0.8177083333333333
0.8190104166666666
0.8203125
0.8216145833333333
0.8229166666666666
0.828125
0.8333333333333333
0.84375
0.8541666666666666
0.875
0.9166666666666666
0.9375
0.9583333333333333
0.96875
0.9791666666666666
0.984375
0.9895833333333333
0.9921875
0.9947916666666666
0.9973958333333333
0.998046875
0.9986979166666666
0.9993489583333333
0.9996744791666666
0.9998372395833333
0.9999186197916666
0.9999593098958333
1.
0.
0.008050342269191256
0.011386544957824768
0.016107656654668952
0.022792831145788735
0.027931573049807906
0.03227130705050792
0.04574504160496549
0.05615780135770959
0.06499917483216035
0.09281519266861382
0.11481553451296975
0.13395401864958018
0.16767547656417173
0.19822694190229523
0.2561687540079513
0.3160190993251394
0.3852944484724974
0.47885784644579926
0.5464043087741081
0.6422478115495686
0.705804178185151
0.7833544644903181
0.8825924537191542
0.9460494591395295
1.0224653316100791
1.1887618227655603
1.2595723878076346
1.3214617110915368
1.5273579726719861
1.6270085302507415
1.681308873845794
1.7425627984281955
1.8185340739506792
1.8691157130729954
1.9016290903061954
1.9449556802760974
1.9759077460674512
1.997057486852058
2.0105941436845
2.028043951684348
2.039556410730999
2.055125164023948
2.066253167769884
2.0737393515732805
2.084177383749505
2.087739117851564
2.0920786470055512
2.0978463184316563
2.101817365790248
2.10758009084429
2.1123033834316507
2.11622344907339
2.126361921725454
2.1365997207697487
2.140525878155641
2.145231588664166
2.1509479614347327
2.154874697085135
2.160565592229121
2.1648399286454705
2.171347154873559
2.176389125050555
2.180584798414206
2.184218487847664
2.1955216241248157
2.2040025305956332
2.216917846594197
2.2269367587110307
2.2352848293813516
2.260142493557458
2.278200050480733
2.3052818737247636
2.3261521159045326
2.3435331590719697
2.3586325104956636
2.4061092530505355
2.44248299645498
2.499672362784112
2.546040083040681
2.6231771912271196
2.7532398836259895
2.816247594180113
2.883567994494896
2.9210970093040256
2.9638220616388185
2.9885739007656125
3.01739425905034
3.0343474926551517
3.0542799170242283
3.0800293452602605
3.0883150000794597
3.098122577859648
3.110876193646331
3.1198805834217533
3.12624251726321
3.130739425214671
3.1339185809402035
3.141592653589793
5.271322184835989
11.495410486764593
81
0.
0.0003255208333333333
0.0006510416666666666
0.0013020833333333333
0.0026041666666666665
0.005208333333333333
0.010416666666666666
0.015625
0.020833333333333332
0.041666666666666664
0.0625
0.08333333333333333
0.125
0.16666666666666666
0.25
0.3333333333333333
0.41666666666666663
0.5
0.5833333333333333
0.6041666666666666
0.625
0.6666666666666666
0.6770833333333333
0.6875
0.7083333333333333
0.7291666666666666
0.75
0.7708333333333333
0.78125
0.7916666666666666
0.8020833333333333
0.8072916666666666
0.8125
0.8151041666666666
0.81640625
0.8177083333333333
0.818359375
0.8190104166666666
0.8193359375
0.8196614583333333
0.81982421875
0.8199869791666666
0.820068359375
0.8201497395833333
0.8202311197916666
0.8203125
0.8204752604166666
0.8206380208333333
0.82080078125
0.8209635416666666
0.8216145833333333
0.822265625
0.8229166666666666
0.82421875
0.8255208333333333
0.828125
0.8333333333333333
0.8385416666666666
0.84375
0.8541666666666666
0.875
0.8958333333333333
0.9166666666666666
0.9375
0.9583333333333333
0.96875
0.9791666666666666
0.984375
0.9895833333333333
0.9921875
0.9947916666666666
0.9973958333333333
0.998046875
0.9986979166666666
0.9993489583333333
0.99951171875
0.9996744791666666
0.9998372395833333
0.9999186197916666
0.9999593098958333
1.
0.
0.0075944016923668225
0.010741637634576836
0.015195304929419843
0.021501693787607794
0.030442842111115087
0.04315205288647145
0.05297317854790877
0.06131152512016743
0.08753962233116644
0.10827649104640195
0.12630881310898434
0.15806047151431582
0.18679771544393717
0.24118860619941238
0.2971448705993265
0.36145994361008016
0.4471315208332067
0.59307210119052
0.6490340777605044
0.71608166872205
0.9011793146141044
0.9654765138593366
1.037307516291074
1.181335101925119
1.3063383896415208
1.4184629462172766
1.5285703209978245
1.5867023250262098
1.6502512460761196
1.7248234728892924
1.7703897479846495
1.8279014919154397
1.8659572982416155
1.889778876627583
1.9197472700245166
1.9389120545401126
1.963606978913444
1.979877306610558
2.0016850854986536
2.016854253641806
2.0388290410035412
2.0556530030879583
2.080410368132749
2.1071366141704195
2.1256707072602827
2.1487342803401694
2.1640567548256877
2.1758304821011873
2.185540999574454
2.2139596844942346
2.2342284212986954
2.2504537601265464
2.2762541775780716
2.2968929928505433
2.329790524223295
2.3788084774457006
2.4167588370190187
2.448692799868295
2.5022130602320996
2.5882136802898446
2.661275628692867
2.729197586914105
2.7966132467442817
2.8683024156374906
2.9081608990335144
2.9534716974193898
2.9796962128745212
3.010213046229222
3.0281567491873767
3.049247863913125
3.0764868209955236
3.0852506408547673
3.0956229498840537
3.1091109582742376
3.1134676677987603
3.1186327617644705
3.1253605507704156
3.130115845175668
3.133477781915398
3.141592653589793
5.407252102776773
10.813991430877397
71
0.
0.0003255208333333333
0.0006510416666666666
0.0013020833333333333
0.0026041666666666665
0.005208333333333333
0.010416666666666666
0.015625
0.020833333333333332
0.041666666666666664
0.0625
0.08333333333333333
0.125
0.16666666666666666
0.25
0.3333333333333333
0.41666666666666663
0.5
0.5833333333333333
0.625
0.6666666666666666
0.6875
0.7083333333333333
0.7291666666666666
0.75
0.7708333333333333
0.7916666666666666
0.8020833333333333
0.8125
0.8177083333333333
0.8203125
0.8229166666666666
0.82421875
0.8255208333333333
0.8268229166666666
0.8271484375
0.8274739583333333
0.828125
0.8284505208333333
0.8287760416666666
0.8294270833333333
0.830078125
0.8307291666666666
0.83203125
0.8333333333333333
0.8359375
0.8385416666666666
0.84375
0.8541666666666666
0.8645833333333333
0.875
0.8958333333333333
0.9166666666666666
0.9375
0.9583333333333333
0.96875
0.9791666666666666
0.984375
0.9895833333333333
0.9921875
0.9947916666666666
0.9973958333333333
0.998046875
0.9986979166666666
0.9993489583333333
0.99951171875
0.9996744791666666
0.9998372395833333
0.9999186197916666
0.9999593098958333
1.
0.
0.007168817707005236
0.010139670543496621
0.014343711311853807
0.020296551321792148
0.028736269475845847
0.040732163826897885
0.05000145260514086
0.05787075861249371
0.08261943776277952
0.10218079351575789
0.11918537994078679
0.14911107540941745
0.1761720710079997
0.22730065007895836
0.2797117419372291
0.3395600435785383
0.41819967912773814
0.5483846353379981
0.6558145417930211
0.8084749611855053
0.9141274481756371
1.0420965715972768
1.1722743659066155
1.2942964185214763
1.4130884316350891
1.5388036572660748
1.61043479943118
1.6968374495884706
1.7521118000711509
1.786062118580081
1.8280476348010775
1.8543836008232844
1.887441301478031
1.9346312425791656
1.9510520852341726
1.9710397578624947
2.0290037566016825
2.0646372735033918
2.0945215894820843
2.1354438362466075
2.1630838113820685
2.1842468759994405
2.2165350919599294
2.2414856385522244
2.280146769091157
2.310548465674789
2.3585639978088024
2.43012346465796
2.486263926552232
2.534458089529829
2.6183380081511753
2.694321143580185
2.7686014392971465
2.846802542316702
2.8900415720635384
2.939046184516714
2.9673519967252764
3.0002499964739777
3.019576896656682
3.0422811812865374
3.0715876740467936
3.0810132425204655
3.0921686195329348
3.1066710942620466
3.1113554149400486
3.116909515085173
3.1241440672539085
3.1292571509206533
3.1328713904384693
3.141592653589793
5.543182020717557
10.163553396257875
63
0.
0.0006510416666666666
0.0013020833333333333
0.0026041666666666665
0.005208333333333333
0.010416666666666666
0.015625
0.020833333333333332
0.041666666666666664
0.0625
0.08333333333333333
0.125
0.16666666666666666
0.25
0.3333333333333333
0.41666666666666663
0.5
0.5833333333333333
0.625
0.6666666666666666
0.6875
0.7083333333333333
0.7291666666666666
0.75
0.7708333333333333
0.7916666666666666
0.8020833333333333
0.8125
0.8229166666666666
0.828125
0.8307291666666666
0.8333333333333333
0.8359375
0.8372395833333333
0.8385416666666666
0.83984375
0.8411458333333333
0.84375
0.8463541666666666
0.8489583333333333
0.8541666666666666
0.8645833333333333
0.875
0.8958333333333333
0.9166666666666666
0.9375
0.9583333333333333
0.96875
0.9791666666666666
0.984375
0.9895833333333333
0.9921875
0.9947916666666666
0.99609375
0.9973958333333333
0.9986979166666666
0.9990234375
0.9993489583333333
0.9996744791666666
0.9998372395833333
0.9999186197916666
0.9999593098958333
1.
0.
0.009575845112379274
0.013546088988011077
0.01916784239084895
0.027137988755202572
0.03846601061433333
0.04721878042255154
0.05464918275181851
0.07801433117841461
0.09647765522311066
0.11252343851414705
0.14074888461175078
0.1662535566881638
0.21436862555644837
0.2635327530678671
0.31933756405376074
0.3917163753263385
0.5080405591060381
0.6018654715506836
0.7316453379737529
0.8170155620347296
0.9223920233134116
1.042454881795924
1.164969804822545
1.2876132364352812
1.4156493143437527
1.4852838599199139
1.5630829212445596
1.658017348140864
1.7196790411105982
1.7580278680430705
1.805970286995676
1.8739043820725567
1.9244734002706338
1.9940551428808115
2.064222285232572
2.1145894635272238
2.180052843356427
2.2247703047662593
2.2597173619595985
2.314418188688329
2.3950141846632476
2.457746703041066
2.5598020316899217
2.6479900638922604
2.7320271920070685
2.8190838104661395
2.8668024497401468
2.92063028986457
2.9516262320113027
2.9875832863427756
3.008680041154053
3.0334418855829
3.0480901867965917
3.0653771211400893
3.087790137087498
3.095017784705095
3.103580574603459
3.1147249607628527
3.1225987104376145
3.128164095772332
3.13209832262843
3.141592653589793
5.679111938658341
9.544637930185303
58
0.
0.0006510416666666666
0.0013020833333333333
0.0026041666666666665
0.005208333333333333
0.010416666666666666
0.015625
0.020833333333333332
0.041666666666666664
0.0625
0.08333333333333333
0.125
0.16666666666666666
0.25
0.3333333333333333
0.41666666666666663
0.5
0.5833333333333333
0.625
0.6666666666666666
0.7083333333333333
0.75
0.7708333333333333
0.7916666666666666
0.8125
0.8229166666666666
0.8333333333333333
0.8385416666666666
0.84375
0.8463541666666666
0.8489583333333333
0.8515625
0.8541666666666666
0.859375
0.8645833333333333
0.875
0.8854166666666666
0.8958333333333333
0.9166666666666666
0.9375
0.9583333333333333
0.96875
0.9791666666666666
0.984375
0.9895833333333333
0.9921875
0.9947916666666666
0.99609375
0.9973958333333333
0.9986979166666666
0.9990234375
0.9993489583333333
0.9996744791666666
0.9998372395833333
0.9999186197916666
0.9999593098958333
0.9999796549479166
1.
0.
0.009044911397290443
0.01279500613174255
0.018104981040941548
0.02563300652159407
0.036332298185640294
0.044598904998631575
0.05161627004956367
0.07368013250286162
0.09111155282836471
0.10625709282926374
0.13288847226910264
0.15693720915267426
0.20224431660713482
0.24840472520295506
0.3005096146060739
0.36726851964176743
0.47152098543783855
0.5535644953554015
0.6654125340398426
0.823571605134859
1.0417033344822824
1.1613521676367338
1.288145043079858
1.429209722199857
1.5113396604439524
1.6116176605010457
1.6760930881425202
1.7626765532087085
1.8233422764391571
1.906266527024295
2.0051176142521445
2.0844468437411128
2.1852032193530233
2.2520507321675654
2.347385215922969
2.41992863653484
2.481370852239979
2.5878287217090694
2.6853593276358314
2.7841030386521024
2.8375933606450814
2.89756091489298
2.931956851513765
2.971761851786196
2.9950771842533204
3.022414098655573
3.03857297042421
3.057633776827141
3.0823336079356567
3.0902967388625213
3.0997287387126513
3.112003562299811
3.120676166145761
3.1268055394398293
3.1311381215157197
3.1342009508936157
3.141592653589793
5.815041856599126
8.958788864546198
56
0.
0.0006510416666666666
0.0013020833333333333
0.0026041666666666665
0.005208333333333333
0.0078125
0.010416666666666666
0.020833333333333332
0.03125
0.041666666666666664
0.08333333333333333
0.125
0.16666666666666666
0.25
0.3333333333333333
0.41666666666666663
0.5
0.5833333333333333
0.625
0.6666666666666666
0.7083333333333333
0.75
0.7708333333333333
0.7916666666666666
0.8125
0.8229166666666666
0.8333333333333333
0.84375
0.8541666666666666
0.859375
0.8645833333333333
0.8697916666666666
0.875
0.8854166666666666
0.8958333333333333
0.9166666666666666
0.9375
0.9583333333333333
0.96875
0.9791666666666666
0.984375
0.9895833333333333
0.9921875
0.9947916666666666
0.99609375
0.9973958333333333
0.9986979166666666
0.9990234375
0.9993489583333333
0.9996744791666666
0.999755859375
0.9998372395833333
0.9999186197916666
0.9999593098958333
0.9999796549479166
1.
0.
0.008542475927710813
0.012084234851366355
0.017099181482889258
0.024208845065797326
0.029682820023608985
0.034313237507769004
0.048746536521472844
0.059977182513794434
0.0695797303988832
0.10033068094066819
0.1254571971231165
0.14813315427950977
0.19079898310592183
0.23414684526457308
0.28281493970118227
0.3444442758162013
0.4380946359044779
0.5099747511499854
0.6070326353955009
0.7405426671396886
0.9303152607565882
1.0415435967616498
1.1623350678915185
1.2970407589584334
1.3725540034246453
1.4577662185307154
1.561376233762655
1.7093934324866031
1.825139826079276
1.974193619521659
2.093237317212064
2.175568314978626
2.2902386258591148
2.375377749713285
2.5102295970297837
2.6264774102415656
2.7405070253697663
2.801343374313475
2.8690270007351764
2.907662943436625
2.9522462681368613
2.9783077991341624
3.008827671917731
3.0268506403141164
3.0480999883913356
3.075616110723976
3.0844839993733593
3.0949875578664177
3.108654037653423
3.1130705667436427
3.11830793004753
3.1251310560261953
3.1299541391819092
3.1333637770939595
3.141592653589793
5.95097177453991
8.405808668567303
54
0.
0.0006510416666666666
0.0013020833333333333
0.0026041666666666665
0.005208333333333333
0.0078125
0.010416666666666666
0.020833333333333332
0.03125
0.041666666666666664
0.08333333333333333
0.125
0.16666666666666666
0.25
0.3333333333333333
0.41666666666666663
0.5
0.5833333333333333
0.6666666666666666
0.7083333333333333
0.75
0.7916666666666666
0.8125
0.8333333333333333
0.84375
0.8541666666666666
0.8645833333333333
0.8697916666666666
0.875
0.8802083333333333
0.8854166666666666
0.8958333333333333
0.90625
0.9166666666666666
0.9375
0.9583333333333333
0.96875
0.9791666666666666
0.984375
0.9895833333333333
0.9921875
0.9947916666666666
0.99609375
0.9973958333333333
0.998046875
0.9986979166666666
0.9993489583333333
0.99951171875
0.9996744791666666
0.9998372395833333
0.9999186197916666
0.9999593098958333
0.9999796549479166
1.
0.
0.00806642266739797
0.011410790213431853
0.016146208129780626
0.02285948609570289
0.028028177961476167
0.03240027719200338
0.0460277320978432
0.05663047368327482
0.06569535585389297
0.09471771162340362
0.11842070161341771
0.13979925626808173
0.17997322341622887
0.22067695540792864
0.26613689580624966
0.3230583604703915
0.4073654518313556
0.5550622076902574
0.6693532121342707
0.8325242594407117
1.0439184923244111
1.1695720611574967
1.3168510806505915
1.4044115879498253
1.5104605690646191
1.6546710577172101
1.7544221183666133
1.8764710446196202
1.9960071105939137
2.0910894066209043
2.227133256633819
2.3272643007632183
2.410400955845977
2.553540919487539
2.6876988748570243
2.7577962585572497
2.8349911642457233
2.8787759202065275
2.9291088462503967
2.9584561607735926
2.992764295005779
3.0130020898461165
3.036840693469188
3.050978330844594
3.0676901361122177
3.0893955742693113
3.0964009465816393
3.1047039417255458
3.1155175194866316
3.123159304741033
3.128560582866223
3.132378724784818
3.141592653589793
6.154866651451086
7.630935002716111
53
0.
0.0006510416666666666
0.0013020833333333333
0.0026041666666666665
0.005208333333333333
0.010416666666666666
0.020833333333333332
0.03125
0.041666666666666664
0.08333333333333333
0.125
0.16666666666666666
0.25
0.3333333333333333
0.41666666666666663
0.5
0.5833333333333333
0.6666666666666666
0.7083333333333333
0.75
0.7916666666666666
0.8125
0.8333333333333333
0.8541666666666666
0.875
0.8802083333333333
0.8854166666666666
0.8958333333333333
0.9010416666666666
0.90625
0.9166666666666666
0.9270833333333333
0.9375
0.9583333333333333
0.96875
0.9791666666666666
0.984375
0.9895833333333333
0.9921875
0.9947916666666666
0.99609375
0.9973958333333333
0.998046875
0.9986979166666666
0.9993489583333333
0.99951171875
0.9996744791666666
0.9998372395833333
0.9999186197916666
0.9999593098958333
0.9999796549479166
0.9999898274739583
1.
0.
0.0073980034343265125
0.01046521703511994
0.01480816525089965
0.020964922017205623
0.029714453667199908
0.042210703557659865
0.05193216456283489
0.060242554742597966
0.08684034691626179
0.10854841306877652
0.12811079530890385
0.1648043828084051
0.20183376559941316
0.2428796716307898
0.2934720337321275
0.36586576126369086
0.48748588609620547
0.5796456348240895
0.709620983667601
0.8881619071092214
0.9966371060699428
1.1249278741627178
1.2833332494291179
1.505401048267161
1.5807724450063227
1.6685714942472718
1.8753103631935268
1.9747380809724024
2.0611877599264234
2.200973001053332
2.313362925052438
2.411090930883665
2.5884487375058174
2.67702107668061
2.772525322283701
2.8260025848506523
2.8870163084832146
2.9224097623721748
2.9636533418066864
2.9879308319304814
3.0164766962447045
3.033386335248621
3.0533657218751156
3.0792913161714046
3.0876556662593786
3.0975696448327956
3.110478726639988
3.1195992898933214
3.1260447440383667
3.1306004929168596
3.1338209573602143
3.141592653589793
6.460708966817851
6.575177977123881
50
0.
0.0013020833333333333
0.0026041666666666665
0.005208333333333333
0.010416666666666666
0.020833333333333332
0.03125
0.041666666666666664
0.08333333333333333
0.125
0.16666666666666666
0.25
0.3333333333333333
0.41666666666666663
0.5
0.5833333333333333
0.6666666666666666
0.75
0.7708333333333333
0.7916666666666666
0.8333333333333333
0.8541666666666666
0.875
0.8958333333333333
0.90625
0.9166666666666666
0.9270833333333333
0.9375
0.9583333333333333
0.96875
0.9791666666666666
0.984375
0.9895833333333333
0.9921875
0.9947916666666666
0.99609375
0.9973958333333333
0.998046875
0.9986979166666666
0.9990234375
0.9993489583333333
0.9996744791666666
0.999755859375
0.9998372395833333
0.9999186197916666
0.9999593098958333
0.9999796549479166
0.9999898274739583
0.9999949137369791
1.
0.
0.009177429092801356
0.012985872043388419
0.018384746143567
0.026056776558544915
0.03701278783005385
0.045534547120294235
0.05281803791228359
0.07611763323963
0.09511495237712754
0.11221292054243273
0.1441987992969139
0.1762939244614157
0.21150063733873795
0.25400337914763227
0.31227826182483204
0.4048547747334445
0.5675905733697049
0.6294323113819211
0.7026004241637615
0.8867527082873905
1.0097633063724822
1.1687097183136543
1.3918496004263265
1.5431371532510334
1.7266134164935134
1.9188651477927474
2.091753435102591
2.3787967488708017
2.510084679343463
2.6457076323575053
2.7196865881645755
2.8028148521863234
2.850542891387762
2.9057968070427225
2.9381658873085468
2.9761209135187423
2.998557480181379
3.025022361828435
3.0407319682339393
3.0593164807906086
3.083468212975079
3.091266421795905
3.1005112846294933
3.1125527668726525
3.1210628607107584
3.127078149690585
3.1313304746413957
3.1343367595950484
3.141592653589793
6.766551282184616
5.626589045617475
49
0.
0.0013020833333333333
0.0026041666666666665
0.005208333333333333
0.010416666666666666
0.015625
0.020833333333333332
0.041666666666666664
0.0625
0.08333333333333333
0.16666666666666666
0.25
0.3333333333333333
0.5
0.5833333333333333
0.6666666666666666
0.75
0.7916666666666666
0.8333333333333333
0.8541666666666666
0.875
0.8958333333333333
0.9166666666666666
0.9270833333333333
0.9375
0.9479166666666666
0.9583333333333333
0.96875
0.9791666666666666
0.984375
0.9895833333333333
0.9921875
0.9947916666666666
0.99609375
0.9973958333333333
0.998046875
0.9986979166666666
0.9990234375
0.9993489583333333
0.99951171875
0.9996744791666666
0.9998372395833333
0.9998779296875
0.9999186197916666
0.9999593098958333
0.9999796549479166
0.9999898274739583
0.9999949137369791
1.
0.
0.00803263783634043
0.011365949586452791
0.016091147271707282
0.022805489274100484
0.027991675366517314
0.032392814227490956
0.04622027477067271
0.057129352912414666
0.0665931013644739
0.09810826629071254
0.12595143805549716
0.15374879092565852
0.2198400657585717
0.2674471608120646
0.3397167031413903
0.4625456064712956
0.56366731689334
0.7067679296082107
0.8012014938792688
0.9224846465802286
1.0861270587110574
1.3225929671586696
1.4822581995672803
1.6705522802502653
1.8746232824561777
2.076245228690573
2.2705515811929287
2.4657979578198472
2.569755464744685
2.6847537049757073
2.7500549767814175
2.825117854303167
2.8688685108356626
2.919996497986987
2.950147084727773
2.985651059519299
3.006704673327035
3.031587591676932
3.046381240752176
3.0638994361899696
3.0866872862817263
3.0940499245841067
3.102780483271964
3.114154109851375
3.1221935731727823
3.1278768813133717
3.131894862195878
3.141592653589793
7.174341036006968
4.507603975062577
49
0.
0.0026041666666666665
0.005208333333333333
0.010416666666666666
0.020833333333333332
0.03125
0.041666666666666664
0.08333333333333333
0.125
0.16666666666666666
0.3333333333333333
0.5
0.5833333333333333
0.6666666666666666
0.75
0.7916666666666666
0.8333333333333333
0.8541666666666666
0.875
0.8958333333333333
0.9166666666666666
0.9375
0.9479166666666666
0.9583333333333333
0.96875
0.9791666666666666
0.984375
0.9895833333333333
0.9921875
0.9947916666666666
0.99609375
0.9973958333333333
0.998046875
0.9986979166666666
0.9990234375
0.9993489583333333
0.99951171875
0.9996744791666666
0.999755859375
0.9998372395833333
0.9999186197916666
0.99993896484375
0.9999593098958333
0.9999796549479166
0.9999898274739583
0.9999949137369791
0.9999974568684895
0.9999987284342448
1.
0.
0.009490855802535943
0.013436342743206119
0.01904241748393531
0.027046291303798226
0.03326974760809945
0.038587011389040735
0.05558055459617597
0.06940989761139112
0.08182673838626157
0.1278914893709527
0.18147339270334223
0.2186237810097033
0.2725635144114322
0.36077562855156886
0.4309994742683284
0.5336489526713102
0.6014760325948023
0.6875876601313295
0.8022705510679103
0.9648132041237106
1.2137945902846605
1.3874941379321586
1.600491451955845
1.8497882286244929
2.130292479424342
2.2852620227025664
2.457964775128802
2.5561110058833236
2.6687875936157797
2.734360928023141
2.8108876866093153
2.855964294371016
2.909005445280681
2.9404358065434266
2.9775670665100367
2.999638683557393
3.0257653411954974
3.0413153448138646
3.0597428251922807
3.083739497690227
3.091496900277056
3.1006959809426338
3.1126801750142428
3.12115135940583
3.1271399327080016
3.1313737647728583
3.1343671719478374
3.141592653589793
7.718060707770105
3.2615429866182524
50
0.
0.0026041666666666665
0.005208333333333333
0.010416666666666666
0.020833333333333332
0.041666666666666664
0.08333333333333333
0.125
0.16666666666666666
0.3333333333333333
0.5
0.5833333333333333
0.6666666666666666
0.75
0.7916666666666666
0.8333333333333333
0.875
0.8958333333333333
0.9166666666666666
0.9375
0.9479166666666666
0.9583333333333333
0.96875
0.9791666666666666
0.984375
0.9895833333333333
0.9921875
0.9947916666666666
0.99609375
0.9973958333333333
0.998046875
0.9986979166666666
0.9990234375
0.9993489583333333
0.99951171875
0.9996744791666666
0.999755859375
0.9998372395833333
0.9998779296875
0.9999186197916666
0.9999593098958333
0.999969482421875
0.9999796549479166
0.9999898274739583
0.9999923706054688
0.9999949137369791
0.9999974568684895
0.9999987284342448
0.9999993642171223
1.
0.
0.007434941955981546
0.010525647319751936
0.014916972058908589
0.02118592939148922
0.030223206497785284
0.043524012958435665
0.05433929549214654
0.064039681915642
0.09986467548022351
0.14080400519701888
0.16831902531493223
0.20679504101055923
0.2672559708070543
0.31338025817451176
0.38032594524799546
0.4823827373284318
0.5576451195747726
0.6622172916004937
0.8224370297098752
0.9392177545360695
1.0953245356067003
1.3082781117548181
1.6051011033014317
1.7992857232835415
2.0397521244576717
2.186092373871122
2.361047670246667
2.4656822459253185
2.5898618157800364
2.6638675077266583
2.7516147373877344
2.8039013071742795
2.865903130886478
2.9028540740553166
2.9466766083636617
2.9727961990718303
3.0037757676681784
3.0222419083320187
3.0441449579295714
3.0726879764865975
3.081919774779485
3.092870263920583
3.1071410088329543
3.111756734516336
3.117231805634553
3.124367004642864
3.1294123163271954
3.1329798724727107
3.141592653589793
8.261780379533242
2.2840595115416904
52
0.
0.005208333333333333
0.010416666666666666
0.020833333333333332
0.041666666666666664
0.08333333333333333
0.125
0.16666666666666666
0.3333333333333333
0.5
0.5833333333333333
0.6666666666666666
0.75
0.7916666666666666
0.8333333333333333
0.875
0.8958333333333333
0.9166666666666666
0.9375
0.9479166666666666
0.9583333333333333
0.96875
0.9739583333333333
0.9791666666666666
0.984375
0.9895833333333333
0.9921875
0.9947916666666666
0.99609375
0.9973958333333333
0.998046875
0.9986979166666666
0.9990234375
0.9993489583333333
0.99951171875
0.9996744791666666
0.999755859375
0.9998372395833333
0.9998779296875
0.9999186197916666
0.99993896484375
0.9999593098958333
0.999969482421875
0.9999796549479166
0.9999898274739583
0.9999923706054688
0.9999949137369791
0.9999974568684895
0.9999987284342448
0.9999993642171223
0.9999996821085612
1.
0.
0.00821189108550371
0.011637827496421796
0.01652844456429019
0.02357815823688491
0.033951669765853974
0.042383624031928205
0.04994260459114099
0.07779395097689681
0.10931364348552101
0.13013337001887065
0.15861211860882574
0.20211227665717574
0.23427882936991587
0.2798269686952936
0.3498026891853306
0.4012236021222652
0.4724220387189764
0.5797000102802675
0.6578441152327569
0.764694179199023
0.9182899209407679
1.0228290488276814
1.155859434759304
1.33173016652071
1.5786918531822625
1.7470274334923008
1.96712923794282
2.1082972610627375
2.2843624875239192
2.393267451219596
2.525681226278227
2.6060605627271656
2.702590752453009
2.7606531354718675
2.82994306615862
2.8714302039527357
2.920788263625831
2.950276006845551
2.985305856298095
3.0062101542334165
3.0310259214072195
3.0458275416918412
3.063390568162318
3.086286038383706
3.093693088028996
3.1024802723820892
3.1139336731272182
3.122033625277572
3.1277617440525605
3.1318124296201795
3.141592653589793
8.805500051296379
1.547906191071515
55
0.
0.010416666666666666
0.020833333333333332
0.041666666666666664
0.08333333333333333
0.125
0.16666666666666666
0.3333333333333333
0.5
0.6666666666666666
0.75
0.7916666666666666
0.8333333333333333
0.875
0.8958333333333333
0.9166666666666666
0.9375
0.9479166666666666
0.9583333333333333
0.96875
0.9739583333333333
0.9791666666666666
0.984375
0.9869791666666666
0.9895833333333333
0.9921875
0.9934895833333333
0.9947916666666666
0.99609375
0.9973958333333333
0.998046875
0.9986979166666666
0.9990234375
0.9993489583333333
0.99951171875
0.9996744791666666
0.999755859375
0.9998372395833333
0.9998779296875
0.9999186197916666
0.99993896484375
0.9999593098958333
0.999969482421875
0.9999796549479166
0.9999847412109375
0.9999898274739583
0.9999949137369791
0.9999961853027344
0.9999974568684895
0.9999987284342448
0.9999993642171223
0.9999996821085612
0.9999998410542805
0.9999999205271403
1.
0.
0.009034107250949814
0.012830532478123562
0.01830292711347812
0.026355071783673772
0.03289937620644854
0.0387649988480075
0.060352840173033294
0.08465528782389885
0.12200305467000777
0.15413695477382036
0.177383921377077
0.209622020476304
0.25900881429649336
0.2953170827156329
0.3455236630102043
0.4204127564992429
0.4745213628880525
0.5483649755921373
0.6560602852957925
0.7313280049516951
0.830294617992458
0.9677345996522309
1.0597601260233223
1.1766132136209697
1.3321852491745434
1.4323501744836404
1.5550906534086903
1.711066036316224
1.9207987227202332
2.0589698025586785
2.235324606968463
2.346523456584411
2.4837479476367785
2.5680187353581876
2.6700554522935644
2.7318158710944944
2.805845065121793
2.850318166267956
2.9033515151814697
2.935089330282556
2.9728333099079975
2.9953788697896586
3.0221587227491447
3.038136875379488
3.057102333386325
3.0818359823645154
3.0898387989742138
3.0993328447168587
3.111707724111524
3.120459450740232
3.126648539088096
3.131025227079205
3.1341201837179677
3.141592653589793
9.621079558941084
0.8168064948250222
55
0.
0.020833333333333332
0.041666666666666664
0.08333333333333333
0.16666666666666666
0.3333333333333333
0.5
0.6666666666666666
0.75
0.8333333333333333
0.875
0.9166666666666666
0.9375
0.9479166666666666
0.9583333333333333
0.96875
0.9739583333333333
0.9791666666666666
0.984375
0.9869791666666666
0.9895833333333333
0.9921875
0.9934895833333333
0.9947916666666666
0.99609375
0.9967447916666666
0.9973958333333333
0.998046875
0.9986979166666666
0.9990234375
0.9993489583333333
0.99951171875
0.9996744791666666
0.999755859375
0.9998372395833333
0.9998779296875
0.9999186197916666
0.99993896484375
0.9999593098958333
0.999969482421875
0.9999796549479166
0.9999847412109375
0.9999898274739583
0.9999923706054688
0.9999949137369791
0.9999961853027344
0.9999974568684895
0.9999987284342448
0.9999990463256836
0.9999993642171223
0.9999996821085612
0.9999998410542805
0.9999999205271403
0.9999999602635701
1.
0.
0.00867660369340883
0.012377372100783029
0.017822759620497827
0.026214496533120336
0.040800520108680675
0.05715397788763243
0.08192850112823602
0.1027669012713157
0.13764054413520974
0.1681847472540767
0.22167123222462787
0.26773802186927476
0.30067289738994674
0.3452024285460596
0.4100057523580716
0.45571131968072104
0.5168642336236756
0.6045771329259098
0.6655350456924921
0.7459082947350079
0.8588840409840657
0.9357756470214222
1.0351052597947128
1.170643953243075
1.2601129996855287
1.3723380869704516
1.5194788917854982
1.7262366196024064
1.868549630031989
2.057639923261899
2.1811988124202886
2.3381778450572193
2.436892291482713
2.5585660656561506
2.6332464893849346
2.723657220740657
2.77837681019486
2.843978219993143
2.8833870220134177
2.9303897263337872
2.9585198839709705
2.9919769706915846
3.011963644923149
3.035704999541801
3.0498693705284867
3.0666796023295047
3.088601462584108
3.095695421023026
3.1041123752667685
3.115085165194238
3.1228465621151775
3.128335931164954
3.132218117989272
3.141592653589793
10.164799230704222
0.5205772752558442
57
0.
0.041666666666666664
0.08333333333333333
0.16666666666666666
0.3333333333333333
0.5
0.6666666666666666
0.75
0.8333333333333333
0.875
0.9166666666666666
0.9375
0.9479166666666666
0.9583333333333333
0.96875
0.9739583333333333
0.9791666666666666
0.984375
0.9869791666666666
0.9895833333333333
0.9921875
0.9934895833333333
0.9947916666666666
0.99609375
0.9967447916666666
0.9973958333333333
0.998046875
0.9983723958333333
0.9986979166666666
0.9990234375
0.9993489583333333
0.99951171875
0.9996744791666666
0.999755859375
0.9998372395833333
0.9998779296875
0.9999186197916666
0.99993896484375
0.9999593098958333
0.999969482421875
0.9999796549479166
0.9999847412109375
0.9999898274739583
0.9999923706054688
0.9999949137369791
0.9999961853027344
0.9999974568684895
0.9999980926513672
0.9999987284342448
0.9999993642171223
0.9999995231628418
0.9999996821085612
0.9999998410542805
0.9999999205271403
0.9999999602635701
0.999999980131785
1.
0.
0.009460551984455586
0.013622740442496594
0.020036806664267538
0.03118210243419814
0.04365948014364974
0.0624644048291331
0.0781473511244704
0.10408918620997754
0.12665099860695953
0.1661384733685825
0.200120565062086
0.22430763116872668
0.25688890639549034
0.3041039419656935
0.3373819192721634
0.38203621866380155
0.4466217937459632
0.49200712809311126
0.5525874371438003
0.639305383820001
0.6994648473334173
0.7786576101548325
0.8896618402974552
0.9649831120529643
1.0620054570334085
1.193957113861693
1.280853435062027
1.3897241868127395
1.5324348565907961
1.7333463362571635
1.872149400178489
2.0574776375614836
2.1792454253895293
2.3347385995099934
2.4329598085232855
2.554477566292118
2.62928703716155
2.7200577336711946
2.775091387027007
2.8411589805924717
2.8808963348865215
2.928297612625059
2.9566820188891385
2.990461132355379
3.0106427046307025
3.03460999257039
3.048910621354337
3.0658867192790553
3.0880314951893757
3.0951991979459663
3.1037046723327393
3.1147945317528847
3.122639879030767
3.128189196242288
3.1321140665212313
3.141592653589793
10.980378738348927
0.26530733005980295
60
0.
0.08333333333333333
0.16666666666666666
0.3333333333333333
0.5
0.6666666666666666
0.75
0.8333333333333333
0.875
0.9166666666666666
0.9375
0.9583333333333333
0.96875
0.9791666666666666
0.984375
0.9869791666666666
0.9895833333333333
0.9921875
0.9934895833333333
0.9947916666666666
0.99609375
0.9967447916666666
0.9973958333333333
0.998046875
0.9983723958333333
0.9986979166666666
0.9990234375
0.9991861979166666
0.9993489583333333
0.99951171875
0.9995930989583333
0.9996744791666666
0.999755859375
0.9998372395833333
0.9998779296875
0.9999186197916666
0.99993896484375
0.9999593098958333
0.999969482421875
0.9999796549479166
0.9999847412109375
0.9999898274739583
0.9999923706054688
0.9999949137369791
0.9999961853027344
0.9999974568684895
0.9999980926513672
0.9999987284342448
0.9999990463256836
0.9999993642171223
0.9999996821085612
0.9999997615814209
0.9999998410542805
0.9999999205271403
0.9999999403953552
0.9999999602635701
0.999999980131785
0.9999999900658925
0.9999999950329462
1.
0.
0.008985244833488568
0.013215660720345244
0.020564483031376885
0.028781060487453672
0.04111103940011125
0.051321383678773855
0.06805000305935471
0.08250897886868572
0.10779750912972773
0.12955197170320013
0.16570254890185307
0.19559424004441286
0.24485096791903832
0.2858879789795274
0.3149469247355556
0.3540973631634414
0.4109489545910232
0.4509930851167686
0.5045110340411535
0.5811853543016385
0.6344095663059054
0.7045373644977619
0.8030618321338104
0.8701592610498413
0.956999314538271
1.0760916927877862
1.15529638814429
1.255576693302325
1.3890964610456762
1.4753812842918126
1.581803922668974
1.718721877842805
1.9070711113281478
2.034562352718231
2.201927498032394
2.3103327221316525
2.447251616984668
2.533028105871243
2.6384564892149185
2.703056866288632
2.781160865996116
2.8284144493992884
2.8850056295997173
2.9189948087619313
2.9595347385836117
2.9837944380492796
3.0126278171891356
3.0298419314604663
3.050286491620776
3.0769720154282125
3.0856134047218267
3.0958701370081365
3.1092475006666436
3.1135768755131146
3.1187139371250616
3.1254113334605638
3.130148918276032
3.133499803076288
3.141592653589793
11.524098410112064
0.17438632285131833
61
0.
0.16666666666666666
0.3333333333333333
0.5
0.6666666666666666
0.75
0.8333333333333333
0.875
0.9166666666666666
0.9375
0.9583333333333333
0.96875
0.9791666666666666
0.984375
0.9895833333333333
0.9921875
0.9934895833333333
0.9947916666666666
0.99609375
0.9967447916666666
0.9973958333333333
0.998046875
0.9983723958333333
0.9986979166666666
0.9990234375
0.9991861979166666
0.9993489583333333
0.99951171875
0.9995930989583333
0.9996744791666666
0.999755859375
0.9997965494791666
0.9998372395833333
0.9998779296875
0.9999186197916666
0.99993896484375
0.9999593098958333
0.999969482421875
0.9999796549479166
0.9999847412109375
0.9999898274739583
0.9999923706054688
0.9999949137369791
0.9999961853027344
0.9999974568684895
0.9999980926513672
0.9999987284342448
0.9999990463256836
0.9999993642171223
0.9999995231628418
0.9999996821085612
0.9999998410542805
0.9999998807907104
0.9999999205271403
0.9999999602635701
0.9999999701976776
0.999999980131785
0.9999999900658925
0.9999999950329462
0.9999999975164731
1.
0.
0.009901492491865957
0.01540659326245035
0.021558625040291893
0.030775733419735423
0.03838930098653541
0.050821771693481545
0.06154248052989502
0.08028716206431816
0.09641090434555934
0.12315858678360271
0.14522739057828624
0.18155738697312426
0.21186418477504854
0.26245292156852523
0.3048885622601219
0.3349420212051778
0.3753308625555871
0.4336596214078497
0.4744894652638277
0.5287400816932198
0.605894012734241
0.6591077154092944
0.728852420309933
0.8262280100941356
0.8921891549225874
0.9771949574016288
1.0932017806321703
1.170055037469446
1.2670924340367635
1.3959719532362702
1.4791601006820445
1.5817719979845608
1.713965403437218
1.8965852972930477
2.020996366975002
2.1856301512723744
2.2931894817019947
2.4301703074724577
2.516615971570458
2.623567439891762
2.6894416951678415
2.769419364634888
2.8179847764111026
2.8762872849647576
2.911331200085887
2.953166793221438
2.978230584637172
3.0080546146742773
3.0258675772547283
3.0470279530468245
3.0746553507638774
3.083603584014456
3.0942256955128267
3.1080815318928994
3.112566225551335
3.117887880172776
3.1248264244814195
3.1297349252749878
3.133206865545232
3.141592653589793
12.0678180818752
0.12042860054858404
63
0.
0.16666666666666666
0.3333333333333333
0.5
0.6666666666666666
0.75
0.8333333333333333
0.875
0.9166666666666666
0.9375
0.9583333333333333
0.96875
0.9791666666666666
0.984375
0.9895833333333333
0.9921875
0.9947916666666666
0.99609375
0.9967447916666666
0.9973958333333333
0.998046875
0.9983723958333333
0.9986979166666666
0.9990234375
0.9991861979166666
0.9993489583333333
0.99951171875
0.9995930989583333
0.9996744791666666
0.999755859375
0.9997965494791666
0.9998372395833333
0.9998779296875
0.9998982747395833
0.9999186197916666
0.99993896484375
0.9999593098958333
0.999969482421875
0.9999796549479166
0.9999847412109375
0.9999898274739583
0.9999923706054688
0.9999949137369791
0.9999961853027344
0.9999974568684895
0.9999980926513672
0.9999987284342448
0.9999990463256836
0.9999993642171223
0.9999995231628418
0.9999996821085612
0.9999997615814209
0.9999998410542805
0.9999998807907104
0.9999999205271403
0.9999999602635701
0.9999999701976776
0.999999980131785
0.9999999900658925
0.9999999950329462
0.9999999975164731
0.9999999987582365
1.
0.
0.007320272481090756
0.011389725501336996
0.01593578652408304
0.02273978770456044
0.02835138497279854
0.037496391807878324
0.045370162384273986
0.059134371107701686
0.07097361434959608
0.09059540610083963
0.10676443872391135
0.13336668044227368
0.15557559725705095
0.19274739516812367
0.22405972681994155
0.2763404651582855
0.31993834975930924
0.35063320185808566
0.39165536607675705
0.4504927971467855
0.49143409445404534
0.5455650083848526
0.6220933808716255
0.6745908615304933
0.7430678124105448
0.838095836610637
0.9021132057084575
0.9842285621914959
1.0956777824990949
1.1691823058948898
1.2617089232051721
1.3842575682259577
1.4632650431225416
1.5607393053702632
1.6865995453232765
1.8615639865769151
1.981902258541893
2.1431580196965974
2.2500457183463536
2.3882224266133143
2.476701172950131
2.587527257886439
2.6565361516111086
2.741045357604998
2.792683861777017
2.8549830230550146
2.892633190233037
2.937712011987306
2.9647476503741843
2.996963112611874
3.016237348525138
3.039156627541236
3.0528400287917887
3.0690871925104477
3.090287271189938
3.0971507031246506
3.105296075322142
3.1159179802945127
3.12343335277718
3.1287498036295274
3.1325102435884444
3.141592653589793
12.611537753638338
0.0891770635090484
66
0.
0.16666666666666666
0.3333333333333333
0.5
0.6666666666666666
0.75
0.8333333333333333
0.875
0.9166666666666666
0.9375
0.9583333333333333
0.96875
0.9791666666666666
0.984375
0.9895833333333333
0.9921875
0.9947916666666666
0.99609375
0.9973958333333333
0.998046875
0.9983723958333333
0.9986979166666666
0.9990234375
0.9991861979166666
0.9993489583333333
0.99951171875
0.9995930989583333
0.9996744791666666
0.999755859375
0.9997965494791666
0.9998372395833333
0.9998779296875
0.9998982747395833
0.9999186197916666
0.99993896484375
0.9999491373697916
0.9999593098958333
0.999969482421875
0.9999796549479166
0.9999847412109375
0.9999898274739583
0.9999923706054688
0.9999949137369791
0.9999961853027344
0.9999974568684895
0.9999980926513672
0.9999987284342448
0.9999990463256836
0.9999993642171223
0.9999995231628418
0.9999996821085612
0.9999997615814209
0.9999998410542805
0.9999998807907104
0.9999999205271403
0.9999999403953552
0.9999999602635701
0.999999980131785
0.9999999850988388
0.9999999900658925
0.9999999950329462
0.9999999975164731
0.9999999987582365
0.9999999993791182
0.9999999996895591
1.
0.
0.0053092280529129015
0.008260337743129209
0.011556107656063694
0.01648530010991485
0.020546780661768377
0.027157444439887126
0.03284274129232909
0.042779924615892605
0.051327011537670546
0.0654857436110932
0.07714475398693961
0.0963210985826107
0.11233925950428678
0.1391993771848473
0.1618931699984845
0.19994707013177176
0.23185228328913937
0.28470983849584186
0.32845421986257917
0.35910979577008173
0.39993096569416314
0.45822487624305247
0.49862721834589435
0.5518482290576846
0.6267030971085759
0.6777975241985901
0.7441380935001497
0.8356394482408205
0.8969304939922056
0.9751722206089228
1.0807497476616137
1.1500458476286035
1.2369564972051112
1.3516854087331593
1.4255091312067147
1.5165542979631632
1.634255040574061
1.7987525873432075
1.9129982401264471
2.0683488464459945
2.1732289689833766
2.3117324704235123
2.402458303774023
2.5187205782518887
2.5926734582316118
2.6847345024584057
2.741885731911791
2.8117831454631768
2.8543933487414437
2.9058144655421994
2.9368865896815826
2.974056048959638
2.9963097513129053
3.022782411897593
3.0386026891923064
3.0574069985284487
3.0819765695356978
3.089938886478294
3.0993935208848438
3.111731163811359
3.1204662577458864
3.126648456164769
3.131022715509544
3.134117181291615
3.141592653589793