32
38
3.912023005428146
3.2774247299418224
61
0.
0.000040690104166666664
0.00008138020833333333
0.00016276041666666666
0.0003255208333333333
0.00048828125
0.0006510416666666666
0.0013020833333333333
0.001953125
0.0026041666666666665
0.005208333333333333
0.0078125
0.010416666666666666
0.015625
0.020833333333333332
0.03125
0.041666666666666664
0.0625
0.08333333333333333
0.10416666666666666
0.125
0.16666666666666666
0.20833333333333331
0.25
0.3333333333333333
0.41666666666666663
0.5
0.5416666666666666
0.5833333333333333
0.625
0.6458333333333333
0.6666666666666666
0.6875
0.7083333333333333
0.75
0.7916666666666666
0.8333333333333333
0.8541666666666666
0.875
0.8958333333333333
0.90625
0.9166666666666666
0.9270833333333333
0.9375
0.9583333333333333
0.96875
0.9791666666666666
0.984375
0.9895833333333333
0.9921875
0.9947916666666666
0.99609375
0.9973958333333333
0.9986979166666666
0.9990234375
0.9993489583333333
0.9996744791666666
0.9998372395833333
0.9999186197916666
0.9999593098958333
1.
0.
0.008015810201855784
0.01133735536431775
0.016037086764802047
0.022690189366136922
0.0278023607297318
0.032118061186513856
0.04550514023546391
0.05583509208822792
0.06459260979898261
0.09203958478248984
0.113601323084633
0.13222288704344928
0.16464632092281511
0.19348478701872526
0.24627557959259527
0.2971530655576122
0.405298154476607
0.524463417983243
0.6215778540175831
0.6895247164919476
0.7830156732318205
0.8517988761532814
0.9093702082630319
1.0096060139549805
1.1042984302244643
1.205910406097705
1.2646605312492825
1.3345770833705133
1.426433380881319
1.4875410660327435
1.5634038094210403
1.6495708280345147
1.7320614898767868
1.8687894385925654
1.9857185827577397
2.104238346151194
2.171705761451174
2.2526651463438894
2.362178185413043
2.4357737550343366
2.5205385761261376
2.603130240718621
2.6755043433648287
2.7983628077359075
2.8561003962613114
2.9165548701041093
2.949808807890229
2.9873608281451407
3.0089942088444737
3.0340929120683833
3.048819004213503
3.0661035416696087
3.0883950636307307
3.0955617395864117
3.1040404394825725
3.1150609272706333
3.122839777125837
3.1283349974248016
3.13221927074116
3.141592653589793
4.04795292336893
3.864542596426338
61
0.
0.00008138020833333333
0.00016276041666666666
0.0003255208333333333
0.0006510416666666666
0.0013020833333333333
0.001953125
0.0026041666666666665
0.005208333333333333
0.0078125
0.010416666666666666
0.015625
0.020833333333333332
0.03125
0.041666666666666664
0.0625
0.08333333333333333
0.10416666666666666
0.125
0.14583333333333331
0.16666666666666666
0.20833333333333331
0.25
0.3333333333333333
0.41666666666666663
0.5
0.5416666666666666
0.5833333333333333
0.625
0.6458333333333333
0.6666666666666666
0.6875
0.7083333333333333
0.75
0.8333333333333333
0.875
0.8958333333333333
0.9166666666666666
0.9270833333333333
0.9375
0.9427083333333333
0.9479166666666666
0.953125
0.9583333333333333
0.96875
0.9791666666666666
0.984375
0.9895833333333333
0.9921875
0.9947916666666666
0.99609375
0.9973958333333333
0.9986979166666666
0.9990234375
0.9993489583333333
0.9996744791666666
0.9998372395833333
0.9999186197916666
0.9999593098958333
0.9999796549479166
1.
0.
0.009723784192736435
0.013753817342845134
0.01945736691587148
0.02753540432652767
0.038993614362019306
0.04782209263709118
0.0552955637021696
0.07863282823460353
0.09684916725515881
0.1124763817435342
0.13939805348266632
0.16296772289278888
0.20495656099909518
0.24369042566650018
0.3198914531836415
0.40396446156591226
0.5038374018761351
0.6023199701693868
0.6759897098500985
0.7307908495601979
0.8121842099129069
0.8755074255926377
0.9802758043941314
1.0758972631713115
1.176810544704794
1.2349075451608815
1.3044358294949054
1.3983281840561312
1.4643193017597305
1.5507731814701802
1.6460053344005512
1.7273959838462984
1.8508582084813132
2.047111266398081
2.152741716569361
2.2168658281339746
2.2999367247326417
2.357093967350458
2.4388184077798454
2.496468452164506
2.5653773556324877
2.6333982980537622
2.6922212718411767
2.7884959519088652
2.8729739161477283
2.9156556801106555
2.961893961360653
2.9878553348830197
3.0175212044796385
3.0347478540486077
3.0548352244852937
3.08057736567252
3.0888225334579964
3.0985625496119065
3.1112064854228043
3.1201200037383456
3.126415007341594
3.130863337298684
3.1340073297581625
3.141592653589793
4.251847800280107
4.925630992975593
69
0.
0.00008138020833333333
0.00016276041666666666
0.0003255208333333333
0.0006510416666666666
0.0009765625
0.0013020833333333333
0.0026041666666666665
0.00390625
0.005208333333333333
0.010416666666666666
0.015625
0.020833333333333332
0.03125
0.041666666666666664
0.0625
0.08333333333333333
0.125
0.14583333333333331
0.16666666666666666
0.1875
0.20833333333333331
0.25
0.29166666666666663
0.3333333333333333
0.41666666666666663
0.5
0.5416666666666666
0.5833333333333333
0.6041666666666666
0.625
0.6354166666666666
0.6458333333333333
0.65625
0.6666666666666666
0.6875
0.7083333333333333
0.75
0.7916666666666666
0.8333333333333333
0.875
0.8958333333333333
0.9166666666666666
0.9375
0.9479166666666666
0.9583333333333333
0.9635416666666666
0.9661458333333333
0.96875
0.9713541666666666
0.9739583333333333
0.9765625
0.9791666666666666
0.984375
0.9895833333333333
0.9921875
0.9947916666666666
0.99609375
0.9973958333333333
0.998046875
0.9986979166666666
0.9993489583333333
0.99951171875
0.9996744791666666
0.9998372395833333
0.9999186197916666
0.9999593098958333
0.9999796549479166
1.
0.
0.008030252994625184
0.011357785879351876
0.016066008549833522
0.0227311786550318
0.02785266567189306
0.032176259302801026
0.045588140857995445
0.05593766079836152
0.06471213327036085
0.09221574248421892
0.11382783916990159
0.13249968744331928
0.16503555016302812
0.1940188453285753
0.2472986657585329
0.29924823846655835
0.4163739341899025
0.4919689196095328
0.5794034763148748
0.6575787829387969
0.7175744576363378
0.8048668738291809
0.8714416914174309
0.9286108480196215
1.032382524742547
1.1392555417395285
1.2015188027345607
1.2793645503200377
1.3308202515031713
1.4011567707448156
1.44949586743977
1.509458494353934
1.5728861622462778
1.6275589665501435
1.7089739446713959
1.76953008829152
1.8642434788782203
1.9446690578010906
2.021719769531204
2.1030830092959247
2.1486034758399892
2.20067860570214
2.265435226420728
2.307440859067265
2.3641348250226972
2.4049534852187766
2.4325333809645304
2.4705450265749636
2.5360049115433174
2.650805361385037
2.7254324836473343
2.775541203537859
2.852376301359673
2.920052222698608
2.954694420915231
2.9925418724569255
3.0139168468862643
3.038431205297527
3.05270501725721
3.0693747174493335
3.090776541515427
3.0976362544300677
3.105745362479212
3.1162750038312943
3.1237008308998577
3.1289462078449475
3.1326527535749937
3.141592653589793
4.3877777182208915
5.677176908278366
80
0.
0.00008138020833333333
0.00016276041666666666
0.0003255208333333333
0.0006510416666666666
0.0013020833333333333
0.0026041666666666665
0.00390625
0.005208333333333333
0.010416666666666666
0.015625
0.020833333333333332
0.03125
0.041666666666666664
0.0625
0.08333333333333333
0.125
0.16666666666666666
0.1875
0.20833333333333331
0.22916666666666666
0.25
0.29166666666666663
0.3333333333333333
0.41666666666666663
0.5
0.5416666666666666
0.5625
0.5833333333333333
0.6041666666666666
0.6145833333333333
0.625
0.6354166666666666
0.6458333333333333
0.6666666666666666
0.6875
0.7083333333333333
0.75
0.8333333333333333
0.875
0.9166666666666666
0.9375
0.9479166666666666
0.9583333333333333
0.9635416666666666
0.96875
0.9713541666666666
0.9739583333333333
0.974609375
0.9752604166666666
0.9759114583333333
0.9765625
0.9772135416666666
0.9775390625
0.9777018229166666
0.9778645833333333
0.97802734375
0.9781901041666666
0.978515625
0.9788411458333333
0.9791666666666666
0.9798177083333333
0.98046875
0.9817708333333333
0.984375
0.9895833333333333
0.9921875
0.9947916666666666
0.99609375
0.9973958333333333
0.998046875
0.9986979166666666
0.9993489583333333
0.99951171875
0.9996744791666666
0.9998372395833333
0.9999186197916666
0.9999593098958333
0.9999796549479166
1.
0.
0.007224130663246066
0.01021741249541341
0.014452288235051416
0.020446213865289636
0.028936866042679987
0.04098418253298115
0.0502707295819413
0.058135499601075794
0.08272182035003896
0.10195064438408674
0.11848054432411086
0.14705224218781313
0.17219319043411893
0.2173906914242582
0.25975848838467597
0.3464972055872542
0.45347675350824473
0.5241925324389085
0.6040822727989289
0.6752839344853387
0.7316390890192519
0.816575616117705
0.8833097482533805
0.997308696130197
1.111346246951335
1.1784709745484978
1.2183977669308756
1.266579707745304
1.3314718211950078
1.3773881307096916
1.4422545191737746
1.5259365618363485
1.5954345576068556
1.6842439028620932
1.7449641273193421
1.793855909510228
1.8754320692704671
2.0183354704606753
2.0931235976503895
2.1815042081008342
2.2379402240313575
2.2727818941739533
2.3162529149611033
2.3438813104997696
2.3792849385281643
2.4024537101018404
2.4332572327329074
2.44312936547078
2.454491027180182
2.468053377786201
2.4852786873750032
2.5101939702226628
2.5300114117491046
2.5450622387917856
2.5700851574254586
2.613168750134921
2.641302277394422
2.671421118171689
2.6908704329779436
2.7059632645655407
2.7296789969251054
2.748718182210623
2.779667371496461
2.828323398642003
2.9075342525148153
2.945524726510987
2.9860622832171018
3.00866094179935
3.034397673178674
3.0493135378816065
3.0666848987721482
3.0889267724182634
3.096045644440129
3.1044559188721244
3.115369425099788
3.123062901063847
3.128496355766174
3.132335274231392
3.141592653589793
4.591672595132067
6.700571676905975
88
0.
0.00016276041666666666
0.0003255208333333333
0.0006510416666666666
0.0013020833333333333
0.0026041666666666665
0.00390625
0.005208333333333333
0.010416666666666666
0.015625
0.020833333333333332
0.03125
0.041666666666666664
0.0625
0.08333333333333333
0.125
0.16666666666666666
0.20833333333333331
0.22916666666666666
0.25
0.2708333333333333
0.29166666666666663
0.3333333333333333
0.375
0.41666666666666663
0.5
0.5416666666666666
0.5625
0.5833333333333333
0.59375
0.6041666666666666
0.6067708333333333
0.609375
0.6145833333333333
0.6171875
0.6197916666666666
0.625
0.6354166666666666
0.6458333333333333
0.6666666666666666
0.6875
0.7083333333333333
0.75
0.8333333333333333
0.875
0.8958333333333333
0.9166666666666666
0.9375
0.9479166666666666
0.9583333333333333
0.9635416666666666
0.9661458333333333
0.96875
0.9700520833333333
0.970703125
0.9713541666666666
0.9716796875
0.9718424479166666
0.9720052083333333
0.97216796875
0.9722493489583333
0.9723307291666666
0.9724934895833333
0.97265625
0.9729817708333333
0.9733072916666666
0.9736328125
0.9739583333333333
0.9752604166666666
0.9765625
0.9778645833333333
0.9791666666666666
0.984375
0.9895833333333333
0.9921875
0.9947916666666666
0.99609375
0.9973958333333333
0.9986979166666666
0.9990234375
0.9993489583333333
0.9996744791666666
0.999755859375
0.9998372395833333
0.9999186197916666
0.9999593098958333
0.9999796549479166
1.
0.
0.008916078885550596
0.012611060513573394
0.0178398886612446
0.025244024227207968
0.03574193700765231
0.043825854395851994
0.05066505580535118
0.07199133789946678
0.08859687309015908
0.1028057172470269
0.12718590963682813
0.14840583496911466
0.18584020800771459
0.21984374979111274
0.2848030649627642
0.35323960404448723
0.4358552639382897
0.48840786943167175
0.5523834182811097
0.6233659916530343
0.6880959308790414
0.786775010027547
0.8620862953338871
0.9276733361213159
1.0552924339583771
1.1296862172201756
1.1752259243207435
1.2338066981661675
1.2737713453824735
1.3323059438106437
1.3533669326837312
1.3794952285745778
1.4518324061099794
1.4887167320362735
1.5184174175845913
1.561689250509013
1.618387464643484
1.658580989344872
1.718925117348324
1.7666544913373037
1.8079950853566293
1.8810200949940343
2.0165327742615307
2.090095248499342
2.1317120265324236
2.1794587977035826
2.2386671590960736
2.276732283833182
2.3273060984742364
2.3628978869561847
2.386488539222876
2.4185465828542463
2.4415229155043416
2.4569070160680457
2.4779514010966452
2.4930451520809513
2.503069806717675
2.5164558794966068
2.537844907813843
2.556645881600914
2.5820658914812364
2.614106617254114
2.63185219792229
2.6548772161367795
2.6712461012972137
2.684407669529462
2.6956461389911452
2.7304707355540607
2.75715090134948
2.779752255359103
2.799894095595199
2.8685035373484298
2.9310373174022764
2.9635380787464247
2.999308953178859
3.0196038962461933
3.0429438459274833
3.0724818971548453
3.081874276619672
3.092942529633982
3.1072681088116108
3.111882348966782
3.117348340704434
3.124462226755298
3.1294860375562545
3.1330351885038077
3.141592653589793
4.727602513072852
7.243075141567975
81
0.
0.00016276041666666666
0.0003255208333333333
0.0006510416666666666
0.0013020833333333333
0.001953125
0.0026041666666666665
0.005208333333333333
0.0078125
0.010416666666666666
0.020833333333333332
0.03125
0.041666666666666664
0.0625
0.08333333333333333
0.125
0.16666666666666666
0.25
0.2708333333333333
0.29166666666666663
0.3333333333333333
0.375
0.41666666666666663
0.5
0.5416666666666666
0.5625
0.5833333333333333
0.5885416666666666
0.59375
0.5989583333333333
0.6041666666666666
0.6067708333333333
0.609375
0.6119791666666666
0.6145833333333333
0.6197916666666666
0.625
0.6354166666666666
0.6458333333333333
0.6666666666666666
0.6875
0.7083333333333333
0.75
0.8333333333333333
0.875
0.8958333333333333
0.9166666666666666
0.9270833333333333
0.9375
0.9427083333333333
0.9479166666666666
0.953125
0.9557291666666666
0.95703125
0.9583333333333333
0.9596354166666666
0.9602864583333333
0.9609375
0.9615885416666666
0.9622395833333333
0.9635416666666666
0.96484375
0.9661458333333333
0.96875
0.9739583333333333
0.9791666666666666
0.984375
0.9895833333333333
0.9921875
0.9947916666666666
0.99609375
0.9973958333333333
0.9986979166666666
0.9990234375
0.9993489583333333
0.9996744791666666
0.9998372395833333
0.9999186197916666
0.9999593098958333
0.9999796549479166
1.
0.
0.008220676156119771
0.011627257271197516
0.01644757423768402
0.023272140661599675
0.02851686824574497
0.03294514639704915
0.04668652504356269
0.05729658752661488
0.06629736895148242
0.0945523249126615
0.11681357195864302
0.13610077672925153
0.1698657126783717
0.20016312969050395
0.25664170475966874
0.31323428749457205
0.45347424817328663
0.5032923881790219
0.5635156109738272
0.6915416525426866
0.7891483103533609
0.8664282243696977
1.005454103778684
1.083196085297385
1.1303397736050746
1.1912365824295188
1.2108433770850122
1.2338224451592261
1.2623889707601812
1.3023452873364156
1.3322302497495748
1.3798358801725625
1.4477566377573232
1.4930883055424464
1.5443255627682175
1.5776818001142638
1.6251843652429703
1.661071944935689
1.717325504551516
1.7632141842004379
1.803671140882035
1.8763753860249162
2.015020516277796
2.092950997498559
2.1384612874636155
2.192812499864769
2.2258955889582865
2.266281722971049
2.291137980315248
2.3215185552889124
2.362437599400454
2.3913420884167698
2.4103015177109417
2.4352021827791175
2.4734247702398715
2.5049085471179375
2.5499656191581423
2.590582728835384
2.6190176951879716
2.6579662565313416
2.686162294403876
2.7091044189619318
2.7466441934293173
2.8060851715037782
2.8568657395202965
2.9051597880682594
2.9552433557616586
2.9827388834477078
3.013793985889542
3.0316989717875584
3.0524790651903895
3.0789984028977067
3.0874745934893815
3.097475947205126
3.1104490774795623
3.119595904558177
3.126051084740411
3.1306093242983244
3.1338293691798635
3.141592653589793
4.82954995152844
7.564161125050648
83
0.
0.00016276041666666666
0.0003255208333333333
0.0006510416666666666
0.0013020833333333333
0.0026041666666666665
0.005208333333333333
0.0078125
0.010416666666666666
0.020833333333333332
0.03125
0.041666666666666664
0.0625
0.08333333333333333
0.125
0.16666666666666666
0.25
0.29166666666666663
0.3125
0.3333333333333333
0.35416666666666663
0.375
0.41666666666666663
0.5
0.5416666666666666
0.5625
0.5833333333333333
0.59375
0.5989583333333333
0.6041666666666666
0.6067708333333333
0.6080729166666666
0.609375
0.6106770833333333
0.611328125
0.6119791666666666
0.6126302083333333
0.61328125
0.6145833333333333
0.6158854166666666
0.6171875
0.6197916666666666
0.625
0.6354166666666666
0.6458333333333333
0.6666666666666666
0.6875
0.7083333333333333
0.75
0.8333333333333333
0.875
0.8958333333333333
0.9166666666666666
0.9270833333333333
0.9322916666666666
0.9375
0.9401041666666666
0.9427083333333333
0.9453125
0.9466145833333333
0.9479166666666666
0.94921875
0.9505208333333333
0.953125
0.9557291666666666
0.9583333333333333
0.9635416666666666
0.96875
0.9791666666666666
0.984375
0.9895833333333333
0.9921875
0.9947916666666666
0.99609375
0.9973958333333333
0.9986979166666666
0.9990234375
0.9993489583333333
0.9996744791666666
0.9998372395833333
0.9999186197916666
0.9999593098958333
1.
0.
0.007760742540777813
0.010976614467029907
0.015526862528549023
0.021968452802881237
0.031096898254468236
0.04405967333029063
0.05406317260763281
0.06254476994144575
0.08913387747983365
0.11003215999678426
0.12809155836965466
0.15957193264137015
0.1876308677359766
0.23926909321907788
0.2897494061492335
0.4054862766326207
0.4864238555232249
0.5394240704405613
0.6012151657257795
0.6638901187309125
0.71969593288852
0.8109267589551796
0.9614664748824066
1.0411725656415738
1.088324724961809
1.1476834755684893
1.1877331705178908
1.2135987768837284
1.2478404794895097
1.271544512599991
1.2868176002456941
1.3064429643250848
1.335179049506223
1.3571510472532131
1.387632360466165
1.4181457490929033
1.4402273754399646
1.4692618799753336
1.48918751451412
1.504745611056378
1.5289694792047046
1.5641128955074417
1.612881419752525
1.649404301483075
1.706577367059269
1.75330460031029
1.7946283160512264
1.8693110117510274
2.014258281536296
2.0986675100757766
2.1500163817694613
2.2152254512281817
2.258800376754977
2.2862421676294233
2.3207974823943363
2.3427300390782917
2.3703423338038054
2.4090833111091228
2.437223420225668
2.477534895261609
2.5311319890309747
2.5777431732457816
2.6378960022976568
2.6785218075643566
2.710709927323991
2.762965953729606
2.807235481672368
2.8873356016844833
2.9275885161119755
2.9712371329362703
2.9957808671304496
3.0238615094133903
3.0401847287217167
3.0592291960356706
3.083653876400459
3.091479720991071
3.100728452056024
3.112733258296197
3.121199609644914
3.127179344235867
3.1314042732266816
3.141592653589793
4.931497389984028
7.812435296899527
85
0.
0.00016276041666666666
0.0003255208333333333
0.0006510416666666666
0.0013020833333333333
0.0026041666666666665
0.005208333333333333
0.0078125
0.010416666666666666
0.020833333333333332
0.03125
0.041666666666666664
0.0625
0.08333333333333333
0.125
0.16666666666666666
0.25
0.29166666666666663
0.3333333333333333
0.375
0.3958333333333333
0.41666666666666663
0.5
0.5416666666666666
0.5625
0.5833333333333333
0.59375
0.5989583333333333
0.6041666666666666
0.609375
0.6119791666666666
0.61328125
0.6145833333333333
0.615234375
0.6155598958333333
0.6158854166666666
0.6162109375
0.6163736979166666
0.6165364583333333
0.6168619791666666
0.6171875
0.6178385416666666
0.6184895833333333
0.6197916666666666
0.6223958333333333
0.625
0.6302083333333333
0.6354166666666666
0.6458333333333333
0.6666666666666666
0.6875
0.7083333333333333
0.75
0.7916666666666666
0.8333333333333333
0.8541666666666666
0.875
0.8958333333333333
0.90625
0.9166666666666666
0.921875
0.9270833333333333
0.9296875
0.9322916666666666
0.9348958333333333
0.9375
0.9427083333333333
0.9479166666666666
0.9583333333333333
0.96875
0.9791666666666666
0.984375
0.9895833333333333
0.9921875
0.9947916666666666
0.99609375
0.9973958333333333
0.9986979166666666
0.9990234375
0.9993489583333333
0.9996744791666666
0.9998372395833333
0.9999186197916666
0.9999593098958333
1.
0.
0.007343776447281532
0.0103867765766325
0.014692254466637687
0.020786864493937688
0.029422252116489817
0.04168100448260597
0.0511370493819367
0.059150922177198625
0.08424616153370977
0.10393189295103157
0.12090805914807276
0.15039973016484412
0.17654844807920572
0.22420199910508687
0.26995071990561154
0.36953621193828273
0.432758415638361
0.5186090152519863
0.635790068618602
0.6938602164397021
0.745225486794226
0.9121108700907101
0.9940797105156948
1.040875050188655
1.0975007925785139
1.1335590228040002
1.1554398051534822
1.1819288875870284
1.2173859917025205
1.2426247667296835
1.259589226911943
1.2831985221932711
1.3008149771316329
1.3131437019833467
1.3309576367693712
1.3622599298910225
1.3813885487861879
1.3959630294183956
1.4151562907190849
1.428156509410382
1.446503674188967
1.4599837879187347
1.4802025038208397
1.5086341531250886
1.5297627675876813
1.5620321741470071
1.5873621694805302
1.627658585074663
1.6888755922465013
1.7381745148699743
1.7815730444972337
1.8600386211378068
1.9353875561074247
2.014948691817087
2.059305305455406
2.1097288103684564
2.171541312855382
2.210703565182258
2.261439117531107
2.295427287566702
2.342314054478633
2.3760967231789034
2.4257705875722344
2.4998232212549203
2.565547663776888
2.6448701320817083
2.697789995756865
2.777685734921175
2.845097970602902
2.9108094675919545
2.945813713558659
2.984748037487972
3.006974032802083
3.0326241951582307
3.047619998393729
3.0651811309169785
3.0877828005433914
3.09503737570787
3.1036185875974747
3.1147680497381405
3.1226342872156287
3.1281915896481394
3.1321189298842143
3.141592653589793
4.99946234895442
7.938408741276055
90
0.
0.00016276041666666666
0.0003255208333333333
0.0006510416666666666
0.0013020833333333333
0.0026041666666666665
0.005208333333333333
0.0078125
0.010416666666666666
0.020833333333333332
0.03125
0.041666666666666664
0.0625
0.08333333333333333
0.125
0.16666666666666666
0.25
0.3333333333333333
0.35416666666666663
0.375
0.41666666666666663
0.4583333333333333
0.5
0.5416666666666666
0.5625
0.5833333333333333
0.59375
0.6041666666666666
0.609375
0.6145833333333333
0.6158854166666666
0.6171875
0.6184895833333333
0.619140625
0.6197916666666666
0.6199544270833333
0.6201171875
0.6202799479166666
0.620361328125
0.6204427083333333
0.62060546875
0.6207682291666666
0.6209309895833333
0.62109375
0.6217447916666666
0.6223958333333333
0.6236979166666666
0.625
0.6276041666666666
0.6302083333333333
0.6354166666666666
0.6458333333333333
0.65625
0.6666666666666666
0.6875
0.7083333333333333
0.75
0.7916666666666666
0.8333333333333333
0.8541666666666666
0.875
0.8958333333333333
0.9010416666666666
0.90625
0.9114583333333333
0.9166666666666666
0.9192708333333333
0.921875
0.9244791666666666
0.9270833333333333
0.9322916666666666
0.9375
0.9479166666666666
0.9583333333333333
0.96875
0.9791666666666666
0.984375
0.9895833333333333
0.9921875
0.9947916666666666
0.99609375
0.9973958333333333
0.9986979166666666
0.9990234375
0.9993489583333333
0.9996744791666666
0.9998372395833333
0.9999186197916666
0.9999593098958333
1.
0.
0.007087036863812963
0.010023602250525067
0.014178399132353497
0.020059455921361897
0.028391529407706916
0.0402175941800227
0.04933761734935441
0.057064789694786046
0.08124730115614241
0.10019635478871337
0.11651828574167707
0.14482006411805767
0.16984161468806122
0.21520103034787444
0.25833548118062777
0.349874178048067
0.4767648910278385
0.5229481314666523
0.5779392119288961
0.6948680729219802
0.7920664393524314
0.8762347620421941
0.9602825841594942
1.006957799822527
1.0618441252739015
1.0954685621454492
1.1378538591773937
1.1656471670053583
1.2038282446370516
1.2167895684419028
1.2325931200537863
1.2537346197852979
1.2685338299420623
1.290902968415673
1.2994759784376717
1.31130331456911
1.3326911265913868
1.3547802829996576
1.3734749742418464
1.3921383832689642
1.4032908142560687
1.4115920810961982
1.4183440965027188
1.4378839432830637
1.45175108301571
1.4722688763171958
1.4879455889903577
1.5122149538766982
1.531360170911701
1.5617378364791594
1.6072146324301873
1.6428735359447593
1.6733055584965402
1.7253964201856202
1.7708966344676607
1.8529405833230768
1.9320714309212503
2.0168547638387473
2.065200584966391
2.1218619699321857
2.1960027518373444
2.2200961886204493
2.2484474160238404
2.283775812069349
2.332791500083621
2.3680866316681914
2.4183370291226183
2.4847666924831042
2.542323578877064
2.6167883777702237
2.6675353398562702
2.7435403392685083
2.805991918925664
2.864143150276736
2.9236302223169535
2.9560425727744097
2.9924987826831515
3.0134549690743486
3.03774003573515
3.051978408639355
3.0686832596244247
3.0902187926408566
3.097140632511203
3.1053297081261175
3.1159723074242835
3.1234852099582144
3.1287931863033407
3.1325442746563747
3.141592653589793
5.067427307924812
8.033087124590422
100
0.
0.0003255208333333333
0.0006510416666666666
0.0013020833333333333
0.0026041666666666665
0.005208333333333333
0.0078125
0.010416666666666666
0.020833333333333332
0.03125
0.041666666666666664
0.0625
0.08333333333333333
0.125
0.16666666666666666
0.25
0.3333333333333333
0.375
0.41666666666666663
0.4583333333333333
0.5
0.5416666666666666
0.5625
0.5833333333333333
0.59375
0.6041666666666666
0.609375
0.6145833333333333
0.6171875
0.6197916666666666
0.6223958333333333
0.623046875
0.6236979166666666
0.6243489583333333
0.6246744791666666
0.625
0.6250813802083333
0.6251627604166666
0.6252034505208333
0.625244140625
0.6252644856770833
0.6252848307291666
0.6252950032552083
0.62530517578125
0.6253153483072916
0.6253255208333333
0.6253458658854166
0.6253662109375
0.6254069010416666
0.6254475911458333
0.62548828125
0.6256510416666666
0.6259765625
0.6263020833333333
0.626953125
0.6276041666666666
0.62890625
0.6302083333333333
0.6328125
0.6354166666666666
0.640625
0.6458333333333333
0.65625
0.6666666666666666
0.6875
0.7083333333333333
0.75
0.7916666666666666
0.8333333333333333
0.8541666666666666
0.875
0.8854166666666666
0.8958333333333333
0.9010416666666666
0.90625
0.9088541666666666
0.9114583333333333
0.9140625
0.9166666666666666
0.921875
0.9270833333333333
0.9375
0.9479166666666666
0.9583333333333333
0.96875
0.9791666666666666
0.984375
0.9895833333333333
0.9921875
0.9947916666666666
0.9973958333333333
0.998046875
0.9986979166666666
0.9993489583333333
0.99951171875
0.9996744791666666
0.9998372395833333
0.9999186197916666
0.9999593098958333
1.
0.
0.009682492455639768
0.01369578170693665
0.01937631761887974
0.02742367898653898
0.038843869838938345
0.04764898886678759
0.05510772230360907
0.07843758714281888
0.09670116848159441
0.11241683120779575
0.13962311445181677
0.16361676962837585
0.20691858555705148
0.24777128667588033
0.3327268638235117
0.4435328021972712
0.5274276384167312
0.6402817481609925
0.7473851852291208
0.8378759095717803
0.9247172062941594
0.9715321495359184
1.0250472026915218
1.0567003286460281
1.094703368611091
1.1178961821968247
1.146268444855234
1.1637930881524003
1.18536360939741
1.2151084433341544
1.2251903050556534
1.2374339587496828
1.2536456733525283
1.2647873811639179
1.2810096014273162
1.2869000256687877
1.2945613712485018
1.299647617652001
1.306524923860645
1.3113775101856524
1.3186932588764806
1.3250170409636086
1.337979916414933
1.3488980746784758
1.3544941437736429
1.3613868530231774
1.3660963340913856
1.3728700744400384
1.3779272632214636
1.3820578297784287
1.3940776334022236
1.4095120848502816
1.4204452608478295
1.4366164145433336
1.4489642354526475
1.4680482046054493
1.4830567957471688
1.5067512883380054
1.5257063665483446
1.556091189799577
1.5807669363077423
1.6210072330045495
1.6543654276134068
1.7103344115637018
1.7586057335265632
1.845168450216261
1.9289697578889846
2.0203591369589033
2.0740648863781863
2.1399588511996783
2.1819994908716165
2.2372450406800466
2.275074248992123
2.328806070238279
2.368277186806105
2.422545899725814
2.4832429020948616
2.5318341178666413
2.59824640763668
2.645391983448248
2.7167984361959494
2.7750135488320606
2.827993016755177
2.879914265838836
2.934672340608137
2.9649823049018202
2.9993568310673844
3.0192211267911118
3.0423165209904424
3.0718322494478665
3.081271151105733
3.0924147338523436
3.1068722414639582
3.111535007097146
3.1170596861842332
3.1242531491496623
3.129335726289279
3.132927671394983
3.141592653589793
5.135392266895204
8.096536185821755
102
0.
0.0003255208333333333
0.0006510416666666666
0.0013020833333333333
0.0026041666666666665
0.005208333333333333
0.0078125
0.010416666666666666
0.020833333333333332
0.03125
0.041666666666666664
0.0625
0.08333333333333333
0.125
0.16666666666666666
0.25
0.3333333333333333
0.375
0.41666666666666663
0.4583333333333333
0.5
0.5416666666666666
0.5625
0.5833333333333333
0.6041666666666666
0.6145833333333333
0.6197916666666666
0.625
0.6276041666666666
0.62890625
0.6295572916666666
0.6302083333333333
0.63037109375
0.6305338541666666
0.6306966145833333
0.630859375
0.6309000651041666
0.6309407552083333
0.630950927734375
0.6309611002604166
0.6309712727864583
0.6309763590494791
0.6309814453125
0.6309839884440104
0.6309865315755208
0.6309916178385416
0.6309967041015625
0.6310017903645833
0.631011962890625
0.6310221354166666
0.6310628255208333
0.631103515625
0.6311442057291666
0.6311848958333333
0.63134765625
0.6315104166666666
0.6318359375
0.6321614583333333
0.6328125
0.6341145833333333
0.6354166666666666
0.6380208333333333
0.640625
0.6458333333333333
0.65625
0.6666666666666666
0.6875
0.7083333333333333
0.75
0.7916666666666666
0.8333333333333333
0.8541666666666666
0.8645833333333333
0.875
0.8854166666666666
0.890625
0.8958333333333333
0.8984375
0.9010416666666666
0.9036458333333333
0.90625
0.9114583333333333
0.9166666666666666
0.9270833333333333
0.9375
0.9583333333333333
0.96875
0.9791666666666666
0.984375
0.9895833333333333
0.9921875
0.9947916666666666
0.9973958333333333
0.998046875
0.9986979166666666
0.9993489583333333
0.99951171875
0.9996744791666666
0.9998372395833333
0.9999186197916666
0.9999593098958333
1.
0.
0.009361838996773364
0.013242119180105035
0.018734208929695927
0.026514086390360472
0.03755318970010407
0.04606288340531167
0.05326999461141228
0.07580228567706061
0.0934269644263763
0.10857965447076819
0.1347746215435311
0.15782745695929756
0.1992734956532192
0.23811670691196504
0.3175812239679603
0.41645065829998407
0.48677888529253344
0.5860191128298526
0.6989377584213508
0.7969151529099326
0.8874197939809252
0.9347207034776523
0.9873414155124538
1.0524033403100026
1.0960371727283031
1.1243843119779577
1.1627767955211936
1.1909487298983583
1.2108707578123594
1.2241369042560415
1.2423601164849007
1.2484651072123563
1.2557759219905407
1.265164175519899
1.279381683472473
1.2848943268174053
1.292747667016121
1.2955011704603197
1.298940055519586
1.303750311100458
1.3073699213563446
1.3138698453159132
1.3231031904787423
1.3308060974012548
1.3368187448048714
1.3403308675130963
1.342944372822094
1.3468906546999933
1.3499280074274451
1.3582988906995437
1.3640469097403303
1.3685833625503303
1.3723959564536645
1.3838570545478186
1.3922387486622478
1.4048370295511818
1.4145470029733158
1.4296200690636947
1.451489776943138
1.4680435601734345
1.4935693578831577
1.513680624249848
1.5456083946735222
1.5935310879945221
1.6312599917951411
1.692571570710055
1.7444284434025812
1.836577164162579
1.9260490349699373
2.0257856310344278
2.0868970047295377
2.1235474462030552
2.167723183751515
2.2266719941678104
2.2681020361968334
2.329289594024659
2.3753518909587257
2.4331349571367453
2.486343940396044
2.527102650718297
2.5855563430232
2.628767402956755
2.695417466001213
2.74984551730408
2.8457241044771813
2.893138162546555
2.944186636980238
2.972767914783052
3.005385155643256
3.024311329838315
3.046371422220159
3.074631557116896
3.083680851740606
3.094371836800991
3.108247795907949
3.1127244455312097
3.1180299235720588
3.1249386587753287
3.1298201796521274
3.133270094349064
3.141592653589793
5.203357225865597
8.128881060820046
93
0.
0.0003255208333333333
0.0006510416666666666
0.0013020833333333333
0.0026041666666666665
0.005208333333333333
0.0078125
0.010416666666666666
0.020833333333333332
0.03125
0.041666666666666664
0.0625
0.08333333333333333
0.125
0.16666666666666666
0.25
0.3333333333333333
0.375
0.41666666666666663
0.4583333333333333
0.5
0.5416666666666666
0.5625
0.5833333333333333
0.6041666666666666
0.6145833333333333
0.6197916666666666
0.625
0.6302083333333333
0.6328125
0.6341145833333333
0.6354166666666666
0.6357421875
0.6360677083333333
0.6363932291666666
0.63671875
0.6368815104166666
0.6370442708333333
0.6371256510416666
0.63720703125
0.6372477213541666
0.6372884114583333
0.6373291015625
0.6373697916666666
0.637451171875
0.6375325520833333
0.6376953125
0.6378580729166666
0.6380208333333333
0.638671875
0.6393229166666666
0.6399739583333333
0.640625
0.6432291666666666
0.6458333333333333
0.6510416666666666
0.65625
0.6666666666666666
0.6875
0.7083333333333333
0.75
0.7916666666666666
0.8125
0.8333333333333333
0.8541666666666666
0.8645833333333333
0.875
0.8802083333333333
0.8854166666666666
0.890625
0.8958333333333333
0.9010416666666666
0.90625
0.9166666666666666
0.9270833333333333
0.9375
0.9583333333333333
0.96875
0.9791666666666666
0.984375
0.9895833333333333
0.9921875
0.9947916666666666
0.9973958333333333
0.998046875
0.9986979166666666
0.9993489583333333
0.99951171875
0.9996744791666666
0.9998372395833333
0.9999186197916666
0.9999593098958333
1.
0.
0.009059900160461435
0.012814949488338922
0.018129626803198132
0.02565776127502147
0.03633841359460148
0.04457045824575367
0.05154126004988313
0.0733259334200198
0.0903536860695846
0.10498217168648685
0.13024048165326318
0.1524286892875785
0.19219169644974035
0.2292505294166078
0.3040600452253177
0.3937862539594574
0.45426838414997306
0.5380997877930733
0.6479951269894914
0.7533527227515563
0.8483981009685144
0.8965670620866569
0.9487918933774517
1.0106542894446053
1.0494284337187685
1.0727230030437567
1.1006476116326163
1.1373885079906836
1.1628612487763519
1.1794846864492576
1.2015880885773016
1.2086971088649274
1.2169175921207234
1.2268254316584637
1.2396925984223757
1.2482190223555367
1.259704009533809
1.267739636032481
1.279572388203591
1.2891302916394898
1.305786037835071
1.3242651963934406
1.3348685604691573
1.3474790349735914
1.355870575889359
1.3677536302430406
1.3765408421265977
1.383682778698773
1.4043890145327416
1.4191368459026965
1.4309780851832687
1.4410411142225361
1.4718011091206535
1.4947473933811053
1.5299943753880951
1.5578483986954348
1.6025194876599929
1.6713450902650606
1.7278347321474379
1.8268076040534045
1.9230713054592397
1.9749925722001314
2.0333943224168127
2.105225628583345
2.1517333788854955
2.2148967988592
2.2607579569377796
2.332013595682677
2.4427574226820084
2.523270029684484
2.5753297147670353
2.615060437756363
2.677400524171715
2.7285470304518396
2.7743009672702974
2.8601979561452655
2.9042188691956192
2.9523135301556755
2.9794702391178847
3.010610663881597
3.028737746724879
3.0499078690162778
3.0770795772665265
3.0857904215860685
3.0960854659422226
3.109453006783207
3.1137673484058985
3.1188800073248544
3.125537297084717
3.130242209076041
3.1335678796848443
3.141592653589793
5.271322184835989
8.130664379958567
87
0.
0.0003255208333333333
0.0006510416666666666
0.0013020833333333333
0.0026041666666666665
0.005208333333333333
0.0078125
0.010416666666666666
0.020833333333333332
0.03125
0.041666666666666664
0.0625
0.08333333333333333
0.125
0.16666666666666666
0.25
0.3333333333333333
0.41666666666666663
0.4583333333333333
0.5
0.5416666666666666
0.5833333333333333
0.6041666666666666
0.6145833333333333
0.625
0.6302083333333333
0.6354166666666666
0.6380208333333333
0.640625
0.6419270833333333
0.642578125
0.6432291666666666
0.6435546875
0.6438802083333333
0.64404296875
0.6442057291666666
0.6443684895833333
0.64453125
0.6448567708333333
0.6451822916666666
0.6455078125
0.6458333333333333
0.6471354166666666
0.6484375
0.6497395833333333
0.6510416666666666
0.65625
0.6614583333333333
0.6666666666666666
0.6770833333333333
0.6875
0.7083333333333333
0.75
0.7916666666666666
0.8125
0.8333333333333333
0.84375
0.8541666666666666
0.859375
0.8645833333333333
0.8697916666666666
0.8723958333333333
0.875
0.8776041666666666
0.8802083333333333
0.8854166666666666
0.890625
0.8958333333333333
0.90625
0.9166666666666666
0.9375
0.9583333333333333
0.96875
0.9791666666666666
0.984375
0.9895833333333333
0.9921875
0.9947916666666666
0.9973958333333333
0.998046875
0.9986979166666666
0.9993489583333333
0.9996744791666666
0.9998372395833333
0.9999186197916666
0.9999593098958333
1.
0.
0.008774777483163078
0.012411582242852827
0.017558776721470135
0.024849294764729475
0.03519178147078206
0.04316204483558158
0.0499102383708311
0.07099186389481223
0.08745997644940402
0.10159854210268313
0.12598571960308513
0.14737545555060802
0.1856026572050649
0.221063683205208
0.29186920623442997
0.3743800514949722
0.4987959723517746
0.5979234462769532
0.7075790114769092
0.8077171281214354
0.909402090630225
0.969139840556279
1.004779529487381
1.0483212368419252
1.0756201132738892
1.1103884317879507
1.1331690301381299
1.1638604727540593
1.1857239262684753
1.200332578178302
1.220317121903514
1.2346622186381704
1.256731539007905
1.2754338050414151
1.3031487144968337
1.3257627222096617
1.3403481444013794
1.3594873543301025
1.3728350446267459
1.3833621441317903
1.392189784814606
1.4186042752207175
1.437862281331052
1.4534908298208735
1.4668642472379998
1.5081942449563144
1.5394572197259546
1.5655101050647733
1.6088746342606306
1.6454640170228765
1.7080159745285919
1.8152789936133764
1.919569588174241
1.9768621208759676
2.04340920068789
2.0833763032798793
2.1320334452352054
2.1620839839791883
2.1990704596096835
2.2493056748140248
2.284315457817129
2.3316887102823456
2.3914934958481657
2.4454380243816063
2.517025100971166
2.5647437634444894
2.6018857760763154
2.660828855820651
2.7093453701119175
2.7930306382801695
2.871951183913355
2.9133752853619694
2.9591189519050656
2.9851141274705264
3.015032624444203
3.032491651133158
3.0529144764476137
3.0791651279799312
3.087589348512836
3.097547641910692
3.1104812903534533
3.119608709403255
3.1260551913167114
3.130609767742604
3.1338284573262243
3.141592653589793
5.339287143806381
8.103138956863353
83
0.
0.0003255208333333333
0.0006510416666666666
0.0013020833333333333
0.0026041666666666665
0.00390625
0.005208333333333333
0.010416666666666666
0.015625
0.020833333333333332
0.041666666666666664
0.0625
0.08333333333333333
0.125
0.16666666666666666
0.25
0.3333333333333333
0.41666666666666663
0.4583333333333333
0.5
0.5416666666666666
0.5833333333333333
0.6041666666666666
0.6145833333333333
0.625
0.6354166666666666
0.640625
0.6432291666666666
0.6458333333333333
0.6484375
0.6490885416666666
0.6497395833333333
0.650390625
0.6510416666666666
0.6513671875
0.6516927083333333
0.6520182291666666
0.65234375
0.6529947916666666
0.6536458333333333
0.6549479166666666
0.65625
0.6588541666666666
0.6614583333333333
0.6666666666666666
0.6770833333333333
0.6875
0.7083333333333333
0.7291666666666666
0.75
0.7916666666666666
0.8125
0.8333333333333333
0.84375
0.8489583333333333
0.8541666666666666
0.859375
0.8619791666666666
0.8645833333333333
0.8671875
0.8697916666666666
0.875
0.8802083333333333
0.8854166666666666
0.8958333333333333
0.9166666666666666
0.9375
0.9583333333333333
0.96875
0.9791666666666666
0.984375
0.9895833333333333
0.9921875
0.9947916666666666
0.9973958333333333
0.998046875
0.9986979166666666
0.9993489583333333
0.9996744791666666
0.9998372395833333
0.9999186197916666
0.9999593098958333
1.
0.
0.008504485955897322
0.012029205693035462
0.017017660074284645
0.024083042888378238
0.029515775173864837
0.034105254874833305
0.048365418378849855
0.05940054877234172
0.06878305970675948
0.09840260573310618
0.12197534507770914
0.14262337831830238
0.17943927995165662
0.21345676728975413
0.28077012159108494
0.3574335481340537
0.4669153861413737
0.5528602684209936
0.6607692655534825
0.7656097976955201
0.8692071298061839
0.9276253746161437
0.9611922764255861
1.000232086184536
1.0497329534556241
1.0825814551257045
1.1030949162479609
1.128654994316442
1.164629647721727
1.177040847051874
1.1922360514757222
1.2123621536900788
1.2435171333676707
1.2680390049372232
1.2972184707734469
1.3209796015867319
1.3382674864811586
1.3625304924860886
1.379989216191773
1.4056689083751557
1.4250896135593205
1.4548653262448799
1.478172231041898
1.5149582244834965
1.5699104409616158
1.6131615150363035
1.6838809260707357
1.7446235257090845
1.8012185490943986
1.9148523444819123
1.9786495598693326
2.056124241026342
2.106242017556525
2.137200209281944
2.1754430352494905
2.2280724508476157
2.265729960378946
2.3184857989123744
2.38390433406987
2.43742253280829
2.505695775734975
2.551359162902854
2.5870770506193397
2.643889581799989
2.7319822917727326
2.807385089048099
2.881286049606848
2.920728640352075
2.964630659415545
2.989700500056388
3.018637043043101
3.0355560913640804
3.0553711611469523
3.080872378521089
3.089059871498511
3.0987431158769883
3.111323704995048
3.1201999210208586
3.126470837598845
3.130902476391814
3.1340348362020674
3.141592653589793
5.407252102776773
8.048393433429444
75
0.
0.0003255208333333333
0.0006510416666666666
0.0013020833333333333
0.0026041666666666665
0.00390625
0.005208333333333333
0.010416666666666666
0.015625
0.020833333333333332
0.041666666666666664
0.0625
0.08333333333333333
0.125
0.16666666666666666
0.3333333333333333
0.41666666666666663
0.4583333333333333
0.5
0.5416666666666666
0.5833333333333333
0.6041666666666666
0.625
0.6354166666666666
0.6458333333333333
0.6484375
0.6510416666666666
0.6536458333333333
0.65625
0.6575520833333333
0.6588541666666666
0.66015625
0.6614583333333333
0.6640625
0.6666666666666666
0.671875
0.6770833333333333
0.6875
0.7083333333333333
0.7291666666666666
0.75
0.7916666666666666
0.8125
0.8229166666666666
0.8333333333333333
0.8385416666666666
0.84375
0.8489583333333333
0.8515625
0.8541666666666666
0.8567708333333333
0.859375
0.8645833333333333
0.8697916666666666
0.875
0.8854166666666666
0.8958333333333333
0.9166666666666666
0.9375
0.9583333333333333
0.96875
0.9791666666666666
0.984375
0.9895833333333333
0.9921875
0.9947916666666666
0.9973958333333333
0.998046875
0.9986979166666666
0.9993489583333333
0.9996744791666666
0.9998372395833333
0.9999186197916666
0.9999593098958333
1.
0.
0.008247115115974651
0.011665114453410699
0.016502445272246195
0.02335353407598621
0.02862120813735911
0.0330710321169219
0.04689549740715147
0.057591201312864375
0.06668314522055135
0.09536941600929064
0.11817632719226187
0.13813092925026374
0.17364021834411542
0.2063414068895399
0.3423782443471687
0.4405633653183826
0.5147551145861501
0.6150780681304935
0.7226007540164872
0.8283521928372041
0.8860183878563487
0.9543717574767021
0.9973969800785795
1.0544798517749552
1.073198196312221
1.0953471715444651
1.1232204289230285
1.1629716135505759
1.193519269445728
1.243976269486975
1.3119585451001963
1.3545935529336914
1.40373907009896
1.436127594313241
1.4824044533482366
1.5173171074716003
1.5717318978154324
1.6540395632222138
1.72172289361736
1.7837218553599121
1.9080430307419007
1.9795980790461716
2.021678237608223
2.0721390795320827
2.102929491651496
2.140508472606482
2.1913332622635013
2.227254839905087
2.278802950843749
2.3516414329478557
2.4135879036212446
2.4862986039533572
2.5327576014063227
2.568542642458716
2.6248600127197124
2.670720074018374
2.748209009249329
2.8181141414587176
2.8884000874133013
2.9263646266540784
2.9688720733021126
2.993235537357848
3.0214186604777704
3.0379221905603617
3.0572691181051614
3.0821910231821517
3.0901973713841464
3.099667494176754
3.11197474028358
3.1206591734778413
3.1267939106856106
3.1311295264315904
3.1341945440909114
3.141592653589793
5.4752170617471645
7.969213311343263
77
0.
0.0003255208333333333
0.0006510416666666666
0.0013020833333333333
0.0026041666666666665
0.00390625
0.005208333333333333
0.010416666666666666
0.015625
0.020833333333333332
0.041666666666666664
0.0625
0.08333333333333333
0.125
0.16666666666666666
0.3333333333333333
0.41666666666666663
0.4583333333333333
0.5
0.5416666666666666
0.5833333333333333
0.6041666666666666
0.625
0.6354166666666666
0.6458333333333333
0.6510416666666666
0.65625
0.6588541666666666
0.6614583333333333
0.6640625
0.6653645833333333
0.6666666666666666
0.66796875
0.6692708333333333
0.671875
0.6744791666666666
0.6770833333333333
0.6822916666666666
0.6875
0.6979166666666666
0.7083333333333333
0.7291666666666666
0.75
0.7916666666666666
0.8125
0.8229166666666666
0.8333333333333333
0.8359375
0.8385416666666666
0.84375
0.8463541666666666
0.8489583333333333
0.8515625
0.8541666666666666
0.859375
0.8645833333333333
0.875
0.8854166666666666
0.8958333333333333
0.9166666666666666
0.9375
0.9583333333333333
0.96875
0.9791666666666666
0.984375
0.9895833333333333
0.9921875
0.9947916666666666
0.9973958333333333
0.998046875
0.9986979166666666
0.9993489583333333
0.9996744791666666
0.9998372395833333
0.9999186197916666
0.9999593098958333
1.
0.
0.0080010065843217
0.011316965677604906
0.016009811836099404
0.022656041568608638
0.02776599366876062
0.032082391331367074
0.04549087719691265
0.055862835450882914
0.06467791095451457
0.09247740918140375
0.11456010740562055
0.13386243244449392
0.16815320004104153
0.19964339540468357
0.32880303024451035
0.4182223073370545
0.48308607524932584
0.5729785543371083
0.6795987651824447
0.7871442662605459
0.8443989931292584
0.9098789487610085
0.9490029075021279
0.9967417664927087
1.0264574263075443
1.0635880650772984
1.0870132135028638
1.1163515106614368
1.157131505262893
1.1862346237368702
1.2263056568630333
1.2759869107124349
1.3186299840152689
1.374065496968721
1.4106349365136952
1.43870269603192
1.482122473265502
1.5164358122838766
1.5714260064291081
1.616706317369197
1.6934073489353536
1.7618347802061685
1.8981533493566634
1.978741198169375
2.0284037343949324
2.0929516828791046
2.113712288227966
2.137920431111087
2.2073489539215774
2.269657235688711
2.3570497226976315
2.415707123090039
2.453702673178314
2.50583915211846
2.5439311697913
2.6020083573144466
2.648279121366341
2.6884414818962363
2.7594963776070376
2.825709299541677
2.893459471178912
2.930371692549607
2.971883525590062
2.995742793356619
3.023389400697787
3.039597260252985
3.0586119466726296
3.083123622520444
3.0910013366078353
3.100321621882861
3.1124346259229663
3.1209838861867674
3.1270231044367347
3.131291711217929
3.1343094293502456
3.141592653589793
5.577164500202753
7.811478185063177
74
0.
0.0003255208333333333
0.0006510416666666666
0.0013020833333333333
0.0026041666666666665
0.005208333333333333
0.010416666666666666
0.015625
0.020833333333333332
0.041666666666666664
0.0625
0.08333333333333333
0.125
0.16666666666666666
0.3333333333333333
0.41666666666666663
0.4583333333333333
0.5
0.5416666666666666
0.5833333333333333
0.6041666666666666
0.625
0.6458333333333333
0.65625
0.6666666666666666
0.671875
0.6770833333333333
0.6796875
0.6822916666666666
0.6848958333333333
0.6875
0.6927083333333333
0.6979166666666666
0.7083333333333333
0.71875
0.7291666666666666
0.75
0.7708333333333333
0.7916666666666666
0.8020833333333333
0.8125
0.8229166666666666
0.828125
0.8307291666666666
0.8333333333333333
0.8359375
0.8372395833333333
0.8385416666666666
0.83984375
0.8411458333333333
0.84375
0.8463541666666666
0.8489583333333333
0.8541666666666666
0.8645833333333333
0.875
0.8958333333333333
0.9166666666666666
0.9375
0.9583333333333333
0.96875
0.9791666666666666
0.984375
0.9895833333333333
0.9921875
0.9947916666666666
0.9973958333333333
0.998046875
0.9986979166666666
0.9993489583333333
0.9996744791666666
0.9998372395833333
0.9999186197916666
1.
0.
0.007650232602201666
0.010820770350897794
0.015307723373073305
0.02166209785568736
0.030673777273965922
0.04349034313210878
0.05340215815193534
0.061824190677754555
0.0883684692370718
0.10943135527610076
0.1278202872725602
0.16042071064574864
0.19025539359363905
0.3105894459742864
0.3900190978755697
0.44470104649375786
0.5195004858524696
0.6179009483682409
0.7257845792164466
0.7825495370707722
0.8451270778397622
0.9213440594901814
0.9707547723694864
1.0383088835627212
1.0877883808110675
1.1657575193800183
1.2259315477661947
1.2904041201149332
1.340798756926136
1.3786968020270718
1.434356595239198
1.476244380371776
1.540884405510606
1.592744076094784
1.6379895830594078
1.7187507266331339
1.7952420669600007
1.8753836541501445
1.92011333978697
1.9714678099836893
2.0364514370350384
2.0803551298429372
2.108619527604359
2.1456019549035994
2.2042907029329277
2.2570414685471474
2.322282689524861
2.36545406384983
2.3943764153156883
2.434457305989421
2.4636075123165893
2.4871800010062346
2.5251158233816526
2.5826017546512263
2.628207041832644
2.7034188342014933
2.769087476721592
2.832057196747438
2.8975752281831495
2.93357931465367
2.974252222579068
2.997696783587754
3.0249103001016944
3.0408841056178253
3.059638437028693
3.083832870617412
3.0916121303551205
3.1008166692018913
3.1127834105772374
3.121229431929957
3.127197163370987
3.131415244000496
3.141592653589793
5.679111938658341
7.615866468979561
78
0.
0.0003255208333333333
0.0006510416666666666
0.0013020833333333333
0.0026041666666666665
0.005208333333333333
0.010416666666666666
0.015625
0.020833333333333332
0.041666666666666664
0.0625
0.08333333333333333
0.125
0.16666666666666666
0.25
0.3333333333333333
0.41666666666666663
0.5
0.5416666666666666
0.5833333333333333
0.625
0.6458333333333333
0.65625
0.6666666666666666
0.6770833333333333
0.6822916666666666
0.6875
0.6901041666666666
0.6927083333333333
0.6979166666666666
0.703125
0.7083333333333333
0.71875
0.7291666666666666
0.75
0.7708333333333333
0.7916666666666666
0.8020833333333333
0.8125
0.8177083333333333
0.8229166666666666
0.8255208333333333
0.828125
0.8287760416666666
0.8294270833333333
0.8307291666666666
0.8310546875
0.8313802083333333
0.8317057291666666
0.83203125
0.8333333333333333
0.8346354166666666
0.8359375
0.8372395833333333
0.8385416666666666
0.84375
0.8489583333333333
0.8541666666666666
0.8645833333333333
0.875
0.8958333333333333
0.9166666666666666
0.9375
0.9583333333333333
0.96875
0.9791666666666666
0.984375
0.9895833333333333
0.9921875
0.9947916666666666
0.9973958333333333
0.998046875
0.9986979166666666
0.9993489583333333
0.9996744791666666
0.9998372395833333
0.9999186197916666
1.
0.
0.0073190005190127165
0.01035222906067241
0.014644786526786685
0.020723679003668803
0.02934410257325822
0.0416026515617696
0.05108116553525638
0.05913352931855457
0.08450082122867383
0.10461259777512978
0.12215446389161147
0.15320240798327045
0.18153941768686624
0.2361119759676246
0.29438179611151255
0.36630545306507434
0.4770670051194455
0.5632379327099643
0.6670205839207761
0.7830258480451324
0.8530612987531565
0.8951675875755721
0.9461659808626561
1.0141154925896696
1.0606294491953214
1.1237571166199096
1.1648361431716538
1.2122294526269837
1.3050303162366912
1.3740103260565208
1.4254308728757825
1.5022341845993996
1.5621226155162156
1.660696217630178
1.7492807747658783
1.8405657040452996
1.8919784344216832
1.9527851991804301
1.9901544963353057
2.0373492548018826
2.068325412178026
2.110752648100519
2.125012913243515
2.1421401461764984
2.196033221027664
2.219681655366987
2.2501410759134934
2.279433172864628
2.3014556225207254
2.351990002929427
2.3815464487930833
2.4034411046080275
2.421255508182038
2.4364964403543103
2.483426848244141
2.5187305135736917
2.548043098823346
2.5967040239221664
2.637749243400249
2.7082958059447497
2.771654607225156
2.833321751387136
2.8980776382863307
2.933836886437863
2.9743378570505286
2.9977228960051123
3.024894735534864
3.040855574783567
3.059602911427937
3.0837996567322996
3.0915812886289724
3.1007909193309775
3.1127634406386027
3.1212157444944393
3.127188186855416
3.1314092468330634
3.141592653589793
5.815041856599126
7.310388174505208
83
0.
0.0006510416666666666
0.0013020833333333333
0.0026041666666666665
0.005208333333333333
0.010416666666666666
0.015625
0.020833333333333332
0.041666666666666664
0.0625
0.08333333333333333
0.125
0.16666666666666666
0.25
0.3333333333333333
0.41666666666666663
0.5
0.5416666666666666
0.5833333333333333
0.625
0.6458333333333333
0.6666666666666666
0.6770833333333333
0.6875
0.6979166666666666
0.703125
0.7083333333333333
0.71875
0.7239583333333333
0.7291666666666666
0.75
0.7708333333333333
0.7916666666666666
0.8020833333333333
0.8125
0.8177083333333333
0.8203125
0.8229166666666666
0.82421875
0.8255208333333333
0.826171875
0.8268229166666666
0.8271484375
0.8274739583333333
0.8277994791666666
0.8279622395833333
0.828125
0.8282063802083333
0.8282877604166666
0.8284505208333333
0.82861328125
0.8287760416666666
0.8291015625
0.8294270833333333
0.830078125
0.8307291666666666
0.83203125
0.8333333333333333
0.8359375
0.8385416666666666
0.84375
0.8541666666666666
0.8645833333333333
0.875
0.8958333333333333
0.9166666666666666
0.9375
0.9583333333333333
0.96875
0.9791666666666666
0.984375
0.9895833333333333
0.9921875
0.9947916666666666
0.9973958333333333
0.998046875
0.9986979166666666
0.9993489583333333
0.9996744791666666
0.9998372395833333
0.9999186197916666
0.9999593098958333
1.
0.
0.009765295887689833
0.013814379145993889
0.019548291696828323
0.027678992173111705
0.039239587868801086
0.04817678600553432
0.05576785685677784
0.07967060933392443
0.0986048966485641
0.11510395007587093
0.14425810577792922
0.17079435149251498
0.22160281646751054
0.27515024299281515
0.33949052325639506
0.4329657614083527
0.5040168120374089
0.5966939423269715
0.7059797530506194
0.7700542617614756
0.8486195106689041
0.898265974251799
0.9606834241499381
1.0457068469342345
1.1019259631691203
1.1692049782477045
1.3090213673179172
1.365440915718027
1.4128018757934107
1.553890953236869
1.664579728329978
1.7719682423541696
1.8313057453841897
1.9018796579906676
1.9464589067043188
1.9735535913407383
2.006655669819974
2.0271364285233764
2.0524874317737374
2.068333156954945
2.088089481561447
2.1005046959007343
2.1160232487739883
2.137899499794211
2.154658299043119
2.1853449738487565
2.2160940546875025
2.239958577002211
2.264184491840615
2.2788368502328296
2.2897659673583095
2.306254483876167
2.3189228070599652
2.338463793695945
2.3537470441796065
2.377661524531373
2.3965947543180657
2.4265619308317055
2.4505516493069925
2.489005714475979
2.5472000091482867
2.593343241664058
2.6331877054300508
2.7028881735601216
2.7662913587611317
2.828436414881337
2.893980523939835
2.930259198907094
2.971399363850938
2.9951721480750164
3.022808402063942
3.0390466576280657
3.0581255531407527
3.0827543918889058
3.0906765174597353
3.100050939014141
3.112240683271976
3.1208454149650073
3.1269251513578493
3.1312226622506634
3.134260711390868
3.141592653589793
5.916989295054715
7.057140735899846
97
0.
0.0006510416666666666
0.0013020833333333333
0.0026041666666666665
0.005208333333333333
0.010416666666666666
0.015625
0.020833333333333332
0.041666666666666664
0.0625
0.08333333333333333
0.125
0.16666666666666666
0.25
0.3333333333333333
0.41666666666666663
0.5
0.5833333333333333
0.625
0.6458333333333333
0.6666666666666666
0.6875
0.7083333333333333
0.71875
0.7291666666666666
0.7395833333333333
0.75
0.7708333333333333
0.7916666666666666
0.8020833333333333
0.8125
0.8177083333333333
0.8229166666666666
0.82421875
0.8255208333333333
0.8268229166666666
0.8274739583333333
0.828125
0.8284505208333333
0.8287760416666666
0.8289388020833333
0.8291015625
0.8291422526041666
0.8291829427083333
0.8292236328125
0.8292439778645833
0.8292643229166666
0.8292694091796875
0.8292744954427083
0.8292795817057291
0.82928466796875
0.8292872111002604
0.8292884826660156
0.8292897542317708
0.8292922973632812
0.8292948404947916
0.8292999267578125
0.8293050130208333
0.829315185546875
0.8293253580729166
0.829345703125
0.8293863932291666
0.8294270833333333
0.8295084635416666
0.82958984375
0.8296712239583333
0.8297526041666666
0.830078125
0.8304036458333333
0.8307291666666666
0.83203125
0.8333333333333333
0.8359375
0.8385416666666666
0.84375
0.8541666666666666
0.8645833333333333
0.875
0.8958333333333333
0.9166666666666666
0.9375
0.9583333333333333
0.96875
0.9791666666666666
0.984375
0.9895833333333333
0.9921875
0.9947916666666666
0.9973958333333333
0.998046875
0.9986979166666666
0.9993489583333333
0.9996744791666666
0.9998372395833333
0.9999186197916666
0.9999593098958333
1.
0.
0.009349593500352036
0.013226258085752169
0.018715904439469296
0.026499953803907482
0.03756682273909986
0.046121464735100454
0.05338683246521232
0.07625783550027809
0.0943660072968024
0.11013670440790135
0.13797792330963998
0.1632803664327267
0.21156905443605106
0.2620953208852046
0.3219322140297781
0.4061383042976539
0.5515409331908389
0.6537705752112047
0.7136416004378617
0.7850068542616908
0.8794601870723135
1.0245793866408512
1.1309947825577904
1.253441004586092
1.3606386826276966
1.445635247011501
1.580792843123758
1.7022758984693596
1.766708614115695
1.8410661833339392
1.8864912761143744
1.9448599563059934
1.9635065936307707
1.9852672392308113
2.0122639465769847
2.029245916655274
2.0506750223768684
2.0644406764096095
2.082290988134666
2.0941966741972657
2.1106765208799305
2.116253517675884
2.122996285976094
2.1318289616546675
2.1377920137371675
2.146180964269303
2.1490707565229146
2.1526125217999144
2.1573554057592976
2.1654031185705365
2.175778566257128
2.184554693963745
2.189348622460274
2.194707918921714
2.1981849415269687
2.2030523621206397
2.206623100866315
2.211971831110029
2.2160675859786227
2.2223738596807276
2.2314039877924654
2.2381392015541723
2.248351155374688
2.2562440827579064
2.2628052267805403
2.268484066996541
2.286142775630777
2.299399296514952
2.310271212350013
2.3421487767483007
2.3650823395625253
2.3993918902465188
2.4258768046937487
2.4673403739993396
2.5288570783552875
2.577083237596092
2.61850100071747
2.690643829652745
2.7560521016661244
2.82003470264823
2.8874247517071714
2.924695743618763
2.9669422510565857
2.9913466962275863
3.0197121394313187
3.036376894786287
3.055954520407572
3.081225328359319
3.0893532323121162
3.0989725382888267
3.1114783440853704
3.120308014317139
3.1265468285345897
3.1309559894248995
3.134072565487642
3.141592653589793
6.018936733510302
6.79131419459481
85
0.
0.0006510416666666666
0.0013020833333333333
0.0026041666666666665
0.005208333333333333
0.010416666666666666
0.015625
0.020833333333333332
0.041666666666666664
0.0625
0.08333333333333333
0.125
0.16666666666666666
0.25
0.3333333333333333
0.41666666666666663
0.5
0.5833333333333333
0.625
0.6458333333333333
0.6666666666666666
0.7083333333333333
0.71875
0.7291666666666666
0.7395833333333333
0.75
0.7708333333333333
0.7916666666666666
0.8020833333333333
0.8125
0.8177083333333333
0.8229166666666666
0.8255208333333333
0.828125
0.8294270833333333
0.8307291666666666
0.8313802083333333
0.83203125
0.8323567708333333
0.83251953125
0.8326822916666666
0.832763671875
0.8328450520833333
0.8328857421875
0.8329264322916666
0.83294677734375
0.8329671223958333
0.8329874674479166
0.8330078125
0.8330485026041666
0.8330891927083333
0.8331705729166666
0.833251953125
0.8333333333333333
0.8336588541666666
0.833984375
0.8346354166666666
0.8352864583333333
0.8359375
0.8385416666666666
0.8411458333333333
0.84375
0.8489583333333333
0.8541666666666666
0.8645833333333333
0.875
0.8958333333333333
0.9166666666666666
0.9375
0.9583333333333333
0.96875
0.9791666666666666
0.984375
0.9895833333333333
0.9921875
0.9947916666666666
0.9973958333333333
0.998046875
0.9986979166666666
0.9993489583333333
0.9996744791666666
0.9998372395833333
0.9999186197916666
0.9999593098958333
1.
0.
0.008952017594181624
0.012663789001111094
0.017919860310430528
0.025372478423832803
0.035967556959630026
0.04415681245860618
0.05111125684234137
0.07299887073660641
0.09032172649609613
0.10540200026939292
0.13200464354521455
0.15615198378153228
0.20211745928992234
0.24994044294025233
0.30594359053521575
0.38284384241800273
0.5125756729092108
0.6068245151654278
0.6623833673398539
0.7275629817640675
0.9272392513919882
1.0056723318293925
1.1007798701660831
1.2083022819886435
1.311702942924922
1.477830325261228
1.6163549253452147
1.6858836237666779
1.7623923300071163
1.80651227503234
1.8587111222012263
1.8903425761705666
1.9291167339659063
1.9533483944369179
1.9839419748297296
2.0037147823843435
2.029799048555347
2.047781123054653
2.0593796160686497
2.0744438741961577
2.0844634378983664
2.0980801896044032
2.107762681162179
2.122496555799667
2.134891890420537
2.154173051227058
2.170218032383969
2.180181596452431
2.192928308256884
2.2016823438688022
2.214227248427463
2.2235362537916585
2.2311020266694395
2.252958774360345
2.26842225982792
2.291199506848013
2.308502419131982
2.3227806538997884
2.3649563015179256
2.3955476400954887
2.420401475043026
2.460655463267123
2.493598880225515
2.5477270228451507
2.5930435729066117
2.6704932579381815
2.7397453906277573
2.8069618760277875
2.8774012371145266
2.9162512958294355
2.960221123772931
2.9855960405952984
3.0150711801636847
3.032380670231996
3.0527097462983135
3.07894367786645
3.0873799774972075
3.0973633090150883
3.110342438955202
3.1195041532484327
3.1259767555199423
3.130551986875271
3.133786443238481
3.141592653589793
6.086901692480694
6.610500187283964
78
0.
0.0006510416666666666
0.0013020833333333333
0.0026041666666666665
0.005208333333333333
0.0078125
0.010416666666666666
0.020833333333333332
0.03125
0.041666666666666664
0.08333333333333333
0.125
0.16666666666666666
0.25
0.3333333333333333
0.41666666666666663
0.5
0.5833333333333333
0.625
0.6666666666666666
0.7083333333333333
0.71875
0.7291666666666666
0.75
0.7604166666666666
0.7708333333333333
0.7916666666666666
0.8020833333333333
0.8125
0.8177083333333333
0.8229166666666666
0.828125
0.8307291666666666
0.8333333333333333
0.833984375
0.8346354166666666
0.8352864583333333
0.8356119791666666
0.8359375
0.8362630208333333
0.83642578125
0.8365885416666666
0.836669921875
0.8367513020833333
0.8369140625
0.8370768229166666
0.8372395833333333
0.8375651041666666
0.837890625
0.8382161458333333
0.8385416666666666
0.83984375
0.8411458333333333
0.84375
0.8489583333333333
0.8541666666666666
0.8645833333333333
0.875
0.8958333333333333
0.9166666666666666
0.9375
0.9583333333333333
0.96875
0.9791666666666666
0.984375
0.9895833333333333
0.9921875
0.9947916666666666
0.9973958333333333
0.998046875
0.9986979166666666
0.9993489583333333
0.99951171875
0.9996744791666666
0.9998372395833333
0.9999186197916666
0.9999593098958333
1.
0.
0.00869633137042418
0.012302062980701125
0.017407936033054412
0.024647478332639958
0.03022249609254443
0.03493928461671008
0.04964853157316769
0.061103054657222336
0.07090514557031118
0.10236376444459563
0.12817698526894497
0.15159179911242118
0.1960986798490698
0.24225823829348433
0.2959808239473951
0.3687691886800951
0.48952824997453986
0.5783781486133973
0.6924133592105954
0.8736831799991946
0.9416079419115372
1.0222030894719518
1.2167810028363684
1.313247795697804
1.3992408081481575
1.5504152483239528
1.6236842157926183
1.7016946169273863
1.7449959007405853
1.7938832309472543
1.8533701193434151
1.8910488850466964
1.940752924823948
1.9569172934729828
1.975946677699683
1.9997796500443135
2.0148652504939157
2.0339155699882996
2.061354037194165
2.082990195126545
2.1208900181126626
2.1464064550707285
2.1660878483594193
2.19086750125024
2.2070807431105584
2.2194007412799013
2.2381195833981007
2.2525288969044284
2.2644525116039063
2.274735135280438
2.3065272509260835
2.3302797019993675
2.3664728652180207
2.418381538899262
2.4577029882229753
2.5191533181224
2.568877486314443
2.651903051238468
2.724949181144723
2.7952317268032547
2.868480997295505
2.9087615284785784
2.9542777768141697
2.9805179162439432
3.010978447641032
3.028858612353924
3.049851584268464
3.076934991132214
3.0856434763134803
3.0959479597151525
3.109342591883925
3.1136690283040953
3.1187977853558704
3.125477421602334
3.1301988618305074
3.1335367248371457
3.141592653589793
6.154866651451086
6.428665315560214
70
0.
0.0006510416666666666
0.0013020833333333333
0.0026041666666666665
0.005208333333333333
0.0078125
0.010416666666666666
0.020833333333333332
0.03125
0.041666666666666664
0.08333333333333333
0.125
0.16666666666666666
0.25
0.3333333333333333
0.41666666666666663
0.5
0.5833333333333333
0.625
0.6666666666666666
0.7083333333333333
0.7291666666666666
0.75
0.7708333333333333
0.7916666666666666
0.8020833333333333
0.8125
0.8229166666666666
0.828125
0.8333333333333333
0.8359375
0.8372395833333333
0.8385416666666666
0.8391927083333333
0.83984375
0.8404947916666666
0.8408203125
0.8411458333333333
0.8414713541666666
0.841796875
0.8424479166666666
0.8430989583333333
0.84375
0.8450520833333333
0.8463541666666666
0.8489583333333333
0.8541666666666666
0.859375
0.8645833333333333
0.875
0.8958333333333333
0.9166666666666666
0.9375
0.9583333333333333
0.96875
0.9791666666666666
0.984375
0.9895833333333333
0.9921875
0.9947916666666666
0.9973958333333333
0.998046875
0.9986979166666666
0.9993489583333333
0.99951171875
0.9996744791666666
0.9998372395833333
0.9999186197916666
0.9999593098958333
1.
0.
0.008447963325385924
0.011950701038009298
0.016910693818036445
0.02394329630822487
0.029358840669313484
0.03394061669456172
0.04822814897093175
0.0593533315259663
0.06887273929860706
0.09941684051107229
0.12446781227576996
0.1471776793209451
0.19029040456234395
0.23488101868724087
0.28650050378211145
0.3556371867641856
0.4684673371789387
0.5520715794318884
0.6596634324743074
0.8257677291713373
0.9567319305834187
1.1289178231747146
1.3155257144509642
1.4784715984877215
1.5557054426253127
1.6356261363752425
1.7252951920267994
1.7785782321095047
1.8447737402735747
1.8881959984533048
1.9153201102783408
1.9494559278786372
1.971310677814187
1.999444620206907
2.0417470334694583
2.076547372381674
2.126127254122687
2.166252701299026
2.192184392778954
2.226043037124786
2.2495137998321817
2.26794309176446
2.296722244511491
2.319392696575961
2.3550536561826796
2.4074768626557885
2.4477031076706
2.4814148386914936
2.537796143461503
2.628609816269228
2.7066577085029264
2.7808537502560147
2.8576127913672744
2.8996582999220597
2.9470695869731287
2.9743641942258434
3.006023721103963
3.0245967697488014
3.0463960317079057
3.0745076756064407
3.08354524074159
3.094236340815398
3.108135347540997
3.1126255897798734
3.1179487010606697
3.1248808046530625
3.1297790608344958
3.133240914347393
3.141592653589793
6.222831610421478
6.2468943124020715
68
0.
0.0006510416666666666
0.0013020833333333333
0.0026041666666666665
0.005208333333333333
0.0078125
0.010416666666666666
0.020833333333333332
0.03125
0.041666666666666664
0.08333333333333333
0.125
0.16666666666666666
0.25
0.3333333333333333
0.41666666666666663
0.5
0.5833333333333333
0.625
0.6666666666666666
0.7083333333333333
0.7291666666666666
0.75
0.7708333333333333
0.7916666666666666
0.8125
0.8229166666666666
0.828125
0.8333333333333333
0.8385416666666666
0.83984375
0.8411458333333333
0.8424479166666666
0.84375
0.8450520833333333
0.845703125
0.8463541666666666
0.8470052083333333
0.84765625
0.8489583333333333
0.8502604166666666
0.8515625
0.8528645833333333
0.8541666666666666
0.859375
0.8645833333333333
0.875
0.8854166666666666
0.8958333333333333
0.9166666666666666
0.9375
0.9583333333333333
0.96875
0.9791666666666666
0.984375
0.9895833333333333
0.9921875
0.9947916666666666
0.9973958333333333
0.998046875
0.9986979166666666
0.9993489583333333
0.99951171875
0.9996744791666666
0.9998372395833333
0.9999186197916666
0.9999593098958333
1.
0.
0.00820682454282819
0.011609564228619315
0.016427926092133845
0.023259630256716922
0.028520401468604687
0.032971136593348556
0.046849484446984176
0.05765524414016462
0.06690064737128049
0.09655937023765129
0.12087422014238189
0.14290529812432243
0.18468341662037188
0.22778992158810116
0.2774589072306168
0.34331994987338704
0.44913355970084756
0.5277556811432946
0.62920547624891
0.7822562160927398
0.8999710817493743
1.0525841234239015
1.2314209719655627
1.4021465200345409
1.5652068445001832
1.6538252023001077
1.7036354310201094
1.760719266385198
1.8323760950943146
1.8546813944701952
1.8801481993985711
1.9104750463339415
1.949365097241322
2.0077524707962913
2.055035296611051
2.1168028372164756
2.16503324239521
2.1974052481570876
2.240781227532242
2.2712960060325575
2.295434873331939
2.3157207370497943
2.3334028373948907
2.3890505930981543
2.4316032691841225
2.4983913248932472
2.552606427414025
2.600086224472423
2.6846216132101577
2.763702361114355
2.8447353709371956
2.888900766770136
2.9385709556297352
2.967118418999052
3.000194593891603
3.019585476527976
3.0423320577165316
3.071654060790622
3.0810769721621547
3.092225976879867
3.106715236754969
3.111394410694841
3.116942087685599
3.124167772912584
3.1292742491407703
3.132883648287012
3.141592653589793
6.290796569391871
6.065977903491345
65
0.
0.0006510416666666666
0.0013020833333333333
0.0026041666666666665
0.005208333333333333
0.0078125
0.010416666666666666
0.020833333333333332
0.03125
0.041666666666666664
0.08333333333333333
0.125
0.16666666666666666
0.25
0.3333333333333333
0.41666666666666663
0.5
0.5833333333333333
0.625
0.6666666666666666
0.7083333333333333
0.7291666666666666
0.75
0.7708333333333333
0.7916666666666666
0.8125
0.8229166666666666
0.8333333333333333
0.8385416666666666
0.84375
0.8463541666666666
0.8489583333333333
0.849609375
0.8502604166666666
0.8509114583333333
0.8515625
0.8522135416666666
0.8528645833333333
0.8541666666666666
0.8567708333333333
0.859375
0.8645833333333333
0.8697916666666666
0.875
0.8854166666666666
0.8958333333333333
0.9166666666666666
0.9375
0.9583333333333333
0.96875
0.9791666666666666
0.984375
0.9895833333333333
0.9921875
0.9947916666666666
0.99609375
0.9973958333333333
0.9986979166666666
0.9990234375
0.9993489583333333
0.9996744791666666
0.9998372395833333
0.9999186197916666
0.9999593098958333
1.
0.
0.007972714582088468
0.01127837082822096
0.015959240889345274
0.022595933764726097
0.027706451690670222
0.032030018496051416
0.04551131560215483
0.05600725924321758
0.06498698137950082
0.09378833656801805
0.11739187508479165
0.13876879016740634
0.17926744921721324
0.22096571201313236
0.2688161325016513
0.3317126632051361
0.43129436876965466
0.5052579847883497
0.6009005134543901
0.7424406599148804
0.8494178301644848
0.9866040636094691
1.1518841601644785
1.3239641740626904
1.491596378432721
1.5800948998691542
1.6804994321591709
1.7406951194762417
1.8162568600960858
1.8663899880026402
1.9372027729662278
1.9617315177810308
1.9913578292897618
2.0279264218394064
2.070897260109712
2.112966326516864
2.1475875452172826
2.197386028050658
2.2600501205681756
2.302644105103378
2.363899816816298
2.4100761592376347
2.4483890452544292
2.511955174386911
2.5656409142415093
2.658559480864143
2.7436583219931876
2.829805994721899
2.876468104824161
2.9287760425828555
2.958776149606687
2.993492673403527
3.0138255921161816
3.037667895457035
3.051758260085051
3.0683788572991473
3.089919274732629
3.0968619806279953
3.1050869794585125
3.1157944557440453
3.123358159783859
3.1287027060560884
3.1324799752515924
3.141592653589793
6.392744007847459
5.797724482973006
60
0.
0.0006510416666666666
0.0013020833333333333
0.0026041666666666665
0.005208333333333333
0.010416666666666666
0.020833333333333332
0.03125
0.041666666666666664
0.08333333333333333
0.125
0.16666666666666666
0.25
0.3333333333333333
0.41666666666666663
0.5
0.5833333333333333
0.625
0.6666666666666666
0.7083333333333333
0.75
0.7708333333333333
0.7916666666666666
0.8125
0.8229166666666666
0.8333333333333333
0.84375
0.8489583333333333
0.8541666666666666
0.85546875
0.8567708333333333
0.8580729166666666
0.859375
0.8619791666666666
0.86328125
0.8645833333333333
0.8697916666666666
0.8723958333333333
0.875
0.8854166666666666
0.8958333333333333
0.9166666666666666
0.9375
0.9583333333333333
0.96875
0.9791666666666666
0.984375
0.9895833333333333
0.9921875
0.9947916666666666
0.99609375
0.9973958333333333
0.9986979166666666
0.9990234375
0.9993489583333333
0.9996744791666666
0.9998372395833333
0.9999186197916666
0.9999593098958333
1.
0.
0.007634069131991585
0.010799297682856826
0.015281288785806195
0.02163593575065951
0.03066882805095833
0.04357610802321361
0.053624375759125986
0.062220369742005885
0.08978474089080948
0.11236430462584909
0.13280209115599884
0.17147394374343072
0.21118329089559143
0.25651180293888753
0.31542613046205326
0.40686060643506733
0.47447539118627197
0.5620687716470755
0.6885796622125886
0.9017238865991157
1.0461269307129284
1.2094998301210216
1.3784916821561088
1.4669285153753233
1.5625530400896568
1.6745229079769246
1.744319025533359
1.8368281837037719
1.8671155486018138
1.9025677470420836
1.9453543061319476
1.9974835803071593
2.1096042138390576
2.1530076982864736
2.187732841640905
2.281420304984746
2.3147223200192815
2.3433381156199
2.4322122083664275
2.5003441574356042
2.610840651317556
2.7076118150672315
2.8032568240040456
2.8544518416523643
2.9114923423090517
2.9440803571534655
2.9817021514608473
3.003701220884529
3.029468199001203
3.0446869208200225
3.0626303707866476
3.0858688223058603
3.0933588896680853
3.1022297438166335
3.1137722866652218
3.1219266573084523
3.1276896773043825
3.131763254936626
3.141592653589793
6.494691446303047
5.535289074423351
56
0.
0.0006510416666666666
0.0013020833333333333
0.0026041666666666665
0.005208333333333333
0.010416666666666666
0.020833333333333332
0.03125
0.041666666666666664
0.08333333333333333
0.125
0.16666666666666666
0.25
0.3333333333333333
0.41666666666666663
0.5
0.5833333333333333
0.625
0.6666666666666666
0.7083333333333333
0.75
0.7916666666666666
0.8125
0.8333333333333333
0.84375
0.8541666666666666
0.859375
0.8645833333333333
0.8671875
0.8697916666666666
0.8723958333333333
0.875
0.8802083333333333
0.8854166666666666
0.8958333333333333
0.90625
0.9166666666666666
0.9375
0.9583333333333333
0.96875
0.9791666666666666
0.984375
0.9895833333333333
0.9921875
0.9947916666666666
0.99609375
0.9973958333333333
0.9986979166666666
0.9990234375
0.9993489583333333
0.9996744791666666
0.9998372395833333
0.9999186197916666
0.9999593098958333
0.9999796549479166
1.
0.
0.007309670210922211
0.010340389756760668
0.014631892660071946
0.02071638051153308
0.02936507818056315
0.04172283005848286
0.05134265130229221
0.05957156123795049
0.08595388521417958
0.10755704523621362
0.12710153066108817
0.16404455880861357
0.20189078719394637
0.2448981854161583
0.3002608914063046
0.38466680567766737
0.44664478194769686
0.5269632708563381
0.6406177513674066
0.8286065467032215
1.1042344103669042
1.2672242281707635
1.4463791980140206
1.5487341467632774
1.6721887871373642
1.7517287838931703
1.8596363697815803
1.9334698532244743
2.0204545170831323
2.1013844091078133
2.1645286219730937
2.253855446706873
2.3178694510474567
2.412781757258428
2.486742894474746
2.5503347681493795
2.66299473762058
2.7708232502609738
2.8276758103004367
2.8905474894224557
2.926298377193564
2.9674557434430775
2.9914770157294472
3.0195751068761156
3.036158493546512
3.0556952033984293
3.0809884775529808
3.089136287844725
3.0987845378451944
3.111341210959852
3.1202108577110224
3.12647803445727
3.1309072977929135
3.134038111939833
3.141592653589793
6.698586323214224
5.033605654980208
53
0.
0.0013020833333333333
0.0026041666666666665
0.005208333333333333
0.010416666666666666
0.020833333333333332
0.03125
0.041666666666666664
0.08333333333333333
0.125
0.16666666666666666
0.25
0.3333333333333333
0.41666666666666663
0.5
0.5833333333333333
0.625
0.6666666666666666
0.7083333333333333
0.75
0.7916666666666666
0.8125
0.8333333333333333
0.8541666666666666
0.8645833333333333
0.875
0.8802083333333333
0.8854166666666666
0.890625
0.8958333333333333
0.90625
0.9166666666666666
0.9270833333333333
0.9375
0.9583333333333333
0.96875
0.9791666666666666
0.984375
0.9895833333333333
0.9921875
0.9947916666666666
0.99609375
0.9973958333333333
0.998046875
0.9986979166666666
0.9993489583333333
0.99951171875
0.9996744791666666
0.9998372395833333
0.9999186197916666
0.9999593098958333
0.9999796549479166
1.
0.
0.009480573750060398
0.013415184435817261
0.01899358081778742
0.026922650027013884
0.038251398916828966
0.04706934895212302
0.05461153662908142
0.07878535401539676
0.0985685347040104
0.11645290622177672
0.150201504493308
0.18464496582273388
0.22349645139627694
0.2727238117965791
0.34551147764263385
0.39800926202088044
0.46584320203878743
0.5588286350334446
0.7069283913629348
0.9274150170465657
1.0667214491136892
1.2269669428773455
1.4176195517705719
1.53308442188869
1.6791808580061007
1.7739046616079301
1.8890957237895931
2.012536087325913
2.118153700774296
2.268447003354089
2.3757914895701657
2.463449078817548
2.5410150690609523
2.684397815543743
2.756911322607064
2.835549238522287
2.8797324372435438
2.9302399771624366
2.9595764500993464
2.993789353222515
3.013935975221234
3.0376398730351757
3.0516856290424994
3.068281991635194
3.0898214113965765
3.0967721317633594
3.105010921384992
3.115738400351831
3.1233173908519563
3.1286733140312064
3.1324589105945897
3.141592653589793
6.9024812001254
4.5656338241800265
50
0.
0.0013020833333333333
0.0026041666666666665
0.005208333333333333
0.010416666666666666
0.015625
0.020833333333333332
0.041666666666666664
0.0625
0.08333333333333333
0.16666666666666666
0.25
0.3333333333333333
0.41666666666666663
0.5
0.5833333333333333
0.625
0.6666666666666666
0.75
0.7916666666666666
0.8333333333333333
0.8541666666666666
0.875
0.8854166666666666
0.8958333333333333
0.90625
0.9114583333333333
0.9166666666666666
0.9270833333333333
0.9375
0.9583333333333333
0.96875
0.9791666666666666
0.984375
0.9895833333333333
0.9921875
0.9947916666666666
0.99609375
0.9973958333333333
0.998046875
0.9986979166666666
0.9993489583333333
0.99951171875
0.9996744791666666
0.9998372395833333
0.9999186197916666
0.9999593098958333
0.9999796549479166
0.9999898274739583
1.
0.
0.008692028406588797
0.012299347119467405
0.017413672154831708
0.02468295735014048
0.03029996054517417
0.03506856698520825
0.05006523617192159
0.061917555108511824
0.07221918497221261
0.10671577220036312
0.13757474322688046
0.1689757374527711
0.2041855173016778
0.24823428118426102
0.31172961728387316
0.35665487103453913
0.4143426001296476
0.6096383854170286
0.7882763089021404
1.0386372439577598
1.2019402324895465
1.4067908216231797
1.5376967773219137
1.703062403964493
1.9061239263129457
2.0066695689618346
2.096492785967861
2.2441892968666726
2.3635479471793794
2.564635209160427
2.66032315668674
2.7613424543830245
2.8172021664258584
2.880476760030502
2.9170042707231074
2.959439086338599
2.98436106339318
3.013628909434693
3.030952093875202
3.0513987958500155
3.0779179145408997
3.086470658249124
3.096602902207019
3.109793520261793
3.119113934414506
3.1257011264349797
3.13035730929245
3.133648896082055
3.141592653589793
7.174341036006968
3.9950403286733334
47
0.
0.0013020833333333333
0.0026041666666666665
0.005208333333333333
0.010416666666666666
0.020833333333333332
0.041666666666666664
0.0625
0.08333333333333333
0.16666666666666666
0.25
0.3333333333333333
0.5
0.5833333333333333
0.6666666666666666
0.75
0.7916666666666666
0.8333333333333333
0.8541666666666666
0.875
0.8958333333333333
0.90625
0.9166666666666666
0.9375
0.9479166666666666
0.9583333333333333
0.96875
0.9791666666666666
0.984375
0.9895833333333333
0.9921875
0.9947916666666666
0.99609375
0.9973958333333333
0.998046875
0.9986979166666666
0.9990234375
0.9993489583333333
0.9996744791666666
0.999755859375
0.9998372395833333
0.9999186197916666
0.9999593098958333
0.9999796549479166
0.9999898274739583
0.9999949137369791
1.
0.
0.007739573806647004
0.010951589408941278
0.015505424040211995
0.021977939159290152
0.031224863241147156
0.04457613855454989
0.05512660463615156
0.06429518553210721
0.09497981824497716
0.12238403272776226
0.15018024287006643
0.21934573232221496
0.27288570996801637
0.3568260987549012
0.5074401801291774
0.6435041765601195
0.8381407844441695
0.9671422249869828
1.1283330266517164
1.3402252855300092
1.4764788720821054
1.6406815103191892
2.0187063858527914
2.1882092217128415
2.3396230628099017
2.4820863013269943
2.626429045161676
2.704237130409448
2.791087724482402
2.8407340812013357
2.8980538095435255
2.9315705828303704
2.970822785941056
2.9940056336863874
3.0213347284183745
3.0375519021311153
3.0567305700769314
3.0816461346351747
3.089690758979467
3.0992256691184474
3.1116419500816446
3.1204175756659702
3.1266212451370134
3.1310070851377123
3.1341079342151423
3.141592653589793
7.446200871888537
3.4809190424113865
47
0.
0.0026041666666666665
0.005208333333333333
0.010416666666666666
0.020833333333333332
0.03125
0.041666666666666664
0.08333333333333333
0.125
0.16666666666666666
0.3333333333333333
0.5
0.5833333333333333
0.6666666666666666
0.7083333333333333
0.75
0.7916666666666666
0.8333333333333333
0.8541666666666666
0.875
0.8958333333333333
0.9166666666666666
0.9270833333333333
0.9375
0.9583333333333333
0.96875
0.9791666666666666
0.984375
0.9895833333333333
0.9921875
0.9947916666666666
0.99609375
0.9973958333333333
0.998046875
0.9986979166666666
0.9990234375
0.9993489583333333
0.99951171875
0.9996744791666666
0.9998372395833333
0.9998779296875
0.9999186197916666
0.9999593098958333
0.9999796549479166
0.9999898274739583
0.9999949137369791
1.
0.
0.00974516131652219
0.01379731750360961
0.019556717766720907
0.02778465736727109
0.034188019822920565
0.039664014160071495
0.05720654831161241
0.07154697372253725
0.08449077390958218
0.13344496468002232
0.19398593937318556
0.23955748060967413
0.30906816773615126
0.35887475386457246
0.4280472869305701
0.5321414446029573
0.6837008710027768
0.7856892103808859
0.9124405049770496
1.07730435347183
1.3045238166910933
1.4530182309133557
1.6298569977470272
2.0361557709954936
2.239370302390423
2.4435882490526946
2.551819113304456
2.6710692653910475
2.7385847760151756
2.8160458156348844
2.8611330497379166
2.913774244910493
2.9447979780198144
2.9813159403030824
3.0029633604686152
3.0285437277981324
3.0437508826972253
3.0617549865302682
3.085174386847914
3.0927404251288633
3.1017109700321916
3.113396502720389
3.1216564847753143
3.1274963193082552
3.1316253729023518
3.141592653589793
7.853990625710889
2.80320130234212
47
0.
0.0026041666666666665
0.005208333333333333
0.010416666666666666
0.020833333333333332
0.03125
0.041666666666666664
0.08333333333333333
0.125
0.16666666666666666
0.3333333333333333
0.5
0.5833333333333333
0.6666666666666666
0.75
0.7916666666666666
0.8333333333333333
0.875
0.8958333333333333
0.9166666666666666
0.9375
0.9583333333333333
0.96875
0.9791666666666666
0.984375
0.9895833333333333
0.9921875
0.9947916666666666
0.99609375
0.9973958333333333
0.998046875
0.9986979166666666
0.9990234375
0.9993489583333333
0.99951171875
0.9996744791666666
0.999755859375
0.9998372395833333
0.9999186197916666
0.99993896484375
0.9999593098958333
0.9999796549479166
0.9999898274739583
0.9999949137369791
0.9999974568684895
0.9999987284342448
1.
0.
0.00816569164280799
0.011561066517561204
0.016386940235383046
0.023281124865683313
0.028646351374039557
0.033234405591975484
0.04793072395663438
0.05994093226507169
0.07077637749105618
0.11164201889704659
0.16140613474689475
0.19768089320563725
0.25117514321676593
0.33802569543281924
0.40931947239073635
0.5143938600892962
0.6761825464583839
0.7920979265247506
0.9506456269050835
1.1833687271882043
1.5447908136623667
1.78995528126002
2.0781331646203394
2.2404805422180556
2.4223829862051716
2.525856079116751
2.6445879657084146
2.713630131138585
2.7941485332037397
2.8415500088764323
2.897300777714978
2.9303288221446255
2.9693387749052924
2.9925223490170922
3.019964286224439
3.0362959285468847
3.055647295876914
3.0808448469178615
3.088990429809908
3.0986498150572324
3.1112336474437416
3.120128674894241
3.12641686797024
3.1308625219757107
3.1340056892902006
3.141592653589793
8.261780379533242
2.225334062074669
49
0.
0.005208333333333333
0.010416666666666666
0.020833333333333332
0.041666666666666664
0.08333333333333333
0.125
0.16666666666666666
0.3333333333333333
0.5
0.5833333333333333
0.6666666666666666
0.75
0.7916666666666666
0.8333333333333333
0.875
0.8958333333333333
0.9166666666666666
0.9375
0.9479166666666666
0.9583333333333333
0.96875
0.9791666666666666
0.984375
0.9895833333333333
0.9921875
0.9947916666666666
0.99609375
0.9973958333333333
0.998046875
0.9986979166666666
0.9990234375
0.9993489583333333
0.99951171875
0.9996744791666666
0.999755859375
0.9998372395833333
0.9998779296875
0.9999186197916666
0.9999593098958333
0.999969482421875
0.9999796549479166
0.9999898274739583
0.9999923706054688
0.9999949137369791
0.9999974568684895
0.9999987284342448
0.9999993642171223
1.
0.
0.009663677382377172
0.01369755899228221
0.019460338941124394
0.027780208120635516
0.04006440129515831
0.05010212894624205
0.05915571067118609
0.09323814911769669
0.13429450815120575
0.16355655097119035
0.20563299131757357
0.27136630531364136
0.32231843843113345
0.3966408437650032
0.5121277662844583
0.595467250796706
0.7090793076730322
0.8764193172671809
0.9953733016696483
1.1527457609833835
1.367132349855393
1.6661143809794978
1.8601374103140103
2.0971051550875375
2.239294278865854
2.407434590857109
2.5071077436608338
2.6247078338562937
2.694493675487158
2.7769921027365037
2.8260413239508146
2.8841126646498108
2.9186823954975023
2.959648185340826
2.984051012655094
3.0129819791969594
3.030222476944154
3.0506677837566967
3.0773052943572177
3.0859201910717116
3.0961384451862193
3.1094536708933966
3.113760037178007
3.1188679588552266
3.12552436668871
3.1302309083497706
3.133558811167494
3.141592653589793
8.805500051296379
1.5955418480890289
52
0.
0.005208333333333333
0.010416666666666666
0.020833333333333332
0.041666666666666664
0.08333333333333333
0.125
0.16666666666666666
0.3333333333333333
0.5
0.5833333333333333
0.6666666666666666
0.75
0.7916666666666666
0.8333333333333333
0.875
0.8958333333333333
0.9166666666666666
0.9375
0.9479166666666666
0.9583333333333333
0.96875
0.9739583333333333
0.9791666666666666
0.984375
0.9895833333333333
0.9921875
0.9947916666666666
0.99609375
0.9973958333333333
0.998046875
0.9986979166666666
0.9990234375
0.9993489583333333
0.99951171875
0.9996744791666666
0.999755859375
0.9998372395833333
0.9998779296875
0.9999186197916666
0.99993896484375
0.9999593098958333
0.999969482421875
0.9999796549479166
0.9999898274739583
0.9999923706054688
0.9999949137369791
0.9999974568684895
0.9999987284342448
0.9999993642171223
0.9999996821085612
1.
0.
0.007577153805152313
0.010740158272121037
0.01525897804478639
0.021783366023214994
0.031417617156734176
0.039290668330104264
0.04639162960823417
0.0730937638362221
0.1049837665067308
0.12728238421311036
0.15859100302154652
0.20567586556586964
0.2401988014036763
0.2891154461624104
0.3644396019010614
0.41959663659028335
0.49474218388064933
0.6054099100008337
0.684706634930677
0.792160563207588
0.9469511643528221
1.0530054338136354
1.1886842519370666
1.3684646053017822
1.6198076602769356
1.789501942397516
2.00887252121075
2.14803294018228
2.32007099172717
2.425697645160651
2.5534703144846063
2.6307094486128273
2.7231894391146123
2.7786958716115504
2.844842140315319
2.8844060389988573
2.9314440403800095
2.9595302634373644
2.9928844587826418
3.012783891394736
3.036400915660771
3.0504854885085497
3.067197361479397
3.0889820407425748
3.0960290766113183
3.1043887444315015
3.1152842227225013
3.1229891363793603
3.128437656696683
3.1322905042038647
3.141592653589793
9.621079558941084
0.9170284794241673
55
0.
0.010416666666666666
0.020833333333333332
0.041666666666666664
0.08333333333333333
0.16666666666666666
0.3333333333333333
0.5
0.6666666666666666
0.75
0.7916666666666666
0.8333333333333333
0.875
0.8958333333333333
0.9166666666666666
0.9375
0.9479166666666666
0.9583333333333333
0.96875
0.9739583333333333
0.9791666666666666
0.984375
0.9869791666666666
0.9895833333333333
0.9921875
0.9934895833333333
0.9947916666666666
0.99609375
0.9973958333333333
0.998046875
0.9986979166666666
0.9990234375
0.9993489583333333
0.99951171875
0.9996744791666666
0.999755859375
0.9998372395833333
0.9998779296875
0.9999186197916666
0.99993896484375
0.9999593098958333
0.999969482421875
0.9999796549479166
0.9999847412109375
0.9999898274739583
0.9999923706054688
0.9999949137369791
0.9999974568684895
0.9999980926513672
0.9999987284342448
0.9999993642171223
0.9999996821085612
0.9999998410542805
0.9999999205271403
1.
0.
0.007372666252440811
0.01047505299133395
0.014955101434499466
0.02157267825943525
0.03186358239579391
0.05021778213311515
0.07201789111022111
0.10763737683421597
0.13743737520455848
0.1582261845730985
0.18662625594221552
0.2292817649648526
0.2603710516339258
0.30302611808215435
0.366233013249275
0.4115265493480115
0.47313100815578907
0.5636002180525952
0.6276730474195863
0.713163050560874
0.8342464550103265
0.9167776182980897
1.0232100694260888
1.167854109742956
1.2629036736280392
1.3816058287352717
1.5362695649314608
1.751419735277128
1.8977648096790367
2.0897296826493683
2.213567397799159
2.369081735665273
2.465884033667574
2.584252930569115
2.6564270177578044
2.743388401679946
2.795833933435118
2.858537701755444
2.8961370478112296
2.9409090761434853
2.967679400371674
2.999499690069018
3.0184950686070073
3.0410504035077155
3.0545067717267176
3.0704764271241927
3.0912963438556127
3.098032096665763
3.106023016168953
3.1164387325245944
3.1238049503283167
3.129014250266431
3.1326980803822306
3.141592653589793
10.43665906658579
0.49935861459560676
56
0.
0.041666666666666664
0.08333333333333333
0.16666666666666666
0.3333333333333333
0.5
0.6666666666666666
0.75
0.8333333333333333
0.875
0.9166666666666666
0.9375
0.9479166666666666
0.9583333333333333
0.96875
0.9739583333333333
0.9791666666666666
0.984375
0.9869791666666666
0.9895833333333333
0.9921875
0.9934895833333333
0.9947916666666666
0.99609375
0.9967447916666666
0.9973958333333333
0.998046875
0.9983723958333333
0.9986979166666666
0.9990234375
0.9993489583333333
0.99951171875
0.9996744791666666
0.999755859375
0.9998372395833333
0.9998779296875
0.9999186197916666
0.99993896484375
0.9999593098958333
0.999969482421875
0.9999796549479166
0.9999847412109375
0.9999898274739583
0.9999923706054688
0.9999949137369791
0.9999961853027344
0.9999974568684895
0.9999987284342448
0.9999990463256836
0.9999993642171223
0.9999996821085612
0.9999998410542805
0.9999999205271403
0.9999999602635701
0.999999980131785
1.
0.
0.01008771410500279
0.014553279819602376
0.021500988227803972
0.03389961562052263
0.04859582833549319
0.07224842080780818
0.09147632799161598
0.12207565374267781
0.14793121957865193
0.19211827334598353
0.23016090537192713
0.25750365254668695
0.2947096527729643
0.34931137332560747
0.388127957122134
0.4404056535860267
0.516012532185639
0.5689388927376579
0.6391752508568335
0.7387670929916837
0.8071594505240144
0.8963173120945522
1.0196144122519943
1.102163026786035
1.207161228727085
1.3475247174998828
1.4384134592916686
1.5505539218274105
1.6946286767817296
1.8919762104031748
2.0247092375156663
2.1976535749644084
2.30880442379893
2.4481833243250297
2.5349339088988807
2.6410300705208765
2.7057569568052258
2.7837924144199553
2.8308724148753464
2.887181318362136
2.9209644187536514
2.9612004423344276
2.9852551511097563
3.013851013376752
3.0309259307847385
3.0512001806817888
3.0776450780467237
3.0862038872736703
3.0963596358236196
3.109600442284094
3.118966921271652
3.1255919320907166
3.13027747804387
3.133591137638253
3.141592653589793
11.524098410112064
0.22152456457768754
60
0.
0.08333333333333333
0.16666666666666666
0.3333333333333333
0.5
0.6666666666666666
0.75
0.8333333333333333
0.875
0.9166666666666666
0.9375
0.9583333333333333
0.96875
0.9791666666666666
0.984375
0.9869791666666666
0.9895833333333333
0.9921875
0.9934895833333333
0.9947916666666666
0.99609375
0.9967447916666666
0.9973958333333333
0.998046875
0.9983723958333333
0.9986979166666666
0.9990234375
0.9991861979166666
0.9993489583333333
0.99951171875
0.9995930989583333
0.9996744791666666
0.999755859375
0.9998372395833333
0.9998779296875
0.9999186197916666
0.99993896484375
0.9999593098958333
0.999969482421875
0.9999796549479166
0.9999847412109375
0.9999898274739583
0.9999923706054688
0.9999949137369791
0.9999961853027344
0.9999974568684895
0.9999980926513672
0.9999987284342448
0.9999990463256836
0.9999993642171223
0.9999996821085612
0.9999997615814209
0.9999998410542805
0.9999999205271403
0.9999999403953552
0.9999999602635701
0.999999980131785
0.9999999900658925
0.9999999950329462
1.
0.
0.008318471716243841
0.012291500875541149
0.01938385844593195
0.027779206179418998
0.04116197143525942
0.05184571971423468
0.06849472434943989
0.08233635072651675
0.10573029453958784
0.12588308150033894
0.16019446792550907
0.18919077415700603
0.23751363978512338
0.2778740665168147
0.3064303580075805
0.344858836821757
0.40059628402094766
0.43983097143889055
0.49225874826971144
0.5673638292009938
0.6194876911590215
0.6881279611438335
0.7844385995683251
0.8499148196015129
0.9345020992518055
1.0502168731969224
1.1270063891446707
1.2240924663720947
1.3532429853541927
1.4367232117026756
1.539840829326782
1.6729697283528195
1.857492211011456
1.983680509394117
2.1513598395455005
2.261388584236971
2.402098977305277
2.4912373828430296
2.6018714211787124
2.6701881040881905
2.753301702258317
2.8038090734980265
2.8645337286141137
2.901091055951572
2.944770481086844
2.97094601414416
3.0020823531478897
3.0206808794906013
3.0427788263705655
3.0716375608720385
3.080986378924095
3.0920851388211936
3.1065645815278184
3.111251567067514
3.116813553143276
3.124065917501219
3.1291967432125185
3.1328261019441217
3.141592653589793
12.611537753638338
0.11571178469625769
64
0.
0.16666666666666666
0.3333333333333333
0.5
0.6666666666666666
0.75
0.8333333333333333
0.875
0.9166666666666666
0.9375
0.9583333333333333
0.96875
0.9791666666666666
0.984375
0.9895833333333333
0.9921875
0.9947916666666666
0.99609375
0.9967447916666666
0.9973958333333333
0.998046875
0.9983723958333333
0.9986979166666666
0.9990234375
0.9991861979166666
0.9993489583333333
0.99951171875
0.9995930989583333
0.9996744791666666
0.999755859375
0.9997965494791666
0.9998372395833333
0.9998779296875
0.9998982747395833
0.9999186197916666
0.99993896484375
0.9999593098958333
0.999969482421875
0.9999796549479166
0.9999847412109375
0.9999898274739583
0.9999923706054688
0.9999949137369791
0.9999961853027344
0.9999974568684895
0.9999980926513672
0.9999987284342448
0.9999990463256836
0.9999993642171223
0.9999995231628418
0.9999996821085612
0.9999997615814209
0.9999998410542805
0.9999998807907104
0.9999999205271403
0.9999999602635701
0.9999999701976776
0.999999980131785
0.9999999900658925
0.9999999950329462
0.9999999975164731
0.9999999987582365
0.9999999993791182
1.
0.
0.0066119312909856676
0.010426804085271944
0.014938257812070576
0.02210098648558021
0.02778125273919939
0.036563247270081166
0.04381746784680149
0.056012233400372084
0.06651052482169365
0.08440369645019358
0.09952535360364446
0.12470203742385354
0.14575043965673168
0.18089693561955997
0.21047056236342862
0.25994196447408646
0.3013552403811665
0.3306014193123445
0.3697850215400121
0.4261299626722082
0.4654000145762245
0.5173532399202561
0.5907806556899506
0.641096500660637
0.7066179692000907
0.7972755817467206
0.8581449808195187
0.9359778725558106
1.0411782957334104
1.1103015733346075
1.1970563399579777
1.3116357061946242
1.3853898288404078
1.4763684758220235
1.5940193827021487
1.7586155299424269
1.873114996056184
2.029199791111523
2.134971352184175
2.275325161905704
2.367742870863594
2.4869658395698515
2.5632385700361584
2.658982292735808
2.7186749359991444
2.7920000078911196
2.836865774676792
2.8910896813996705
2.9239167253727754
2.9632793328538747
2.986901342351437
3.0150270555682215
3.031847949702492
3.051854179281169
3.0780150139189852
3.0864981405122904
3.0965744855523227
3.109728825015046
3.119045870545472
3.1256418197456015
3.1303097777419113
3.1336124858462195
3.141592653589793